162
27.028313512817302 15.957741806043524
0.08000792134862378 36.56680339981558
99.29699523194245 77.57397601849316
74.88286869768766 20.40711415792298
40.2600920543993 52.431739087838245
37.361074973082275 51.623231578376746
51.716073609125466 66.2159294426672
26.087717074596217 33.649895079985214
9.426674943082103 87.47712615309422
87.20725817783621 30.68968173178024
87.52047904098426 22.66614403984397
52.189359528906564 95.82929004164498
79.74550790270662 93.30478904420677
76.13308957150525 56.07627056872126
70.40971058897559 95.86168156122534
98.31965834168915 73.38019791266385
3.2776392913927865 63.340012030684846
93.37449344375239 77.22941521783498
69.31651148728136 82.68053563262787
75.95250672482956 44.56509372960694
3.2465441252532146 6.281173588553912
20.215453928855133 57.163303712932425
22.54198112984418 57.76707729467802
9.42966356627134 62.2693424435265
27.04403536238642 15.306049140773236
25.35127475458149 67.31737299917097
16.31595537401177 14.518997894037867
35.28182387644988 46.72289585564029
95.49319841936858 97.46658979719936
92.9135002606383 49.589583506641745
87.87046697755758 27.568605630633602
50.99403166002413 6.824488879036661
54.42173968719201 81.2123822782898
33.27685521714695 53.0655161796046
35.4819133206286 94.40425819479259
94.79576820991778 54.712903925776956
50.11874713357044 51.1353582482572
26.64991599417139 97.6352099487213
24.54892376765583 77.73851885358536
17.52489095341113 17.081981174157946
56.20028596730327 54.199820938934316
7.419134759917256 97.15071091118544
90.58191803757742 59.11543958464864
42.829451416925025 41.31424576275058
96.46806135493864 99.91488063473133
38.18585719334896 51.18285126958604
89.72672891809997 7.431687270622589
67.13235940489116 55.80855613568557
6.256464856963772 20.509136272726536
36.66610909133451 69.14432339621222
49.63275680617545 59.02375852184656
9.245684341403626 97.21369829667805
54.74399929433338 77.68824147487554
2.5670813613156485 62.2922095774299
20.42537082537772 45.973737944152525
32.43265413906907 13.47545213459237
23.7663965608215 76.78501381438561
5.542375283624656 60.718220374213914
87.18438933928445 44.588307729431584
59.19162958051968 32.938817876635916
11.616161569925099 51.414339400437925
36.24635438838892 47.39547390813058
93.43712209744218 96.93332457783119
49.50837807208013 88.45033564119105
14.569767670749389 19.809179291936964
73.87254843858175 16.95390886328142
52.964528017861255 40.45196877926257
57.38264728058676 51.700709255621845
3.21687452788616 28.005643339992947
37.601948977056274 97.20434485415994
83.08522827747953 88.80180485017331
86.95009628893324 35.00569711981467
54.126098961493206 4.7283381376606926
72.25899607832383 63.07785570342121
51.42594326767268 45.75850705375258
57.39440475933954 77.73480035198193
97.82827938883959 1.0878600375772707
92.38966352680153 24.792578975011182
0.008618889120692863 71.57569994439324
37.64809829680268 48.99152168940275
89.36689913236519 70.43029521103993
79.69321389023037 28.76455521222645
33.76708541176631 36.50299335007762
74.75882880824736 70.76545417456397
32.374544530183194 13.44105859934488
59.52854734573448 80.45668519666364
25.916194425686502 38.063943501876395
93.7642028975133 98.7037605270195
88.84876570012196 74.3319315155702
85.71155412810246 95.16519971600728
76.5765562804575 41.310211843198275
48.981086632051685 40.13357761452458
40.99066798418129 44.7120238050344
37.05914729535067 58.64232528101392
39.544926296800796 30.443524393579548
17.967936539227125 73.22109216285136
93.68547459000229 86.60900131435912
51.465718249253946 47.98207562501933
84.80692010268179 64.22550422054482
20.557857995758088 66.30100719538879
18.483575841686772 89.99160753237601
29.860389366796014 30.364071901175706
42.978888963750435 74.18885592813723
9.531580735490364 49.03464529896592
9.986079887842047 78.55242951695291
87.807045838457 9.029851141336732
67.74357319785814 76.6138156018213
90.74182730828127 99.79540328595496
65.91283263834055 63.819796224872896
57.42883110525675 33.84165775325637
38.74732469223535 67.68653864904593
89.74597257764607 14.267439806332472
15.319214517848845 66.86873265039533
26.43956956021637 92.17621753931988
2.404459660590097 77.04884615398431
23.474864258534144 68.15050221945054
26.46549866518425 6.544003788314634
25.523198618673415 97.82438345455613
43.78541036755939 7.295229075049114
10.96999796678524 98.23954513187033
76.47106755378266 26.91749472378865
5.568483719972717 25.001979608476066
72.01627103033054 47.48446370848816
62.297862061243904 16.05404139763372
61.539927626405564 29.66842202325003
30.64801104895505 82.06208393022752
27.073667312233706 80.15398334906783
29.254468679722066 72.33868669258463
60.00474872487148 11.826547962032185
83.22629684120794 86.33200381924566
23.633175636139747 35.427399016320116
29.122093063714527 21.761070708151852
25.165813392608815 82.76566819522215
20.558062115761423 43.64254111359385
88.60741724103235 55.63386910685306
9.884062164517582 95.6965315240301
93.34105188138795 26.293554300106347
34.10616781301654 41.48354987815047
71.35250106854055 31.020707828156645
2.796024432350741 78.41187326084493
22.84095617775208 22.31490633335279
40.28059094684235 85.15400081413249
78.72872274937802 91.39727468666737
68.37005931182112 70.99405967879055
44.06852446633931 81.81963338956015
27.211965685231387 53.49984409350955
83.02337609177367 31.374227660704445
92.70046868669155 52.59030488970112
58.400840028545474 59.40909457711041
74.64650396956868 11.299194585599114
43.62560310207212 84.1742961383167
38.99519713976803 26.538498674195164
98.58674612627021 24.705938569801
57.3351034943634 93.27722264767372
10.104644664236606 59.154009853772806
65.05869827288703 10.88761780861044
15.901389371673924 44.566871650853436
86.61064799533821 61.37831139212879
5.2062349583476 82.42206171010217
75.30048447670748 42.452856473724424
9.889989125113619 80.9096823194896
1.3738562598421322 74.01875984297395
