176
9.70968288181978 95.02313381244446
1.4543021847485016 1.076850755855352
11.444104965282275 27.6868518512008
70.2886905419973 72.46837905189241
28.26317601574958 68.08005023669389
7.7531567061981495 96.51365846223437
67.33559739028681 74.30767016166902
35.43519100506758 53.48566922029807
27.8334911209599 24.047818105472874
75.77757959724785 80.29275775881672
94.34439138559726 5.867519820646194
67.7186463654502 87.99168057634785
95.15027456232377 51.97441272800726
93.47424603644572 4.223669637075567
47.10494753922574 9.909800435867954
16.08229282717849 24.943648640910943
65.26611190804228 14.409117587676057
23.430003236408847 46.15389141982323
13.674205463396294 63.69606644004471
62.56401674516739 65.8896689993271
53.663809795488206 99.99653954389845
69.32946333637976 60.677571234569704
18.438979077624783 33.64504852220674
51.77246198498446 57.15848524047789
72.56345462630601 63.099399842870774
75.04199699705968 19.95750762676979
24.8950428346814 89.28367907654825
30.525163405737622 35.82208552838216
55.46590763325893 29.702600289719427
82.97265275963306 82.28024425876957
17.11953588503905 80.93223181753831
20.171045447620273 50.72160084566734
69.88125859674724 63.86913907392074
80.53928314781234 19.736128135599674
60.74779640282929 27.07397076147383
52.13554551438557 12.350364729718844
24.27955307968811 39.20944255142107
38.50885697768045 53.76928273257578
26.16681832046379 4.993236937225232
10.530420711289745 50.4658404848843
63.28351283998863 43.790334789620935
34.53654952633401 65.79739360095842
92.86205259761377 64.1639054228796
53.56791164853516 28.080483302298997
17.304533789570485 7.51111529872861
66.52708571430198 70.67456499118708
92.60362170431151 95.18029834394606
25.363295535373364 95.27325607409138
60.51527099919279 0.5271669033081738
52.919099329505556 99.0496594151717
32.987155256867716 68.17698434263622
88.39558234258295 5.109290729912219
34.71671962624882 1.0901595858137325
85.08027810397569 83.64114403757216
95.53461566986195 88.91679755029415
9.088353975741336 36.45174966519873
98.26986165346628 8.57031128063156
79.3241944806204 37.97148198234114
75.92706094279832 47.46314638008406
70.27907143825416 72.97977956609104
62.84613114209816 48.757910392693574
47.70927706590439 44.952595898426914
59.621045156062394 45.99275311739903
77.87521081838432 91.23037181194853
97.03720426463778 90.62609920311652
18.130564762946342 87.5327156624284
29.249829085423006 75.8276301741583
70.49397910662722 85.92326183945593
50.55173216850613 34.78736515428174
76.45724104047434 26.591867228814547
88.24320726093173 70.61833552130503
94.72407278322301 63.895161349151955
76.39895465385324 12.745081398996161
61.00961254379884 79.63391970925069
53.36697696013844 54.25649714012471
59.31924953721881 10.244335354515222
34.19662233314271 3.439445922157691
75.30274085373338 32.886079867816065
90.46765284670286 60.46316503931648
68.60462776469176 59.21355021494891
56.66229379507512 11.938335791238941
63.99743168135937 50.70954767387171
66.07496859344475 55.93694065593283
59.70881973163535 99.92816398898275
94.87064505606634 58.50657402128113
67.12102071565155 6.54295883215259
93.70219269149736 42.147043619097126
15.270793366210233 62.10589856671977
83.23296667476791 73.07420207746627
33.06685169384077 28.41959346495392
96.69895921488961 89.18139804699918
68.73608392511854 25.838740609650003
30.18076351661311 20.19896764541714
4.358610501493754 45.702340429697315
87.27373642705004 3.87636744995814
72.53328039599833 51.818231377953374
88.87773134889879 4.903568027068506
77.69442961135752 19.784462700210202
98.55177899230773 2.6973690014190477
91.40713731060038 78.84036418596152
83.67082135163987 66.87974975964333
27.33305187956021 4.034550743765419
59.374670895136795 68.39032933398965
2.581304805172735 96.81213856534467
5.387863564959783 45.72270823003789
76.74423433054791 59.17140521565568
3.4201808671272538 70.61414099746732
0.5622458592613233 36.8780205198172
27.30593334358611 1.6954673377845841
41.987258579088696 62.686268597401785
56.29434501985643 68.94095350436118
22.85392346536439 8.144441514866774
94.62943031535364 14.541621589270171
63.092281317140674 12.094128763485045
98.29575449344094 62.13443375439083
14.824059785439903 45.60288482856494
38.36005618074808 53.50058881877815
48.83764533485008 88.82373722418731
91.90246745957327 96.30174991202448
15.484061423338868 72.39342330618128
75.4001064901508 64.20099489229305
68.48759011421058 79.91757815850346
60.98468761912871 13.554962572625362
59.10458987131367 69.34330593084395
51.266014592981925 55.84292504441593
95.68091139469156 27.614885058418214
61.898349612442416 55.641516079364216
16.599516040451434 77.88914890859368
88.46334227248501 90.49589573725197
18.1972727717319 24.58940165568938
80.50270998043149 22.63923686624304
70.64002760504373 61.94710368574972
86.34611231810901 21.9453344930601
53.06187664285189 38.721047444346546
21.522843774471113 57.57439857983352
93.31790049281597 69.05629801707136
37.40020498191169 23.01910149432491
90.82797802822556 22.146759773977863
31.947579223756474 16.55758872071229
76.60806174634337 96.64651214995229
54.59849752960123 60.22442165783137
84.70811633899629 12.184165701232953
88.2472836087464 3.3818771310469287
29.163716760905643 34.03445541034499
58.85718596490261 48.35978057090383
50.82768834408293 42.39642334474755
83.43205712574876 91.79078938341738
76.20714502261782 60.6017118650455
30.698808184734627 31.36342316668942
46.890834894053654 43.879751350998866
20.946814763034883 28.612772153922748
19.01308252895423 60.05457314760713
56.018130681954226 73.91290078832986
93.05199644502153 60.90013277331359
38.23418516368899 66.76143550293871
29.961439173538164 89.70708890232002
78.57037516251808 24.38346641650142
81.72468480399931 22.109217978884054
99.76998304734711 56.5791992498168
28.494280683573347 32.468168595698074
42.77188893578692 67.50647074635336
63.905006030451794 97.96584527783757
82.3476793856807 3.3580760979948776
95.14167964846824 72.01773434632433
9.32036510149784 2.4642376664829158
58.26036230542518 1.590042098745026
95.99961024588207 70.57836948182418
25.65476050226565 57.26949388483443
86.39226741121892 39.68486000672684
32.82476896028076 47.562964233198244
25.550063908783837 28.81426722685464
53.27496597583389 26.25147812950752
35.62182857341946 55.20136227695327
67.03400380968321 97.13362599061327
84.59543484296375 61.82551304581174
16.5633042979354 78.73178691976752
