157
57.283776906627715 34.072318477083385
7.843066611502225 99.94675349846341
75.21640618007356 1.8864788233611263
70.31784504237181 95.2189306846346
81.35535756094633 40.83442435235638
75.27296895578026 24.957064036092547
71.21845373841398 8.48489186033332
37.17797748016187 35.234909514055616
55.36158243719464 52.45913604182465
57.46495791686008 52.06088534353059
24.826753913327416 65.07159785361122
91.90777412544055 78.55546619619028
91.91001329756084 25.613858029905323
62.34865378166862 68.9171294811949
55.25983729966948 20.59499101194756
53.15834522169764 32.91020162866706
49.21906876938335 61.57431391228493
74.41871392359455 5.435109788886427
31.27559136117951 95.2658627950927
49.53503555989097 44.115807194354204
68.85264400261349 26.206639162031543
76.76374241626313 45.793927716915384
72.78458150588921 11.143112164804315
63.54566824936671 95.36970982699094
66.39891907621438 33.225892968384564
61.27182186156672 64.57384988900785
7.853026284991338 86.31206111357824
39.39716843015644 42.5629218965247
45.82380357544123 32.403559909970426
9.08686757467343 10.417554698178776
46.22622900435176 25.63565347041681
99.6727751131598 7.291598478131145
68.37765572768753 27.556558011078934
53.4825912384583 65.9458497671675
4.459657220700031 21.430150683173586
41.81593515708171 27.175685233696168
71.6643270168525 17.604943837962438
74.57304128933623 90.27705009733037
73.1432128088246 33.10446620261908
0.17823082054001516 42.43014813209941
58.16668172127528 18.81255165093958
36.476946194165436 3.876361609390455
64.48337055744948 45.000524026262866
53.48132969522251 1.7026111264818677
18.040521977467495 70.0788763134455
38.72950979560411 60.106765080511146
77.3973115050223 77.74156990428786
91.40199651473534 71.9214868398389
10.011490131579858 35.13923586857663
66.3187270902571 74.31551702591814
67.57647446622835 32.66790315998416
99.60492080214328 55.84160596314373
95.35978840082457 70.16924322871095
14.099131635008 52.25442544347374
99.63630024155984 58.78596077568821
20.03536893676795 24.218782075058343
30.264916866222357 65.45356290455138
62.07287268558419 97.20531418940072
67.66840427084573 77.60633514363668
74.93018105709993 46.87087598678068
62.125105109406775 29.06401897253833
59.73525501626451 95.0524860194106
0.19400202095821717 1.73610933097883
68.53978566183139 35.64487327302294
93.26843952159018 35.36267781322232
61.02461621957092 95.28523499798854
3.805137244156065 69.61442817769259
73.09049094617781 32.68016600723242
74.5646847757468 63.87849954331959
96.30732392727866 20.43292568265802
34.85087091770131 8.003015097468468
92.66850717667876 41.27760426394387
53.496687066931194 16.07121792522993
36.08210645339535 2.316827648752273
38.336026689131465 73.42834795576458
46.12054088301194 98.69265419189352
11.509388699996126 11.043021718829028
82.00342600407811 53.7238042855822
20.26231068729244 95.35595682735682
63.72737695454867 25.643630749932377
97.55619249165832 71.76426194176547
62.34872209043672 99.68859325257048
12.504560639241124 2.6422119481251616
24.24360996082353 94.28674653485551
92.16355243838187 36.40886851358627
67.33070863998793 60.453604966264926
32.12316132191042 90.29559290866818
49.26998850425108 33.03770601550602
28.438485285755956 70.58321770584587
67.08490918374099 70.64115194321874
63.51099906257325 94.88242503878394
60.359244613400506 10.46964853360015
36.109539825234485 11.655365012131913
7.658605339159608 12.050415882100351
5.192679729305438 50.07294410403264
40.73594363455892 73.60609509415411
87.27674642160484 63.20678960700725
24.27188094543633 10.047044728125154
41.62244289858802 55.01383104586412
51.991907518630065 19.612531905167597
28.116502548885624 46.611393077315114
64.14722829711235 31.16309202822395
10.920724536549375 89.1409720053914
23.51985657735839 48.30293127820357
25.44916262006256 93.41404765183509
27.46952691206621 13.779291176203579
68.99889308963932 6.742328615821858
3.5460183334034556 87.70378202677203
25.410723902846087 74.62246146033635
73.63807206772047 29.257330914022205
11.305937407250832 8.052543964666903
61.04835688243699 0.9071017195168896
75.93882441187421 88.40388112424463
80.24369502542088 87.64300900813633
15.020869110732127 58.67214399695542
67.58423447348292 78.9246945198235
96.8155345650863 92.00036448252129
59.62239735462097 62.266741771184286
79.11935608065403 46.05939873565499
86.92194241030458 91.59598699762664
60.04572993753015 64.93495051754489
12.053483155472966 8.334017872110056
30.86287700546384 72.17319660702708
37.497334689258075 0.7913300549380997
56.55088332286788 47.157086705654464
82.33523714212363 92.10122060904399
24.147281025440424 38.265823967331336
83.61134847006349 53.559149975545395
38.58649887256783 94.0474875119784
34.11301526400398 99.21181528347108
74.32686584247233 2.9457288073353904
75.51800040726974 59.73940371903317
94.78330676354811 24.311996677467363
92.41578585609255 62.79480868908023
88.52310630190377 46.92711934001215
13.684509517513854 35.6783839743012
10.78372289941678 45.317638409018166
55.03344207148038 91.63484985676453
62.31243579103393 52.56761620324609
18.913719317885025 5.441070349122834
69.90089635339906 73.3199482454718
89.59860711969503 20.720604680413434
34.15108590221686 6.022083393012401
28.58357671080126 62.52910449241328
2.479367328666515 16.010315556124553
95.05395182441102 23.76284211976244
41.29804699560269 38.268666374249946
54.63961293123021 42.369493141543614
61.05691705972261 78.95502122768477
32.55510248591676 3.149770288922016
6.615703502805692 22.4439887079106
17.08841957935501 24.817630846741146
36.68034347174379 53.127301286952466
75.3992052308539 76.28841091072765
52.65843031794647 65.71068944612689
35.97696401312069 82.85539499122532
16.63603570166101 2.3927838822501046
