124
2.3259418496229145 8.838592103509646
97.3561191311006 96.87402704546882
13.619715244064956 33.2452845738079
44.58190948911736 70.89391626300173
78.971028153583 87.49043868342501
37.58319293052328 38.84276921984262
32.49831160328197 81.89698231839002
58.16627774105913 19.898458389606034
30.464511143960415 91.6556984994981
85.50079550300289 17.907947275183524
50.484472849979014 65.1710569823987
63.42656215875382 25.36148454979894
34.120145618569396 38.13929256046079
84.81975064714547 22.304663154172754
75.55714839241622 17.341191982866523
39.62940476998277 46.841778047682546
73.16254388797778 61.57429745518298
92.69696028397422 31.485370326059137
24.078360093127117 67.01278055620782
15.55005713422073 50.09281102367707
80.53244731115794 75.19304672226016
62.11577834171757 64.89532640921155
0.9966250549554689 75.26891753154015
97.09502104150111 24.011661789180426
29.3465546569471 73.28690434675183
0.28791442111739673 57.67633624389924
45.287793939548635 78.17644006219922
31.55664112162153 18.11919353412015
30.340803418103945 78.993316244495
39.397724223873084 26.574917243807395
74.77663906503577 15.312544353915936
96.15129053382832 69.73172966252277
84.40320446657273 19.375870128119498
56.76805918358381 64.03673035913697
26.096499294495914 38.871687110943896
18.939432709384164 5.186482998603048
79.72278776735936 23.809079529021027
13.505151765516832 76.2464566043153
58.71550905059255 53.330886512635125
41.79829632718246 25.780814680260168
15.658711810573344 13.870466429930083
67.98410621515495 87.52012136838965
51.24109762859225 88.39567096629366
77.15841530863958 42.562555730933305
93.0916973130963 69.87220143471184
60.600290705934945 12.38617850877638
24.922645754929274 10.66091000137569
96.78287092256895 46.569426950927465
30.955158010327434 92.8844947192348
72.51013005538287 87.74269377726732
16.39142806786815 73.00468431921286
15.331565668665526 83.37686586624007
27.449087079135047 55.94566427538802
71.66541066981462 89.57935000354315
84.85277980253908 70.17029267289388
96.24390669997658 84.19792204113253
36.7724471097247 10.469377950305226
27.51655748642161 7.486408354571738
24.94285922938424 5.1147256644915595
54.65532899099041 84.73112879539545
89.51993315299599 31.8473318364876
47.577376736499474 43.04915619619963
75.23022972630122 71.0367888551924
5.157585956818922 8.997946611018737
12.309037577635063 51.1316725125479
47.570554187405655 68.23565660118277
27.367009531959773 0.6625689741476704
31.389326099579897 66.16031914131281
36.56127383789573 14.759083070332702
81.61285243709658 34.66849393300949
78.86556832694855 72.46202982596
75.71535952432401 29.744557727445176
30.272125763181446 9.366188974788392
42.03727338549395 61.22666563577606
95.45556033898191 96.9519362349071
90.15680489649888 47.354123955204855
69.72700303001388 85.42326691806113
26.175087860213285 60.85538369544633
13.061377560800247 91.27541660361534
35.72951885500416 65.05737247077954
96.63230671538501 62.74160169867837
43.810247481923305 11.896155661112683
82.11386226128782 98.46298647877524
96.8797552427453 23.62378785057544
83.12760166178226 57.829921524266794
30.24423716418052 10.837837099044146
61.01044665777378 47.25583489024133
12.09384080213065 89.67546175290873
39.30771764000972 53.53245857496391
38.09321532650615 34.6358613549227
14.655305568508957 52.121782579096795
75.91059101006499 13.108460069453809
43.08335535546695 45.97140760883662
28.513992698242184 76.83738351028227
18.48517670016672 97.82605600250453
6.447106224384269 64.52413311111978
74.63647444322874 1.1193000285956156
2.954298104416886 21.909976099484375
76.73556391046785 59.407680813447605
81.37095268550327 76.19103820773503
73.48870559569846 34.3827675142211
80.26276146100861 4.896776972083606
45.548407344311585 51.28028424557422
38.03128015247146 60.63053447278007
86.3224411360919 37.88624293736083
0.05484667367864349 18.455330073722298
8.320606120125273 65.9298588547758
52.35384944267235 8.291527122446674
7.33773038277401 5.022985562358606
70.10320289565722 72.05277903703633
5.320464126167357 71.93823732131511
25.44190344659045 25.268287850438963
91.81405827932144 66.22963869860735
41.24089529279895 57.45696606857364
29.331029354499314 44.18072148178851
84.96413700451465 74.02838069779494
38.052872238647815 45.09770531623354
12.601647228623126 94.38067900243236
40.171622132608384 26.964001602323485
70.34609366339511 70.03265694767076
95.96503329594981 44.57655152137306
37.50134882999935 69.96164005206197
46.71761833704835 88.43117417811489
39.43852101354381 95.02958178924796
