196
42.90844726716141 76.4101722557332
97.24198878337656 40.91264038247184
62.60317520997122 33.80030805431391
46.09513217832746 81.46231202526444
19.58122218438637 6.569483886551463
20.76553020902686 14.004665336221688
41.46681584883362 22.126256574273896
63.88005023837442 73.27757987083211
80.0929175937365 48.87624737006495
10.097727304224712 22.775636000664335
34.33078570425862 20.92663466243836
39.90996177116749 59.968256067202304
7.094465166944131 25.66631392734425
76.1341038618063 60.63211583539473
36.68501416891284 82.63454729231995
84.69116858046826 78.53428819183065
98.6435556711676 35.605847814596935
91.29598241768832 59.57251737098318
99.88874201243082 83.35839405699423
16.773719673847708 36.47421102352818
29.40422424275475 15.354397399820119
68.84653164208592 70.13795511144949
84.16337210591388 24.785240730899027
5.070293192847464 60.61653757544478
86.95103127049828 59.907251410281646
68.54560761601459 13.151522433407658
48.14598772386264 35.63866987569336
38.859801463032454 41.072268011344114
41.154406966197854 25.706253245011514
84.35508310377374 45.19168215626848
29.825777220098637 59.23956938674165
38.09427785640579 92.4473310353576
48.01528604411338 9.890234075210158
83.44336905304259 21.69941351900131
25.02224501186927 77.76452383233776
8.824221358717821 6.0152868588554735
2.8187987598800923 52.46123338887546
27.273927903959226 18.694442908760543
39.02309559483281 12.997706004039344
26.62457675340586 66.98503643827863
28.4468637815234 21.67920694458919
25.600536230856207 53.55396834061078
65.52523912464136 79.04405534522937
82.10920188454261 93.9755523942364
41.8973338350514 34.53552563152647
59.76962138858762 15.383702064666915
3.496291879336555 74.16160360582816
98.46703777601587 84.74493120909928
74.67021859383766 30.29070649486354
66.41511897472286 18.669391261980095
46.690596323055125 40.79156676942395
19.468589713372385 0.00623724329340547
87.22207196275299 58.2555650488651
39.63000872124566 36.063216538219756
69.45667721868237 84.00189539872358
0.7055481936643626 14.054114639834935
80.6734707518332 26.374236944346173
63.03236097267835 62.19101396989658
51.847355552080266 61.02721941345259
61.245639445858544 14.786168075132377
6.8520793482683695 30.72891242011293
79.54333435116412 60.09092110043854
20.485834920338718 37.545944182413095
30.032488069194606 12.123781021849677
15.902413572536922 85.3327077024592
4.605248915156435 88.08984351280196
98.40753226583192 47.6629251574407
55.72054429879031 3.076082876668129
52.78178415562548 96.10177308904295
14.386697077023857 38.03763815653357
77.16318133625124 96.217921902344
21.321364046765467 21.471042927724827
89.1180269756647 11.263375664171738
76.07795517585114 83.20113565109028
10.328660643907906 73.11286313208115
27.287981914058534 94.22962692256932
56.237038699240685 75.97262985053833
67.0852974306105 28.22385516492304
6.133323952400516 74.64882782504029
36.71110773110161 12.300753633002904
59.01302425547954 88.92353013090245
37.36103166086938 58.068960611143986
95.16046035178857 47.51389970195646
1.649555719350615 31.006156799383433
97.53481671010921 99.10116888718876
89.59885422988421 89.27490623720581
50.02706093575776 83.2275978668935
85.9274358089883 97.51368190776732
26.101446673628313 10.274808723351846
22.088176922827795 60.822923409671525
12.601268285172528 21.65789653586704
40.20135529444471 25.450199991764332
2.074542929077594 4.54529611899237
40.59900588081911 41.69390826436098
56.09805142605181 9.646286761105738
43.890635153833855 31.887516254516836
92.81536863443182 22.942501569279784
89.71535120301681 74.13260944528314
59.093093414403256 90.81160660535274
67.91187570170467 44.06698892663087
82.95159799538584 73.77297583582289
69.77225597491487 88.70061194176957
41.426805747870866 64.07304161216872
42.85195920085321 38.36156739450233
20.85292080196529 17.760320201635594
54.74235827233078 61.82037221188844
18.19394092704224 69.8476949349781
1.9723731521626209 49.3648377197097
11.597318031157222 12.683913022912275
76.94182173705016 66.31826120212723
54.46293482437328 57.37664226967832
26.69747046476513 53.92807118713993
81.15389474691838 45.81899396852792
52.48455322889737 42.70376052120205
36.61902037131214 42.440447428092924
91.45898107027777 90.8969311172019
82.85155049297637 96.2055757358233
67.361361975721 96.60150315986371
2.310586374486523 35.215370115537745
39.62017715130977 31.239939810556915
35.063829252294134 47.72382470045945
51.78753800507606 47.72850258076644
65.57528476413046 40.38961903881657
40.70899007683953 79.1190183426891
95.80441204795093 46.755760849565945
24.31921599212432 11.564546087152971
97.09420605229452 71.63991188373868
80.91359934201601 84.45608383326902
48.88553970995577 44.88598174342076
6.455662077336077 99.27541051357004
63.076198589759855 80.16524648076467
30.286014934207316 99.56133501773724
69.42932023845478 0.6082053504502194
88.4234272340083 9.400732333607454
82.07129279204793 88.91684911350136
59.889642423522815 41.749202479444946
96.0278482667358 16.10107355276308
35.79667356347033 48.36709275635537
57.13197333997796 86.04376370406787
26.300709300673397 29.725809179001196
67.45239360184833 25.24650622215815
39.532794973087306 88.26652458344844
78.09486612146571 96.9899626800851
97.50041344764121 62.60182584775856
80.92940171935953 64.70191713755243
60.65096898197252 6.830440343607036
33.071492610335355 29.640801319654898
27.921074791775148 83.78910950278565
62.637826859642054 72.16130931936596
52.24063974645743 33.964223846500595
23.02525466751065 97.83256428847754
82.24038561994685 81.6412653270775
27.997173945507438 90.6934800746552
95.88234273984257 90.17224279915848
39.598190914144126 31.197695986537454
63.47225924567991 29.027436379147687
83.00316148908055 17.944376804854834
73.67060831876736 15.490629728144823
9.870703899991717 12.62303927550219
99.88643344493543 65.66231647319107
38.934355943503206 50.25560383138975
36.04835043169575 98.33420685881019
64.52752106226399 49.99556415611184
13.262060258664343 36.74111715965226
91.32317109500225 94.18421186508283
74.49380403136182 16.61331971108978
80.17188893776556 8.785632178034696
26.291852401975135 53.40264126867257
63.261034859297325 93.45738184162961
33.13735395312687 89.64288424982391
4.783934361817998 74.62524218299053
58.420153229135984 50.282614161217346
64.36953091980683 41.54914382057413
96.78709420096236 5.8291916636663
87.26317584075697 20.646468659258478
46.19214248139557 55.37637554062218
50.19364260228275 61.494617023225715
16.170033284032392 62.17687964087052
28.723790643310977 96.69907074088236
98.09244732442531 65.93484671986266
3.8294187576881966 78.88305311099552
32.1958026880366 12.014785141916928
79.76029996087587 95.2605553544252
26.237519517425834 89.66494725423854
16.838078571922843 96.73706266135675
47.653969364841856 4.152255769615831
44.15730077422345 33.95618336274621
99.05337564987727 91.85161771999509
2.3868746263579155 27.72969039333384
87.31338059185674 99.2409221972064
29.24050420637714 9.854405366182007
42.762283637630794 2.116751821009033
13.773069031787932 81.54341177609933
83.97440198783931 81.76808099275269
81.92076636524095 15.790602182265722
84.09633631164178 4.143806409074524
