164
95.77688324241596 73.56400041899558
23.002032545731254 16.22145398641409
99.99358047927655 86.95815195755104
11.942188017431087 14.987261603714973
71.54867610875382 59.53798371602122
48.83012187484357 36.32519094548936
34.053322501161 95.94006313610382
96.23456877952987 15.25628670928192
87.24867678716872 40.88697493868034
99.99813881375921 55.334515277908544
66.5142110314045 77.75936555449636
1.9557245531818923 23.702473767386866
64.90952286628242 30.69671388301034
20.277480098680435 57.22082554771026
78.44960163994608 30.426450178009556
35.14552367075583 39.32320420074631
22.329023014217597 15.364324138946195
49.66267611011909 23.136073338106268
40.22244630824535 95.53115181354849
94.43328064793361 9.452434722252478
77.59983682340345 87.92039122768801
39.50439883575558 93.25800670984522
54.387325866428526 41.2621161674275
83.53833984904209 79.53594039809174
18.985581046672596 99.20941009063282
2.7055647618451806 77.44750948828991
59.409450713217524 86.67543760901589
52.65761868122958 18.20109340559619
89.56381408068219 23.93229855475053
80.32738783126626 39.97694531069457
46.43893566226922 45.25544572527824
29.678377039544536 54.81285006537643
80.2398610500291 41.8568989427505
67.39539666626675 16.99575878680859
46.46901003052862 23.8526947019831
54.66593440966354 77.066020948108
9.451359823892814 58.567450285877406
31.94341455635794 37.7948314617227
39.57288988394488 92.97902881216613
51.19001810908652 58.76919554974379
15.657455268767507 5.329064728968335
73.10718213993677 36.93988598655545
59.90580442880521 56.76395667082094
94.40307465652087 83.1511263473482
30.842429242909475 86.6701585723801
30.463465768277576 1.932957855365769
50.25500594198793 84.61279054092897
61.29678870862545 23.221823593195367
14.366644525353877 33.0237722704817
54.43921218079048 46.92260612960101
50.55185454032568 7.491481314629733
68.41103762656935 37.315054713358656
96.63419753869073 12.162041457185591
25.12018538808046 64.7132272035468
96.78070635370555 1.4566914734868597
84.67873680505234 71.34238558707096
63.76701484826235 66.26523681973424
4.6313847185894375 95.0873082993242
86.08305535742564 18.023638262463127
17.038886924918017 42.46964915637639
95.65205015601138 7.947074043422486
4.492191015814207 92.698603640533
50.63636032747769 15.444373145617918
24.72672010063588 97.03702418736232
58.09496373034001 68.77432847906424
93.6002418743661 21.60723236374641
55.94427868943082 5.448608248827225
23.763783648934677 20.01118210518684
8.259687782060265 87.35004856780326
24.426500896935277 91.20203645008124
85.32376857600232 37.452582080383166
34.84709168738116 16.01388533762167
81.22243680795044 53.41225186219416
33.11344894770094 96.46480837456899
35.37336647693052 46.72980472992098
2.691794115574442 6.079118068868183
75.64030103783342 49.66075939295429
3.3385628807989565 18.154240358357754
28.535232324484085 20.429518815329185
29.669187075681037 82.61550569679547
36.36771422715154 16.444794680934148
18.074911075881815 5.514240992562658
11.02717089141435 4.022855177804441
78.55341943335955 60.69952997884167
79.28348574939655 51.55872455531291
13.134760117242628 37.976835277573926
84.92050539956345 70.55940302981088
75.85296576196268 0.5850836803036552
65.30535734856953 67.79187002239048
72.84283157481511 71.24120923195596
11.31861764072869 19.494575068903085
77.16283131538202 99.9664445802857
23.89166785472162 50.86404121662197
92.95333460661716 3.6746861634964323
6.58506575192781 69.17176125910427
61.342138857273135 30.38951137828747
34.60412083279013 68.31965068070721
81.7989295013492 75.01227024373932
89.54862808886716 34.58905950628728
32.512932796339136 39.30558827877873
15.0566236276369 90.03783561875855
77.28265545563701 79.97697497022934
33.040169145044516 15.576625366545239
93.63158767204925 64.63191131294106
82.18190472772487 47.283467056846376
29.38311041283016 27.075168546678043
12.214891013492545 1.5908157722031468
58.99141764923982 15.826436504545649
44.730864551270834 10.079571519658026
65.39026415162633 33.95342301166679
7.7251450155976675 9.409932183013625
12.76919887407364 81.67682928664574
51.2731216694585 50.41308992269187
58.79707566479031 84.8186561104405
24.3201510236264 60.32109410096452
24.57324230441269 39.95120041210469
52.220709682658175 76.2081161961711
42.97169902941553 23.618862926646145
74.06007628080651 48.78956804107182
79.03350004229108 70.894583791135
0.7557058500045621 82.86437234223966
55.755087670107606 99.75496192355368
95.03198874653404 94.0210374133768
46.234918378801794 91.61640439030764
45.66983750849766 25.026773360210818
26.93689859303464 79.52538668876016
14.271401753184843 21.46658646548909
47.11465552355247 96.47289713790354
99.09266608699284 40.66013134046179
87.82455239010328 63.6756587816517
31.145648128470814 56.65419587642532
3.4486904008572017 88.31348571548698
86.35311316180393 16.815442556920225
85.91930719304519 61.91880866939869
45.26346982751498 25.213852342440134
58.550298933868106 81.52787174891778
27.626962206200012 85.43351858059238
65.249545975144 81.37159692514953
55.79291811939615 50.48653726762421
62.82750235840745 90.71439912254131
28.79172730070141 1.8112936234889077
14.268990053751128 68.84533621108703
10.01948120771864 58.255042653219355
81.13159696205061 34.136521130757004
3.727283553584626 95.08025724986177
99.99297928666357 48.74405075626479
94.09607985682499 11.389073789129334
94.03811713126254 22.516088916422028
42.72979469799938 68.40099542311869
31.117150306290988 79.46022147163686
18.46965962234647 73.92990285274357
85.06447427632662 80.82915123165643
71.47208330241676 60.301297000169164
78.49267373552748 5.030177949225911
41.41811014627604 67.01699165749882
76.7863756302303 31.935596434166126
12.289658543990434 43.53066098423035
64.10950398229143 74.35890535578324
33.70409152421941 33.06254695881524
47.144852398124634 72.2720019817135
57.58549805592978 31.738575589335703
9.284620493546358 46.139940231264895
68.8547769369663 54.12484199349782
24.42925107510774 48.89731152277855
