119
9.40162422213403 73.38087643060427
40.69408415008298 82.03634606787172
2.110134404475461 87.75199718291631
21.016775137615518 92.86465571326372
72.26298566526256 76.30577218408425
48.98918706536135 24.95700081217963
27.10113023816516 73.20822478507051
95.92793047530202 47.72410041422662
47.33019680003488 52.48080735152628
24.03480826858123 49.46861012843473
57.27570026799129 31.55339910845437
55.48256698993874 60.83684047691166
17.71730884816479 29.054755758743667
16.781715148168765 69.55946117257926
7.971373094057577 48.84346327290372
96.60765337826045 30.8450387996416
16.487993984319125 51.08655974714377
77.6416849585163 52.98363590291473
42.76705400333286 87.30615467456705
42.2086657417453 48.471270393946575
57.50479337669524 4.830598985880085
68.77837251436782 49.23006184692578
71.65940067654127 94.36727896559384
93.98539004097144 13.39557033207004
62.11736831282136 95.3963767309344
40.78419017908031 51.83866270898282
22.62103809727688 20.492363056114982
68.93734881824678 47.5647290285518
58.93454952178755 54.134946112204986
80.2869085830933 14.600960568081122
23.81104648863569 86.46047012073589
2.7554091744534603 22.41503914110169
82.19075870821729 55.51863574820304
22.94575444049356 48.35841049303223
55.46374883956193 39.74758682994049
42.49005745106365 79.83603210565559
47.36315270036897 0.7513601211658005
9.971671534122361 91.43693574557562
9.894483437082148 83.84094467139775
63.53547826434781 58.148394011154224
80.9592723366458 80.7374053819717
79.64880389065335 97.88395512512137
28.958254744720136 68.686019690624
92.67810742751303 16.028119199474077
11.314048760883777 79.66904143880686
61.56312691406553 39.81979672714308
83.27885829028638 93.41859582472935
54.55797460580395 38.65790819706627
74.33362278988102 33.173043770876106
88.38167432927206 26.027123425319033
96.63497532633032 37.296069957123756
34.88400616161942 60.58771088595242
8.090783660474198 89.05093588352362
3.2271006951165027 28.632941622611607
73.94103793191536 27.9089034241614
7.008102295784424 21.649549906075684
39.23578113246461 65.45366126059916
93.46636120323294 42.10092978652775
31.05412216826553 37.02859742426819
75.08289757279171 67.24644677023693
29.628878389548852 2.034656929331047
48.67651054351182 86.43728733254692
46.32643281647667 88.5105695032868
36.59643206110969 86.34505073094792
16.922437219294473 96.24823981671663
34.763760662230666 52.416222629461686
61.98815853749775 40.85235256547508
89.74556309531505 80.9495559358607
86.29961357576059 38.173096860361014
48.049562381878694 37.8765925087628
50.979769520051754 6.050983516218855
15.824282061049043 52.595310083215374
50.06478739850662 32.1988549367941
93.7212454746214 39.87428696248946
90.02425146411267 45.7801526727879
68.74149290976841 73.1426257221579
58.646465764992094 94.96648810012054
48.12183163799967 47.94492838478626
5.841709580812537 85.93098615560505
69.40910539934367 79.85058854814834
91.4881632669894 70.77713083793547
12.438522486766935 96.02294427616495
53.351003853401636 55.513278923853534
88.65927360803968 59.42243252412357
97.4179916295064 74.14115808705498
44.52977259472615 73.55883898547549
28.7878690058593 48.13429296409776
60.0552176300432 2.935581411480037
34.98695320675904 54.61302141946087
21.84628754757053 97.03751585632448
99.92295957091301 90.61904319131123
49.93743775504734 83.249301290552
52.12549167275807 6.716327877753048
71.76487925812496 0.9648949532814033
81.98002127268408 43.22659906012647
35.90017193209294 7.73463579024678
49.89610011887411 66.06851549151892
3.7615235016750237 79.30635054785483
44.6448308910644 66.31181411430637
36.546789451084585 25.317042161663426
29.84375697479522 81.38536550045329
8.878323691317425 43.91151862798485
35.67115723942097 95.26700622177039
35.545726576448786 19.717738839767087
87.8508571915633 27.1587463211019
31.97689275306447 18.40431459671308
62.03371044105971 53.682659039328065
33.84032448661134 32.06787276069393
90.80266248697998 60.321073889355226
69.00471349562078 68.70516806410495
32.73627126968386 39.77937182526404
56.31278757868673 23.655959908502844
85.06661051661196 34.64634948000743
53.11139365148336 2.832541545085998
30.00583365227395 9.287761057445875
94.60608273425645 15.751344508612053
8.844361280844392 95.70420451322528
0.06501937129046453 16.459906496226452
3.388799058935188 98.64439606640092
