140
93.14856920395097 57.07873783090355
51.35689694659115 38.88881354336431
5.575763192061888 14.597477426140548
62.465645303003015 36.20662513452429
58.18979151657309 0.09950050413073397
1.9673751685175156 1.6423358403714006
24.87561075332293 87.02075686124931
24.953637656937687 76.81478682630828
9.041928764708329 80.78813127937137
39.46925273153901 91.19619080923691
77.76954270589583 60.869868372970814
53.159370494584394 58.000729511646256
72.08688472370069 8.136867658130697
38.476464866399475 9.899609098992347
17.320794483206605 71.18222097962318
38.693921678328635 59.719551397688384
21.244454217545815 65.84982205988105
71.13024000976414 99.67326476477801
35.80711016527729 91.90799539788911
96.59187715339164 57.35231702780524
57.64581881748382 37.88404717630658
50.03114777244366 21.157400655304272
90.90152752183307 37.33590617458119
68.42562280696698 15.087072570756654
58.997088870260626 12.63203433451311
38.989097816839255 23.130645680221985
10.26698919589778 96.77078187456945
35.45857915557205 31.256095869241175
99.94627205663718 32.362770466186156
25.406483105968757 12.202476818006058
67.73453622660337 55.20649054624015
99.43679094764943 14.95485908318457
84.75916644903887 24.586427899576492
48.796362772277604 86.0603936373485
47.3180984925065 87.28769324709226
90.6609678323754 79.00916126640078
17.21503045699628 54.7378615259956
53.76222240850224 40.35779723723615
15.76986294481777 2.506942431194692
75.55310031260566 15.09664512486626
3.4307086562240685 56.25594615964003
61.74264946875986 33.20589259986863
34.40798819282019 58.78624443955653
50.909851402520545 14.79190393530817
8.162030492299376 77.21382593269068
50.8392138280288 21.483991272417125
2.21869135450371 88.22545640164677
75.68993498744356 49.19936189358347
86.80338182044511 55.75455428884324
18.40973895382717 39.39624037782988
33.63102563869398 67.25192256970855
77.95251320810593 88.83813091044848
1.5813429882550412 22.930606596708326
26.910223783523747 59.44610782521167
22.98519182380706 52.52907418227187
45.001286695730904 16.170222717810756
85.96081831850468 51.969898393282776
89.14996394939607 79.66856594682348
30.85077773348841 70.60486595911159
28.602538189605255 70.17566978021496
91.88587342184906 37.65387718995876
96.30427178990134 4.560504476860283
53.85187926418084 81.7043437266992
97.35598390555367 36.54306156645515
75.46708934112394 77.30242423025888
89.14643676732578 46.066743637926336
26.11554144999284 0.6789768705731225
80.39538951536588 11.896219145524212
10.436290108546686 72.85549936229259
13.825003707452243 96.57392044363617
18.50263216100415 16.918633998392075
50.07292832786669 14.240063619347975
38.353424280126056 32.11506624617378
79.16814158252203 12.394585653389145
22.409446067751315 24.983743036405283
93.00861333253391 74.7831529705979
6.4832845167581254 21.455175195966792
63.35808126764233 10.853336249379886
74.51888974363804 59.177742590178006
11.568061316872857 75.41591259443888
56.598033644426 26.06621829130884
57.35941114371631 0.1569689234703464
73.5056769574287 30.948186032895574
93.493550501555 66.60763650662722
78.13591319942306 6.056463921050548
24.118974820604024 17.36779940804647
89.34281974684794 41.13242939833059
75.33839048531534 97.65690777657615
38.800308181674914 9.965948209400644
22.929542168271265 7.497783530691304
14.281773339054793 79.24061890460517
3.4632848339956612 74.67732445389798
86.03800093435788 76.50488863352419
73.96493561735984 64.86708732611646
3.7791920869618356 74.88097556261181
76.36524481944863 74.86723226163208
32.95828001696412 15.991082145061085
76.43387852081526 84.06022307594444
84.04004242030206 69.99598105837718
14.010795878597316 74.38696169467754
26.990497417261405 35.171543213421906
57.58769580208627 51.77684232626545
69.41638086038299 0.4212942768306194
73.79472590262976 51.09944309624931
38.12375623549124 72.31446705880604
68.84717237546668 5.4509934110781755
76.73758653777679 46.89995446427275
72.93949610747329 26.72978145053233
31.69907512614213 1.8277917376714248
49.85277716387765 89.97778131508719
48.467225382786516 95.82066599168093
31.879477683384426 99.14269112845493
64.29779136100919 14.963999012946061
73.86615341925058 42.45585305814215
91.30609196309916 82.81930504623995
89.0595601392457 53.14065080125358
87.76789682994287 80.04345678818754
32.027023842432214 71.73916188489484
55.53911751167342 66.62970366509965
9.299797846368707 7.681830063442696
62.95654700649328 58.17146054572008
25.84291296157144 81.76443811872652
55.74965672315617 67.75977104377698
45.7567418531606 14.923360814480391
94.24867281963472 92.1816952602871
80.0358182685737 45.405387579178246
37.48642845380521 18.683185343725594
83.6790130306388 86.30722832666487
88.15690707781918 31.701065554259866
21.924063501887936 79.78015954158752
88.62876971674544 72.6080387691248
76.68689658819662 14.160977799159369
14.368677671149332 91.45616255312416
89.82944137493737 45.907257982397475
53.6793264927005 0.4177192594545298
18.79561081711454 5.597514562991934
87.3687892912648 14.849474613307823
27.14107324759206 98.5030774667356
23.464993781424592 85.72659085880979
27.071052673793684 51.665592180857885
