145
70.87098776052382 39.7640731857854
32.23672556047801 95.01945210461152
79.08102821954436 20.0675413826911
82.54161905845294 20.575067473766463
20.73107830820502 70.13665117730493
87.4425099987333 81.84456517427509
64.87457633691889 59.721092628950814
20.977447618331002 20.3415535510315
68.89611868109515 92.48830819985903
26.246758271844396 91.87666236298664
0.9342229554206494 58.637990357034575
66.00023469096999 87.51780056091332
76.73206130308866 78.81306006849437
10.220839014851968 71.23627964630666
0.11669000561055354 91.13556499812569
68.64948396876585 50.116121146801554
65.80530251413784 42.490231801248704
22.87039547684039 68.9783079783384
38.551566721755734 34.948632797287495
54.32944254716209 19.309699773455325
64.57135982282038 11.651845519528248
76.25944096924347 25.06804230520483
55.43718175920663 12.03267903379449
30.792750507027066 41.15592953321221
4.553478769236019 96.28215264175533
50.92244975432255 93.40209881420573
22.886015273128514 1.2483368857305277
6.348960415610394 46.856533003686074
98.32188025429987 51.58197726860666
92.78468744795606 14.233086221264578
32.011201170152134 52.214276797720075
33.65780147157642 58.3648929482349
76.55270634424241 60.06491198365518
59.22603544101239 98.60005837745393
72.65603241442827 92.07242027447825
39.03522862588649 76.08049554196221
15.75815991284254 75.35054980571266
48.69677873298627 9.457954204925246
17.24797153813772 89.05194788474984
19.435119000115474 76.92005809025979
47.022797546467864 45.02647899000718
17.307954808260007 20.848066041897585
54.057091023692806 47.976291999064394
34.00902312232732 26.629289243281605
48.38396884856528 44.42998701615382
98.42316483757588 50.4430897310618
4.100828130422196 95.43074183618432
49.32791421397027 79.41768474111022
98.91542238151547 32.46325470335811
90.82767321086872 75.69429070585058
19.125153403274318 30.838412006642457
40.33245407124946 94.6790542512339
97.36661780396295 40.96752650002525
97.53099397993078 62.02259342807328
60.743506191568365 1.0245745928323058
54.42612657726264 88.01876554018041
23.335531162301205 35.72857969123312
89.93038432669297 86.41485189683836
53.421096484844796 91.42798760861317
96.9928744579216 16.936955941672494
78.09185076528183 87.2176356659822
52.1681785242473 7.372515051324092
61.72907243575211 43.587957961088954
87.81063303254327 4.573288603805725
75.67689082067488 46.353258557742464
1.146257952547558 16.104098708266957
75.30600158736976 96.2630387821158
9.06930507431526 44.737884674336094
29.048857279423757 5.068772065402105
71.59425055331727 97.08580239881297
60.3478202430444 71.22703332148136
12.690206328005104 31.772658123273533
75.32402959719036 36.85041156035811
84.74555927228577 63.159237107132185
86.62869868234587 84.46587981220311
16.077742524388363 75.0734658728087
4.0665740632957466 66.32428460780501
26.601539085866744 20.439275376942867
21.05728779386631 77.01773822436957
73.08781420473527 80.84706670006956
30.83947449459279 95.51543172631355
28.002639014859533 55.41764551440256
82.66471613878213 77.79752313066581
43.232250019681274 25.022652079324136
77.95403541147536 9.351653493807522
43.233072950142905 61.51037727949421
66.76730736108858 20.23165583750859
63.43854313459375 20.159947576797833
34.38904932338019 1.099888147433925
53.12750805925148 52.51573811038336
41.084504956676916 16.160253362896636
64.57511755797643 23.920303095684204
18.184162796862815 27.192471244865292
94.45573786322107 6.066558116376386
22.975295818319264 19.6843402782928
62.86981971712675 68.469552490601
77.3962337144813 28.25901539172936
56.05219499831705 59.159101359628174
63.23097544523794 16.249525178404244
21.16200438634227 78.76786533519329
71.41916690142298 38.43575201238675
14.666038998600484 0.3955814162418192
78.69969172536197 4.732463084185634
82.89289071454579 90.42602678536545
76.92221636964204 87.90750162904965
18.310600872997906 32.64991138195471
60.62598402623534 24.268880586729026
40.185810807870745 14.801845010217708
88.51719838952774 4.382177272111775
8.734067967433923 90.3277524830439
93.17599479212744 76.52336289960229
42.535071801123856 5.55529680694109
48.081971225331074 72.54345859124936
2.3683036238033695 91.83537873176412
90.7573334198699 16.9809461347332
83.14013336990249 96.68459527737625
39.28718577489452 68.33569731572473
92.47034537702548 56.63194627853644
78.84952601735779 44.830560594873724
21.994901778188414 25.849975479811395
86.8671758123457 66.89045441600047
81.33129230460169 42.649697085115015
61.236538726999804 12.476734489346386
80.67677574599342 29.775371140693206
83.44487878096058 10.078478184817275
7.6369063850225904 55.8351268428254
0.17287452361389732 65.45318747998714
15.855077945337248 27.27199702226394
9.354806580809239 65.30330221684098
91.44828287416397 39.28702295380534
20.861020805494846 56.64379911854689
18.573398075818314 77.23747633054879
75.17176109781559 69.48227017826667
7.42275243504208 2.4542165559338636
97.38777813013385 50.218874985979326
75.50362333320503 15.835591588674436
4.2718079611251625 52.78753399145476
7.134822453105949 15.295089269304295
72.72043045178785 47.6006774509949
71.97195921001047 18.072033294799382
56.08028228437484 85.40148142749379
3.449125510252926 53.2589275612109
21.18026670945613 0.9273235288442705
4.690189442988957 83.80823942442376
14.890031393330116 69.86070812721505
