188
62.69329761994901 48.54208149057568
71.26950617987399 28.591967745579637
58.340774092270074 39.68430045017698
14.60506343691531 55.03217155615629
63.53990376688038 98.67532246806479
35.16680177311557 39.657238626664395
87.14874063918286 85.43361064231235
73.19108457438467 74.43454526488212
4.32624411645649 83.79594973123542
87.02308006105915 30.5900182731922
60.48720058291542 52.915223728359464
20.020340019279658 10.930508844368692
12.504490074183494 54.27984112851315
24.43856441284766 80.97517840482388
21.079652218656932 57.413431723126706
64.34726503769342 6.878322159133998
36.94985178724824 7.2464605289015545
48.40127442250205 19.19805778162945
38.344409221934015 42.50534594859644
85.50322494022262 19.555367644590625
69.99051134348929 99.34419500394065
0.9635243980079311 99.45805738999547
85.0020901898492 29.017105737229098
74.1979526843987 80.99233500387322
1.7969309348612295 96.9490068548496
93.26836011089091 26.109123054826156
86.5751553970713 58.81390451293912
10.096862690636133 21.918510234766554
85.72004185806813 39.54655213610727
87.65297111035272 73.02829402624431
3.465666987962379 14.426645198223065
22.127222622671916 61.30949294837381
32.67670439059912 53.16089890138649
95.59925891489235 56.59552785667612
10.116747656402158 23.890450807687667
79.06098848041619 71.29083072053065
25.28516620345299 58.15108497024034
35.76878073889858 98.3180413935246
79.97792159669369 85.70037159936157
80.85828567312356 96.49896383866184
57.67953431132023 14.180880768448512
9.003263742774203 2.426959417243446
65.71481975183619 89.24037043985162
43.92980153581087 17.53008496982672
46.3500537898132 53.8913357083957
1.6261170887083787 94.11521545331334
82.32563884859094 6.641044918246464
14.521217064326574 24.79716932607452
31.08362444538091 20.597776546097478
78.29634565945803 71.06528047404693
78.87500735431485 89.23087027105132
83.07360128284029 45.19337071748182
5.791422480117669 42.31079977137336
87.92641673431365 69.21468201393697
70.89558394885805 19.63848290063566
15.609054542263912 31.483752802142064
45.78264665218843 69.32179242520688
42.45580019425363 68.01672247034057
84.12300701158392 41.54125518416425
25.340059547274972 18.16195214826385
20.44913030961809 67.56001914701706
92.5923736496794 78.79839336883991
22.029980354709654 79.93634533514592
28.069301746319887 51.642458346339225
43.18442479211713 88.24549015930901
90.61298009530553 17.466617735481037
29.17599764596577 99.17545261361481
79.28583847184413 27.769302054378343
87.84844688399076 54.28949443302674
67.12312245631199 90.33071726022503
2.2947025191693005 28.4695257869786
77.25699096392381 62.38008242979806
67.32113880933524 79.83032442668276
17.66775330468935 73.13954217956123
83.15355384696777 44.79180803898599
54.98145403339172 66.96530939291415
56.26736566126548 96.26750486625234
65.72837648834921 50.48084097805607
39.781168301328826 77.64278697473546
85.774178356242 48.12616029541902
42.01922513391468 50.47495008622286
68.18139371206193 74.62477277499315
85.18106794990632 58.25076667176655
33.116138888540505 64.34770325538105
75.3846201874166 69.40451208858514
50.94965637135578 51.01909051582653
67.93030854941982 27.697854395139178
79.76058555421565 33.24122294085664
82.36851513258506 1.8636844082856485
77.961983096608 1.7970262645006008
33.023063439726506 32.918291206377305
55.59662993317481 47.369760169800614
85.81862459438643 9.166567248019087
17.139920795103357 88.16912120397325
15.884704495709412 35.76995740799971
74.17521797652617 82.20082081459063
94.4138006954487 19.465116809148586
85.3857327127636 51.436196551717885
34.21862208809774 82.5490948038756
2.7753695036221826 53.9251761436913
92.00172137560772 0.35566181509224526
38.97756302925814 25.33156675157483
69.85408297445434 15.928933557594716
61.01292878198592 65.27388971822491
88.23672180663164 50.84370388394645
6.2234035668834675 28.725088563973788
72.51032131958044 19.798402704766595
84.80248431785016 8.470571633673906
74.7334465343893 12.090859749631445
13.82148423818882 58.139519459850234
99.4264292417237 98.39154359337896
0.6498373299500204 62.24826680729547
72.73260184868498 80.12587356473747
32.94674958918582 42.21241445930788
85.59234749259258 87.13144874728201
13.720655269788452 28.0149292113113
74.7397968746647 71.36615071995926
97.45617577019117 61.10705733154861
91.0395631901611 1.6995544060234735
19.601087994891397 46.06999457030301
26.24921202463414 41.81307967842708
74.60898169635853 4.791452228189275
74.23182963353281 86.28325370927958
35.94874352445166 74.57351136101484
0.1804094896906583 60.924974108205134
16.718372525015624 57.22382739979135
52.812896873974594 23.774064565836394
44.82648062776724 30.705502409516917
45.35347067751441 91.43292785144877
57.96976353730711 91.48607648320434
74.79207043841156 46.90337527432634
97.14391453534415 83.16878211023008
88.91596959027916 74.7405651779584
17.649136790969788 98.01696214973833
64.48544424880608 61.43704848570935
66.29586887286624 74.14572343265544
78.83301002430247 77.73273449192068
39.396672037957444 52.458107521775496
50.798120874626015 73.95740526486072
64.59184945229944 96.7143695723244
52.17457550599038 91.49283345334767
26.35403739998241 89.77690606378832
23.22145076975193 68.90638273964315
29.39867780033709 21.276137820885253
32.23645408507474 67.16628562512592
55.89164219690602 35.231442685924684
56.32122560577868 52.397793530649594
9.634203649667494 40.86440434026917
92.83444573650146 32.26018498309986
12.156220188988588 89.51416293047882
55.184247470119054 5.761622233497099
51.88156719065877 45.22270311752015
79.45756108603152 47.23320169179943
90.0475140713402 79.86336380729942
86.63315163883273 41.68501760125004
23.113051936785077 46.70122210003467
16.068587619363417 14.722150901571574
70.21663072136151 73.68144848545124
21.89600185964783 34.30603798787671
30.267041937983485 40.54755497595204
27.796261657205314 71.449086472086
18.99869711684775 7.748587832249376
75.65371151796549 20.013038694911312
49.703938308439334 53.80291725200442
42.137566256587725 91.30875197111305
63.16406348541139 74.33111205032927
84.3944973326731 63.276123163836296
67.10840574561252 65.0804186983471
77.67138501554238 5.304471421531898
71.57270087574462 24.782959004245008
65.24667695052796 96.82359837536771
0.43122259545923525 75.65280676903988
86.20563154335572 54.356504294474405
87.11481829303965 8.176486169447738
8.05528258758642 50.77249986050221
51.708632028909754 39.20047397822106
32.136810889586975 72.65507377092263
89.04857479146904 91.79749562570217
43.28555767313765 41.74326296728258
75.34693271757914 32.9371464738745
5.546481914805479 10.87583691114089
45.360244202085234 4.968434844508396
76.21528783026739 79.14238134334235
1.6545905688941764 71.32329313444589
29.67888223228141 62.78424916517748
6.23636858247999 64.05178058211587
24.84370948414171 73.41136408384348
93.58867620717366 57.78083607956277
