139
39.718776512384956 39.71984199055052
81.3799067397694 82.42029943045779
33.26132840956397 1.8057131734232845
28.473939857018713 65.27708103609517
6.439574994479003 88.11142519158427
17.783803604087034 42.39353614299598
96.55247299329936 90.75012077374758
7.817515180968981 65.0532620478048
74.22924424367694 99.58574557766097
83.65850036476164 15.633211543713
20.055877545908384 7.788618452633744
90.94319474223903 10.157948233026326
57.36214644567556 46.684913204621104
83.42250602624527 51.34433612692957
69.47299010594354 96.47336968168153
66.28207358029923 37.50185268003818
60.01432349446818 68.4381129831478
74.72394201161201 62.36698824977187
90.12632609206726 84.52057059284743
18.013267458758598 56.04047088827794
29.192738271237506 60.976159345436365
2.4691552039864506 93.52140552659948
77.88918664909436 33.64999780975603
7.761366490050559 93.21289880648936
87.95470537447677 66.07327432996716
49.07296611047512 53.444524246034355
92.86234803214853 73.68690064890055
9.3717986323812 53.13385907778348
28.660360154226396 26.504002654796587
82.27416787846443 46.9563701528075
10.772725699600993 30.146136844210314
30.924042336157378 65.64308792292334
91.96962988798931 67.81627245519675
77.25901891194268 77.8649515309702
57.8890443682499 28.647078340402
80.17738562890942 40.74345049997569
55.84534566682117 59.56874561935146
75.7613709721211 48.65104037451121
56.0377817030602 45.4954717883026
96.01143354389504 48.5337248239034
43.99843891017715 34.33312353763459
94.56752976644931 30.160836601085116
87.26353460500216 88.1088196326767
21.014335393107785 14.06755037815367
75.6966797603522 79.54198561216941
87.50576107083907 86.20712075740428
96.82852212412342 4.177340081675441
43.35169503031659 31.586938084577287
85.10431311293851 12.772320463962917
5.858491248611186 30.009974729438994
26.107920776024052 0.9395555888493945
90.1473757154321 98.63492702027686
94.35349412339613 42.30933692921113
11.62662619668332 99.90949798709393
77.46724285945812 6.756028491892163
45.15573825462808 11.477277122253938
9.298798270135688 86.90602564302921
77.86875053707969 25.92339316793646
79.17009492994038 38.55545115900397
27.873488183846195 54.569501481781934
32.1231505253565 17.891935484757138
27.717448992423975 43.12279097159386
77.12697703900079 2.0048144132319257
72.45955757178993 97.79516306753912
33.4371578649295 1.2260223648451363
13.222537642275444 49.78567260240364
34.38260331555657 38.00015403656792
50.29871715430745 66.99912081241301
41.53094348409362 69.74670331591966
50.77994541042431 93.24110803304194
55.57158783579701 49.59501877429972
40.25230414384323 38.02150382642766
4.767414524719504 19.861037394303082
14.30797238749485 50.318480899460674
90.30654667068507 44.916004288283595
65.42289557722644 58.493512977419385
13.493395308697565 57.82543024052554
40.78349631167645 93.79395125933254
40.20522924268886 4.742015455602511
59.78277542280615 90.5626369916761
64.55078099899339 67.92102653228595
8.793701301379874 52.77719092506599
8.990719971546712 78.0840399854705
97.59347736937093 70.91021389384376
60.54934253043426 26.94800926128694
50.81114743002749 11.107378007920254
44.655136294217726 89.5392612528172
22.484954140482692 7.716186604524644
94.38254410491706 73.19841569707405
25.94531998987226 4.161397737351791
13.096162353414487 75.82501778745795
19.962600377147233 16.27318717645191
63.20977331764749 93.19562393470167
16.46897632440607 40.43756267292468
87.36413075081784 8.810648179384394
84.07065500782277 89.77675116496552
30.469857819823808 4.633117621703353
38.255314404045336 99.71748150655121
13.4801285856737 71.2366893823279
4.174545869244151 70.27888409628999
21.040044986449335 4.966069729823863
92.97706884243274 74.87825085826891
81.41918068593283 18.737622089424555
60.852702950149684 83.27633411444903
22.49096291651237 25.324938960081923
60.752447416935276 22.177905749167305
90.91735130953813 44.125721018123876
56.73861330661245 63.95222006291341
99.00443862931998 61.669731485388176
45.15484258795011 6.472574200688975
42.74797075500466 91.75373177980238
18.807463902560905 58.26217084661802
47.42980999023055 87.4962777299645
53.0942706705889 41.590599702420924
67.80028521463956 40.406439363905974
17.992714959891277 33.87771042383917
43.65676208042157 60.33005260245137
1.3883954734414394 56.18666601188822
38.43206965178222 3.5661061370445113
39.92321554672898 73.07682188673002
34.817917715264656 36.155120145792466
32.71424488610152 98.98671337723573
34.22900287376122 65.95856571403327
3.0868653448742456 42.771138444421254
13.92485264847746 68.30786507609162
76.74003020272107 50.74818247529348
51.678412617277246 54.70663601199366
63.42364963619729 13.430903582178889
88.47152853828047 47.90046337906196
60.537712785951356 82.86661617052525
18.247573346342982 44.356440088768046
83.00153769826153 75.68356906729099
73.28812501032077 37.5442267331211
57.57338491550211 15.777826515310988
43.74641725055556 9.51984890705183
50.0763285131544 60.3731341962106
24.935563508864412 47.51057602251716
15.107800080677524 95.04510646571394
45.711920101455824 5.5887014623131614
