129
24.7168886635032 39.25798945771211
7.5320156056493115 6.431525809882599
26.302384746364016 39.10667994503964
4.761648783976691 6.865746691482688
7.859490304807237 81.99767405704502
52.3435605833519 73.34357043689833
56.022398281002715 39.512303789070494
12.754873086457852 37.96693043438183
75.55830210703512 28.7834120420694
66.3684392899722 36.35464787733651
71.27802360913384 52.616360918383876
3.4565682651800933 69.05632926236554
9.609397288662368 58.993346694243684
17.46603749483635 62.98548520197228
66.82543661561854 79.58967808499112
17.55450881938151 65.10581991110207
30.904848537868435 61.967787352207004
61.758763125059424 67.1555544584583
37.96792492540797 89.50189180097435
25.305329019597767 94.97601489660896
23.88129734327611 16.872433143170685
88.64515325708929 23.55636863902474
61.995603152239454 46.91918656321907
35.56770077299368 30.073976986487384
42.20424472492632 65.36567621280153
11.59422161622794 70.79422829492363
24.253289692015777 54.79043166866796
98.78793510264413 54.808576382499176
4.466206715520837 87.28020044549208
54.194538272193945 20.93844084302261
60.609685033602155 93.71568359237284
78.93657922379182 20.435883420352386
66.45432379313581 84.26754612079979
85.68746573346736 91.79931225766512
83.3975601120463 66.02020630315509
61.769935791317955 49.61580034884434
72.61133830702204 17.139559422744988
62.825479997766585 92.32044246778307
62.61922066534592 75.23190223166772
2.0479817336638395 92.82632801820645
79.68745355351547 37.4044189281346
76.69888215199539 37.918609586660764
26.635167220743295 40.84534385284317
30.052031783403898 53.260560696910986
35.631430421566854 44.51682673452806
58.605170165579736 43.39325535712547
66.76523879521868 63.302802677862104
5.524786889594435 67.75089904721635
59.57498952173782 91.51015792214028
49.59570441127937 71.2959446018031
90.65616573603566 1.0237204392045451
46.686986241503135 1.8745496864614908
43.14719422423157 14.493811231251586
54.601644549067174 62.20593463202601
55.926418012986 89.41759006410444
3.2175288227132004 34.0173589239061
83.87484933280301 84.28259888543653
8.86454547281954 2.7295590733032338
59.95406744548076 43.37693672938059
62.089041689920144 70.62222907648628
13.815758041910575 30.9289261785039
24.73401163030189 32.262576540370816
13.43201399586188 36.273609256945115
82.1447425460079 7.261613170912817
1.7052838028923878 5.346448946049398
77.83546160048547 4.459871595580534
18.87510786550556 68.55461618028048
44.95086148283269 29.61899330093004
56.27675038818152 12.648355706647486
44.111872492841144 89.88122538431568
44.98587569007487 94.71777548701534
83.59520611604928 88.82475518058236
65.78890905760167 23.339663288973277
75.24709571890924 43.490914324160265
83.07233044193895 19.981185424458324
52.38427713909647 88.41556691596969
31.950776293794515 97.64170023747837
1.7705707611126775 46.35939583165608
34.28272499739873 98.26596536552924
19.281086091177492 36.05960952641549
53.08397929464541 68.49647180891948
68.69493797535375 49.940164555057606
99.96618123557812 4.510853683103799
62.70174872006401 80.58045313512164
2.8527127164312494 49.35533193252479
83.96424620991951 6.031404172853594
9.810740769354354 9.446826798196717
54.05982415132525 58.493233434695334
19.17455750496505 31.34262337084781
1.9347291181282866 63.53889292363761
79.85982162755342 9.158138792880422
26.802092715021065 86.46021903723145
64.35521715352837 93.77116353203144
70.74001798121337 84.94123887509572
93.92156632727692 6.763005140180168
5.615471010224282 79.45063835637464
65.43148059694778 57.865649283650896
80.88413207068906 0.11213087538022304
16.472236295716026 40.65823097841582
69.06376783556166 95.22211178949259
36.96474295445819 57.04734690921727
35.28104415153703 25.256987301785337
20.45372527742517 76.65613761140328
47.21664989193181 49.90804292724358
82.32609525681575 91.17056121611104
23.80257968498939 49.68184440202411
32.266533535918306 16.201837920796557
76.32824340025444 78.60501393622916
82.89321886549884 12.921156997949524
49.54421867132434 67.126594089165
54.20828596341827 10.032226911642061
66.48710832368623 65.02804564066075
82.60661398352636 12.05843911817409
93.20151110446562 86.09214266322907
0.09331717115431681 38.01818823187606
31.84896052848185 1.7548749064647207
22.504212067657146 85.0517877763967
15.36324908302127 47.41682222822211
50.456679709060104 7.385808652472425
40.00865619213837 9.720765977116141
40.42082558299157 35.611925466346264
15.358419589641137 60.21969012390578
2.165761349776407 71.54565571187712
15.116944862476355 67.23881614878407
8.105323176602752 61.98779102153318
10.875506359393661 34.221760556911796
70.00283046877414 51.10934958943459
85.37270863042825 0.34535126616137557
83.50138582488536 23.84377706864512
