15
83.57167051081254 10.461677327026841
27.94345809271298 47.87788998071129
49.861601370170106 10.132058534793241
60.64920965843888 50.511305510907704
2.06746284329663 27.68316854310344
69.43528622772207 7.551006871519849
62.75946805498999 77.61010893904599
11.193229880263033 67.43022180420317
3.4665497428325476 40.262088528529695
17.742343163593077 53.41333490972505
87.87507151317341 65.36378510844943
44.326762154001834 10.190935767799825
73.26351921152654 5.802705434858735
6.475480649853338 7.834877120340888
87.74535913322076 36.69882515988211
