167
90.01648653042308 61.41141060803918
65.30255198966894 78.67678422938381
55.80729134814501 66.81770532250441
59.82090805401199 33.59197684914852
25.874369529223816 87.65653738633993
34.36608085313525 23.081525850533435
11.645591649643293 58.1918077808332
17.755438489943142 97.3016770650185
6.983782423106399 62.65364558545892
37.500582052755725 92.62718641351182
29.649412462812087 39.5992141605889
15.040247034559307 15.86948401539483
46.318646423082875 80.18762897414472
86.73651595599708 49.43599755044671
92.10805418506456 12.992183661956492
82.57188791200137 80.67660067362046
65.30817813110451 86.92227718383045
52.77576381375112 91.90354249550509
85.27431000791076 48.85778482419675
48.95152900859755 75.55132447854068
66.57357980567812 54.57742945221392
41.599789389752075 89.37693962107893
56.793526360358456 93.93234758854787
6.67712748403535 67.90167833081556
75.81364585873465 37.490004111785844
87.66303967070105 3.3095943212955614
74.08520460745837 92.97061648218742
98.61983686569589 11.813455047329558
66.72839771811768 94.87225598625602
89.56998312438384 40.9975826081586
25.62415540257407 10.356644813367911
23.57079566864787 47.52916953796053
86.44407341261326 78.16981289772721
72.12620689349853 5.923878924899107
26.61309191609529 82.60784304001338
95.49805089921033 1.6103047006587268
43.03360243135862 87.77488314347181
26.761767819007343 97.09475037563607
45.20139110065764 69.73177906406112
6.318827004469774 66.21000302829435
76.96205235842687 78.86617516636554
35.91306212266602 11.57577647022866
98.495900976921 70.04699704219072
17.9432401218642 42.37956565853763
19.049938051511916 96.71353135230272
87.77049020762966 49.786463973693586
80.57164069821825 65.1551819724831
32.079907093862936 61.30085626024358
59.90177533216099 99.92608169784468
12.534537512985667 74.78343804350878
18.645960302475352 39.23046783084383
72.23384859517739 26.855878798075217
51.39012454728956 50.205896630913415
7.859199850660792 11.772831968156005
89.13444863511846 51.25182216398474
63.2861085886955 7.679986981727128
28.582584104639462 3.2516074196982547
45.74807503012397 15.771404767700925
41.269527673042525 17.534243908273027
93.31157665064593 59.25045326075057
92.05227599629166 24.822765810675474
17.03941264430614 68.33445514835282
37.04503127163555 87.61757975611373
20.515904150931398 22.216697461070854
54.79988456130043 35.719221290821565
92.81295031835649 89.39807335136595
14.620270289701221 54.33183986349434
40.54532613155784 30.412037660377212
72.43327297731194 51.134601854971905
85.47152473298368 26.171481943727947
47.02762071658418 99.89652936474324
13.574137176708945 66.29504799881057
94.01495899502085 27.675005002614682
16.38695815420136 93.14138189003602
83.34002254684509 13.529533705894448
29.648628475601612 81.0350821537175
68.24328497100754 99.66143675548707
51.531441026608086 54.71974595931004
90.2130375626081 28.311610710435197
86.26147887047972 88.13895759233618
36.09940564807489 77.60533316581581
9.070338645055065 70.1437802358799
99.13539063420087 56.31238022037353
3.2585961593845636 92.25365228544781
36.39353706068745 97.65858524760813
41.837402159502055 55.467618395699624
45.57304618367557 19.77485248134111
58.10823294120453 12.391579051452872
5.32195791896476 17.601734135618763
86.73135820888945 39.75536353062068
73.70193588690277 30.328064313409207
32.175732498816025 13.700300178408586
7.9651728715309345 59.42826623784557
87.09753572291261 67.29386149697265
89.92349909068207 78.79195879156087
10.79046332301845 12.2799146878666
93.56649160677806 10.415865527444545
32.85986425595348 23.706665719142915
22.779386433084536 87.9909380673215
97.16141539881889 33.10455829588322
75.01954127873735 12.849637290458615
18.340957784084843 11.488116188235331
5.5406725416656695 9.059455557837982
62.18859945439418 48.511846334984945
39.88753062642887 33.70828988993084
86.4507206774839 6.021819575030662
39.76462727248315 41.428276596895216
47.69336676672974 70.3410542074537
57.54788097900831 17.947114368085693
95.35335017358308 62.914743505584916
70.95170997203203 82.34840468228603
6.201121924082587 93.7444424724778
12.237330729119812 74.96862333874881
70.23159106379569 70.4719968063212
59.543575047085504 30.36504982504408
66.65039539438307 56.08171147506608
34.25942427446618 60.52401203959954
25.042573891162046 79.60388038755556
80.69757438864717 59.527871129942625
6.334646574894598 6.452124521828062
69.70018947509504 20.37724050874803
79.56735402783515 65.73102951319274
12.078601726324866 81.51539998399218
57.81684087460614 22.19174864320267
3.073954541497581 73.88709705399718
96.22172023445498 70.09558344263912
32.89905872418183 20.546565642280402
71.23935915849864 51.88371768149113
40.53241541445106 73.44503026395887
79.76820230617757 12.142408053886955
95.42564627272255 25.332885923896875
23.179570848966314 20.17913565131517
61.39596836271639 16.42894256507279
64.54426861819051 92.7966837773353
48.06949004851355 34.84174333641074
64.32700369287961 69.75282627861111
24.643383739850954 60.540816935632236
88.79182445172783 35.967715791929145
12.203810820245986 47.33180335896018
83.30122837209838 9.278608010819212
62.3524878027856 73.50058238885553
93.24706908224125 29.54666533974095
87.17003929103471 2.8281605330344517
73.1583897658257 49.745551079596886
19.84673643971371 41.47387120171895
85.412112298789 86.14624239082495
14.916634923161165 76.14827268187733
40.37711561207964 60.63799600786053
82.97472412268867 17.711725623275363
63.37555680785216 50.27480276894429
75.98928161539328 92.39527429045064
97.31066257503423 49.78131834520156
55.977145740006904 82.09662661618738
4.850992002819165 29.04471878557484
47.094005037564656 44.18038181092049
1.7801329234176322 29.154036857442033
81.20859758564728 72.75776682172584
15.340625627733019 88.45596084395578
99.41767807563309 17.67608063390982
50.69331994531281 11.387144447957276
83.13171303892794 91.88375760414536
89.81028836735602 91.0649455500567
55.19318752969893 23.019413067181727
18.960718393161645 56.14133646976072
73.77565268255607 78.91382795558204
12.805221182419945 24.51345948918694
91.98055280421555 50.25896417724819
