191
90.37343192681668 19.398174062683516
81.91051122089046 81.43183529298092
94.39595381931176 2.682058860230241
32.16936533821535 62.07020779413873
59.34149714706247 29.17156754903465
12.134211676284345 70.24492948495589
16.814927306306128 9.246608466257111
81.54668856647403 53.03418252082097
39.32755396068311 51.34358425159849
91.09312943947889 14.738667334050648
79.47223512971111 88.10962053116971
69.68634629348351 52.11666590893489
27.941895888170954 4.8553148206135095
75.75016562929991 19.78465215472285
75.0386473350189 24.859638333710155
36.54232151761179 59.76397706506437
17.983689673802473 63.15723032685931
71.53200505806213 1.1138362356859166
5.3145190088230265 89.34737530957726
11.898591155968653 37.99581512491864
35.67772360257035 51.438738412874585
16.28220610971797 12.457971310797046
12.790900495222257 71.62575601337643
46.58290258476059 22.170429582286687
59.24100036142822 73.61652987290095
69.70119595667123 22.820410540701786
68.70927537879264 53.895004980206394
6.977405243309754 23.789623650247105
54.77843760893919 91.68107746840907
12.847533535211475 8.252048418489256
92.42856678670151 62.941326443476164
78.9997761437153 83.67290762041169
55.752529543373385 81.52624020492313
14.358196296949743 35.850579062513965
95.77809705107416 11.294172622290798
14.250278510183357 48.289991785825315
6.8263939827202025 14.016885625037922
17.84360199691777 96.24778823925418
86.81134399715627 7.957603937415991
4.72163012917658 60.018376179072355
19.365979020577072 35.958603377927965
64.46418383459353 94.43330092385558
63.46804850370897 62.55060752246009
53.46872730685834 38.230656506382154
23.831617273333293 93.76537853300985
81.82602578251871 32.98851621052729
64.32228943519083 49.48842402153035
41.83911400017294 21.64367708043017
85.83658187913392 49.809433441390624
92.38707598630181 63.743540085156255
54.077204343342935 81.8024025360845
79.91795982062662 47.32940168377966
27.09266150819758 0.5681480728073729
81.00498529303724 93.78508992519114
37.80224209539341 72.66079174206222
60.60046942598041 69.23646085703396
32.20216534219447 94.81505726862767
68.90639589364145 79.42174864693806
20.522174176352458 20.866954957282125
79.0446868332077 67.29893251667092
50.70818369342203 59.05154271862172
99.45920969457384 90.7052447481682
65.81041379329649 54.88997858668603
52.71048232336636 66.9707277681462
56.09761691739117 78.56490627667753
13.077497200065514 34.8021956509995
39.1329773071462 98.14561071711329
44.966865061868646 64.58511571033698
31.95350619013988 48.09666586558619
36.682497416175686 92.131421250696
91.46509509289861 45.05421761580896
23.654065814858782 20.384720766508845
51.20901976666499 60.22286192203274
90.45917638194419 92.07826214301697
9.014827740941733 69.61297254193384
76.95487859230167 69.20651234235876
16.104131579831172 11.980626730633547
26.226956461967564 98.6280308766261
2.1608975417440557 88.71235506146495
75.54749836085779 67.48220019561218
34.81835687635964 86.17095143127452
21.131855709174452 70.37965283784634
3.8699915730455947 33.01214954724443
54.86869902926422 77.0992654046117
38.54508467016462 18.89230387555919
15.109006089175436 73.15969489326271
41.57192294337035 94.01926916125223
35.53626615150623 24.47494940561671
11.761144707859405 36.133150250755634
74.37065285066474 56.451645460710296
24.624134225670137 65.23772974635213
15.038503846473306 82.68469395412359
0.07733924976009998 1.736743278174624
39.67429675102066 86.22349615780435
48.24399234775466 55.0638093917683
77.16620128611179 23.224992397244705
83.76761862678043 16.761095022151117
54.41570736483388 65.34017875076495
54.92872038437374 24.492564926833225
23.12777531970771 31.322536593989568
50.521779350236216 40.13644733584587
33.12103449386219 76.5537153644774
65.7945117378966 88.34402193467358
10.5701658207344 80.94447445403999
50.13637796539666 88.2457448070943
9.311888473075014 24.423594133620195
42.07219004849794 90.2246823342561
67.40828362921808 96.06158918740176
29.335014955413275 60.05376925301823
77.51360798896113 58.588619018105206
39.566980964524326 16.487463698438088
15.792506938676487 1.6227292396523763
7.640831665858294 43.69458629603088
69.57339848022671 15.519854569868441
87.76004978941887 86.71278312532372
89.0199479790025 15.660554899658363
4.779848518546103 94.76442235851135
81.6136966071994 79.11333654265168
55.866274046940326 86.05882966817899
98.31389970281492 36.619432021975406
33.402238316968834 53.448219485498996
78.26754050908175 14.921258755677735
95.73950108511053 79.3724397607079
0.9930394736751835 78.03327550006598
65.1356413353287 52.22529933354071
94.96198438588937 75.53968228745157
26.53667244443789 12.711886635704095
64.6439661102032 80.17190321970817
17.336476963978864 77.93246858620225
55.417874443795036 88.69148027760203
24.283891787166745 90.84813336255063
12.492618109291719 88.42339469749102
51.526308752537986 1.4082641939574203
17.428347654942268 27.231227174752682
73.00682806564214 69.11920871269233
7.986122090425374 75.05712142917967
53.60593827996849 90.73362564544603
39.083684687377485 50.97042312702483
86.53507232966237 31.721031220639617
78.34647101846424 11.078013722368318
50.16671358505541 97.7344822522572
2.4670729797261814 23.006305403133474
11.995096740366995 98.03690998745985
42.42925886428988 36.64413826632812
16.06832345144523 79.84580613081789
21.95456853296549 28.65464106622867
36.820907792897394 33.38107842243458
59.1928827786533 72.08319350700812
23.85081297973245 30.824511055456426
40.2226420043193 41.95320197513255
77.19379109704784 79.04007814426349
10.6287640415186 3.12857070538225
69.34911458265965 89.73987093898467
70.01233513720084 30.321020240633743
34.22730726227764 50.03322242558755
57.08832165749039 56.69531793787037
99.64886706852973 83.63586371095568
86.72550991147514 56.78061313038979
86.86289597801202 97.33298719567067
71.32865602855496 35.98892080508978
21.003061696286316 59.71466248524606
30.448978411392158 36.411960131196395
72.5244812400635 43.331910665741646
31.57582633758218 94.37453605454343
7.860385476889653 58.68149656446532
88.95229599432034 72.20483447207444
58.646154171036734 30.891924837834395
44.35995451909026 8.949058712533397
72.8335158784348 43.183175515621045
69.35433438793599 24.864371646020256
19.618176951498643 69.5900514524626
56.85444147561435 69.30982574765999
9.268435512181616 11.298051069496672
0.34835263086365753 4.604672031569901
96.38003381159581 36.04879659146568
40.50916614186573 21.374337794761487
35.66139612375182 87.39738064833534
82.93845883435229 83.17655544288249
81.17549171064046 98.46519520712943
88.73433013301857 55.665826874738485
77.55736873334817 92.38671821438813
37.02485928131163 35.96035251215467
61.08585517765172 96.34278671218927
87.17491294719221 41.37280819541542
23.85037648275964 93.97398453345879
72.5241706572295 57.937092497454515
8.936097502960639 78.79642064968597
12.942253288535156 8.070199904267517
5.2042368277617435 60.4548066832926
84.83143710935904 15.039901803154498
64.35179300108742 41.64015809529767
