106
37.726942865838666 17.60370640078992
47.116529969438446 15.502933596532687
82.061215540786 24.817771228198293
2.863452618893314 81.46490563346565
63.537489285594816 0.08935969485666106
40.507215559524646 11.472593481994586
0.2985354887748315 0.7379069143811479
3.318156248172399 61.623088633690436
83.97608574803137 87.48145343822787
31.178988547028464 13.326838026981157
61.80290809982908 19.71819530745004
97.18480900002886 81.67136977495686
42.513484715740425 60.35041611730661
57.487969228552494 25.596420808076715
5.681220144893695 19.583000369511282
24.402361333147738 36.13809702171956
62.401513928392426 98.8439232602881
68.45400068168466 9.184115441038987
7.143276406662502 62.71478961201996
18.979181148122713 56.419372030622675
14.291146106460495 87.25599277120524
17.47527808889001 5.849987850910621
18.312308688321355 54.13551709069212
38.07850308394397 36.799912181690175
93.06119786881712 58.69417243447494
14.27698508933598 77.75373929286133
46.21892956191373 29.44921518712158
76.58318193933685 91.79335513850069
45.47625747567328 77.7412301192386
92.5252778497021 18.774497603095377
30.164394308137176 17.265035176929345
12.341103187753411 73.83020817151892
20.748295818080354 17.025442272336456
1.8861520291879152 74.29209341212835
67.20485371719604 83.72393277026481
58.92338913765338 14.890464254431713
47.949807708399916 83.76476349180574
74.9024897700653 66.52105335573543
36.007468750524254 92.63288587932318
29.688634441515315 30.891870381015686
78.38237908896461 94.22118790177657
69.43948808071791 52.51891093007628
71.78796448871229 35.164555475528104
80.1746148329191 64.48916212179921
11.503045579782789 87.13193048767731
76.2603190348318 90.66561313876511
98.21219052412428 8.395402128925522
83.16371281750774 8.546284655510195
59.03523986999968 94.09845991818081
21.70565079546044 8.860316381755517
69.67946250634465 90.68031812946343
98.97974351649236 37.52536972653677
13.03274035765013 52.492230900004024
82.26445287326264 88.87930784520563
32.07952778439914 35.06976805060238
47.66436566850434 41.18313232112204
93.0831756338953 20.717731528207516
70.63291513544374 69.66172247959923
1.5305259492482182 24.188679856183228
23.214686111123083 15.378688276401341
24.911215785965947 53.747088464342085
2.6855264409518798 7.761501609632648
21.54387624183616 97.8327428296194
12.330420633961225 78.54261173005871
54.734474049398955 19.51664682627762
6.261434239717445 71.80758613284826
78.70338314553041 4.93931857606168
87.97810184871624 95.38986034113006
91.27164364058108 92.22585781470727
57.522093752674444 94.54565337663142
96.18995099630196 77.57413038855839
76.20800724419293 20.65112282224937
14.389049745580607 12.439311845492929
42.2678352872882 71.25405772526045
34.26540748116152 76.8328495961002
50.247642243317046 95.64447358021584
62.617747579492786 28.58610690625607
15.449207293879274 90.31514555235151
32.25230169239367 67.42440069691897
12.015223685480091 47.68606139397916
90.92022043398357 36.77742717057243
41.986932532608755 56.02812937141584
21.567222195303813 11.015791808554166
45.56171565676783 56.41696708701133
21.80087090230125 26.443935109036598
78.71944249354652 47.15512931560401
97.99732272782884 42.23198936684144
1.497686737907311 25.415159506362883
72.25754095915543 95.12961667145109
80.39056907157492 62.786779263263966
47.86790344291458 78.23382044071016
11.944732725763885 7.131622078890931
43.484357140880256 0.6510796539240804
70.50622827787255 48.64070003742761
22.295594754303284 73.44587719646388
47.80690631704474 46.2148821862341
50.812046645349675 80.94549286447945
56.233223349581465 89.54297193567736
1.7790652356471925 60.36488100678993
39.75669192550574 2.8166750082571856
49.392769649787674 85.98708216580006
84.58405714780096 24.10738758601081
68.78769293314012 64.85022744850107
70.8897252258214 78.93835080444896
88.24383020958618 83.2476649622578
57.85074239957192 45.55144284988755
