115
2.456268383358995 55.48556765962065
41.3434101966255 58.81619790906646
64.40365263015984 98.27928457398498
84.20933790665417 31.924440903091956
62.710198085255854 96.70137001510362
68.88615429258688 48.96225880347045
36.455460098292555 63.93586889674695
30.3490104692099 55.043351542216925
56.53203843012895 84.91696283673382
26.25710518290264 87.2952760729766
54.11051634213291 38.6897692203413
94.02238700338481 5.469958475300252
50.36866124530193 43.31415702346217
54.8556572058538 52.94928246661759
79.88542480282774 47.769629401016545
40.40717159749916 75.95734613778188
32.72631660594673 68.1683870917858
99.60816366357112 52.997182081055016
46.11979437680341 1.1824798446421037
9.481923474630117 6.692559580788593
78.1554001791928 92.63708329992542
18.01183686912563 2.708077563727118
34.01163762383784 51.74483745617039
39.61733882377408 80.29505903560128
34.82539084306988 55.528348894161994
9.308638732644503 31.241644791910673
69.44517525612395 56.852508025357096
69.87850299470152 32.352412744767264
56.650522353373404 66.46891045497219
82.90638433560274 51.248409120987105
34.89699565054577 50.24402697258573
72.66075368614072 55.55168422318641
80.4033039688833 75.05651171142458
16.498026450114235 0.130012696673365
89.11737735524626 73.64018968241098
64.14643621430977 0.8885895180290926
2.8310914751838445 90.78500984543106
15.976927736535174 84.98459989814378
70.11342695879455 45.213868729019865
65.29144846308832 63.723501188997666
68.6581860178913 16.106361592670083
59.29516256802384 99.27004930478658
69.21244750231979 86.80389107158786
68.78961623780802 87.72554485435849
22.46287798328185 83.7371388553938
74.69109776542547 88.0367825529611
76.1671985331676 39.92890507964646
42.092824108466445 67.77609816367216
29.907084998827994 68.41448292416096
37.911526614871924 87.45606823287899
24.257481793978585 71.43743387337149
23.41938932356352 88.64414994294948
45.637199815646504 74.76264465002161
55.49804486259681 83.15952036649027
0.5191880254285852 64.11708571673233
63.79563747803269 91.94400692442406
44.95762667581258 31.83422692882901
54.74752110182008 86.947619401959
10.378551762618626 95.24787646669606
26.22169872526452 52.668281084723134
68.69521771478246 46.855729627150275
30.95100750810348 61.85442951286896
26.34276484175051 21.61236422606886
91.45216411879645 68.35626929103634
14.955799336465835 25.28910849353194
69.84858493983174 27.49017296316545
79.06909467645553 86.81591322427978
50.70171149496486 82.30039221664188
84.15167441025353 10.764145689877969
48.62769115311675 44.64491881269981
56.32866831096873 3.68542804523333
64.43282944136833 85.55222447082042
77.71872547767026 43.84107828525137
28.796647735327895 45.85769880049506
39.45821447243746 56.01116609978434
36.42449610032153 45.02016171568034
66.12996674976424 77.31205128391177
53.199339150716 16.153560868899042
67.32242370002679 55.32820759443633
64.29781590694604 22.17539764377622
68.74728636340701 13.41023265072141
5.039996686681992 24.71101233398946
75.5882059569902 24.409239301961716
64.1235250606161 45.70427667507004
57.98739613266621 71.37272447066654
53.249085425941125 83.28384206728929
48.583084508149696 95.96694169179537
33.94476289358022 9.079118656036766
67.82853567792489 92.44482064708251
55.75463125646324 51.53992535501841
20.355316421337434 89.2014166846815
80.44688227897855 44.45847896554148
68.2470537654696 87.98347826245475
72.95599235287234 8.63090263151659
97.06184591249016 76.99051235643032
94.4929077135022 0.5917380539523731
12.726270239521087 75.7718650222063
19.624337014475334 36.73576128171268
69.5319876269508 84.18309999826282
49.65976191543272 98.05824265563359
85.37088568344768 43.5673123555844
54.58820932577506 95.63013736422334
8.665900439273466 50.72755134322794
20.962936965108604 75.98612917685753
93.28008915573312 71.90099257094492
6.314606171240456 57.63520425142287
62.24975365202718 34.853923871571304
64.832477805695 74.74221668006639
69.0901112835689 3.4199720421404067
3.499221960838017 82.45858629173793
79.99647869245254 36.865787517215786
23.22829819975196 2.4877189739732186
84.3471446216568 25.762281585255266
53.23248109720182 82.53674289177694
86.46334100372653 54.26656008213481
