152
10.847828833073303 34.19898813406653
81.77233233660463 24.08919418768962
49.24206957158566 76.72195989076185
68.75323944238912 97.23929016671234
13.666450402502006 49.84506343554725
31.98959618951206 40.793787139837825
69.79777546949443 91.28231109577462
44.843218287011574 5.75671377803888
10.168765715025142 42.61957199208519
43.89666581808721 97.47353040269535
89.93104885495352 75.68344229190497
12.183439503244543 74.36996315031408
4.141971786876186 92.27033648550442
91.50857151196809 71.24636952494428
94.32013108979281 22.873558804726613
1.5210988764451927 42.446041534050316
57.75404248873849 27.78780030139949
86.26159318921066 18.17136985482324
7.471050987228645 71.62842943522915
23.218394894379667 88.02970003477543
49.65844749018212 43.758170258781334
20.93197977863288 7.75208231087301
47.636233955136184 56.788548687684525
64.71383687569896 95.86985777557516
45.45255586436048 74.03202577694304
37.34664046347448 10.401062500058112
40.7257604079835 90.51585388532534
13.251396736838206 56.389649740275594
74.19118221805917 48.93660244447604
54.03846096613454 2.187090195433461
46.629634440140045 25.808079791474615
2.2758929274936723 5.962411688979696
62.67506437579744 42.73044605463472
76.25938202576322 55.152943878690884
51.46324963601071 44.53312190964544
21.979335207562478 69.84687991471704
41.306316198355965 30.02963653017693
92.45516143199974 64.70108600038445
4.5881943861050605 43.102041098922996
23.243151262191695 22.965430054772927
31.045193751860456 38.505066278753695
42.5060264859624 91.86006256798646
75.17581738912278 83.74329110881511
80.3686206027501 66.4711408149158
64.88587529280142 57.1716931258541
31.792692078078545 37.339991232666925
87.3187682327025 72.18032618686003
25.77998932059209 99.9507750905876
24.042081798558755 40.49633902636363
56.24140934535842 59.011263874929355
1.6859189480515901 73.77443263952127
37.006180686771685 74.52082181983022
63.77170145461915 20.99648997267547
93.05591285511619 66.26003992323305
90.08729788042672 62.31647983087449
45.57179120823604 88.96782203997194
92.35351400054762 57.12756828585993
70.5241097054353 62.106618551054716
59.40371722011292 32.214127549205095
97.94945892077807 54.011634424865285
91.70780911813043 36.952248721879975
14.41091200509199 82.29498196617979
67.10451340632252 86.19026213247373
81.87766887104016 82.99926172598097
61.600875913610096 44.180249653847206
95.02874657215717 34.2900841775036
61.45647367478975 76.22016904721046
41.64744235961675 31.242458870534897
70.80798193420561 89.01841757792909
48.21752942148838 39.52506287520021
18.560675905677936 34.6407664710356
68.21099687654339 10.303829808869747
31.765231139134 36.46377873035045
86.84502358515321 8.839875906482696
14.001217853108393 72.03979342282435
83.04126790366601 59.31495400224072
2.112247585861704 52.0159657983684
71.20389806195512 76.19988821628759
51.67667449309919 20.387183122952003
37.896144522157726 58.09356537744607
69.65585681779189 36.77596048606585
83.42705909655274 26.462848073326274
84.44259879102805 19.662308822965148
66.07975596740737 26.367863377501166
97.67316144440389 76.63503762764515
59.652795991636175 27.49353293748129
30.622110267506354 98.51864659124445
32.86639746324366 12.998227234004588
40.963970351130044 67.86399628313902
8.052675604587101 11.993544582308635
90.96504817943567 45.85319708690933
49.12630116456752 23.49095135778426
46.58758057538104 60.73126884075622
76.236588505448 15.86927269058842
92.65011781922784 52.78410730719057
72.99641297473288 57.23550512757234
71.28168119684642 87.76503002054007
40.94222438201709 14.741447878471202
45.28254148360844 9.24831764309264
40.869306997922486 20.137119269942293
74.70093127580584 22.157891972648603
80.55526600110086 10.818139084007727
57.38584047100458 87.77847964916938
67.11334866379157 66.78893560796875
53.816217498630714 70.80326814541377
4.311614053248558 81.91051675887745
10.85458287918285 9.983803777156863
24.90223266814776 23.351040640026454
24.97351326422913 13.919212101712974
26.099602663671796 79.72183157244179
19.393077416519432 67.78908909644822
90.1684533412009 40.53887998414254
30.038022282740172 95.64875990260379
45.296854246445676 66.85035886999209
96.18182746509133 76.95216055032813
34.38223474306028 35.88277079158947
46.34964383874961 24.897134698819634
72.74618478439294 6.191465999667145
54.857327012199974 99.90796817927615
40.35972311944036 48.33566816900656
98.38856785523113 79.38052810573913
49.34863533406021 15.286260362762427
51.5163946681347 66.73541869395326
92.34902267327993 17.54262983872397
67.930749649015 38.25498276891835
83.30772054790035 59.96745723987241
11.153833948868009 73.90535609352162
19.272122777508205 15.826001163823477
35.09557672399234 18.905642898870212
80.22699216424442 82.44175682782337
40.478600558917165 98.01987506286147
37.408479853264964 61.61089846530615
8.310368289033754 72.51251793780662
38.72289206366466 18.7285217220063
10.678518285996718 34.8564154273856
82.3866230452711 96.21042711153387
57.04637391720377 49.52306929979653
31.779614469324148 37.84835944449553
28.759058528301285 87.29314426393786
34.910056285306766 16.164441851036226
48.11313719237985 34.88309190213465
4.317167732731142 95.17026220855585
19.737846904371814 1.1810020152834722
41.40050256701816 1.3238999459451284
4.258336222144221 72.0462459224434
23.47416963370943 77.83336618022774
19.676212978061656 16.86239658130705
85.05456889580641 86.21702889875675
78.43494423457948 31.12074906703851
87.16978105434464 54.86659127248137
24.803792000167 72.91874187389315
46.70698733562884 95.34853140095943
