172
35.316184006043606 64.44121618589853
22.727435655210314 70.3215507408262
92.9539330866882 13.271299621895881
53.66929958993215 46.49527292802048
9.282466115304933 32.88128243467162
29.58285011857792 68.11535155986316
58.810933906656345 60.63992534642642
93.28508299591685 90.78009754267659
30.49480527981491 14.930690258805178
53.331377217348845 93.10145805149308
83.61229664016342 75.0106274233568
75.29633121979938 2.8047804652785224
24.64818000035858 44.647076958538534
57.675668053328856 18.42327468783723
66.44039262284913 59.56705016967033
9.735539443780405 97.97380622800972
22.371840144575028 99.6856309530974
40.1864661975224 85.70658066118648
39.94180021830083 46.69614727406341
91.56519261725421 69.7180356742027
60.11966255665758 89.63970929426765
38.97130300545545 85.84169587825129
77.21283232039666 54.719236454050915
12.001454839135384 87.56504419508065
84.51237196333904 44.66922537966151
39.79828882307939 33.827709443773045
75.6022960224095 54.963221277838194
61.32971955440589 89.21694246513177
50.17352738648172 20.85008623869995
99.31319077976083 57.15610127486488
8.348663526782952 33.568066341593905
97.34757790098799 89.07870709251398
87.96515802771823 72.58150624792313
86.34508676996998 49.81736756135263
21.988915807450915 26.42898641960817
8.022426550343587 60.27228219393641
37.51946534033708 77.34067913123292
11.87800886029704 25.87800937463719
94.95446827704353 9.743129038799282
30.476928745619315 54.9055256437285
56.56323180951739 0.23397882811940773
72.0099116544301 91.28950662113337
8.698833004486662 60.66603638696907
40.22138508115469 57.54707341913316
35.49267261563711 99.91476576115788
4.670180671989255 54.12122866591203
73.71588678394737 59.16958290415535
86.59250763670926 72.07444888996164
45.79928805711345 61.82285789380819
17.104876666577916 90.18731210512222
91.63270577376133 21.23019237354954
33.18792626709299 74.6796007398085
49.80163352439399 73.06044088757643
22.212222811462958 91.86065265790562
29.213122295148906 19.711468051061853
8.565405812638893 31.204333280629694
83.30963174683565 6.281853951913485
93.211829042723 39.175037184994146
21.52263168073957 26.67417748841362
12.059974134573947 44.576904862695
9.821103754145955 74.27659786895701
8.889356168465035 47.75969023695998
68.22844498179238 44.85017911005227
17.45081852624242 68.66696735983143
31.78856922989215 95.51881185010609
19.911119634360386 73.89842762429689
45.61179631823726 5.486887048650146
63.795135540935675 68.50891004404036
0.7026950480939376 30.291832221057348
83.25298669833928 45.12825215353543
49.925679166225876 99.51164961443358
55.51379521733283 22.877311992338424
91.23839219990984 59.598901986149436
61.956926859154 24.73005406111646
7.8871239035753105 8.350879502816644
13.630663249706688 0.646701001286909
78.82858159084627 5.057153541750048
79.91194002223185 84.56053198373822
14.611870417464978 66.00074142362827
10.413395648412049 9.152605099758693
1.994012897999986 56.392112783132596
27.701003906482534 55.997696699186825
40.377686815694666 60.8357306085657
41.04670291752722 42.44109096083716
86.50399035586761 38.15819082610108
52.161768330993475 53.27375850488939
68.95780055815855 18.624133073393455
3.4244491610926353 21.939520150720927
5.133689170397638 38.6097885936086
88.74437558115137 34.23255291085873
50.3386054260757 3.231683153949605
68.42839819930799 1.7736318587501576
46.69574510028204 71.94546778043687
26.38801282856491 62.12014812027268
87.66908589472878 93.42654409695203
35.85452479247859 43.868760954095734
72.88911398225551 27.531176957226165
43.27905427358151 53.90992807736264
58.19064466635021 4.232836836935327
8.882635083532975 34.34504893479383
33.1274887928576 49.984877621539944
74.99176499552416 39.87207992243687
49.20601353488805 12.85669744716441
49.786726733761775 72.15125683799921
92.37911315709574 42.01017681802936
3.8178166650953527 99.77819326020976
17.82380696718775 19.987634017669464
68.50351651821148 65.40932067784141
68.2323859978549 98.56286469093195
92.17363925746315 84.54166980239192
69.76716817150597 59.53773113953742
11.770987903506347 14.537212005782319
78.93714811641672 38.55801797331671
49.53732916608388 51.200190178181415
63.83590315814277 94.83027604601979
27.2375693682556 15.258008674695144
43.39172126290649 78.88538295049865
89.78283955915491 25.734448321047097
23.40343141267728 25.73080495513488
15.591726336417045 71.35702021159483
68.35154129061894 95.5113978309539
96.05714507713496 58.731013634708496
88.30242743815216 11.627737204393618
6.213674960233673 59.628484944260826
36.53747384061082 10.116491542338347
25.932888760286033 3.027765713103392
6.085133712031688 97.29885844652131
26.80245350403937 94.75397180012722
38.601890837019546 4.033476571043881
59.06539505053215 39.978994572570144
46.17787022089684 76.2950434385044
17.13555539137548 34.438225184307136
62.60851028446499 10.806220249249021
25.540641528869568 10.618105007402223
50.97734648221077 6.071435097901223
81.51536194410511 74.8025061807347
5.978249296229777 13.112831781688827
68.90961297040145 55.99879321545872
93.73936896749855 89.19373041674449
43.07804945908052 14.277416958330114
49.56688480844921 34.52787961796401
47.40905858232727 95.51969550306438
16.781684013754926 34.291912474599215
9.301861124665024 20.74858902886718
0.12222433934279131 9.347021018716895
47.15936010784 51.862702639543755
87.04930957915114 70.34045026777387
88.9563227266088 67.99150905134806
91.3949992974772 13.43936548284882
65.37916548374015 47.174831617304015
57.811988643834255 95.42874080210446
66.18975713627539 75.98268168421191
40.15334871500804 32.91613718565948
9.750860083658374 37.000182286469894
25.992115015328366 30.14357729137186
2.6725842994602123 28.829929525239393
39.44897908534218 9.479973503438044
91.94745819769008 38.6384426216207
95.11252410465192 53.289892023147054
6.273803563452596 70.06331003339818
48.275779714463475 4.244383534135753
64.74602009903718 35.285601206076855
44.97348213395031 47.07487030479326
46.88782826694208 92.91503100102898
55.190005416701105 50.38439165276066
3.4112126815680877 51.81441289889689
33.50139777669835 47.19940276234623
5.110775552998604 86.48099272786648
8.304965065885128 5.493661813551509
81.97849802600187 88.42701675601015
28.025929393158044 86.0113368275687
34.77139295742331 56.06294516705058
