158
72.04598391218629 98.86606370835852
61.07669920106271 29.181552475069882
38.500780513057705 38.238130356561996
22.0774417409204 75.49450258633365
84.26010023974308 36.87056766516987
12.927105392051308 99.34063325870984
12.862900305191339 84.55055285358685
19.809985445371915 65.67504752961044
77.82802402370142 92.85921939201907
0.890704699623035 70.76276158450607
20.69811862681574 87.21242581015285
1.6878448174822203 53.49853791770657
84.79658695768043 83.15219937873664
46.63137153713267 10.811667843084994
45.59214784866688 33.361041368916624
37.573046045671695 44.31922649815513
98.3194575094546 32.47096432021461
96.29871866954738 4.44998109006689
60.615111630253615 78.39331929884253
34.33234780371631 8.056569147197745
88.99074658130903 77.24347466226646
58.84095427189121 33.35746868438908
60.57015399937297 72.12586695180828
56.34925840435997 10.116392673187702
60.73796463035447 53.590429292640486
88.53148164207273 50.83135937584176
19.822099966736584 30.000964720336142
45.42812809296481 49.976777734279544
39.949172489422224 7.237820387449667
68.16732227723541 60.932787815482484
11.269485600570285 90.3520305543252
99.79144184715555 29.314831999005587
14.02272793242595 89.50499307796883
47.91052707731369 30.585195370203866
60.761399706894345 48.07946801478096
37.411619875435065 52.91346020548564
23.437305830605702 84.27034753519848
28.536025593947034 30.32083519944263
72.13171656301512 55.172651066691614
91.20652769490427 9.892466199891425
13.971014918053125 78.12480625497355
31.425442875842926 71.3671973365488
17.95529928360682 34.37184410888623
38.10233299298568 88.58742121270183
95.65536934248746 15.271140875105004
8.802128781320507 93.01322900736685
55.73359370752532 40.5787303446841
83.51849133129792 30.031040558357812
75.17564905529338 28.83489539458409
70.5639048592119 2.2750892322446425
83.85954303482318 12.79397265652289
94.39694638521054 54.69039504859161
59.87386415078924 62.242823146808576
76.21658459498084 83.96256168667063
73.54498009532188 50.28383550587257
13.815922887908162 9.75879856191122
33.76621030449194 51.19905941949088
71.2794665877988 39.94011982298849
8.966958747438646 70.8299294591393
61.482703668983696 85.86558789781607
65.09703500737223 87.52436652603994
65.84877362861063 92.45871986914611
49.15761054438076 74.67224424501799
16.06955291201083 31.233058240584633
97.85455005142552 51.03059505883715
44.81097072601467 84.2048006043866
79.81862811508861 29.307685569806107
37.34601512365345 24.459651751365563
74.25779270838507 74.46634532549032
77.93966131900088 36.41568730111143
84.02330015286931 73.27878496094245
43.86179489026111 58.11372792899429
49.65948367917024 97.57732711851065
1.2634143962964361 60.07181675050941
50.7039095610361 15.702288326829217
25.41200856423401 73.89582861089238
71.24879758408674 2.0201059005304445
8.594653259207474 82.50318520118107
94.52753159373847 59.027198402477985
47.76534610428021 90.1734836179422
91.61692660278833 83.04380256240461
67.89597525927374 39.73636610607526
34.677299566709095 63.30026658078671
65.78337176346989 60.14221162856027
75.68047003779978 76.44351602842612
64.03306386161798 66.57744043852244
98.60223514213934 59.84502674167547
8.010333342500031 98.18368411048162
35.77831282848253 7.707225891432823
54.38583881465975 73.66681338665
22.28959159809307 85.7631132714352
11.877847330749503 96.72735250287954
16.508002241338925 47.8106637617458
61.8720994837059 21.8503475460045
28.49470712331119 13.148358048143526
19.021427419479064 78.14111323170536
4.521372203603136 0.5734621090294434
39.777193013069756 85.61361396373178
78.4250633498177 33.31826473786845
37.81169376634408 93.47439744634018
83.42432623762828 33.573427420215076
32.46614259353958 11.455659989977196
1.632523534846908 17.79620007689179
85.14280721673441 4.702648938682352
28.23446809841934 89.92100227669712
16.135332889109744 1.7444264166701529
45.69680697857416 73.75066108433552
94.70738788859502 95.99776652657836
17.506688383357982 77.59148288125394
73.16677686656516 97.91691253975283
42.41493215431191 47.531660218955565
45.74697812784188 83.42342260466873
40.10849679627263 94.63381352119296
56.06435248408778 5.426485749958177
81.26046297424811 50.39796206763379
5.806092911518112 28.929923375066114
19.466526448222975 92.67915452361099
49.65432763221999 23.97338931891072
82.26811537396662 89.6089367882313
65.368123063214 6.213951265298712
35.405809489472404 78.72241793305535
17.993069240124782 83.93405899041902
63.227302314195235 34.312903252612784
39.39797312540784 14.374336694840173
63.495695571720844 42.96775443780013
21.159847969236832 94.75843012388651
1.3665060835228005 54.001129357604114
58.55797845231623 37.378183125295465
78.22122431401459 42.32726619496544
34.164451295678354 21.137659498431937
39.29036950351992 76.72977938608531
43.30452756050143 67.78063390061952
48.59634780191017 49.40377829658335
77.3875015241183 18.89988072590647
11.912320518819964 0.4440226360304056
18.04326653440541 84.72674033418039
78.99256437147017 33.18121818963103
64.36744962837496 98.8338651281162
4.848646210951513 24.96590134989014
41.23960644303456 77.91613860677687
5.841339470087137 19.728536355758486
7.429191373961396 7.810384050412389
37.54788177698739 20.418412345738936
58.6179695888983 2.8890764633740407
67.0836377603796 57.034065242621914
23.695839982532043 72.23979995362112
87.86348441349172 95.86033486864227
53.61005472976083 82.9330716902466
62.590884598223404 72.97792371240807
11.033198181171644 30.811275516470925
80.14233408174275 54.436328651780585
62.66881483466234 2.7609425448492875
34.64794146087738 25.387833070855102
28.919641416361042 69.64669518019774
98.33347608469096 47.86784592576747
54.85700200469073 1.953418803561957
73.95407612855128 34.752009690685185
85.33088768180653 16.94408784970147
