21
83.98626336377154 16.191030834346563
99.79532985087648 0.3894453340531623
44.46987591733883 87.89455488714044
18.51487430830694 97.9333642770917
8.985345891894013 33.902718761276695
6.843051091915742 17.162174212392888
44.51845059461559 60.409713323581386
74.98899718813921 2.6450714358145055
66.62735088693957 4.812812204889472
29.19636087026961 76.75035768425268
17.200804950925853 43.91972392066834
91.88314318767992 82.85987228211074
60.4400900690271 84.21497597476913
43.87161855090403 77.8303533148692
29.875658317114983 54.00724957721478
12.558304721334867 97.51992306552253
96.9215083147584 95.4724973313308
33.40083627936406 82.15091568243803
95.0027515373176 85.85492967116798
90.83492430178039 53.13518325842398
52.8494879295484 32.66889774947623
