126
57.484939503895006 88.52446413527728
62.29152248769787 54.02065266664449
48.36628083045442 19.835042327998963
1.9144001853756198 68.66451720300192
59.02629130817015 34.01268795284261
34.450822148458094 0.6755998961598286
76.80143007168304 6.17240226159047
42.46122149387109 75.73046759082482
94.81854095091798 64.74271135683061
68.29128760749089 29.398147022855404
55.95878466455368 83.26728501453555
94.55611609744705 78.04628859983583
87.86058952793243 33.98052789188435
5.883336704450981 57.53245129664646
68.91185424578595 72.05461961642126
88.80757696078314 43.48588402936784
49.27135935752499 94.3429818281754
75.74874061622151 95.17314476520237
47.87758784041368 96.58761132832055
4.937567779429141 83.06647830204567
48.86764344696556 79.88512147147708
43.66932625382325 24.253151510072524
3.077006988097264 27.40683704395709
76.4712929779801 32.12489543032297
85.94067552790725 72.38660785648463
60.40244563691435 42.42460421565415
92.02422670157937 49.73849331631269
23.461062781355977 33.09721957327404
23.490742757726778 79.96719776856848
94.84876903027556 68.52717092666
40.30063839303588 89.33563683644901
97.89269699798335 27.88365608056358
40.73451917608949 15.665918966361158
26.69962714274645 80.68737940837319
56.90863726970521 11.462744773138855
40.94116274189209 54.06932689038412
25.09283984898516 35.5277466669159
90.54867066159595 83.75844067113515
88.6305276362294 90.29811895047261
14.8917497332702 27.322785563717
74.89494174562033 46.2693522401529
32.91131131745549 35.17087962036031
8.42520308266651 50.446617588163804
70.2521157009772 42.148262096804714
83.64537545283106 0.6806690260062198
28.386226622156364 32.03799872475479
36.815254067971026 88.69978948975042
73.5871813711331 99.37831924530917
0.8595445993668349 43.28327030416945
79.67035634625054 0.14710228724950092
80.50257595981158 83.49080966666972
88.35275206461864 81.95905516348463
40.094975430373935 90.29214736424596
4.027464691108273 32.56345070622228
60.3192619464197 7.650481336891013
55.71776566594796 0.9602664968025421
31.497482859853676 86.60945981914064
45.735178916964905 29.137891669218273
14.481996447262535 73.63494933338355
80.83845980216164 36.45768010032311
55.125494309767696 98.17096871204582
83.98281033149999 41.808913152032446
72.0731705332985 44.984123042843116
62.599199173592815 97.19651223553522
72.34493470137829 45.36548148755287
29.053537939399266 92.38263668350933
48.8899823633224 77.9655097438813
25.925399192299757 32.69092028607283
12.644232674676893 5.7979007080151135
46.29119768961969 78.72756518332929
49.272088453621876 65.24548415633579
32.87377848312416 22.882902663079108
1.351399045617241 0.45992218634324233
42.76411723548911 37.69252724642259
95.46197136084184 47.31903979865272
12.22026798472503 9.746011491236628
26.292089019386555 63.807807215650236
89.86839123677922 3.2321112096701743
52.575819731873985 0.08890222571011908
18.785766249298053 6.847106606295428
10.665413786318755 54.51241029148331
9.57869442504048 61.42779730658155
33.373947886239584 85.55117475442448
37.18639740138535 2.9604066095854087
19.213819672219568 14.701443095621869
78.83080887736152 35.999451275250294
58.971689745303614 3.0746353664254378
30.736508148322407 68.09157743238585
11.54228160796954 80.62702889967895
8.501692951555462 28.176327215336684
47.88242509429511 98.90760399873052
92.83993741366733 46.72755970482383
64.68965954954847 40.50310052702542
56.943324412929265 11.569511553285317
41.8355496390345 42.824197157190945
85.38421230187316 90.20111624498364
32.75161006425898 57.97263174301616
62.24780257734015 28.373818368988722
35.410391961659386 46.146890658505605
79.89702141746741 37.7965365577178
71.97050888638205 62.847031032637815
72.51222312700048 57.50691835448989
73.25571078078329 91.38045914589017
12.145322465159424 49.88770780567147
15.405013943390388 19.845729481190034
97.9747938648576 26.64317413054105
75.27032515609373 76.79131967015176
87.76693952754582 73.49449668407436
73.24079038053455 36.356958568944634
65.59377534902316 50.47743305597127
41.81393352132634 98.51794038518555
40.74961068506823 37.042419386006046
43.30044108625752 45.407706042059445
17.370225107461977 92.19153255766408
16.81400492488191 32.58081108075973
45.64801620288199 24.189589385726705
29.019919931459736 81.64197977033402
53.855316613967055 11.85393098509655
43.22571823656966 85.64277216219914
30.341009182877265 52.908757881141234
19.187814358492638 50.08222235701886
95.10730483776477 24.14248983360976
6.687149750374177 0.2807175428897746
17.823473140172517 9.990065699909778
84.82574805073459 10.510731766678926
3.82520856002444 87.89985370362916
