161
30.192744085286037 63.846732519298
17.52702313963748 16.741817604546938
12.11415964165935 56.06863916906472
47.74492546320078 45.17761358599971
97.10646774829729 10.372775967410997
87.38238448286569 17.353522509366805
75.35975887878341 72.48211095223341
8.51827044858452 44.41816207900231
76.20462659405727 28.232286679411132
31.571040331221944 26.160656655971504
87.99235823013511 37.03793262689177
51.85798054018128 97.87482358513289
84.20352829454531 68.73461351236806
84.21664476288353 89.00489879706348
79.99558547733409 17.1596969350569
26.53261810988442 65.38319385364852
16.14792020105621 53.898227594963274
2.409769318917676 28.181239707392656
29.6714708294446 94.96524048097758
94.81524034553546 94.07681847338242
42.306041781103474 27.279068592627155
62.91052019287902 90.84771825995652
8.750956433772517 36.439989579241036
65.96017152968496 5.621808554863616
68.64729165095062 95.52791564947948
71.67868318206095 24.0011467187885
59.69986950362207 27.68974359814895
91.60980797164865 67.6208539795986
98.94178478700611 63.25773742011962
87.10965650676889 91.7135021889067
49.90843119869112 45.31950020104977
94.21145670568498 78.07473193477374
21.041220502235547 22.820793456361997
29.31482482377794 99.07440583380496
8.170293180611864 32.454045664977635
81.02025966974654 19.836313840539244
69.8164461589138 68.2553965471126
48.34059519338463 8.724924639344088
9.324293233994707 2.064491240934585
3.001480887330099 95.34713306831154
88.3739217897527 21.923973327065283
24.181160962957048 36.298827461771545
78.72733286457208 89.27977334324054
76.82205748070757 90.30858157140213
93.41882475686377 3.193991524135198
3.30366808141509 69.02110645435565
92.4694863960125 41.06302610850921
95.68629608679599 37.51554576744623
46.90039669875691 12.506183955285788
76.72351028614744 79.37009521034388
31.34921819121046 79.91436398730785
74.2720401543156 13.715602602842392
17.553952332822487 18.311352270259952
79.22864131994193 46.07269000512787
74.92968927929762 48.710893562262115
55.78169758954993 91.50618532712626
58.68860949969875 53.25911824208822
47.994173312002154 91.89240854603464
65.93875021932175 14.935627652807359
79.2934558492553 30.42811734110742
68.74419097730735 56.096894971863975
96.9624714320352 49.65438653520192
80.53846042915642 54.36231170042257
48.40465600388866 54.317456573752956
67.31877385531685 75.56225975369266
96.98140268531934 46.428979358648384
75.38444697927366 91.03272272518711
71.02390669138525 42.972618321126966
44.27332086226946 28.020218700373444
91.9542960446925 31.186722438135938
66.17501380265232 21.4494223974814
69.1687312988158 74.77557503273027
89.30740723555412 72.46166177206763
3.817762931465629 85.44254695626067
35.61622284321765 92.82449541598079
58.59273648160457 91.10681319094758
24.387533991945375 72.18832376798416
26.695687711325668 46.91203019673482
74.11805179151219 58.87004795178552
73.84870170566768 37.08155444204603
11.149779024961582 37.635578363368495
43.82021980180151 17.38235762670477
40.32125998762647 21.037472128557855
32.059738081146136 17.53723929519124
9.775253433522224 36.09845677051741
27.374969664614625 9.078350647235645
87.45894392793655 73.68462053545343
85.76812177183332 14.340749913683148
25.678812794649673 87.6742598432877
23.026415811170864 29.74627767767164
26.314921741103625 92.49703400150266
40.02412994431638 70.1843012017707
92.32083201257453 8.73827595717006
6.035662708388112 59.19141507320131
81.51039142609258 72.50029719355636
95.86768549041767 80.33100622677918
96.62563712280229 56.298322927158594
87.12567534353201 29.882209493986345
62.87709554144264 98.71482365208418
96.80798128098797 22.689592852291764
8.216173386931501 71.2538891899359
84.63295246537642 19.993378509131134
6.616359427231144 85.9473861129929
63.52492915745705 96.08039143329383
48.496858687128196 14.045490990876742
89.57507877549314 14.09449332128424
34.99086737808753 54.36226984183787
15.93576784382419 17.53828228068365
90.95962106699368 5.808441245513018
38.59412634233019 75.5290256033865
67.4756373417547 49.035160522570195
95.72197681525942 38.425543826759466
76.9141133057005 93.99947950317676
51.008785680062964 3.7733084824219
81.41668108731756 48.7152679134355
62.68357107621515 49.41660109967002
48.366354910271205 25.83856058567312
32.23691237353864 93.52909659500502
37.8454825307542 57.714534927850025
55.010234294943906 3.9134670522465886
11.067114796032252 36.57697490032018
59.93176131174034 40.5923150097354
26.03463412337814 54.37677827299038
79.83669312910997 34.06960940152127
67.30962060120831 51.20887910681059
45.76262029152707 37.3740008847191
61.199638483453725 70.84218178577603
38.39086823374641 17.693341873277102
10.802904638740252 53.67469564931685
97.98168765308354 81.29620079711452
72.79710580288298 92.97210543047302
89.46820252685919 90.77217878973659
72.41376713574262 96.86726768660317
43.763300320665074 42.77054124963511
15.727248628400382 72.2048758767245
97.586213683767 12.550634743363108
75.49332011149966 17.281080917362413
28.40033187042632 39.902517763298476
20.11534393942641 1.9031642097413703
34.006613898822614 21.87954137319309
43.74385348859142 84.19920598395866
5.660252887470385 3.1859871987990673
87.5198992771983 30.224195733942405
83.61817654183793 93.2192201901848
85.55729521153742 7.662815454179183
12.359165645355485 5.595458790390673
63.49968246890363 62.77849661181254
75.96851769936073 38.28198843749618
74.13936913683348 18.61440090408436
23.529743400800427 37.714871570528274
19.693016775284246 24.87504690779406
65.87517989990799 12.088493757392516
37.30366695874848 85.61698731381264
12.35271923772795 51.45489162717127
44.7153241329646 90.78671170256312
45.84159455803323 84.67889309777436
5.282376031371494 20.726925211493498
99.21916544667285 76.54226686685361
60.15857783688805 26.283290172551776
62.70482929461697 84.72960823785162
98.15377394235931 7.157904338891852
