116
2.423754230856978 84.26925978984518
72.34110495498818 71.18541198679537
88.2171301167617 32.88863322851247
69.40008930153816 72.42800665818196
86.48301741845768 28.60367802880456
44.07139634553625 63.95158625326703
83.67646485115449 2.5557668942353673
42.72358886030398 83.56094142417251
46.59429976143552 49.7378868035421
6.931231097225432 27.792328561140877
55.883547356797806 70.33373398940662
4.479645691093015 4.717920447387214
31.698304953712906 53.86121736282321
1.8808732737961908 48.74935422949614
86.07572882692213 6.55148731551245
29.803275193827883 83.38622716055677
78.82604967923233 72.13582540966614
20.55472185110586 33.20713233628779
74.45329773876018 29.393910206022145
9.138400311706363 26.951897608325005
19.503638012679502 66.94427774483451
30.863656221477452 86.12076907768615
60.84213985632718 14.489490494392587
72.23066364244485 16.573431909892534
64.09902672407257 49.3059445258343
89.36053814602913 23.327867783344523
79.06333702506187 38.433560233694486
71.03565920595915 53.78838127336658
57.727087000770474 53.23387331054751
78.3396244438038 62.63758215707147
88.24469897872224 54.50556827888411
61.531315120491456 66.54459589480929
84.62697057297474 76.86566777622924
68.5435979464504 2.114966379825989
94.35934240640275 59.22834053752045
81.47910826676686 29.1424748961574
52.56805375882535 26.448509425883802
99.55947826544242 84.37403200669503
48.24158626425156 30.362168586546233
91.59908289736096 34.19982613020187
82.0267822812836 32.43784716778191
76.30921008617585 75.67806652909049
75.05534393388677 94.00068083513139
94.88628510601488 83.86271596865086
67.60059849626691 61.664970531343776
82.38907712755402 11.048325886369359
68.12653325074297 32.40514226275675
53.73781431560168 82.13430032238627
68.28089928589716 43.40830106991479
95.99306119250298 65.7398706659201
1.2670104951408856 79.96089440039965
90.06027285902294 41.93486207953845
81.38374953642335 36.27798761494482
80.77739305426198 79.38938708257656
19.031469004061428 70.79249693389343
60.93905717406345 85.16272643633393
85.51340234095534 27.511719061037876
8.804808113555229 18.252691439609738
82.6827341785122 76.2452070689248
14.382700280532656 59.12735402885211
49.08001375202002 29.034951041930135
6.352859829187619 91.92488414795709
54.98689158122586 10.892517445118322
34.5775343322728 14.789552210228884
10.647587258998858 19.894317353580615
61.36461057829371 51.609253521195576
94.09032888804674 47.45392527484654
72.45866800126035 14.528164672840516
8.861149478639685 20.814742020695064
86.67696849999918 27.769660289465115
82.63060568256786 12.93584324739192
46.128429746026036 86.64906073791964
30.510855839523586 12.150142616885528
92.71165614094491 44.57298055881397
52.527235741944075 39.96094771662177
94.64442684244648 74.84060910833259
88.24761770307393 91.04838028448474
86.87735110574324 35.74378002370884
84.03516285828378 77.50799459937414
88.55701267228334 47.45604968067685
38.10432975943539 60.67967545365354
78.82691666727422 61.41763344796514
11.518287218605527 13.498008305768883
27.429152034840566 1.303103246230719
10.487998368896246 77.78196550319507
15.096031500618556 30.882608131551116
23.88510708359992 84.6997153109765
99.45978711892151 71.36452121617205
35.74067046496605 74.18765779882219
12.608856643309673 80.4036462284728
15.308018266356527 46.442686955204834
83.45388675800277 66.55519996981806
96.75208903385102 51.50200868944966
47.6616504281065 19.632624529533103
53.95152295050762 9.573475741059323
41.96326946599568 23.07367774063306
35.70413296911001 75.21696513739101
66.43672857570316 70.24553791266752
87.50183577824072 88.95330720891259
62.618415453279795 13.071773860299917
58.170962411090365 89.57819919994112
26.38949193325303 54.839926301854035
7.503655546236243 68.46765908603946
81.9027035286899 59.00284124844602
18.625240538076216 9.805496865436458
63.919302167011004 8.7949553472353
98.02489911974502 69.25620419245661
51.2336572688597 32.333775483746805
35.73502326715099 86.82267224645713
86.78972399657611 23.71903216980511
54.549020058703825 88.89584091989072
45.99253963199496 34.30573072761109
16.95281132637533 75.30360420674283
34.24583991003423 54.803828865714465
33.333975916348926 89.97744440861837
26.757798561995838 23.944972941001673
