143
46.02606335633236 92.33423522520677
10.229728083530842 55.38732934224599
88.42678037698025 85.82110020228676
48.35885534421871 26.202339183127965
56.39045750578644 27.90795048595214
42.98206968373884 31.877044524191422
17.207983220913015 5.413897570654003
23.611528954675254 54.81909609098885
12.047530350960034 95.02091182579491
7.701261163106654 54.5014085854581
79.15724621160705 97.34914501758838
60.20352085180226 40.55630752281586
94.5397035797632 83.8552181137395
32.81529522780892 25.2340872837857
33.26810090074137 77.6987825169498
76.23809812011247 86.53781108806659
27.33605134250365 31.900661480924665
38.59495683715267 99.67502704112027
41.585268023328105 25.748345007513652
17.090307932472093 23.411177180406064
8.526033656494691 89.97676021833134
62.264330580721484 49.770143665198276
53.59490647628201 53.525764924681404
72.9353826591206 36.405381100287556
60.90671002936053 11.109473232494116
77.72622706779796 33.788351118189105
82.94236118817253 76.04452849486269
35.44629484650026 23.77919676612139
17.67601242105522 71.09378966489022
36.433349727072525 9.371987545969118
82.82216892097435 49.58739182831653
65.79504808032273 0.9505269084377543
90.9896867221155 18.161109838202393
13.208261360885276 79.68717501194588
2.131199713141696 94.87857081006416
26.130084585424175 38.09239945123575
12.17445879050535 15.166209152756638
47.54867385587048 41.290918564825944
20.933876499852065 69.05131809483561
68.45157595884265 34.488495436752544
86.98541913651749 46.22345512872543
32.44407792601067 60.490206497752986
70.13945096673527 32.143623245681674
77.2900348250007 84.31560689986676
29.77115544315381 69.84868895904262
86.83426505984397 53.28654194577855
84.75325478818574 95.34169459319583
19.192165986051137 40.66818358471883
68.1040914292854 42.952520873678765
15.530382339107284 47.780302308211176
30.147421333220635 43.61152085519742
33.744087265899104 14.703433976675196
62.81626425830926 4.768041337931416
63.52667475361938 3.7730106341860137
45.68741902155925 91.5787772304199
55.3157778220919 12.149025899741039
55.1584268815492 54.149718650341605
32.642132028891844 58.16970830704605
72.7282467474795 45.881108266494465
25.7586044107475 45.03639580348987
27.062643158999744 31.270379914801094
20.211147320964294 75.91037909802641
89.94237324324682 85.67370075754013
2.4691261656718755 21.762027962041252
34.359253927240474 88.77964167036303
95.77034555386591 75.8870856199305
51.11813353384955 19.694161694696966
74.50634041748462 83.9652707227583
29.91602362611363 74.69628920766374
99.58726850851438 41.324258766380495
84.71124101142809 67.09615208081664
82.86907430474209 23.72047256860639
30.20531807976471 46.33485134716009
33.60993347785695 98.36260219585381
22.573992460734015 93.77143266954415
89.92151604240031 13.28533025583074
97.61341871662732 68.48156520905748
62.66284201115071 60.67909684669659
36.358278176215876 2.1598066970750507
90.20114857748467 54.13411627534368
30.250720342958626 50.21306486393574
37.696358254642035 73.16065076058239
61.617565736571876 84.4268335865954
10.862341350705929 78.06704910735162
84.45706268926338 77.85388504630046
15.015561357418061 72.33244780472916
80.36112547250575 47.03210917599384
68.47390131327074 65.60398408416684
26.30062690141377 87.41053418434262
1.0481764438148078 82.98260057675434
10.35831870292644 4.2893341583914335
61.591680609905495 87.11679431388534
51.76882543728948 9.651957418865631
60.62156904303979 3.0048313880923105
54.45309357066226 65.3504197719324
42.788924180806866 32.83575632397684
16.813437533797238 11.400662627782221
36.60922363832253 56.3726431576151
88.11263156396103 19.42963772720644
86.88840232984002 28.15120528920162
65.53666329723052 6.328607305298862
11.14855243937054 81.19565108985907
72.87782839888209 17.619607055093624
38.92240740169207 8.036676330001836
60.06496390724777 82.26787122172225
97.90640080813132 99.4941528231686
62.86757398910974 75.8918768176264
4.84193433990564 67.52649392423183
37.628005684329004 5.925521723634697
5.407622226908204 34.255994909527146
47.805963714263754 52.60437571317195
10.096123912695754 62.412774168254224
2.5463778891276267 53.13587107127613
70.81536434509566 81.04047542705435
42.661678606387845 8.268455729194379
96.79518776887578 21.28424612279324
90.18932991382817 63.70396487126152
58.915400826621045 96.13228665910049
3.971029527561476 24.3871251610819
20.306138126349936 63.10136615842499
16.51296705689118 82.6766477937997
15.267158923868962 24.273464525187517
95.99973551938494 29.51803732103101
8.29610094375768 40.062453811976184
3.3689769943894943 14.840561762252813
3.64194426928256 94.55958069641115
8.988365851178315 74.0875041539341
89.62410972046521 95.3856491940477
35.46836964324921 43.38486852512937
43.17818148804219 87.21848570217166
17.155725075389107 3.927017524277354
88.1546047533797 52.542715110280525
26.206405426988923 64.49519380072243
9.46641174619629 17.221034075348772
29.73203124755588 95.13404242812945
5.906423963844909 81.42971901172974
65.2936348173714 73.5774081638107
4.919361598972438 46.33867699536762
19.583446912696633 84.72780613803705
40.012524779829505 96.63044324863537
16.51616307520094 40.58195839157482
74.9317930518611 58.34437877285967
47.22674287827293 0.7831435204644466
