107
27.340501377624637 0.14257030692664818
12.533913454730195 8.32312445933262
77.00278882620516 96.5222606074621
2.561731318785687 23.272246987018473
30.760501002475905 14.432049376498423
22.71508630347143 53.14040752562988
26.746620522374254 81.5984811556647
38.26800142884531 44.489352923001256
41.02032960478997 58.50968269978699
0.6046204169096847 20.348369260839018
66.13835648022786 31.756162502517437
33.62282282589889 69.28276809359292
99.62228073415359 25.019951927445117
54.732429590211176 55.252920617775935
95.91641369311718 31.667122846040343
39.80190074220887 52.50893565360399
38.47657974501384 58.38384317257154
47.66874570491751 52.299578598511076
98.56391261589674 49.539045875066044
90.40665919615557 3.3396088303047633
65.170378976699 15.016458832276813
52.371920709180756 41.95984666416196
52.82228947746306 85.6389368945778
69.0784762319828 80.05375542594219
11.719785135111094 6.8421393072089725
98.36272470441588 33.012598686826
26.38831078847096 49.0791816352801
82.45459670270816 41.531504228122586
12.661889977012319 64.65032838773188
86.13886583191072 95.10083045982715
68.58706527190967 14.59044259269201
76.8187469758419 40.813747370733466
25.9539418899154 69.74617900392171
42.07720553131578 37.0276271879022
51.43899228064607 27.273915476262733
29.946060131451002 62.681029876951534
67.89448236745278 75.77339251086931
13.286837300234478 7.163595423147107
71.94909993582954 49.89198684226695
21.516683658634783 72.93683122778218
44.36703949973858 93.33528750435495
40.05320120985372 62.07132343315636
18.65356647368951 11.597353437090863
53.50178638790709 35.892456792925095
81.33099439969381 83.54347343682815
71.85592704646685 61.83094513149457
43.33072065073402 50.1057989086485
35.59063723067881 93.78542756695498
45.555780242878626 3.920840441802531
61.81681158715248 94.11785270360288
30.233466115166063 40.35569286981191
25.66889085111138 22.749796109727683
98.63417018390938 7.610140807913634
59.0981537817897 79.08755607238696
53.05674201926725 65.88631969541613
42.99220661632284 99.17675662119953
55.82821095668707 23.652343513716367
98.0399506160156 27.999061185976515
29.11225391768715 73.38991341791208
31.239495320458943 18.81863990555005
1.5389851291640388 77.07855441567403
99.39131027202609 57.6101767435635
67.71647292683727 19.787310119772883
98.75612609577276 91.7662738280404
48.498182985742744 66.54858432784442
33.45912272472089 73.09517505209254
65.10448013905376 52.08357238625118
20.059036013828536 36.71900882590503
93.09174787081045 99.67212235313258
5.554105191264879 95.56937563583872
57.14608445555521 82.07709725821529
39.64507577972407 37.002669040830725
75.02394404214854 89.9957581098496
86.74780883417903 57.384451260500505
21.58915657426729 25.649800636302565
88.205349440884 71.83462116817176
13.546052568396327 21.541818540710544
8.61601830258989 11.599228270935857
27.09224998764742 91.31929775523993
7.838949008753948 12.783285641094167
35.28298673340069 45.412285656192076
12.664753079543168 92.19623562577735
5.943884007347666 46.29240895316051
58.44581241153506 77.5099424034379
82.4141065607644 44.18220244452057
59.061408908044676 59.38555105518595
53.86074847983273 91.4367916877436
36.12126397327455 46.34265435736857
50.247484412860366 85.02520229601208
70.0608938897825 74.16727903209102
26.55919692894253 9.517644176409856
60.68966154257841 32.4883000350267
38.459849239900954 29.790542969733767
64.2447266962755 17.485757938704715
20.744402615189905 29.92208107743447
86.34162096560733 61.004350304772395
50.47809582526558 32.10049931440449
69.56070413233222 45.21039145480429
40.02077927056725 65.03602839756336
33.78575583817256 29.793202926565378
2.665920978617009 74.37211450758628
80.4121847210661 3.821611540031278
53.824743639879046 10.761827175378269
33.79029358923029 8.56959809892841
41.68107082179572 98.74755405854074
43.52532891063079 43.81894657898236
15.185845518620066 18.983281515208507
