148
52.978037887717896 96.51553924824726
27.17689048087304 30.15981411130855
49.369016920932715 20.123708503060467
81.30950044606135 71.53298169073862
78.07169546481396 86.46822030901912
80.55128032168206 55.59746192080078
53.296462794432166 66.13217351508986
13.224782286818982 6.5136833749786955
88.92330278108773 0.051911401675874824
49.86003033824238 11.744391210324912
15.30490095838477 81.05758733242001
24.407962830073583 61.332726895911726
13.870431133312822 42.372705880476204
46.145446512576505 4.550053925300402
34.09679429624853 90.7767429825175
1.0903834141439805 91.52334931017634
35.01696355933566 58.67312457252183
48.949776906865836 4.625234387893307
55.03739921832413 76.04912164672533
46.325426970636464 29.16917260928259
79.44732331961227 28.12886699027536
93.86695214774129 35.11227980263777
93.44150652810909 39.51858913837846
21.624969158526554 27.866676252913635
95.11975397126487 24.32385315207599
22.71017089912134 8.275005335373265
66.73146385295856 67.83829760940475
74.81854562083623 98.43148643632352
24.26278972689737 83.10368752497247
26.899310264507115 37.72759685537833
52.90496829188081 67.55396984554932
44.503564026060204 51.5453537428796
76.44681882780455 10.83769862813886
66.34032987959651 17.494396465323902
94.58743886784508 45.28924112242033
55.03519279175504 8.552924964412178
31.77417985719616 59.014027568013994
19.71221555865581 64.75781374927386
32.897793034981795 82.12714439834741
14.015020959216983 43.94828784135747
65.5046632889466 7.331012996878606
9.982551304289789 25.71097467259826
17.59993899701574 2.763561854450547
59.68895976504063 36.229002088632754
65.3269923033948 74.73702220752888
14.26631799484037 37.941316448961885
19.893086673310233 95.10840368898296
70.74540847999656 70.18567226481703
99.2023593000798 14.89956209362605
54.758088825151376 13.8984740933352
9.165205974937706 85.51290381151419
34.8908375568881 35.12978374082899
79.23523792495624 50.4866762948099
29.28582236649191 27.756029697374572
91.9793130034028 29.23007584331262
9.472520592157007 34.66359785125713
94.01473791009005 7.724513708418246
3.9044052969885223 51.05709437991952
23.839791805931398 5.605156929238698
44.75064977149571 28.370085078129815
41.07263710007335 6.365404320403945
54.25593718108988 26.902049570120035
11.30491265239273 15.11043606093999
16.844573951395226 57.628973907451766
14.904409408956987 22.422839891815403
50.10375071106642 99.37239071513329
24.762076574749003 71.44343811818001
40.64783600843916 82.62666385068181
61.851319483378205 62.78313390395011
43.79577109275687 0.8345468319997384
37.50359954033156 22.027830512271496
82.91993339825213 74.38593797152528
21.08506876868215 42.00919152337222
23.53648826811039 34.96962804231264
6.28720764879549 12.070442462064179
22.87071500668195 85.37986779958807
39.11412071605274 21.925064360954984
66.26610426736855 17.477469309591964
96.94360561490437 93.4413307119213
73.23357391284854 57.31973827475465
98.17881427928603 40.46365091233773
12.582579637128378 25.995196587257986
52.10561373746218 88.58248431119198
47.435301850705514 42.463934074129064
96.58366369436335 34.80403122342048
13.201286057363737 5.81356406893353
3.9817434476014824 58.37504432794768
27.572573786527087 15.051950757995069
33.9808160247639 42.856094390659194
58.31948341158709 26.516033080704226
37.69503526121268 82.97118823671997
14.02623686456005 97.73859274344562
13.100671078182646 49.133882312317056
25.46799792106862 62.58706919572725
60.072250347877876 14.237634016915967
17.343268178574846 93.03820316846642
12.14536295525387 64.1358012107728
15.759163292868905 64.04220108900383
81.97215885609475 22.626049735726017
94.88526653247094 78.0623640917223
89.96043565805697 83.44634238680672
73.20653170847578 78.85062469077091
97.87257928828149 67.52778183160717
52.565845019136695 31.308328653445972
12.0636306377936 10.726643808323278
77.46457737205165 89.82621345818254
3.7348121013871083 73.70416581870771
84.8186626789163 2.802879328474417
29.520324945908072 74.88099190455159
13.133288324213376 11.367397538804491
5.076094765323136 62.47134054413722
30.412366055396166 57.72610783233534
2.6484732901370767 35.79259309637456
48.91515818957218 17.1755337177232
68.00779299241258 85.32571998013813
72.93243791247916 45.776426252242686
97.47706010546526 28.71030363123551
0.4382823150531623 36.81743733677286
56.46246248912643 37.077198941404276
75.03317397829653 6.333273419433394
5.872982153632178 90.88049886036815
43.17686167974492 79.65086303253265
58.87346341166929 2.2765098990543575
99.0937580121495 8.280613749374254
57.04733815495475 98.27927058159004
38.29120889651432 56.00857141848354
42.571436318171116 22.22775338381371
50.518923672813365 63.677442987721875
35.05643557507173 26.729655981071943
10.423348808062272 79.61732898514656
46.04008868416576 28.872109844324278
34.67535828973667 99.02707349665008
13.025304218094968 50.75668958120525
78.15456961141275 73.56329755624898
72.21062771238633 56.378821766277674
97.54064243830821 51.84662309787775
17.17317022176269 46.352816298615565
64.65125584537903 61.1214766510669
12.282379162420886 90.68921100437738
31.587640159843346 89.25388235317567
86.25326929320875 42.69677392213988
52.57280040815237 79.6248948130586
11.935888588984799 39.04080180110709
41.295059980426366 99.66375375343264
41.04701850437426 98.77097817216966
0.559108668552688 11.659184984693471
1.052875046541435 93.23008930781546
0.7188022040284014 57.27916257795302
