216
22.37155975216176 62.924986813746806
56.737495438494214 0.2931327299227404
64.85123916570022 21.76495073061532
61.00307475544546 28.532546987054175
5.448237675212297 56.760375289239796
11.078149623670907 74.50430132710744
27.197375647968748 47.722281256341326
75.43831897167622 92.16235685848956
20.45687222144449 90.07490161698648
90.43933240683836 76.3647589077123
36.61205496030211 88.5062779660348
8.009058071803333 53.92502422762709
48.112772750850674 55.51527304381034
41.03795619959493 50.18896243017007
3.062616525382089 52.74806708748532
72.24914085297343 93.32916121694444
66.48470196477476 72.22978136495887
13.369275113797086 19.294959602487616
33.50734622848929 10.028635504623429
52.001551101185875 57.78658241673084
15.25760498563129 51.283934344587855
48.99322892243786 84.15105949323264
28.548650582089476 2.8884330368953215
13.54675251662668 5.867406233498629
75.36942943088839 56.005501444970164
6.3771518972915775 3.7202410305792744
39.63843729928362 48.992092479158586
62.469681431863776 47.122124814784904
35.29816394848639 47.55835558744206
64.25090785180755 91.8667478739123
46.18996588218379 73.68466954086271
30.750680621711133 0.03516301893390361
69.34801295517128 21.41334618351649
68.54571975075595 71.50736523058522
60.66648209290341 2.395765788028026
15.135364671417072 14.02667151572674
94.73357776684261 12.71864792173779
40.91327041165097 57.67048628415071
1.926516876483464 57.971017594931276
95.08704327271478 90.45148510535415
61.57750057529297 30.88192604088107
60.69932006633068 94.62675682316015
17.704178354411226 13.366735876881798
24.92784185264193 5.061587910486509
72.1425499874329 66.26522295556973
26.316161124426618 9.516955626271317
87.22068086105148 64.62227534539936
28.684690637149192 17.26452206968946
11.948261964113527 8.688148251445082
54.752254705434545 73.2010358159866
81.95080794923581 63.75224615948163
47.1927209649514 34.72678165249291
49.304899551335126 0.515777151181851
40.3734682758547 73.42389494780106
90.45136058610969 45.165952547690445
85.07695655710641 63.10910648384657
1.5090650251546989 41.635110859019406
79.38645116477917 97.30649453114391
72.8413613052004 15.312767871574762
37.67009935370673 12.607057896888364
31.901566661380166 63.72451462916884
49.51372346134847 92.42741845940465
25.378605376304986 73.08470629909668
2.036188495268121 85.03908981519662
50.047085384705206 37.60236658514485
84.86764420410408 45.13398782743516
74.99114461637376 25.314019800217014
30.632449666487606 83.90196299782532
76.06770302614943 39.35798899027092
54.72524394622492 47.049991352443385
75.47813803119188 45.40857892198883
49.56414505054174 47.907813628518895
83.8183067668168 59.52647255509718
31.079590820287663 80.17479418528438
58.28686736303289 61.20466890342714
83.61829271386796 74.17486618297677
23.952515517451587 44.07555417843108
36.535753075856505 57.70463927373428
12.443582113824247 24.166656605282256
51.951827813172024 61.3747300294474
44.03520530032717 52.17067126287864
29.37554027555859 80.24718614633433
43.10034475092886 81.94647213078665
9.990206343159203 69.38969471009823
44.32828572304414 73.76683129123992
95.68375623722211 0.5580439433273243
15.130731872499991 5.289958968266506
79.90870344812363 17.8357645355012
88.80711155184545 26.338091157725284
79.76443973622652 80.11624573308671
94.4933320751551 36.416443717483105
20.22212641636749 97.5979723399287
76.5703755757914 30.076796231206547
78.55440576314695 92.43239111321365
68.33801151789822 45.161341191933005
25.17056356637998 78.11756158148665
54.76373553708949 9.586955261418883
91.55891316915712 65.61551784704409
92.09071948354509 90.55297312850327
32.53692908466815 83.58611580099254
59.83916185360958 89.72589598577113
52.75671391615573 1.4611187623476574
32.053690379204404 68.48507192119595
74.26968434321407 52.861233465251125
95.51059617929906 41.346237897421545
59.24409663261233 95.52936253670873
67.5253985648559 36.470095419753825
46.1402531077739 87.25954400055839
43.03548699034084 12.265364500301168
33.041872221342075 79.15537918327206
88.77409639251047 1.8441152136168038
70.12653814129672 12.517017065231107
55.997590003552645 60.9776478703502
69.98486061884797 51.91929608247994
98.63933534380249 52.67616107222456
46.51772104104158 38.80597708162497
65.32002322559744 70.67091446138421
23.209515355461107 9.052024905346666
41.77280165942285 24.36688238252991
79.84816380002593 61.8282922163103
21.48898818679712 52.83486003426127
12.596353774200775 47.11899981511123
63.03582321386758 34.6614180156965
5.6342322365230295 28.220448045723867
15.05027915344831 63.6313270462085
98.09187347191273 73.31012085177197
56.0840601855505 24.860294484463374
32.9030838810956 99.2329952615767
9.45509998072901 99.97213583496357
67.74849906872059 69.5205616019037
28.801269498347125 67.80183646563222
17.66161340737916 3.970663696064336
77.99997826477602 10.26465272995507
20.943527905529024 81.56999135797992
0.5100239114852911 19.414491053521775
80.00243114722268 39.308908394153065
98.87668139103056 71.77171707346419
59.85984226749584 73.98920790430384
44.16531755345097 95.7619105716364
41.52247666018795 73.16055025220601
50.81700564181951 56.37766770162306
89.30740733821084 1.073660729535586
2.0730112222915875 47.249890661855595
21.15416303173152 76.24135265347395
91.54556801833371 98.31479265042658
96.00786250662314 29.79848221598118
8.455937650932999 65.39610980118536
26.65726271586083 91.23480459457186
5.22934673779204 61.0651604678759
65.58134137924566 62.32116385422554
70.60634997744121 82.375099430852
65.71287521751763 52.01899360281011
51.718434912350055 43.950351992775026
26.571821306389975 47.1619254025891
10.365507725909273 23.472500061224842
68.18480732839963 61.5401877695248
82.17531302837752 70.40061824497529
46.51337357717317 42.767629566805766
12.823243890474922 85.71229214829913
55.923341134253235 58.76261188275797
22.837581217083404 50.90929540713023
77.01716177502034 61.26171691715246
15.224511144236153 75.69836123199613
59.84936924374657 31.76439056522773
90.28862449116899 69.71203236043777
58.56433813389626 19.58063402095923
20.189977487092705 70.00309936574995
40.65025054435273 37.756838347161484
69.10833536654641 19.93242626862135
38.16071060113653 16.29985914854879
59.60730430200021 15.330531466293984
89.56652690079946 11.338182062837843
29.900204329231993 48.730399967323855
85.01067582579755 3.2912133421518996
31.782018958981705 6.922526523483796
44.572196504453224 41.94289056475572
0.3710198690158317 10.422010330022925
8.087593393697723 16.36049570149475
66.27357853798341 61.390423234078604
8.76696117993615 72.31459762108433
3.8685975391514416 31.502417119236704
35.81593319285772 72.68631712562077
87.97937949356167 28.165078904839223
1.1321502148203377 68.27210809689998
57.20827214881395 72.93433815914156
8.68016325271903 94.73793866380454
8.077127952431473 57.47275095489076
54.16943410746833 2.797323412037578
51.77556594858886 30.61229073408712
92.62648795757367 78.40478461421618
97.42597917290759 39.84302377023202
30.115464745618848 28.637246646153734
46.59055023790033 11.102591541863827
14.779639219740382 1.29828179358209
1.9255746463620715 5.643493736659355
38.928767308432334 14.263711360705699
43.58278037125351 24.81298553096094
7.599838922230607 85.67505717936055
66.01997444256925 68.21901780132227
37.96576804361186 91.0509062152021
53.41676372676363 81.54221297224593
90.88549289679158 43.36542013383779
89.85342743891815 31.09950492155269
56.083780008074235 44.55629463102522
43.71763145557426 19.01996897544772
93.50357984921268 87.30218189482383
31.478279967578406 35.507068229533324
45.97613257197133 21.89391261276449
43.37190351238181 17.85816506382635
55.04292380610109 49.30759486223173
46.68956478766923 12.842901412070361
7.4626097640838385 75.63756526270356
74.8728888665013 73.72153503099479
70.15717067816698 13.477294072761293
23.167898957157952 59.86477313494968
38.822172212814166 65.99865480998713
