205
88.36800542760685 67.56377509941947
2.0112477428967157 44.02677695738979
73.53555236425811 34.03250370939478
55.75545603311324 35.45882311321117
94.5823530898292 84.61848835725647
82.7429676063996 87.57952957885554
74.17234014110701 80.06307742088468
75.174077441946 79.31038337913556
72.06846223419979 95.23645248024629
29.548497590759837 22.69523033064974
56.558394041624624 85.03621074836512
56.30417208751107 76.10341290779672
68.78258508847581 15.71079541083773
90.73765992942737 70.21309644226234
8.904992672876666 31.38395740329164
42.00752493353027 54.218903702874066
48.142880435861045 45.70428607091647
1.7320680293951285 90.48166741963229
4.442703864623921 9.567875091537047
48.01247007763605 55.90137933123085
49.68631805986708 2.3696633572816372
13.791331464145651 15.678612596147357
73.99169084350625 45.085418237108584
40.240877385087316 21.656690179230775
33.58266609027817 93.95882827200643
70.49673717638728 61.41808034669465
84.45023312777515 76.92628884636696
71.14496802509093 57.62286784985666
44.62450207773415 42.82111855001853
75.30202615377189 91.5784185244824
51.937462888390975 73.48861250475606
97.02444817737059 86.53919416539631
54.18973415813826 44.85687567774167
92.33044622162508 47.724117205207975
50.392613476423755 88.22086964202961
40.27806322586691 9.13171797084088
11.68743575486949 16.02917109405516
11.307259746223098 65.11352178211484
79.6942202091856 52.811043558561124
26.90777621711301 66.48831678208145
46.739128571770586 50.446423412086475
95.33852197204996 19.141686813217994
94.56722405160316 70.98054160483014
47.54027315586175 13.39702838549065
74.90156330837357 27.407744031097593
25.683577938768597 94.7279172662106
47.51117302586668 63.07606890038796
52.98327980556472 85.79352844271789
0.11851392979305153 27.7948524264786
62.25674319703194 76.93731252841496
3.95107286686579 54.75142833321451
12.90966460176104 25.60905282270044
64.27704881060264 99.01290080296667
73.31121353070193 10.537161513861303
97.89619017060018 76.45368505941254
74.9806625832631 70.51298631519897
3.467442739337645 89.495366601868
0.4267262810127792 16.91851414044271
74.14005671276207 44.48895715385811
89.23241063672809 33.08969421216421
4.986280373748775 30.624313527371893
69.18965571656713 9.655127419944332
42.95571848281373 50.01670369435208
69.01849109715053 42.05870064006043
7.833941647916154 73.00486618342757
98.37005453654818 41.980621038155576
78.93373169922575 2.293473195734619
60.89989558732884 27.834351586771934
0.005554970541121751 65.32264767167037
89.64368107266512 12.652263523198393
21.88458011758475 5.415714646749803
20.061288980127788 28.682198009257466
50.15005926070414 47.48990251865051
72.04587367498458 40.33931220658048
55.778146218170434 10.809453349546072
4.2316021220469064 32.10589225122684
22.093261324102798 53.221164251911055
45.27157587670069 21.758845269822547
14.990632251906344 31.810103995707482
11.657805433297586 27.239247463751738
7.785261738544902 67.55970637163296
90.88263227390692 44.91119703491505
77.69327288197144 64.86393614224991
40.68709121973977 18.535715229327632
52.94939656564102 59.88732333114874
2.0992948865117933 88.11685380183107
23.34884069585582 70.98428667264407
42.673989359496524 75.91360411501307
96.38345905286758 4.24940340640465
51.08703250655985 7.8136022093314494
94.2062389186777 2.8672142071606954
40.4686838133653 89.88437499902045
1.7150977823187308 75.27836091392399
49.55360947468112 27.494305232372163
31.479263161267014 20.761040592539114
66.65990241689764 52.093504845098614
99.79320687477552 58.99806849706296
51.58262345739346 3.7360495174455166
97.28894862085147 68.97056856103875
14.0118887382658 81.70281169349278
85.31077327750866 26.863071232925506
37.20253439306621 80.54792099860357
4.209533271381504 81.07528147417159
33.57822135264584 19.692508739341406
59.60312455797266 45.94918489707898
1.4328879904505265 55.65236083258942
20.631701201201956 9.338496254310137
90.4575493310622 55.50495190587049
93.50485765995266 16.948361206890937
29.48142151979556 83.93567361112494
66.52966748836755 96.74315915901198
61.295299342725585 98.13573950822138
93.49963277121648 86.77132222578277
34.55890039396626 4.5711890186079795
83.7018257707815 3.7764887128356905
36.512232326207005 44.432599971610685
98.31242107358867 81.23143346819673
59.805971899462854 5.15976916842874
75.29848790978622 93.66223802959232
12.251706657443794 56.07692336669966
10.024002719300185 56.00459074139936
99.59263841944865 90.9433543231707
35.60321913197004 85.84840272101036
48.099982672245645 57.12276704937707
91.91236238941667 81.94376837486482
65.60779442310812 70.47096058139883
61.23213953399523 17.071737526769624
79.04791695702272 1.3513202598177787
26.840706673650928 91.73144878428447
4.53008897212539 68.76899384538915
98.24487268349631 48.47896360904349
63.55158227008987 71.50223474930746
85.2859648513674 58.87966396477222
31.76247879362982 35.962449172953384
80.10923562361738 48.44046740724046
83.52960606096082 58.62436302094637
27.07467729173786 1.5743708109193566
78.05915632365846 95.72398339724711
86.02531958800212 55.279920790239835
79.86233610844876 61.00796372478846
51.5796458831413 88.87473442889335
0.2438230840343003 14.361255498779036
60.792610266090065 43.71443290913641
3.3567259628452972 14.680825662704045
25.914125000710587 12.902823420871512
39.05619628195524 92.71364076546867
76.05080680888776 39.82883272437476
52.759229401055094 52.31321714622587
37.97975630074133 47.26788984284739
33.2434654356214 22.331033672173838
97.6341537819001 94.35300807291193
93.53831050662737 46.16808011410111
95.95952077222213 76.0748154995557
96.1980811176955 54.950106236901675
76.07211858029356 22.128091684449338
60.82122990519547 46.702021552767036
34.52265807178757 60.92426038884995
69.44225520746667 3.9059995631498645
85.076928472751 97.20868727532451
82.79864854375718 17.37994188873495
49.32233279215066 65.43636310453039
96.20776591727332 90.14431117347141
81.00016300049147 6.9741827508261185
7.336831100584673 44.10264529254286
83.42572641924863 33.688835537230375
56.74440869206416 98.17980107397136
78.23148484315305 9.064932561293448
70.85892991916144 81.72271775430254
59.25161736711513 17.404729915319983
72.56441834768914 9.826222365207038
69.05595206825427 38.35777594842197
52.59656026362626 21.26453350048574
83.14748159374852 84.93912678572005
60.57573588981813 70.4202453915315
35.40556349770353 34.93032950031672
71.02646231725744 89.16031579891278
28.150600145899617 55.95015192492622
93.05746089882541 47.655906040488084
83.33835868353466 52.76609632763212
39.66574632609954 43.6968719120833
0.2929802945463855 96.33508438384094
30.466547125720954 56.88674120663292
10.092162702269436 63.5538176689645
97.73683056533244 34.66344831448475
19.44939300335655 34.96858433660526
91.65865136813022 34.231718960761256
98.12624377455988 40.6846861238785
47.62125394597787 98.36680478051451
71.82644266574539 12.482817961476355
13.399481513867373 34.05176173224853
59.91159499626728 29.65047376897294
61.63033496606839 46.66735812053236
34.788939147581864 60.527013245048636
54.065141279046216 33.131751808208
16.652296980477686 39.058372244999696
36.420728271047295 76.6662892100105
57.255399002499374 22.521674140858284
93.52356864096222 16.011814556995162
99.13011479161798 66.18802321756809
46.75112707073582 35.63021375510411
86.311434841893 4.467035940392661
55.55743299427158 81.57291881020352
41.35110852462163 63.317568883505594
5.998604647998573 78.16513287859766
25.107634706915672 88.33607172807248
