225
30.006425286083005 2.7784165141462425
38.42782943006934 65.7113595268517
88.45950804236217 56.69611141166509
68.64418410104663 98.63185975396866
31.363946254700615 27.546422675064065
87.68148330355132 13.433251531636259
11.499347367810465 24.424705860506577
83.12990041250244 51.46223112983716
62.31724365008468 19.69614699565264
63.39913856261904 1.2281377054221276
6.673582210806472 32.626439587497735
19.094055642317908 65.82978575287196
35.78031562140583 36.24407271837501
97.9285308199058 50.953650380746375
38.98105590338751 61.21034506634595
14.573881356875384 7.717062595799151
1.330832794304282 35.53131598198158
98.06965441033041 95.02139411687153
73.62452787153553 85.28146058544334
65.23010619053578 9.728821903099371
68.86261407662124 62.775076124352005
4.417971979823454 70.50294354173667
65.27702826485047 54.01147327283211
59.031993509659955 74.3705008337813
60.263947604821645 81.07138544210808
69.71239744325874 45.97078499013093
69.95279567878752 39.14535171063152
31.04334259081195 91.6327281067674
8.872815911097131 11.325409260516818
8.633760022326653 60.97577820825566
69.7177956236081 83.48053173414907
51.39889376906782 95.93352187787264
83.7864370603523 95.67716186364963
9.93302350477222 98.23543614001088
34.3748608213685 1.6697324168362115
44.01672674073991 90.21867727681722
44.981078055118516 10.58549191653977
33.60772303012013 81.06977977346968
48.73001563814516 30.28194207179621
5.8469488982494155 27.376802153030255
53.793336975449336 78.25395271662933
14.78910360550647 31.552221070441234
64.21504285554269 48.66238194627055
35.97053622119082 88.83890024028663
49.453590583652925 4.914487585032767
89.57139731575478 31.707479623573455
82.2253015528748 82.38801724395833
90.37993690534982 70.6911559268373
50.273001530410966 90.7392699948278
46.03361357033118 87.64420202349162
26.606217579244074 54.731918927521285
34.18018812452356 22.35829182929209
34.54418391826734 4.43059320892173
5.314169900430432 70.79272475110704
65.06197861325612 12.800995145672067
6.919085312704432 68.01083404234315
90.70842588371791 1.6753989802370306
52.36135441992855 19.913273426131383
62.27911224886877 7.077630351828024
55.29531580238757 3.2485738920205898
94.96395687113373 20.58830971480907
82.96764453329139 43.81864299929209
4.323360551685096 79.420048540034
26.73369829165506 7.1676474284698255
59.02704019268321 58.96472931727198
63.46684889230229 37.695136095089566
99.02256063254367 7.374381018543774
58.5333823934998 99.59798290308798
4.3182220728880445 5.206937059638417
63.33015750647113 36.93611525395391
25.99599969870582 90.1663428980036
33.09533752106793 93.43911229155859
85.79432632554484 94.53567223699673
82.60703899394413 78.73760213141344
74.12697069001483 52.289255766691625
12.334162094076895 44.79502992689376
9.791692635277037 64.50115632551814
28.071130505787156 97.2304115235491
64.98623941260485 6.08385206736739
99.02124112615368 29.52304467692082
11.343741410187302 7.066080610141046
2.750877927165263 38.991314585595205
55.9369721788911 25.37356535928794
52.76719732486785 17.712597320439873
35.97468999355825 48.52204182791374
5.562687781707931 95.99401609174565
40.13692049392578 76.90963376802848
61.19940932146404 48.03010303980013
13.55471325609534 18.494368934094595
49.00055788051391 49.31732001835404
34.119718149932865 34.88141967550323
11.329267892683848 65.72398818412888
27.509376947857255 47.01823515765129
73.97658463280213 89.09047251460781
27.90435564363899 80.783605345929
4.330682153471543 48.7561928791253
2.59350059211525 5.133856187140284
90.9862640196964 37.31742492235175
19.3269251529948 81.53729281711367
17.130728595274793 35.27920646055802
66.54052264320002 64.35002503699361
64.41015182906237 7.603463123687282
77.9383136302383 94.05218511182912
7.776759618331164 23.796379843157023
9.773077988649238 88.78986769881178
33.64208103022811 3.971273836589706
97.9820358976298 42.98681404691865
74.67368709594267 26.264061798131944
72.7890843254617 31.07570829088626
22.341483645479055 74.29621092296055
69.75814141441566 64.66360316325802
89.98056255080678 38.68692519786146
95.31538172793528 44.70450646176069
28.697106505513048 53.582714012001944
24.014192713511516 69.61293143638389
67.2074822163179 56.078186700231825
40.862772495846855 2.3781454945100533
93.04864745806648 31.065176691960172
25.096902965623613 5.065348450613527
52.07318633072091 32.9791799345451
40.97774707365709 68.32683135608119
89.77196700614864 65.97434966934588
40.11388736121454 16.325044529054388
74.46116638539648 10.512670662049961
41.54867201170913 22.76185531881967
33.91293805016111 39.460635081673246
3.0039212619122013 4.286345095700561
24.77789615739804 21.500314257924657
0.4750493347487117 85.93721674066252
35.6234603007015 36.433049869782316
21.280648409042534 57.350095426436354
11.217117974897562 61.0011540964631
81.83344966253327 37.04542324526502
6.06299241485152 16.773599056219613
51.43599924344361 26.76605454114237
84.10783682890204 0.6065313335147371
4.707904131776541 6.750961499239305
4.515625465629491 93.49708247439241
64.61759609960616 64.55097598324396
41.44881438034442 11.131134448844637
45.452362671570455 37.78473994556039
72.97466554385304 60.12864511407666
57.05010631188474 4.005033557785421
98.72904695897276 9.339998781117798
32.51268550274165 95.54724628423413
62.93412838866378 19.27296333783719
4.15069803932454 94.24476863894344
95.0624303220101 48.00849083246506
35.25710856242084 13.618892412094297
57.07798221002813 7.27498270667456
71.98954513400811 53.242828811479505
16.523866798759745 74.80292577370528
87.57970866237272 19.75371644229522
74.8937986015181 43.859437957931156
41.43351712693506 67.56562682268145
21.248302034312026 50.14051098495559
41.001268526388834 62.59914385809174
71.25067686988841 7.410370633891716
82.98311965823534 30.717267629429312
12.981791356046324 75.06904936140462
55.89906674020884 58.458210468099935
50.37267564200618 48.51816660296875
36.781658390397 28.15192140409637
98.49582269549018 79.59900710757557
70.76516670969127 33.4821663711262
17.831494337929843 47.11872046691582
77.05741111602825 35.47350149901636
62.47628917440823 55.10281486259825
53.32935588832169 69.7772326514095
53.263880764865426 60.664006922660604
74.58806933132807 24.02644535167794
80.37851497423286 48.529565524869
70.73905895527118 32.29394882488321
84.10569794326672 21.399580274516694
55.765537886838814 52.73207161964031
74.61969936316744 87.08452720207862
73.71138271408661 38.22196435607491
67.08228962733244 53.812260448003954
70.43305359806901 83.84595714328078
97.61562537077805 39.77333933954268
40.17011877216666 60.59331771003025
88.46588373681341 71.63027861059423
83.06004509144661 28.46184176880283
16.999127854515407 37.610151213220966
84.73362024666312 9.467627748823727
22.11815546610373 62.42167446458027
25.452276220992808 73.93875093813894
26.58091946046991 57.59426357338594
39.77200370495297 66.78289225194798
41.105658598560055 93.17756817560905
53.47537519692403 71.01622280687523
3.9029459621702456 47.47912189990906
31.4601800353989 82.77177581022073
11.862698110271674 73.07885635831968
64.87028020075644 50.499035819812576
12.001072899489229 6.037343200396972
58.01322513227347 99.02551235876793
90.1269922535637 29.36118710869109
40.55499490430285 30.782055844612998
31.880884352007953 36.426104120958804
44.23467210019768 63.318799407179085
38.98323975866808 43.010800537742654
13.03562263673067 29.94966965043825
35.71271831491886 83.92680241863033
55.02655384691604 73.16677960451433
38.91195680148157 73.30727971084971
92.51399377910171 85.28612164831405
58.86722613392558 94.92254855452221
38.086019081038344 92.36799125428313
77.0339924505393 92.8528294116828
12.905514010641673 37.465319625751846
75.81562078489132 46.67405089200922
61.9650879809811 40.0750975119036
38.15843086842894 15.181041297765429
63.283916559909926 34.14060345552794
62.179278442597294 10.513234857030218
53.69023049806935 33.1327011449096
23.733181502818212 33.126944876687695
38.09464874235733 0.6984220433844612
38.088771395209044 14.250123241633938
90.52473705902737 7.598539129975279
35.21417166177968 56.31411605629852
96.60188399451923 59.61158730669139
26.48526830972938 63.33885550836869
91.57653175908797 14.444693684227438
