241
91.16822253185927 6.7541139353434865
13.617784396866305 74.93435751417506
60.51640577633142 66.09691794233366
4.016945292124364 15.79313457900129
40.759958481717554 23.69857478141769
37.06177644525194 74.93505236369086
28.92278689625699 8.410789931502084
74.77106431184448 75.435011838906
31.666169308428326 27.976585707348022
99.00793022745769 39.92993421278048
80.03626262132664 77.09219906925077
72.87230349033422 1.876735337216584
68.58066690702917 5.925578157678046
42.881830961875046 35.89880122964091
61.94540498238932 84.66976744284341
49.03917002573831 79.92622181440935
34.72313033651918 20.329960300080174
66.22297308899329 70.26656597095263
19.86290314859871 26.862823300327364
76.08212100162538 12.277770611281225
51.52646338361768 55.68566772475243
33.28667152818539 91.16662471529644
7.389461203440084 46.98750446337715
72.86276614899685 15.89363003064821
30.82788030932948 82.742602608269
24.368861687366483 9.15620240283166
5.574717327962708 55.59767468899559
14.606057560532626 85.49990068418732
23.20008888300694 99.73096088980263
11.184902346358083 39.00142543811268
20.92185569294134 6.559315630874208
15.048805408014221 57.69854490379468
89.25665139808335 35.51095532691452
6.69882819487354 29.6618239594853
1.8806032452205024 48.51457117766558
51.17525530648703 78.14951189697928
45.79274216798914 73.19896409143742
73.93272624338042 82.92065836958714
71.83445625305714 62.19817352130782
11.170315631571182 99.0884779119683
68.2702030934037 92.11537944878671
16.284588984032734 22.643498392910676
24.999064881198585 87.1848961593796
26.56989060183036 62.12518968317281
25.888641398327504 86.80612121228089
56.856368026394144 11.848865038518387
0.307542399845806 63.58091619175967
2.9608337705509524 33.64285270735545
26.590843453772163 58.84130285393642
2.6670509866613568 12.234320995280413
61.95638300819183 39.89475103241982
68.19540906459613 92.84193656893393
18.21382668569881 83.94532257170253
74.23188005848411 99.81410882155134
35.76169727130883 94.17767312494492
94.71610541234035 59.857243348182976
83.85664096160419 2.7766565581027525
48.04355235878529 37.3411452828592
54.90880029807782 22.85964905065374
91.33954306806541 63.617458313787544
85.54782476698641 77.44187575038417
44.59517416682015 40.410431553127765
30.510219461142675 69.805589116131
98.26067461634088 9.364687903525537
99.76786363229505 13.43269538370201
20.61698199726606 26.086268152601345
96.16774243282721 6.873117958704833
41.618712380723665 46.32092067596356
69.69950010871474 43.40460401565791
33.1031892932868 43.050999526988676
54.04500990766793 41.000169378829185
29.9581693932956 51.871743094796706
2.1020349587133946 74.41253028923103
78.65769112714844 32.27917196640543
45.84830011727159 68.56797442399339
22.201768351525686 16.793124490976275
25.27780721177164 13.074836794913015
12.74892312882393 75.23692430896375
23.53112264739177 34.409342767539876
92.85054232924101 89.2801263973442
4.46935892545508 39.13699523662723
18.745383179007813 71.46669325203689
92.03349935281321 84.03062357471855
96.88790409350057 48.41007838376351
20.169597032890984 97.17460205507943
35.09991850879095 31.785035172114707
30.07473897281908 33.15457751116687
45.410899692653764 1.114456817346332
51.018714800177875 6.685736008813315
29.52284271146304 22.23527029142004
56.344737679417044 52.77994808955645
93.31340523341372 0.8099966179599516
1.7520158806986097 41.15712061248996
96.3485156681012 67.11164223830849
27.963049025962437 27.583131875372047
8.01007029933356 88.72639963315345
78.87445946122352 28.81790994394574
54.55383079287881 75.05325864921386
71.76729995066668 38.268493961944415
78.19685512630976 95.73484547866808
46.62309374262602 68.18968174879836
93.74186298637997 3.165355195471109
74.23999718127611 34.50931219649787
36.28305995424821 53.186926202187124
7.659028706181347 99.07299672744342
67.97736496614813 77.41839876103458
30.957740998741535 7.093040285019558
71.63080038660536 47.50682014019425
97.39385803344179 69.1810025843396
22.926057157889236 19.983669385079928
33.10984257951147 70.04486994590347
65.88718635475283 96.71519304617549
6.265082202978611 0.3976810137766851
80.98400463176246 9.755299861818633
13.36345797907983 54.869219983735896
77.02666164752486 68.26273376659218
51.712645058384076 53.916695976444494
21.413732348991466 88.255840022489
39.239060801573245 25.107447886916002
85.41724877516947 17.298434586435963
18.348219733805358 4.390492553772041
10.127310035047355 87.08204204026961
25.031624723141878 90.06839518817826
66.12767307341994 53.30371185238478
93.81595055580796 53.528410277206284
92.59959604394072 4.792506995904988
42.75831373691747 89.36550982303847
61.30620115218919 82.25000100219431
8.850103731472014 96.17192630006373
27.924717391929697 30.152446990221428
87.64963987566333 49.662007791946536
22.861231284019457 9.084778226215972
93.36615637131533 31.70176588831035
56.713977508314194 87.69376632525476
43.484834113684855 99.39680754060181
26.58130366329009 68.55091641801023
5.428683676720858 35.836125820273146
69.20595276494726 52.8086741242624
21.638375814336964 9.906023159546852
87.30232301199969 19.75694591709121
73.7590883167718 67.39896687881868
12.219403072307667 91.09986870811468
20.019684593150878 65.73079408735792
9.47034918326387 29.446939133423555
24.04119781577193 71.97356433216807
26.60275013419967 24.900446321113744
74.29619786786293 57.6682054423584
35.94045439921071 80.91678212832609
22.67507709720995 85.5474238332427
91.70329763068362 76.22685590090123
68.65969826641295 69.61195879995353
8.706520111692196 64.3851595412381
18.664593346581306 86.5692903206539
13.008883921459747 63.808260120387075
33.055381712228815 89.6493618523358
73.34753677900397 0.47279344275117374
17.586047228520187 92.1788565964659
44.85985251868057 14.793988926616153
14.916140844979143 27.61961591177221
85.24625962936439 74.82922573273551
95.11276973636404 2.5983005535133774
35.82692456042016 49.04777074354833
31.312709916181348 86.51453123243051
75.56660876293782 60.348280471382246
21.17142087969168 88.73310392104314
8.022994383501425 26.098621414982603
92.7657954656686 54.8228888465096
72.32380631373272 55.15594399098374
62.09983642675122 2.283547234393135
80.63269462476875 4.514560128999346
88.16281900784368 3.6684669312084917
84.87381172614587 21.451206046813
55.2887289654996 11.784357626415309
63.033835589175006 18.80425365552313
99.27754598402213 40.56528248653065
40.81925727162078 89.95119835509483
22.120814228694762 38.87079460102386
9.95360629927482 29.611637056826357
99.39152215879002 15.188008061836511
85.99672734386348 35.07460783152402
81.98790926585731 40.47645742177024
23.500059610876743 44.695169576313
98.76684992340377 12.043167320233428
91.76568512570404 79.83297384393964
70.79231130361347 77.02928272187734
31.161380375378055 62.04413584872973
6.482457403908837 39.19683262111605
10.167980391640608 74.23098206455543
45.051439603995235 91.11028502148343
10.932762568600795 51.38313555991818
78.28753250888575 58.20903915290825
9.612111843210801 47.96928319483298
59.808617311087666 56.029859361901316
30.891196937181785 48.32490267458967
38.979566887218944 19.96561167669988
6.974110005165091 25.97426359574576
9.387671429925849 43.97174224474032
28.908194827017788 5.386079155877043
26.806959066173285 25.592942437132805
32.959945616760564 88.22832905997224
52.425224148505734 0.8704813967174707
44.0106129612783 59.84128245419058
22.970429294397544 50.76018624408606
38.18309919522335 76.41345281266823
93.17130315398403 76.66855220965012
50.31395598528147 99.33872079145918
5.065254638999505 8.884441372404906
0.6561476635486341 82.15362666400497
59.506774142492446 44.57065549844367
14.852073075148798 18.43501544945734
12.924031913226097 94.68369196813515
20.645899284261894 31.962436056605636
51.75480638955655 19.558980551684634
19.39969642847984 91.77678197302832
22.423597848036525 1.2664886935165764
56.04673158574946 3.5923381835249124
50.823985772540425 46.917261980888114
46.112540304970295 22.002156321967302
9.84524145404847 28.838790546122517
30.936588877459247 71.13168130638806
54.79329855431418 74.98225471581655
57.63495961852437 67.06685575848277
98.3482510342966 88.5640475428212
77.08134224078012 87.68995799636518
8.358090141389907 26.11965993460035
90.61884357885675 59.430357906410926
34.342703141695175 67.11058402235379
39.59581221913504 53.55824547203256
45.97153531417055 25.309578004959032
97.58419241654522 62.63445085852584
49.45877082270593 34.1838465360033
27.366035183855363 61.319109619722525
91.8036193170278 67.22830695548157
55.256882651425784 61.39110110371521
62.14870092882532 73.23100244467676
61.86469628928488 68.22888379233147
62.83341711374922 56.37035919159968
49.265625055812734 64.66261185630255
10.476200398313162 58.34629605655238
12.406928084307268 46.37483350129151
1.8733116829650176 80.18065623629539
