28
97.13945464010692 53.05763447550442
71.84344940179025 46.41710326064798
6.506252235587473 37.77565378778968
99.7890644802505 38.49549775449946
75.44981234368264 86.96492781557315
71.58904084739109 52.365059070235176
11.504814381228535 14.989511707357629
49.28922367828351 98.18463996021553
6.770093824362222 29.069106207072004
70.06034956724207 88.94302303670649
4.125733158150913 47.41871632361878
34.67637609603168 56.75737352142771
96.17101398465093 23.607489712266382
35.69484839362838 55.126781525811694
42.50431024437107 17.239889076270888
95.25987399673862 66.83230460912912
22.591059430531857 27.797741047084912
31.613573768766436 18.573241204495773
40.731497127093405 84.36648099042554
35.950226667522045 26.266647254457155
68.2274660205713 74.77906854270734
65.21965761018049 34.638735578970426
63.22346780700082 15.640458820095704
31.773010683778256 5.011034739838127
0.8218544388074234 70.66834112330187
18.938568213312458 87.58024169087042
67.89248778394192 49.51217044295638
44.75408475841216 16.70270145142183
