204
34.28887114895941 36.60410304569223
82.3134579115708 30.306924492845646
84.21818994350437 60.69159456049644
82.30084632887088 49.56090977975115
93.85833145888803 82.81315618508785
85.9186191912251 46.595072378734606
66.45027251463381 86.96815984447596
39.890481599626405 74.44959108593496
84.49658147525537 84.44362293601141
29.70544676090594 70.25362199359067
25.51489129434068 6.791885216604521
57.754679239461524 13.283795653066067
5.244843464392623 94.45701297486562
13.101052466493035 72.99248498424708
82.33288797623597 17.42969235965771
50.511395321929044 71.30956695733369
48.1318343655212 14.756080944765838
76.53479204854835 54.88961826012964
15.818787191406702 71.8376142975447
21.475914884696333 48.491483831504745
18.046529711928073 80.75282911823572
70.06921672250104 89.65374171974406
2.969069218573528 17.976240531690035
32.30197970884667 94.51702176037242
34.09936203565286 76.3690065430432
54.47828743315287 25.571986237056432
11.051849691194182 38.9981926511006
92.25086053653085 60.64882898255103
32.292953744551646 62.359628569380924
26.202475822182226 35.80687217494829
74.93417048756963 4.512411146641271
0.29637888553649683 52.67281281600875
89.2654116566811 59.62067125860284
58.295719451975735 93.9225095633362
93.72622498808384 94.56347344957912
67.87057321972723 2.144865623960801
79.96142099358721 86.99071183158952
22.34882135279327 82.49192682993777
51.46211305798586 6.8263604078596
40.25676246311411 26.761272581276753
82.64256723471769 33.625581782138504
27.876364544046663 38.93724050962363
82.08092831096843 69.15651390946029
8.301528918348133 48.836168669625856
85.7965951660958 97.8713048481581
29.790428338516318 28.72048735776166
73.5111215100987 49.06035866327731
61.91494794257806 56.65306705858452
72.06481701399278 29.749897012619908
27.675324705362492 9.33927087764932
61.96647823217765 23.59181942548556
92.03739480291733 17.49135252269297
44.01786744336058 30.310376383386295
57.13349855352848 90.59299869352692
51.383764189166435 51.30675716790015
10.729874785287475 99.66045317980958
75.43312034209502 50.2976303520872
15.48447596592717 1.879906692134159
85.41332080951028 49.22998534003638
58.71949263231306 36.27630996652591
49.451703528065025 67.97708037360553
65.41273296276583 95.30902245724776
10.122878693613103 91.09911822699479
58.79542267685104 24.78756003669311
68.25250496404189 72.66647145056136
85.25836535250676 43.04176456125703
66.63777583871952 33.75118481193983
63.349770352325905 65.44081536003875
50.534496010803906 4.4087241982696534
84.07792518912977 23.695463740969437
12.059442914981277 31.0142204279642
93.44366643055157 25.219525956302448
82.41443472174804 68.42065282683497
59.574490963677384 87.29581521350582
27.528506475748216 91.57893369101677
51.75834774081526 56.59915688765811
19.188530660984227 58.01985651789619
34.31250945186807 1.4568492180096149
31.722957975633705 79.44689531501933
77.13664972796099 96.10318210793353
22.274203625375065 17.338743541279044
0.17429821912271493 69.23550536751594
24.885320915361888 55.129556591600114
69.033894293368 81.24616319910561
91.2485296885105 47.404741085653235
75.61709887612834 79.69067687516976
91.16112363904698 45.58370670727431
3.7075321969415653 90.29772356308689
36.91888873671846 71.88140275374745
35.181972891337686 67.8863226997769
10.06322704521737 12.046332441958917
94.58800499171173 38.49020903113375
39.91815359762063 88.68414115675162
41.17474026331816 21.089077749967956
4.000130110995337 16.244204916070004
43.86078270628734 6.2790860656871335
50.784500982143975 67.68356248717069
48.80381449244419 83.5566636087826
16.149883821244902 0.7301449974330021
70.6663036343305 2.2499153985193088
83.51687178714464 32.83633833982423
87.96577705510067 89.21300403140161
55.854956011006664 16.136740139007443
83.07056365188471 21.605765227157146
43.10788018043247 1.2642859455969213
90.10123806320635 4.395788755553475
47.20057041082202 9.458150760301143
42.51226567120901 52.07645755145669
28.83524578724648 9.285019763339374
11.490646489700818 93.00591627681118
25.25117975407912 88.96609002736635
2.8854494919617 7.296227184383863
47.740750238454254 41.512598300234814
79.51034723019436 77.75711900073547
99.85759527490116 77.1662718516882
6.378213002825339 80.94219346384388
5.273117665686766 26.723714035823686
91.72228097059497 76.54587029017156
8.670153282650405 82.96019903271562
3.7503794680728952 39.511868184422326
75.08105033431424 4.930022802771228
80.70772442344094 37.01156093065872
0.23713287005571182 6.999778946915836
42.36588929388381 37.19036352530035
70.65294913245611 46.83731044133482
82.95328676876997 66.00034348358342
36.53320138442203 23.78256127840974
27.26141253537906 75.49588525849416
61.505462218623045 78.5471650621342
28.307629685815915 90.45763918312734
97.54077825548424 51.72178318694449
60.86873235690797 59.24667334282482
65.76352277163699 46.67332901009193
91.88403272188235 64.12221258682726
45.217563378055644 20.774432978766967
90.80651972609067 55.49780394257493
17.426205026857545 54.915897317243534
56.005049453411424 2.1149107901631936
99.91347739172754 60.31931218285354
16.032900185134856 47.45721616501414
48.33305919546288 22.218401074992588
6.523587325871549 64.4472012029825
15.541637457480428 81.29704472981177
69.36343545755769 31.503736551564565
97.61204494078505 69.90480944042069
99.88035482504718 86.9618901478343
62.811740676086444 66.65828675732759
4.404540333019313 1.6079288234569056
31.5061128224538 16.070196326540152
9.560926565696237 92.69053410999307
76.49365526285814 73.77873954774581
42.49549704675074 4.863888902433599
75.12549657148051 47.909851198094266
40.72172296302614 79.75479463879304
16.90453110965253 45.1076510075182
61.03356180101754 23.704986506745172
28.351569003973577 17.836399681764625
2.189893839296486 75.29311833686727
31.029574563345363 28.634481944274338
61.12139103912365 80.42568524216195
25.770085252736042 97.84818347461663
20.902033285993927 15.066371477863271
79.8638550707898 40.47944677813198
76.97866747384244 22.22008245807502
87.63977838512898 95.28712816614824
80.18175741871335 17.210265657351954
27.886340110678454 58.56082635777909
69.63072266971369 76.08610783703679
1.557561721138323 59.704380496951856
97.42965098237819 41.32132311681278
30.371086566965644 35.90067858893349
90.8962048529187 18.557589498008543
34.60044176318024 64.57730258559076
38.43329589021385 30.66039246180774
64.64081792002284 79.22749676908563
59.71447058857269 75.76133284477936
8.271815331498 26.90363162905597
71.18952980570496 98.62821586095367
72.97793145193184 19.952237813527272
77.3174664588487 82.27680341384186
3.849319562468423 3.254933032528262
34.52803290690088 43.48400692888862
74.63002622990435 3.839101644936971
72.38992528443919 32.268044032219144
23.811313552366464 30.10229405021527
41.707995287942 26.507620567939615
41.93394615302897 88.02255290024017
20.520751984391538 90.97647277681969
49.90988220179726 52.210808047309754
84.79093250013659 21.246815477720947
15.762314209923389 46.26113147194687
8.264571001528031 40.35351196816313
71.01549665853825 1.293253361506208
55.56633005436946 87.3882916487649
94.48743723976708 65.64629431280737
11.418929048072378 0.8998059487004384
55.45707902411535 59.214554508353146
33.301864510726645 38.22454248029463
65.75966725868454 39.75568664520228
98.65074966070019 58.50320699777431
94.19421577587164 61.65750053738783
52.01527516163543 16.837311491708352
44.32584703108815 19.005769669121953
3.9302602595888803 22.520402127414187
