256
45.964311110731195 65.58184696826585
86.16561955998495 70.59422981960815
55.699984658026125 86.8820548639958
64.6236483267813 73.22237551804382
34.71547047826882 15.91725440485141
97.3021064302762 93.05479932756823
70.59656391073457 9.713234741486598
7.787222841455888 44.71237916132752
24.05760382636617 80.03490530760348
90.13569497210298 55.466652401382945
88.15900595287081 22.098606840991273
48.145892256741995 45.78143143951643
71.92934585715804 36.07274991261173
67.1641056254326 69.65726972966627
27.497426818245618 43.54764411969266
53.64168007308401 69.2150272622805
40.07245408053153 38.48641188673347
15.020277629304967 55.463727683854344
77.1573478415681 51.048439353796695
24.3282672162491 16.5317304345893
50.57807662117939 50.622790179750986
87.41218877217965 46.10878177902037
34.293333468061235 99.77573718323887
95.5393630534472 37.43010594310908
94.38713562932527 97.91201078969092
13.130344069143597 9.865135023157446
85.77808713945845 13.564751314271096
94.4486385742633 7.5796297657515606
54.78900849609395 19.492301480923434
5.419395114486624 51.517592499696306
8.55333273572757 70.59924316103789
56.85514261787937 1.8837890211775177
44.07151460849713 76.0173162362703
94.96813509355067 98.267645199676
3.3992146192778128 37.65504203721465
28.150998132225503 24.51815980597585
59.68305236868737 75.69715269536815
54.2752874407741 34.09068023229659
11.287808673793066 57.823894548786036
17.696978056087886 24.5808046210115
75.00549212022553 44.00983337908934
94.95335966230957 91.42000750390852
6.149993045439106 62.90213122600288
51.77589263646537 12.23366078470508
71.94345557504643 46.021769666216315
4.80459455496276 37.61102054122083
50.936179649672866 35.88754827891285
58.03438183228059 69.99621758403178
16.311340366370796 64.34028551066258
41.75283423700282 1.5969763100765366
77.22079516560633 25.433697288645252
63.34371845157174 44.43075457020671
15.91846722425414 39.388352166576915
98.28584253263229 41.155743351140885
29.631538362237407 17.089569354805544
43.19282466138471 36.948274903772074
81.39819681393146 82.02163701730682
64.27775267078158 41.88950439542127
37.933678622286514 1.2235769355414816
38.90660768284355 42.91552941837018
17.376614277655722 45.8570809520691
15.211547669992619 69.42393231058327
63.042180571780435 90.13056310349991
29.94335024696295 74.91859986276557
38.53543635032369 79.35619334609893
82.87082129848979 7.3744378427112345
48.282699114146745 21.155547829402632
75.3984208610421 29.261300095756905
37.71157168388362 46.94053053447185
93.15223446632962 52.4203169987453
36.352102932366634 72.27737813438921
85.69839277922414 36.92652706628663
25.093678162776435 11.823293644504318
93.57539921533704 50.73237576531
84.31838173930154 4.799827924793199
43.34695125287795 4.148698299688036
59.82888010485649 78.17393418497622
97.48165479165147 78.82707379911119
9.501212604776066 39.72825504706303
88.37497291018182 22.13919412574058
10.406002339373865 2.096821063279286
27.62436243800652 91.62075355975101
47.88757120685659 80.6214824143144
59.990701035660145 50.93510923690614
97.63992666664898 46.793929712083404
56.094140644976044 40.08295175242695
34.23120271654805 50.36671070497919
68.1485520579707 79.17922915298097
90.3462711604743 73.22556750446881
45.48979213810816 55.621735724509605
73.36863697271221 84.31669752518522
71.43382533200729 82.08602949669074
72.67920696215235 94.48932177684858
36.110231297447946 74.49641487664773
95.26034535836438 19.17996536518928
98.99336246021583 14.840787278841884
6.06213798731231 71.78170196833148
51.89496487662942 87.18264524658643
73.21637339569504 22.44716424982156
23.925264212059638 32.33777134178507
55.058641141107636 36.78230749383694
4.232151848164023 62.9853982102868
58.71972341032438 38.58167506333486
34.20244290263147 83.18286239732959
49.43273188043883 20.171648159605326
84.15562727651135 23.97994282134146
55.81191686238988 60.269207412642615
94.66653999228927 93.98804961185515
92.44846024155376 37.770492363535645
50.05719399347137 86.7903401423461
14.03313215407519 17.14512163351286
24.431626100002646 54.465695207825924
81.84026993073869 9.429315885899525
25.574094766136067 38.475382371008
71.72588176252339 17.372410870927602
22.200361304900472 38.11802758838483
17.211994308971303 54.403070746024525
61.962822661282836 41.08680411814497
42.04195575101469 75.25316933538296
60.19562020582645 49.781457181895675
87.85726066128342 42.30540435305823
80.61826527682524 83.98724015868429
92.87982580842896 0.20481748269350897
43.778401056992166 4.069735118463513
15.17378985876724 52.64587114935867
70.42007700317286 13.030632209695192
24.379111774018426 88.89189258738675
45.266054158913896 6.512450395291891
28.674384469397573 76.21669045271113
70.70079159436041 12.425252133426357
80.27856576828519 83.29156614445978
7.333536235262638 7.212545213575739
88.73478658021631 92.89780979962894
4.740379878079814 45.796487502616756
63.449329122608354 64.09451842652555
9.940182451049218 78.64938433178509
12.07050718338678 21.652675061651706
3.507885645383224 21.195166103872822
70.70667873462529 25.435924811099163
59.09634474872203 32.622213197014105
3.8673198229435934 87.25276590950841
19.91356464063849 62.687585680752775
44.34093357376258 61.70844788865132
76.95516166464832 90.22539228119722
50.05259633310075 11.30272470972502
31.55313969914484 74.57617734957623
42.56747253567005 85.1608729327003
10.179252828581276 56.67743480653505
36.422958028508845 43.652177869895546
2.3120201573272436 91.80135105951227
85.67376088003384 1.6343471680471788
75.86172331603724 82.31215204259897
3.000330601047252 14.548453500972226
1.924642793322695 77.39243203584894
17.114041350268206 42.53706730262874
66.47636915581775 71.99191570110854
46.69889330223877 89.94499356068357
6.336253001805714 70.96563605203701
79.80196300768374 61.962594482957186
74.97384918636119 19.558464772001848
41.41344986437206 64.09910996330692
93.03304847195221 82.25367157106474
47.465478923989544 99.54281148940372
87.78751873029044 17.487968594989812
21.935075895969945 17.132394159385644
29.521032888996157 93.7007836748493
46.53731185976516 13.045756870512282
72.99325939333968 18.323943868220994
75.7557619339755 53.93647110286317
99.30483167388437 63.17427277166634
9.344530039946852 3.903365164874517
98.08542583896946 19.80152900830837
14.87337531871107 57.47934793665427
66.874349225704 11.925593518421318
73.087852380947 76.14102924693115
23.000919745381452 86.08152864135195
7.649302615230447 77.89202631844377
69.36734948757592 19.66444088065593
68.6033313409424 36.80729875668683
35.79660114616955 83.18829797078826
77.46381452411087 52.337241926081454
9.204607824906052 80.06598191319945
74.95446389944537 59.460888801255216
71.56188737177983 98.75936472446446
56.12410773822314 12.67258316098675
17.03245527261592 13.102935338228583
46.17136456149416 87.26388440736817
67.28178593686432 50.9716620015278
72.558847972507 41.37963036270536
17.266050963681923 78.58161129840727
40.850016213047425 57.43638444421294
92.56358110913577 73.4457161156713
2.744142724215881 97.04367348548013
58.43241411504688 15.211361054983607
58.24777595838714 14.2964662761207
89.20836190217831 8.364192445002628
60.884803419749765 58.89646571947665
41.1923536751424 57.32386476590365
21.36307617507801 75.05682827946558
36.99454390758255 84.92403244325936
60.35363227138443 14.253568908840164
79.992362251337 12.932682220952607
98.52238644067425 45.812979456589076
20.191212230457623 12.461419853707268
36.294827425145705 91.26376005627988
81.9907536482789 31.884324680409758
96.96775582222948 36.02079768112767
93.06228808647631 84.17710409753697
96.62053321663342 76.86208088821532
21.67725588881502 4.770953491042851
19.034347049947954 28.002244558869172
6.799032417350192 80.93497396068955
90.28655900192503 40.51967310252912
47.52599441308981 32.39450508606524
47.01062585265806 30.957823797955864
18.646249777322986 32.14525636331583
94.30614495712787 14.80142259753513
88.82154157876457 35.41110559637829
32.58873628003802 44.020901347658715
61.40773937647459 1.8962307512839893
51.11568200879958 29.234106765250257
27.31018743859043 6.485824825205433
21.354671471822073 75.76294043484164
95.19737771615479 23.837142267542287
11.080343865235498 15.372964844008585
13.983206809896165 87.27435781474703
11.603592547606457 83.42469025633864
62.83200997422893 2.15571025182526
63.44043700050026 60.11646596999872
95.84320163121114 10.259226055117432
19.612772387457543 53.051682031311344
10.669484139981456 97.27451475669572
87.1563230100743 34.38076681055365
93.03154983504822 22.630245802225847
99.54777052213657 34.1426291472135
73.43824709234218 59.76719435401458
21.771831160984277 24.32722721836077
18.43734019948533 84.0608407433585
21.41302674771942 43.51699939376598
84.69173511273641 48.77098530647736
7.060692888092801 16.564213328622955
66.46043297367574 1.5286111920291168
52.24310340733519 56.399047085756
96.71140440892907 54.66760271126893
66.04756743721602 37.75651430366289
46.73687966962683 21.405665060420397
76.49573469846366 20.082146735362237
80.28176393712005 3.3330448857850636
62.677504229080284 47.23746729870546
98.21784474751011 34.15142148823887
74.27570902959724 58.732703666212124
23.479534997941485 94.70810013783455
13.966248859083564 29.348182713445492
87.643784208533 33.566742136257155
48.787238387522514 72.59025600871763
50.52798818916408 15.59568702376839
