253
35.781936041830555 1.7327249749431672
86.51958432940111 95.81078966794078
78.28133995236405 88.20548932941784
2.055103877619635 86.17890186551328
14.517256254981037 41.79031786869155
4.57236790073704 19.583072373300293
5.8208912246063615 83.97252912445143
72.57289246017021 48.57794951270961
93.70895788539075 96.73378115527109
31.68714912325775 60.66548760217876
15.600859200647598 89.60494497408085
9.799819204498938 27.033124861811054
75.69796545264808 17.542373304101645
85.16787814308151 59.18839281198763
35.975741024941556 23.570325103471824
84.45161993273358 57.678421455696174
64.29477884350318 34.06394659726592
40.15627396223075 93.7348146931593
68.36936685354486 2.664249169408861
83.06257849207535 22.463672756209906
76.28005756815679 26.943259216383787
29.47376472089672 95.59228848785088
37.99840776090733 84.76140387961392
6.60020751978736 66.40987783772202
96.36041447782151 33.82757667238363
74.60517628013221 78.46907077765059
79.13997490350589 6.519601100067196
87.40204583421406 72.95077158512801
49.192177241030876 36.40120991113246
96.58502730699608 0.4241528825296714
72.4621782224427 62.55963935531534
16.131477421731823 5.472503446061561
93.87338163325428 98.77364178616226
56.90282556797423 61.71747784083006
75.27139599369865 13.75297196406937
19.575833123979248 20.710098221449158
0.33930057445464845 45.28531853258978
72.87972797150479 53.20770875452128
55.79282208372326 22.32549058948834
50.06411620303548 65.81953270189621
1.701832222976185 15.86005153183061
94.36771710406892 83.6650838938953
70.24503028793585 68.53275603698404
63.50209848010241 47.68818486153119
69.22814734949918 47.618700457648636
31.750263016858547 40.81529241980565
83.8501063038577 86.0666022463874
26.250073431821498 72.26468333712933
16.13739691189251 23.753614064697327
20.658863289358 79.98023384716404
31.785517395895823 0.9524973352573851
30.828060411031665 6.975191607429821
58.38844585318007 25.340029776289242
69.88188801864189 34.64302541218118
66.85914145646748 11.546339780788827
88.6491472815352 85.83862303850456
85.31242863222495 23.60122206422348
94.11391283011086 30.70594387072807
55.32291181860195 76.9285800656564
81.477020789001 35.48657037432454
1.869108784563811 52.165855811103825
52.60649013544986 72.63635606142222
67.31591587424586 81.5431151378785
74.13988381848739 23.60641668152157
10.231015444812709 67.02621384980961
13.625760010767829 48.56650963017909
36.90805006517846 73.75120862149778
63.758558876161985 99.33270929891228
87.15840722682763 27.93211549382021
73.20754273749768 43.34381661381853
44.22478473741081 11.682601503166524
59.775470865822086 49.533442527476154
99.9609477148765 49.52821002333204
78.64463713597468 8.3937587972292
22.084202095060558 35.74181625499568
90.74505294905649 8.96933515750764
96.84308217324941 81.2517546299015
28.820557017698945 99.11036896873597
36.552890392542444 55.45595636142223
0.23920460590718395 72.46220041160264
43.32102028640236 76.75255771532643
71.29517785374678 21.897212455713866
20.210338679726704 86.0397806047277
85.98266604040032 98.96172774870853
7.474622760377036 49.263233552070254
3.210372075007406 97.44170735476564
65.37275648683709 2.112080807860328
55.609376208110774 97.03913047350574
45.78511837888383 67.83610916254077
65.92536247315155 11.0999062157358
25.190024032504375 54.4931262233875
35.43106840138922 47.71634582855781
87.53517676754124 35.40949199818619
3.2432997326034774 30.116270055989915
23.568520898380086 88.84210233802503
85.28162268141214 99.93028100487021
19.598789150243125 64.88527867656715
65.36177824950677 12.16261818449781
34.24034824336876 75.72377483296934
89.95754186158221 42.24227894062289
5.631868200963098 26.56270291180711
15.67626386488139 70.47008431485204
99.65770617255949 23.38015013798277
31.264166779984404 46.573749057581594
4.491912487952465 48.547046126929295
57.03945963789803 43.64074216571938
52.858939993553946 24.4687561475016
9.999307588490625 41.0777994621392
67.98384519599097 26.7361182672862
64.11631957567478 69.51273205951601
85.04133548923049 35.209096690828886
10.888059917099858 20.67443141123021
48.910348610674184 75.93235826138441
48.473339456938525 40.46668188904088
85.8629695697666 51.01957280294999
43.14587546988934 42.97429619527085
40.37551538452846 7.206069671415094
46.32408922302369 27.668838597745626
95.60575376119353 5.841518757027386
83.875487086663 0.4810115206741794
49.04265389328594 13.785010698799827
7.632966106307448 38.979909283231386
86.2895874796747 73.5491595249877
65.46339787486862 61.79499112123268
70.3774298436315 81.4198355970287
87.08793076994709 65.92152850961449
67.6206911821972 80.619870765105
11.515768478617606 83.24986558850591
94.9395700680208 69.2689963170212
80.31458174719455 65.81438111171215
93.33153978906437 7.496391448369366
24.743441971824996 59.28437158327689
65.83001865234364 12.916800015614305
62.46969170007033 38.09204293971209
88.96377951553903 35.13026913892456
4.999961238884709 84.0785396144997
52.244311480554614 36.409849837938204
6.250105165462861 47.25467171340324
50.65912749113926 18.439120773597217
49.93602722183734 19.440602356605897
11.37921885067833 24.79724455055138
68.91005473270013 96.1876029248543
15.551941264915413 79.77822657307247
48.43574072370307 39.767642455985474
79.40229242332248 68.22189807113462
5.067864953376899 73.64146042918873
62.55044092119299 35.66360135847155
24.942551022375227 16.57159250500586
0.2480866563693951 3.1341274090146642
83.16613536055269 76.60855753241422
15.328173845654403 17.66358716978441
68.45567344791561 99.14310882118791
46.34721322702822 79.42304383758167
38.21485981214329 25.47980841870765
89.65395978519342 67.4818623568775
40.300077218799856 77.01157573629315
77.51534189723161 73.32111952528739
24.701019697593917 27.537310947357675
0.7186401112463159 21.789721001776442
0.6875750426841187 98.64169322835689
42.70470853119672 41.78413121551937
67.08238915270847 58.086939310998275
55.427232417534576 3.1281842117683034
18.362850120161333 49.63320510241992
10.170429808557325 5.255394405795178
70.00291126168668 72.32659874441111
47.3551157455121 6.07866617887457
67.39681624845161 42.30641878495366
8.831271017988417 73.40090231463114
55.275492284415606 50.50583272794885
93.88962760607275 84.89523690507305
58.10739306514847 54.27938894594894
77.34760496997148 97.49969838094778
44.34583823665152 26.402278706721628
49.46803578708819 75.25186496320254
86.92114953921275 95.46858394275178
41.839381458013506 13.464564708214443
91.4095754194278 13.170372641334605
17.266771660340563 55.15875245958741
6.2570354029140685 72.63013261805261
27.563529091784645 3.420038535284009
91.84069621920486 38.435712071469354
56.808192730527196 18.567375366611415
75.4822550603487 36.43134264865087
59.3408493306052 31.103685382900636
90.4654938901404 92.25286971838781
6.293369044204589 49.3414235214344
26.376355787011107 90.86350001184178
18.326362115265095 94.0222679099291
3.647056240208002 34.72386892817594
6.98971070745682 73.38628425024397
21.80551351692359 50.042847974583296
23.136610256401624 95.29764463182694
38.462470958998864 8.84223928735992
36.15058820662323 89.8791170282371
89.09588523388584 42.615740856675025
47.82567248708843 25.606642641329213
94.87234436335697 63.46195306917686
41.14623434835377 82.98401693046267
26.200102835086568 53.8108287817756
79.84273127055287 88.95558373867239
90.28257504209287 0.8023038144124972
47.938893305071986 91.74083758749714
95.49046399023653 54.12755879294784
65.26340984745343 53.017959035656105
29.134885974979106 96.76236521273323
80.13116485362603 40.32037609349241
6.63828362728045 14.741166140098239
30.305361122376794 35.08855096028216
14.982010639153875 4.703033977408455
80.81482996709059 80.63941839625376
50.924799976846415 9.66909721221464
27.51728891337851 79.91305194894368
59.58323468699596 73.82017134712508
86.48035136783797 48.12753196751059
5.273164387344509 85.9120144393423
27.066265009602063 18.291651588279844
18.925605738913585 36.68295581207296
31.943482494466313 27.678892769681617
35.92286918413351 74.82550766200437
89.53451125014897 72.56151253145897
36.59712111594777 20.598506244745995
73.32295396276105 28.826134314155127
56.89593258062061 74.08374660298591
44.4842095299141 7.948122792420964
37.90774994768336 82.74254800536053
99.06240779578819 96.36967245934193
40.602931086045615 0.8592278989545621
66.378266648807 62.848345117206264
26.15534872056736 47.75037830477464
99.26158748723265 58.78898364117501
77.74841464713957 51.76365924227152
68.87943626476333 65.94606294270622
72.90743100667218 31.547276918008237
70.7269514774053 85.78983692466474
44.07328645961287 28.28720376054249
2.628644245682188 8.124013152837062
10.094119995644512 8.063294235546314
19.03016283535465 37.27231163642012
45.421358216027265 94.38579372727082
19.08839978852771 39.98217179484782
35.21689981552986 46.04259762304249
42.80082830983547 74.44140142132176
34.76814028158945 65.83787847411328
69.25652749405697 12.918542705117385
23.044903177895428 20.460102451480612
28.2101406599088 83.91174484169053
27.490860211174017 93.79916675969167
67.42485260397424 57.711975450814826
79.34350774661264 17.65669467081358
96.28257046221394 25.83316251555595
78.92454939755102 56.11471951239889
63.36840455234957 68.27046202097077
