270
4.989250016525704 98.04076348994086
25.991208710657475 34.72415854012918
91.63120485780145 54.48865390244091
97.25467712798266 0.4037480434348373
46.00842040918377 87.21651155805452
99.60941088436753 32.720204929438026
71.22082601961272 67.54603220770954
14.675001379800268 94.70388316344717
37.751022007333965 74.40368444164864
74.63642254589138 78.30010478673682
83.11538763984265 43.935316234713554
34.066766759981334 72.64068922303298
63.33483837836316 12.507902088728018
50.93104392835275 91.84690252625624
60.53127918347604 69.16391632701621
68.53822640784686 39.52482118648328
57.56095587061868 56.106025727042464
70.84498018345549 3.8351918075103852
85.33035236502423 1.9930529616967063
29.06332984274679 35.61261703641099
81.94409416897301 24.884464786953387
31.724333971575412 46.90870053250033
47.23204654597441 25.30579629803764
60.754813825176214 38.16748096570651
91.25387740773688 74.26166840776706
27.150691934513148 8.757516031034518
13.607047593286126 75.80928839715351
86.71333386985978 63.14244501865821
62.45625648542264 13.493948476075769
83.94918897967025 25.45387854729453
64.34553763881351 73.62018607839276
31.552937028537453 93.7460654303412
63.74839961580202 32.242180757454875
32.67727705492695 0.04964952376671494
6.228080344063458 79.27221107626448
87.2425381409626 46.783239268625195
55.66263547980055 57.211876199287246
36.00889405396368 95.55228428686452
62.6902755353253 10.958326535320218
85.52857363200403 38.881248213074116
93.73966051412816 75.94911509558749
60.27281654650199 23.562489083335436
68.42448708212588 0.11427902580544158
96.3796512544313 23.341539566642368
13.200496858633814 67.74531332325459
42.07367761823 79.54345135327746
74.87842241532499 2.487124214350933
7.574754058759192 54.21124547618583
93.17162448011695 89.23052646006596
23.074986673283348 97.32728774560707
54.234794240518724 38.88344004372063
86.53898378466447 13.84405723553468
69.80109881256892 36.605742041041644
25.46076969389075 80.51673837230928
25.066017787524387 68.35986840396504
56.11887706655234 12.825656671710906
37.8052948781299 47.91629502714192
91.35784285040897 77.63921032287384
62.411093147457194 67.38070884168232
95.38624097785078 36.445055760617784
17.612956666748925 15.255792865426077
20.197286627998434 42.742531704380745
21.42409385859141 51.586491776945245
81.34267915115744 52.797374727218646
48.01977955518269 20.407466684275477
26.625792168347918 69.8913723495878
34.88815797933391 74.1298270282313
32.83609366317569 92.12759905928971
68.20569034386872 7.375923446741162
30.20460417143799 79.03377755576497
41.02575968603877 66.93680814326014
67.15892755375438 92.12353396763991
73.0211098259726 82.41470779773104
93.16442233693694 83.60104917830414
86.29915652110114 76.27719645719469
88.3013616219074 94.76355598353643
63.674852734252894 5.6943713093543185
96.97758133622901 35.623867254763795
27.832547760727255 18.57042137274415
13.963171125874785 60.11375237387393
70.3949839235256 49.792101634634925
71.18675516906215 8.246777128651605
80.73557631723162 49.76940730134304
20.740466766866128 3.049717708699129
98.31606362733103 47.26680957561737
26.5364201833169 48.79158590387974
0.22059318337555034 96.24904427002208
87.64290625585987 55.65524315462462
33.668125536073546 21.484012571611068
44.16913210309392 81.09446221898315
51.538342452685896 0.9359153020336297
68.260160984833 72.65687997508873
46.824299563082704 21.680477216433047
93.89256060840351 45.17102739287322
4.933085400720749 68.82401106110431
9.64875886723875 50.91020544145667
61.59131985171925 6.389050603038971
49.374271406532635 17.756714124914552
70.36458193503017 76.50300949617132
22.540466564255247 3.9910660401999087
30.1135265643391 99.7595036140041
14.436720217381838 91.44658010059501
14.10006509864199 17.62529677439828
10.545806120332358 6.351774330481808
79.91350343200523 80.3278055059036
6.592409033726887 39.93970882171456
44.036077205272605 74.15017913685942
38.48850218469879 58.34847566397369
97.48667618162771 43.05768798209962
25.956035363616603 91.38828371907502
97.38155946325881 96.04265070681495
78.87344741072233 40.461999518863465
82.22216610191008 30.054871735670652
46.37145721938146 31.754034179916314
91.24960873500049 77.5066535652004
6.035315431067789 76.07012266015842
54.00219336180785 83.30538102721322
66.03842637461511 24.73158628095895
25.705012303368257 15.365633328288709
52.26662946123191 27.9968337083094
20.591383986901434 57.97017236188423
35.20396155854388 84.78140170470041
89.19201440480364 53.89268694258568
47.91659076854808 8.589931497731907
51.206262600077835 29.983295726649615
70.60065671888417 15.837545836041256
34.19334713395528 40.92341669627635
97.47399655754941 84.28955889044369
89.35808499020038 78.4634252083456
24.838875815303062 23.006736979855535
68.40517164641791 22.9366450909962
69.52767784136564 9.970583010037837
97.22615199061974 12.90361918493389
24.656223699582856 59.17375239871354
87.9614826541883 26.278252100399225
60.51584203572485 15.387871437781865
65.42165238819315 78.52026094205982
55.444493042224806 77.33295020106816
32.172832411527516 49.143254120680965
1.977319237644648 71.05767204118418
15.631559326092791 79.45629541352672
87.51659103478477 60.85687360208234
80.28657183674778 10.393543833241681
23.488151880061693 6.232802336028209
7.602969532017967 43.051342214354115
97.77100878900642 18.070925110874768
68.87426743611928 23.598831813599407
23.08226506062965 42.6276066769556
61.40014110652765 18.058821175074858
94.16600740281775 30.458256930837535
78.19436397077993 47.944694089204646
84.17885268438125 0.8061777297139416
87.50252886807706 66.33534827174327
66.95843622671083 91.57784297963516
69.68642622657313 11.33783473260288
88.96690474402074 74.78626801236078
42.96172089493072 44.267763676354534
82.57498587619718 32.30892528374364
69.28536575472883 97.93455878482945
21.131352460385923 71.21851622323425
17.811327431238176 11.56667433805737
36.26082296357128 35.27238979474131
36.73464662883114 44.805578702092774
86.23606851840377 35.6956118799615
1.0946247476641857 66.07505688361755
28.44690347935267 55.39518420753716
3.8303768159658746 29.35924870505605
1.3002648935857009 88.05513543399995
94.43420041555882 34.19183623669536
26.09120206467226 7.885443820160476
52.00633448808231 32.303356821757
15.055611972420213 17.049910643385815
85.71387968740372 29.40936951757228
86.51792733943947 59.63847748636899
97.41328509228893 17.005828993081963
55.65021177690229 62.49113386997244
51.7939897233472 84.07460022427135
30.76010780407139 67.6141264718062
77.78723366055246 50.41690981563356
93.06104796490548 3.4028481661308563
61.75868393885396 95.46206307158619
23.243148915522827 14.24704929737991
5.216657400005953 77.75233237833648
18.84501355475454 47.26531588265473
17.582876173406603 87.88330602644395
25.001728710246475 61.14924466082944
53.281778953559275 7.319045914034017
49.1648326134546 82.65182345491479
13.642380123113906 90.04065654532893
29.673915823529807 20.39940233793356
15.120689816251442 96.42794623839531
95.72703530629636 84.81282694271425
23.173201277637034 80.34721126432693
32.900155751454655 64.40807965709143
15.43436914540286 99.12493714145465
33.991087226921614 82.3765708461189
14.97554091003842 85.29062765926953
55.84122689993575 21.85651991602183
19.03862434886937 35.90455992213488
46.06922909855564 60.92332784297796
77.59684070562486 76.4496966269882
70.39791852827112 20.349185286235393
54.2317011733596 24.413930542452466
33.61156013541119 35.978604115937266
1.7340092870289592 9.334185557578255
43.74812627714179 55.70553800414563
7.565065276938854 52.4638103616441
14.577008713569906 29.19620918541278
56.88783943176951 68.34377041436179
85.15510823974805 88.16634238546524
59.18151235302974 39.902687911872114
42.785245553760554 37.02043126035187
43.63929072818307 57.3541801779068
39.45867105759565 28.05924560932884
32.97893714330272 34.53573940039227
52.10506629817677 22.850135999953924
75.34950893167243 25.88887102460795
14.360552081032353 18.050979128706125
24.49060985232936 78.93149205930146
18.213375009967937 29.488574103079923
40.39427653368839 17.970422878574567
55.91031419498728 71.80847291021658
35.212514768057055 83.44046094238632
74.002199800004 50.981276487057755
66.74717450433458 20.060134656328287
10.092336152800641 92.70095750093151
24.976480885197173 23.478035852705503
53.27923042197593 82.78347712343705
40.15207296039138 38.01316688350004
68.3859013731048 7.631525922622995
82.65345765819485 65.43759339260167
36.29694297104705 28.126924004967435
85.68418929955328 3.3612738462037717
20.941459665112173 28.934834875888647
93.95110503479967 60.334095559635294
72.54526434320522 2.3395618161977327
22.805019112497472 97.22149813292737
54.815829057686685 98.62027656308082
56.44983552624462 35.709402328662335
67.74316517336605 15.730991242417158
26.777802564168752 74.6518075707451
73.78833932088013 23.503531567710688
64.49573982219505 69.44295216382852
15.641030294953772 41.2041074999104
50.96446081804004 17.44439393276164
66.14379875871853 40.28240359077038
19.680083210818378 21.988447403685797
42.080180995428464 41.37332975466293
45.76538095719984 57.56131389163299
18.788444141660488 26.899666419555402
11.553827182465781 65.87812446981671
88.59398240147799 14.940764960133968
52.22535457058718 34.46674056375733
77.72909106930909 90.21701678826709
46.912319805844284 74.28559736228945
58.71449601508175 63.351892415524816
44.28645543584175 22.33852493928389
55.058916110396794 28.949368212804938
89.79352570352323 33.76571833784987
46.964236197541865 69.32480985437518
71.33584152073816 78.67834125755107
94.52070805118427 51.99866168147563
83.05176732615479 93.83639638781762
83.49670606054556 92.18055758289407
95.16415183342369 57.42261368752062
70.97641751019793 18.29940377086362
84.08923859641675 47.18918721747832
20.451819162556685 97.01867717691151
0.7767526860856688 56.78251817837071
71.93284123085877 62.15558125083277
