231
81.64839715962367 15.016368704413807
5.328664373566639 38.04675609384019
87.45435755422648 43.50301095789567
52.80405834012761 20.579993828211983
67.43623528373978 8.34130878321372
1.4141054182538415 14.52150194146128
78.64968735478372 63.770479662853184
93.35416715045808 13.39953440779923
66.64172658932337 74.6509903728996
99.78510691225839 26.833411307577638
28.861501696255544 96.26746758845002
96.26245578697355 98.54016043998138
70.42757018690047 25.37995004955024
80.06322793706106 44.808350892817785
54.26874984476836 15.581575810935
95.79418322756872 84.17936934311759
51.48086233600172 5.8912808161101555
52.22618995851956 67.75762505123775
95.01690367589204 82.42695487266782
14.037172279826427 62.66112561144903
63.85782819421896 39.276603726728055
58.53613529330436 54.764964400450545
72.92961703052416 12.916763929455943
72.04233824111698 60.72035080376273
8.253447303215566 8.722991650577615
38.09036051243693 26.668889914210368
78.62197513875171 12.297254994342943
38.01235191304797 39.950289210234246
6.104661859383764 19.264696588890363
77.17266481820857 16.29237219454457
59.92717239266192 80.61257019704742
31.508214515418366 7.908253681627963
64.88649511722531 8.768875631176986
46.91651557534069 29.38592242479632
58.82284363193455 65.4445366111116
60.61298529450533 98.70901218646962
93.82251498554149 25.179959909599404
99.99472692153239 5.409759316317874
63.82922493158405 87.41585884591127
99.94527019815197 82.3109087357833
63.08651503103572 92.26958690542664
76.06133408727463 66.22756866765188
16.108620590476587 81.13446667889653
34.88231295511016 5.031482473375171
88.66317486135627 11.24908357855664
65.75756271396 75.47554823841232
36.607958028668655 36.43328155877962
73.40378712954403 18.858193007922353
40.62381048271462 22.146621530836118
52.38039046828632 44.82111827352452
67.08739077764689 66.0776555882213
67.08177082478257 56.7971528288347
30.866418004609887 86.43562677585872
27.96584792357184 67.29646585428195
99.86770026835076 80.55353636444066
31.745764179691715 64.89826705608485
15.89506514730521 76.79595721746634
58.928457171277635 40.36638041049939
97.49194825319707 57.81321445655171
8.8180499455367 89.28610774012347
33.37557002423645 39.160357217761664
47.09530348220149 83.541239495483
17.913647682586443 61.392168386376454
4.905283664693306 80.46123563066936
41.22338925037518 86.67639552093355
84.45176709973461 90.12573677430589
77.86664214900216 81.16941584396939
4.236135226720394 56.94020492459012
89.82211239943514 69.24612484855679
66.62225227075797 96.02655637424556
57.674865606014194 0.8557527507927043
37.3705174945288 5.81850773690612
57.75365210395239 69.07351810731768
11.133244212547256 2.0544232315441113
60.32864075320804 63.37606222551406
98.48171009943381 95.13301784494624
46.8856913716851 35.60911240260661
74.41939629896413 69.5122536553346
73.84328746965002 11.480347271755054
48.453702004921176 22.232639109794448
65.35336271705377 9.8186146343483
93.9112559680673 80.22757159148894
78.79870635837682 56.95885377792086
13.110596626786563 22.262979814336305
46.94257470874066 59.449824941444184
51.950587071467034 27.228216025109774
13.635492806500448 20.00132626538115
23.227844305475198 81.81676519954651
35.22899122169293 75.30725210503435
10.098860363257367 64.08904232919619
0.16075927405651003 93.5987147327611
87.4759564121134 60.11833943387603
75.97470616478972 65.79379277803878
51.73485810210785 95.6920747432319
93.1692920303979 97.6088313802926
22.381675918915313 78.16713329092198
15.571224284860651 96.02759824005152
22.175927560788388 77.56084135320064
20.547929914593865 21.364070663641076
34.34360554960823 70.40840535709702
16.538526000773334 45.06161549265486
46.98372800346598 22.11719949396199
12.438601712162079 28.690020988397492
90.67297774895981 38.87818466016417
87.87742822414674 29.39214317944201
91.1101047650686 82.32061126017145
88.04965021089276 69.63413965626683
26.781101733223977 4.942319637692227
32.2666281841109 58.48126081671967
58.47479957705768 30.632357120828768
72.18540336382499 70.73194628870615
71.26577005342054 33.44416648234729
10.576952951210462 22.919946588469564
52.113577319588344 15.830804481666627
18.438390368294332 63.545557148358775
30.81594748352915 85.04482470209528
95.41823328110097 70.6250690682095
59.09228515471919 64.1033665053169
77.59467445164992 18.510106692338056
9.369919459748544 47.691256629134884
73.6684714934362 52.281514668774285
54.94775095362676 0.8099901654860964
27.333790947403347 9.560057453825921
43.832675123693676 92.18154656961019
34.75074435316184 10.30792135510119
87.15001789886317 83.51158502592041
28.976365654605363 32.29510004564069
32.53144577223331 26.91286501293525
35.027760660511746 30.87181566542948
45.293487559842085 92.66887842211226
26.82494653600348 21.708370613697745
66.65349968562974 27.321157298177667
82.78809257992897 0.8593165481082465
60.42881302245379 51.82177869011038
92.23450194491944 95.06786106190184
44.21859800253331 79.3364271514027
0.4823056450813934 67.33095455058437
69.29818682090223 78.41533132609155
60.85342308924632 99.23025207375284
38.47358389788096 67.71875980602904
8.232091266818253 53.51862233354513
19.622423984357884 36.34291977492053
39.271397906814265 2.9975030779878398
22.476318942672478 20.398284629851116
76.28938687437183 94.64183984240032
48.79655312426965 37.34675796922602
24.230299227458076 39.76245715967354
84.2391794331693 22.434806360759918
15.565320203721122 30.24424947719021
2.8665545178683027 68.72362261923747
81.24054704790478 53.38831407396749
57.39416500871696 14.184921113225046
0.8746089545416003 38.64061019820015
20.46322461589012 78.20201193509165
86.72417433133953 6.258941251151418
20.237239887557447 88.53145297908404
27.340092812014426 84.58066804934676
39.75919690700004 64.45944866361734
67.7709446692457 55.22835926659124
76.35681806633184 5.722018862292044
57.251830224443346 71.00955061406081
54.80113228971805 26.780384741292806
59.521506806894486 87.02680435561506
11.531950521926637 94.59260919215447
15.953420252158313 55.991195784685054
31.108765308083886 73.20214056214023
5.992081321770815 62.03220473750658
67.92285193299293 9.35144891108104
8.022382087787872 79.09516777731415
11.844315519036774 99.56515646266068
14.691134908999913 52.58901930220466
19.074884681133863 44.863407494108145
97.44680774697609 70.04414693306464
49.018711054165706 83.72247363942142
55.681362732566505 93.25385210541702
71.35364065739822 76.48199324072613
46.49906386835435 31.806248588924124
32.22352542354786 36.520059658581914
72.14420346808684 70.80696047882647
53.01987356240813 98.10181567132986
92.63685873090301 9.473764889438751
40.52942567761024 11.817972577813695
38.33008362636707 44.87311879042677
94.12508204364288 12.997301708719577
30.343061261115988 96.090476900175
81.75464759554797 92.2810518166579
23.860065764797866 4.908819669514086
32.67656037808408 53.0654354546847
34.74462805536975 72.1590237485679
9.982135418617888 88.1672821384912
88.18593976939437 94.3287981440431
63.70636727406509 47.35525323988669
24.108205417016993 93.70993323196338
85.81496879913463 58.2968491915469
53.647052146866706 67.69764624888161
46.35222702939733 85.25913548182598
83.08418383347586 25.306558123986576
6.855392269566929 1.2717550969713942
67.31989106802962 54.41638478402897
31.449186600032984 69.3508573664772
57.88273710716301 11.328493545802498
34.1966747403597 94.81303386237984
42.690650666967734 6.438572892513639
79.22250642714597 60.74876229878444
28.17727453881188 74.8740905486771
2.585028692061042 28.592027046109358
5.41417742733068 29.573375580696748
71.29344533932792 1.0577645097398558
39.78573206574 87.25127371022057
48.362040124051155 22.50664872307612
17.462882811445567 54.50734727647484
91.59634505438888 8.778879671930673
81.21764118089155 10.988472681622131
64.57806910402792 75.55266219394903
6.414684563742979 58.405856675244
95.36376201360939 39.06145410980658
57.14204400696751 88.32982262675095
35.923063147076014 44.481136524980116
67.97766957711679 23.03601519039503
76.16165084951328 33.68142808400262
4.972471198136274 83.36353510252025
79.76989215150024 23.190881810713414
60.11583957879234 14.570833227269564
90.82005690555926 18.624009958309905
73.85680725702109 48.49978685976931
69.63626855655839 60.588084115083404
9.138706819485698 57.594140462400766
95.9406436625366 65.14245776029979
9.587703380954625 27.51573395206719
65.87073594911324 89.71424723236379
51.25332143463195 3.4674392255179765
