264
38.73295228252973 42.80569011476329
66.27079246105765 8.868962995593998
61.72435437378307 82.14121001422667
75.37565442446069 37.7597627431126
23.87769533563484 84.21394452254532
27.17247057043807 75.03384852160376
23.195815600803893 91.57154855934957
71.33135364140244 70.86599705236016
13.525656361062277 91.51415547660497
10.00308239399519 81.08455185910464
94.54411149547907 59.34973709764226
28.724384933615354 63.54326126595529
93.29670724859882 80.8793808253628
82.89171583189845 12.335098505653708
69.42991002269969 50.57683193451064
42.51956505265264 9.260059983142598
5.154618320823046 22.41209441136117
33.41782626362723 45.092434985644694
15.271499128544153 78.14911494399665
51.11074075030135 32.721799644835215
92.17568805469585 69.56215803276329
62.86175283468302 84.44868712034996
61.758843427490284 1.270732237448935
85.42779026085314 69.90800023641374
95.21055859695366 23.59993688584481
22.22901721982351 23.846031461477203
8.874758377561133 65.48444009385823
66.65614772062924 32.45891341689497
85.64721004593015 95.68074368659694
94.44672496499669 54.809706275580794
36.40076354606532 98.18970060427921
58.54393558755425 79.2070758718422
0.5318922095637557 72.21971907175157
66.91137353811442 9.120492803375269
44.78132516273162 87.23211405130843
52.58676098330175 38.61452923056966
21.94717767953105 1.479811751890181
31.215191832691957 76.53382190420078
49.506861260934045 95.06098228754114
30.741155803437547 57.147831581085626
49.9467876078822 4.774671706829137
76.36188672650607 14.793626305408935
45.958749511722644 38.662802466464676
45.666507079694426 62.086065278141724
14.47153694503658 0.6984786257659414
69.63268869433469 62.45423611018488
20.56008118996099 56.74627837595991
58.76023899292304 58.57272529963008
46.453324476001754 87.82538943471384
24.212056963168216 30.48808922217734
5.62461393900181 26.86589074846103
49.258105505785366 76.73594609931796
37.39189367827773 57.09416531331441
87.74517455472747 87.2087192840102
4.898647647676125 42.608590826481
85.06745632761248 20.25872157218095
7.106152382107922 54.210047049321474
6.243842844404912 28.32230188266125
91.67686237267856 58.176880826334646
86.75988362207491 75.35465777362215
3.190173419384845 46.07346939400131
69.71101664765874 94.20057897579255
37.92551929360754 25.33682171511157
52.2242606066469 67.0209964988221
92.9043086089426 1.4211125336887065
22.56087373697303 41.26174386015145
74.07409123830296 51.457009628078886
60.33989786078165 4.749997534450956
80.4386856389154 21.578892990826613
50.88359209834433 26.207462496487366
54.56248201800255 67.31851008339291
30.74990594353235 49.80375352898713
1.657916587952879 14.450801799329971
45.182839945196264 88.33209144460893
5.456155654619477 29.814621365812734
37.04237195553546 30.098450375622566
64.53333335565193 15.591581798409415
26.80909638497335 52.33105214385583
32.03605492315371 52.280265569935565
77.17255654772069 43.34044471055094
49.92274299194192 89.6234107946468
14.557107291412441 69.11063747442279
32.65021038439245 68.95988122361393
80.30472866430878 20.057946842713125
41.844031199654765 14.396311776219317
21.619693799433083 0.16272034528879153
50.51429274279621 97.07303675160674
81.9489228593697 43.793776451661614
94.77335836666526 89.12788422426318
48.078908550064014 39.59765046430695
5.349474587946911 77.55962090337245
75.39285685730127 46.40309137862455
29.854031671258497 1.0228630882878509
67.09122947550374 58.948835325928414
37.07228848019825 32.86226907915616
3.9583572769182784 95.80973184840221
77.38799875666594 30.85342182488504
19.87346403012421 84.44713160641943
30.410182219356752 24.575289406439637
21.162685048006978 67.00586169832448
68.43672337260024 95.2902495071416
20.639171482346175 14.17505211387332
23.504005417208585 82.95223564295087
60.416821093014015 22.221795941379263
33.67099326239723 98.31949610432056
80.72709292300556 97.84570924149165
46.129784087793 0.9489992358139188
34.9581601195295 64.92931328531412
68.95247325464555 68.33999026962773
19.076099109364574 72.90656998527444
26.950846049638443 40.22081852635711
6.104129600326791 65.88366437546341
49.89244170036393 72.97316754424958
5.897580139718206 98.95009834176565
68.90872599464475 37.28941972239731
50.046596790585596 29.23842881211537
6.933352255758274 12.834399845563215
38.77654561421273 12.681097790142971
48.594779071218255 51.63365550567913
10.004105844157552 74.0757446514707
4.839327133436189 9.904627011443113
23.180756206170404 43.80756158803798
59.34343646070794 72.2596483049378
7.668540188123718 91.06696695728577
84.26038658679359 78.99300702020248
53.671090397845646 47.92298938984961
94.01396210393213 5.6708966989627685
2.9918214368701124 38.69991970332115
43.704123142154295 92.78191930810014
7.904768304930975 40.30158353481193
85.53390741807834 40.2268112540241
60.682706439440146 66.73230637074096
23.84851730200448 69.10405189703135
78.47244722839433 80.25879465259513
1.2186096566465743 38.694834812270415
26.746890650918775 78.08577606652484
49.048909176368596 3.5126824466062634
87.30464407521706 59.71072665179709
72.89891124334787 95.84528779349391
85.13989448835953 62.58647961270876
99.07420654757921 3.6756344777457373
72.36757230526605 38.076736935659575
30.277278895631454 63.65739627822875
34.34155846405238 5.242185859335247
15.774556851602084 92.1425793214692
4.363373965867856 94.29560528245963
4.319297875510708 16.928696048310556
95.93780826913189 11.550866017183182
38.04417160457935 27.955772495612376
14.455065031798442 37.561804289527934
96.00139147691407 39.33574769786041
23.0108437076619 39.93969027926787
82.78474003869161 74.54815224553478
45.1506340441844 32.28432693388959
38.740443676065404 97.90464176410629
65.18201541284186 96.66651060476545
72.34053937958798 69.82851526857483
72.01521377365323 33.78716130762022
61.924837334188176 27.763695292488066
11.624047370801948 59.52103856332825
59.712559976758996 0.3862390739886701
39.5340528369564 13.3561010306674
98.29068454563287 49.64339531146141
76.29983925328726 60.597234396582856
42.452907479946845 22.75502280482119
10.45713315975435 97.41176743121045
40.16998745596988 68.96418612177243
27.17619363157565 39.4997622433557
99.51958020497274 55.96983962897103
44.257797177125845 63.178008303195
17.6799447456779 34.67957295346334
54.341875268325936 94.83495779800731
2.2303635191661564 70.24014685432378
35.75756241681744 1.4365841195274842
85.99046012880156 71.07898873967459
52.79598047860055 76.06112264141224
34.6356729799841 80.15581127650798
0.444779180996413 35.09287383132068
0.08030420381601733 82.09993939760125
74.27190761666512 18.074316289158944
87.84036400761342 28.102521334233565
78.34526818210558 98.20674457881695
37.312179435216066 24.440219377921935
69.84446800474532 64.16348082947064
7.852572441979866 89.68602743910013
45.90177762604348 5.7672131870377115
33.485090652052406 81.58919989340667
64.07647842975861 80.92619930666078
52.291324340390666 32.04956601903949
58.0982186054922 6.95411392839288
43.31729718236428 12.455983742044797
58.63351175769408 87.66133718373564
93.36370641501723 33.71467758433573
69.02019384390708 67.559985915961
59.59098011165194 27.06816339649626
78.80972422171091 2.7220042071617323
94.7951185830749 8.546179879032923
37.44619042235975 27.541508175687923
44.92264172035241 42.291876231675204
94.24016206332769 30.52733600847024
27.914585306723637 99.2173917999132
2.676707299952097 77.25218255941988
73.69363350709759 23.603306220610566
19.704547737741564 54.26575620296688
71.72490465210257 72.34204642780614
41.94973350435943 43.74279139488747
70.1973827288339 6.9404650783915
34.31575065885764 58.965427047788246
61.08146471332178 48.173971138257464
97.8709566715982 49.67072820780108
58.707800131401314 61.11452146172899
71.3737041975624 68.86344817838622
81.14476843648131 86.5607956971198
14.550984446816539 47.759545867869036
90.70359016354581 89.91827968818312
59.300074033993745 78.62889254302705
14.79976289487096 49.31983005664604
35.40816696721005 46.74003310800937
15.41839748892695 21.16955466532051
51.012100057715784 71.77594826761505
25.652823816951898 24.585401742392023
26.104545915998855 68.49337322645212
14.789114179949825 82.87375768121439
21.11392607093712 89.11559135075639
53.94584501629593 13.80956344541241
62.50903814094716 78.3215319984576
97.65461637529906 48.124167011429044
21.60982042116818 89.12590476671112
39.0013580813012 82.46848158074631
21.32102645715126 47.50270764652732
35.9917676617562 16.622280000932065
10.115573314859006 83.19955497260344
70.4656991532554 78.36693962686206
30.525006741836048 75.06786700693314
16.44921782266896 52.43641844994933
60.499295773563574 87.62322965538708
86.03488258595536 14.806066691309693
30.508381718839537 4.273556739161577
25.221883450422666 2.3149940186921514
74.8784804812302 38.97507947631831
15.992092412764391 70.58998385342356
54.063307121993766 19.680927227264966
53.5035450418838 39.494112996833984
82.49815392307298 38.79745049709784
46.76447569919765 10.352238596714336
94.30016074483835 5.688992288829953
70.21077240682561 91.84040084354824
55.36067136998917 49.77698147034002
44.81850947258883 35.7201321730987
87.26251726441384 37.853975198051934
53.36648662340006 90.12467769636616
8.814210498341058 44.13001408432981
50.315178103253935 22.71984312841019
73.6924246631831 84.67473631018895
95.6756408286935 43.32476799815998
1.801345728071857 97.58118149018271
84.56983524546195 62.51915909778557
20.926068658104512 63.47450689741869
77.17561039599936 38.642003441935714
47.592186392704214 70.4286173065945
99.07398275090377 7.127172612698085
60.3070353895462 64.13845500151145
48.94722646204118 8.206552413359091
83.40861863808267 38.90742371627369
