29
19.30225703139612 52.67695324209465
87.22300891235183 99.0741063126738
93.54922564704898 64.68885832418421
72.97145110445071 43.911103546632276
92.56697748485102 18.94803236253252
1.336619174294018 17.38922653377728
46.10992069509982 0.9677297270137664
55.43248373022701 81.02585248807695
53.60579551097132 33.748107396496266
96.44039330340004 6.799286884429523
13.136884717048869 56.58366777579382
15.110321115774983 23.115944774524678
59.00617645375685 99.07248094403266
28.577142566719406 12.08644834938568
96.79277955795511 45.07585782207787
72.25409260048599 73.55571038852526
59.04531376708405 67.82800295958413
65.90922344823284 68.10979547218444
78.90981748205641 11.367235264805654
74.6381816258484 75.12742203105202
46.600732389316754 71.10832836674668
69.77767318423992 53.933693878782854
53.418790894671986 8.6036076281652
87.62846610292907 19.804396058328678
67.75875808045872 68.23893800552811
41.48774469906266 11.076710745321616
22.214997938628056 27.093884922004474
18.967544510666833 32.2009085495411
77.27615201551062 61.70388503115893
