268
71.70366345091959 98.70196341367833
57.63634956837501 50.48728679527702
24.59486577747343 23.486079118142932
99.49689564818576 79.73414263708818
89.51607746063004 76.65489570699057
72.83808964245779 65.92692166572736
38.88218027007269 75.68940748014855
81.92862856147374 47.92906894851811
73.59477281471598 16.465004389810023
10.311949954447241 89.65138228866503
1.6822117899780942 96.68741568356313
56.591743063277654 7.850547666660401
18.19673037396682 96.14473864386326
62.38208248396656 33.395884768108594
54.794260245548976 90.51303515988008
58.99116287370839 43.88248934787266
61.800285939806955 10.712637854641327
62.864943804327545 97.47960296951977
35.51797223061662 12.580127425432108
11.496702195868814 48.42679144267983
51.68484786026022 91.00790815334486
21.69991105269059 14.740428745093181
74.63143254330349 15.907099496294519
79.23492158249681 94.1340254291254
35.577709602823106 43.322314657777596
25.755626984092096 14.989985079305534
26.124868880304998 35.39392648836952
41.23500021022347 77.24717499295285
97.831790362074 37.568153560304815
21.66194703758082 54.77348929310727
20.90079967297177 56.6973205220877
52.21423105827155 35.280873619239536
9.839340919416074 92.24207737129404
97.28458547414178 36.42227011672525
1.2929166886370025 18.39245820297525
78.43457206560478 38.45720192252211
67.2617151692253 0.9363175432176463
92.07966861722345 49.94718889913198
20.46621618728841 35.962754402223176
66.42408129008058 89.40028808130998
16.52267589873396 69.63773691085508
76.64380227683377 29.99701834056908
4.892460200951032 98.38624926328413
88.91369760867418 15.400576791220777
25.690228284097394 40.68980611178752
53.37104030156271 5.943232908389973
35.21756953012529 60.119955481880915
88.15304933137779 0.23783575110843946
99.33154972688706 30.751794197883896
29.2817023860214 5.553801497305222
60.012149065293166 6.677453038243386
76.52158954556691 81.36771500523783
47.522591903613595 83.86377350371366
21.585628666051193 56.85487466576097
45.01504997593712 82.69995261868748
0.8981576095995147 5.558355479848432
25.44298071477238 8.234332481145024
10.577386525961874 65.11020466068994
20.049198566630512 80.70451160716394
94.68042185780891 72.1736673386985
93.99986126968196 82.53726537297037
14.154200979040022 98.23558198890244
31.234882268348564 42.289805958950936
46.29684955811384 73.95382523125456
69.52333968627855 33.8203534386173
62.563260440575675 97.92595815287277
63.211610397985666 86.18870927999501
79.89155176635275 3.6487582477374936
6.256304765885412 31.77662767013578
22.500759451672803 64.58703308495544
9.054408703921023 86.72430782279315
56.03087854804033 83.246135880442
18.383023574587998 54.12031477821382
90.66676046626992 93.67774872600745
97.61951835292354 77.65247616971936
46.757778450013085 3.760771542062169
36.79119647922631 25.2596153717628
33.174145919569796 30.428869035795834
91.72675547195836 83.69887234534035
67.34563683642564 92.62496935891281
61.68196059974213 76.84275357102297
98.77379312755004 88.67217865950794
96.19827353539027 50.39128043946488
60.21898023484646 0.2262184678990975
86.01390578638998 78.2580807844629
89.68304434321732 87.95296127179142
80.03644650848204 45.74146683226314
6.347957648409319 36.19691991150999
76.58056153843444 96.45270246545353
2.717211277855558 52.91660219637391
36.29156760119538 61.75460140086344
11.485246682382943 50.37017788846041
8.316084717776706 11.770719278579723
12.960889198864766 83.88363340302652
73.39762810852208 18.65463220132043
25.977253500626375 57.07834887388598
9.431726994171374 3.665672591624458
39.714545193630656 60.96077370492709
15.387704502819677 91.31575030874781
67.75168261017392 7.782867521566061
3.104151251253262 74.83460215756139
45.75581413078128 82.53416589162643
61.05782034580739 96.67729708974986
79.10351347114052 5.25590778967393
82.67704266581646 22.10706955605066
54.72044392300543 76.74061381996277
20.42514998598257 73.3650373813652
73.9566160220326 73.26812320624445
61.22908370979072 57.03438394962521
88.21912169551625 63.16121582641664
15.094276892383318 62.88258623734133
57.637277780956545 21.262913485855883
31.235401107538486 27.179898140486436
37.84898538555207 87.00696656824742
16.705006518094688 43.504483163156216
87.03493165384266 9.944962771994515
14.236309097705913 58.10457182368178
40.45225143739239 34.95824627535339
87.15962296506689 84.29415387383207
73.8104366978668 33.24373676702423
85.62836045632012 97.25880473241266
86.49559860252461 92.74976008391987
11.607299762888934 57.37720306804855
17.765174256708804 19.547650214219704
52.20833163825803 10.85413298016935
88.33696793575824 22.337183892118006
15.022121411272149 13.38118630254046
46.09567380181838 2.8999975741180184
22.974731030832974 55.69885717145348
8.583919654072858 23.428803234133476
54.22537934171277 85.36751638878098
2.7570039762174647 52.8444157560974
13.612318874475848 76.1043103182812
15.077068689781925 8.155157179244554
33.59725211022818 64.31160810228975
24.72832298129234 29.514945528279057
2.845556855227016 53.00448013543505
97.38832424938109 15.084649463483712
92.493060205151 38.55826298608205
0.003723479605743929 50.51032162117358
89.13746830412614 47.177130185575535
77.8053314490821 39.53332336818325
32.391043176764214 82.51593790898839
33.47908981798906 55.479766331212964
3.484170191060687 89.2406215213838
67.4267697652978 94.9349625618938
62.46614237026497 74.7988293276257
78.91486750324694 4.136578841335226
25.092212173446903 29.205302866815032
90.78710722069042 9.424251962942831
69.42946561843667 1.9260384288378285
32.87276373945372 71.18431755502412
36.68828574988486 98.95366121069513
66.96929287340586 33.06397609533471
86.50038228497391 41.81946350373066
65.78330402963466 21.752692405108288
28.692725974863098 43.97534652826928
98.48372325595007 53.93583136485065
93.2279504628367 59.591204167908984
2.014925465799844 40.80883210685975
46.73463149190654 42.33789594075078
60.30859600315552 65.61559113357468
93.10836888369244 94.49841302132941
50.7014205129137 59.63155414365894
19.2640313314553 36.12104388208611
3.843347255889862 73.92868976961489
32.43290393119581 33.180432737705814
54.020101405673046 21.673353599364052
73.96446848668081 52.90531652971742
13.840091760388518 18.437517687989313
4.219970249409233 15.598015058177129
36.84867308996147 17.875998380490387
10.607614268733446 98.01210383976517
0.7470688465234132 0.17597178438520933
32.24014074765039 62.11697244628195
31.07110983612513 60.59029281446908
21.897795017497057 54.158410460449836
82.44640499055238 88.13602736083493
7.025938790401587 25.251232584104745
94.5374363277935 95.0425228542608
90.05545351173015 49.7629557410236
63.01253752746977 83.37133357210152
87.14604675396248 60.93602838990058
31.775164842292792 1.1181458048922122
39.847548156433476 66.4387683774719
16.647249359476255 82.55213374682057
31.39207774963423 9.92038969014687
95.9505048097452 94.42891704123238
36.87730253622591 7.105921689931682
14.935607026017939 48.012791332768955
75.03307311398206 51.57848391509838
78.31062411449537 45.729525512974945
63.70063668270058 58.35074787051722
8.976569539046652 26.490132293316414
71.04686111861274 6.750517081469876
89.92982045991911 72.67095083452942
73.0351350765545 31.193834505915262
44.34247189995904 99.03169673661083
15.895002668035474 31.18335626951071
40.00425585255066 58.09908257230724
79.79500514824302 36.12595525192829
19.978563395020654 86.7044837616802
13.696943775046611 41.03033587022574
90.76331469215175 25.649875721955752
91.79703062255842 38.84652877212059
64.76701340148796 70.6517375252866
56.20068105654017 10.741243188964877
98.65037992092198 66.38617237860159
45.345141219805164 32.578925197674025
83.59258346779652 76.14973879191767
70.31236372033256 12.651928225365229
43.129065806052616 43.18156191615379
34.344344588567175 28.786937990994176
30.644426245780355 43.08339293788164
1.6245170085133376 33.291482973868504
24.786160259356503 59.663832729572455
11.949862235862074 5.583613076616755
87.95996223018263 90.03044339776729
24.59743218363144 75.58480041538674
23.8484175154421 37.77638615623589
91.3158258752052 97.61322804116615
48.48513705811263 6.6676347217586756
63.228445092289384 58.55136463428154
27.719469274127196 72.14966858852864
97.36762765250047 92.69419570295902
67.12139233684715 65.15323220956905
81.92773870235558 85.30728539178196
35.288692716527116 84.04793861414268
92.39233295864054 88.13186813336551
85.8243488525306 50.21702452352174
78.57479645569569 86.38693656974667
86.34432124678561 53.88047594631045
52.466087001874264 24.245761446730583
37.60922447234287 97.40157978715895
14.832170934518418 52.0609668063555
57.26311280907295 70.88053686965101
60.141996953549615 14.866841895490978
3.825357025829479 47.31782677959199
63.30028415982599 9.909222098891469
87.20580419593178 10.286286989669847
29.80350281990425 84.14436188657756
81.73712865677848 15.843713699378082
69.43556303126037 96.53416958329669
12.910890392065234 65.01859917144978
53.492731735471324 54.969496555191334
73.80825614691321 67.30997164316214
31.91176918154821 5.617698843553831
36.88122841848042 24.167928167443264
15.260228090082395 6.640380583278082
40.80415952253348 85.13767362942254
77.38924706571754 24.114825094874504
57.541702735533754 65.95400273507043
13.513676967286637 48.6711744915154
49.01140586422071 45.382234008376784
11.935974825416729 82.34193753081153
67.58336443374262 49.21748630220857
23.13198586654869 11.324818710406658
60.89455829868486 33.20888103827615
22.875442530609934 74.83512563028846
6.352966124541737 82.6681242097849
52.0130537679479 14.34040470102106
70.60659574214836 94.41634086102381
67.31935997701429 41.3695369250006
69.87490550711277 29.8717246004209
18.61723772502123 34.59666935185469
1.807078258129191 81.28127481254658
72.01004202855323 30.13183209448459
70.79676924111533 61.850497186419304
