279
11.995311910833372 12.963684411636711
21.9105818374048 33.936198475323685
17.15962054679071 3.874912743601766
29.67837535622514 96.01787224627084
12.273231329551592 4.352941718378645
71.20884701998568 46.898742158321646
6.680497381441497 25.97153398694826
17.17028196978523 3.698585264343035
18.632562444326638 40.114879422570525
96.78177350953328 77.2134066690509
31.19402350479036 61.01486031074994
89.0040631679952 55.44408792616912
72.42985433819837 82.47310911470952
1.7971485362974104 97.00699966651115
13.791522797496135 61.346373922616415
5.548155379048736 77.54366630343414
13.885225212238684 13.70213677140687
27.405597413217542 94.50093490643661
91.09963433105568 24.68185540905228
79.56275617848182 56.567780514607826
62.79483692051101 10.8815913081315
15.678853956688876 66.27377952405361
77.25481949741528 63.91078393169164
13.89246906429602 80.31921461895567
91.0902069355754 98.20847450126384
57.90845435817745 35.82966724886565
79.86804971659024 59.9230586960641
75.37333125988071 12.511400539757734
97.93614188302429 93.86030462532267
89.49059104635971 37.0525069846404
21.117216817003825 45.615508816447644
79.41963143196982 16.00561022458925
1.802479104567578 35.14917616037889
88.9874002709412 74.03151667217655
62.22959772178703 81.09464299019459
86.79298587363442 15.589453788594588
83.42066365749619 55.02921852604386
43.45877621690346 93.6251711159404
80.79889304448893 44.48997847026908
0.339619755214704 28.300014903926296
51.327285393917734 51.79939742156239
60.71846550407266 96.40598845109832
79.44666181926696 57.713862442275456
32.01071505782047 89.03593868124787
32.63093260180794 54.28427929668067
50.45334728630084 15.85691438223379
33.29644428173896 44.28765689204592
62.7283401008704 87.78788655645401
72.90462927091255 68.33843847169014
29.218501461027515 10.723545377733911
68.79112171326456 62.958000080264235
16.555310512906207 41.0100924618603
22.216796843603326 9.243186069387853
37.490527876114434 76.00111662331122
40.79944110729269 44.90101062391226
51.75833385935713 80.80692860269151
72.87565774730702 68.10247366992553
6.456392692647683 28.651652311482646
24.26932844083992 88.20048141375376
34.09928721433916 30.301081816165564
70.70924437207624 14.723866330704016
40.23720338308269 10.631511036047314
45.74887939305735 56.798282944990355
90.77251065609335 1.7425466177806603
82.07180932365532 86.00916713836821
37.508421524905245 37.25381750410509
97.69934660955471 27.780214860338138
46.572679273698505 78.475833896521
15.544302254862375 56.80548799048823
21.7172768559734 77.71742145201499
40.90156757833239 86.44565906438811
97.69907442533402 10.61272589467579
60.03562496255943 66.60247409433698
78.6857116071876 97.97012020863522
70.14837891883717 67.77489018961714
94.3063185956929 51.79139383306094
93.68413281591413 63.32518148635119
83.32453303096652 15.372027262610633
20.247652439996433 61.13360992613902
65.34302291720937 95.44693492539658
0.7077057072966575 16.374953910240762
21.03974285837128 8.660307718700832
64.74899206869499 24.46076737218814
29.36124704128007 93.5733579420892
61.549995259796006 31.783502347202898
89.72642781512164 80.9090060498984
75.22175283244636 38.71302741852204
32.742065269445256 90.91860828946517
45.22594615971142 43.572905618616
30.53121043386613 5.870526642425933
15.51821704590093 64.15491750227217
52.102470241473334 12.20228877524605
59.27895551863311 44.589577998370686
47.3543745656238 17.862592773872564
74.3311749844722 14.24210251630308
34.014450905201045 53.8102346444171
91.44582267512921 90.77424031579979
13.549560719205322 63.739622720969244
56.384157271945035 92.65731975284027
87.21658252921101 92.98463799738443
6.782807844069138 58.79521677482303
58.61012366325201 99.45099829976934
86.7819982410133 24.27886563246613
35.13124493248013 89.11321288325126
94.95906831445166 90.91992449971592
70.29506616238741 99.75679288360296
27.68092290658921 43.13959062990126
32.02900978381007 4.087213199456019
96.25581365206078 0.6592554499774361
6.745020503306853 96.76059664069636
40.726060760338164 94.590803014249
5.148947556199501 73.09244244223203
78.20569160474766 43.95733274166121
7.166774992908764 29.044584749347123
6.275407835627611 77.73478467857053
22.18885649274328 44.96279975041565
81.9043517040674 80.21488908248419
91.88353693729194 78.45876029509
32.57265012751728 3.8529759056351476
12.181672749014705 99.19182337296736
28.032221986065487 0.19643297521422243
71.55801281182185 94.64407245235707
62.34712577825421 34.868130300527476
42.63552356837296 87.70631746529041
88.24314335571285 97.98710272936069
5.776896821764144 81.53478248009174
69.51519455156328 95.32172720184717
76.68380874690696 72.33125189254285
37.055258890387385 45.16305922121606
60.81863841687074 82.78000208740814
32.710192759794644 98.80765563534047
47.7269914756903 36.23036338750012
42.08040487300948 87.33015687910515
69.81092445513752 64.93887099118598
16.081148422848102 63.35789795012946
49.78212214261328 24.28944310469182
30.40421496556465 95.21938296776892
68.83520951467776 41.16304255937595
85.02592594840614 0.12321875582440578
28.284645296897736 66.22004025094274
31.06227041352372 1.434766891636563
28.183979463681986 61.69302251955513
75.60716416033755 92.45870041755278
86.40673030893107 7.737278271547609
48.67502348535125 28.400010109739803
72.0783171363394 69.45877267857097
44.302959354992645 22.858773411547716
78.34238342164119 23.29426113407035
0.6757831031558803 38.34519637620395
12.952710516382215 27.61981248323758
99.29729948021216 19.254402789037883
88.47094342115372 68.63898063771558
91.91043161655607 12.342736831200686
81.22592003616033 71.9886529184985
39.042167608970026 18.89345634199754
78.80291665182632 15.159737681462937
17.802552332339506 45.56139397449416
77.57397493918636 52.23227708053574
65.28434526378167 6.306956577885103
83.56510522990591 29.56536434459923
34.12638568097069 60.81404358148742
31.784056311549648 66.53428240527003
73.60908042482878 65.48674478374065
61.42569862732211 76.66205640574756
15.806896441798745 86.15474583883278
94.60286628964467 40.45480948088036
39.05246781188425 99.95988563616417
35.94141218764651 70.70416169647041
94.99451104180015 7.719542334236951
14.955230939528652 89.98815015070544
31.46706207202772 33.2538311158496
42.92310341083141 54.118171254996895
65.70450790422379 77.29728665254996
14.484586076398509 59.62747433275635
22.950033220277177 35.185593549343594
97.85018440698056 24.97425223799199
74.24227961666834 9.344954694961805
9.689959710825347 66.9127232011276
42.234430107992324 48.993236676845044
2.1172546796556113 29.23907143985913
73.19033163673375 77.11377988827131
39.08697418400497 67.28511034816572
60.020274582721214 46.093601297013564
59.28991878091375 38.822359949438564
86.12063922136193 18.10364615692005
83.60938008181981 66.92442442818431
88.7524277471538 43.49414106680437
54.15760474246848 17.353659709831692
77.82887249877464 4.992591755812903
19.85697422221516 44.91873995649195
73.32672389757586 95.63588732800159
56.50160694508454 86.68997107872565
14.706495949247767 91.01159219421133
62.88295397433744 88.54023202597247
76.39657382611168 91.49559429745321
46.134605140690475 93.58251714202193
60.58773785683557 8.75967099817787
46.237288793525565 15.20731534826183
0.43368731294550766 95.85154515807042
50.764538073937175 53.017413294150714
1.5552302497067183 88.20625964975225
92.19755687645149 65.46381728928648
35.48490421672885 47.12034668881295
34.78757675541924 38.571861775921036
32.0089081139942 18.355410952846707
49.38998781586592 71.15179843826388
90.14074871984965 28.2201118047926
57.99648483979524 37.11856047978878
76.19259316254472 99.08127887613223
38.536440431899045 8.568888859349766
22.447423368886056 71.36223256506548
63.486158220049724 34.295759879027244
88.52437972499078 5.589408481755099
91.7367056439629 11.220027575796044
56.8457210745362 75.80547245587604
85.39397242742962 54.746562261648066
73.25263529435085 30.83932966294003
27.480938368253028 62.30471853742188
55.45604523795708 25.95859159902184
36.760339943588185 36.46080380894532
51.14565778651169 23.455658762791987
34.05126462064435 83.94447942847374
79.91256960963231 99.79361096882513
32.913869354965065 31.753557754826122
15.35914747494097 10.589855411541349
76.01008810268861 14.622265262317235
64.03875547557917 61.70025792699276
57.88329638301166 49.1664537782914
53.595900832947265 47.82036673756485
21.258616586924784 96.01230690458402
94.67398226891005 53.82709368989447
30.677077877365942 27.53008839868737
87.44955764769162 81.17529006766563
68.58413209967911 34.20876525387408
2.2545617503210713 24.714415384632847
86.70580401409646 10.893337881701914
48.40012010658962 78.18432283533633
77.83578007733922 59.1123689541588
14.264957054074278 98.30125433854016
4.822564079501223 26.660002534373085
27.221592517360847 59.436853528473875
40.210152911200446 70.78942176948195
46.814728809854635 45.920123869488194
8.698316437053288 1.148870034680305
14.096209183188957 80.73548686923637
7.343528046512249 79.97731175439804
43.74465220993742 2.3126491311279196
65.79020631578601 80.59744745157602
93.93636620657985 75.53285254126168
78.11328269344511 7.199623722797643
88.4536064999651 22.595796811053404
28.60961954151349 0.6371476506110474
95.05893244354554 90.97363619444761
35.063027937875354 41.86870513261236
3.096836439932049 90.37796022338819
7.5105684400257005 93.55778130359712
27.953489020454526 44.19728226618339
53.765611580666786 82.44886791839066
11.097831361986387 42.62509666843191
49.13555929151695 35.80296417401999
26.01595753402509 43.567950146172485
15.485596001084833 4.481816753272671
41.83037427072489 63.491520969876504
54.197646782744926 37.91368514941266
15.257799061963073 90.16863621684766
94.63466761156837 22.970858078276702
92.46299032033032 11.770973872361267
78.25964518442574 29.56037285696994
88.49567222142656 5.07934180919325
29.537020291986394 79.34396881713698
51.44894081731359 21.25829596415876
39.87660617212319 29.468565710986606
30.251200464344407 45.746278663148146
53.29043004192216 18.74625797818168
44.11771317894046 11.71810843866189
82.73997318698906 60.771977088750475
69.81788561910246 57.10555206699656
50.48276658777699 22.77246395760565
42.83858640452297 6.7520488621842345
