228
55.41209589556681 84.41591650239216
36.88967680499374 58.1678949997409
0.6280826494360792 21.816170617327934
12.388845572754537 7.752798208670653
82.1457127675251 30.417748349853614
46.106219518629786 14.90987978394317
58.755909429789575 25.895118225936343
22.58299473346853 66.121520155524
54.27693041094326 61.870946211661085
63.46799276912742 19.152749857337582
50.49599343630805 50.31569952371379
44.12004115795973 58.35426768756643
97.56274239257688 31.520513686637706
60.208993641358724 61.00121853973529
23.240731614982312 35.11800030635123
83.37212663314503 47.226708121855275
31.10702946637932 11.6246467697102
42.36563639744407 20.783834439927993
25.820942187576357 39.43745528844723
36.530248496920315 71.03294495904144
19.94555557718313 77.04769747490971
20.388934149197713 92.5471985878008
98.7938016500982 35.92907438809358
96.98906418068745 24.770065019653707
43.52266598425765 90.6400399904828
64.78976677412435 29.36269542872123
66.43789749824839 64.20991501221724
21.176024420363316 96.20159330645215
80.93718272342922 5.3745627427451925
26.691835543851074 55.11489463079109
67.5654535502583 20.477989241880145
96.84198862139905 23.152834731046433
34.51421021434893 41.074439331320455
0.20515140040804347 93.75420255101585
97.87484663184533 3.589342056938738
39.92723662592089 60.17692730531237
11.71328984073372 97.74833189819928
1.4620064449131775 75.83562418052597
51.49921568578267 95.90640566374148
37.723754603494044 97.9452328321381
83.13404772659733 80.94923503213715
71.7113963653592 64.0713116399524
72.0234473147822 14.566825342751477
77.52369719826685 8.507763163491312
54.6431962029795 21.56271904874035
75.04438978076226 50.78454694759841
81.0570136273261 17.255952780445448
48.953239788256994 1.446749306174877
57.125454163364374 11.935524713637625
29.55810311870477 17.80351016052456
63.6231190482045 5.635505048168232
21.757916881634408 88.33124934859495
39.497650837740196 58.80573004392539
34.59172721956458 2.761679178021126
6.567867496386704 75.65765912475923
46.27264663794066 80.74874894417347
83.11871493083544 97.2245329542888
12.571636390084596 35.320982452071156
6.426323199762263 13.046368925756358
30.469076692080865 39.87072843274186
8.341408067544819 42.64907636576963
34.202837294183894 60.85254184974915
10.878415867237957 49.98225346408416
25.16974015963006 65.28849375093972
63.84760437643071 28.69034380589568
73.57315479516635 75.06998483754226
10.180727143518487 74.67337869888047
84.45091439613414 65.34117559429505
1.0464338906958082 80.18221950648915
79.32142213124432 27.51829210651815
20.434355932184612 71.04977617422995
78.37544110057975 41.47817720742844
13.414552270286972 72.54903546657486
67.0203243439049 4.182479348987189
46.41082996658024 49.618664086372256
16.24735206832192 3.073781540291176
13.3080960258112 39.1344676773528
92.97873443820355 94.60818898221893
82.38680148193247 49.53089592899379
55.80664444281639 33.38608338993526
42.38400600934359 77.18559705611014
75.8013811604463 68.11231540885585
99.14072505467047 84.94467068814572
66.79685899967393 99.93143487698293
73.70555843485698 80.25795575610594
37.25988265914278 35.941350841362926
93.31042103329979 73.81519364598519
18.761484091140424 74.52324093883459
44.87592569857084 76.40855002486917
12.261594256945319 73.92163513616585
81.84152294031698 0.17287043326957852
94.9957633294716 88.12651166078336
99.80303568891516 39.52226226600581
96.29337113269789 3.2439726226531462
58.0014955897642 56.68916916287684
3.0379617661623226 90.76967655720544
83.13628620244309 80.1972664512182
97.7329847118249 78.04044015632589
41.184387477757475 74.72975382819351
94.17540373942029 79.31883592525928
1.5803950518174736 98.38164425675532
48.385408175788506 77.72063949437178
85.23644121181302 82.48758837669497
16.598553765450408 6.314236955740904
28.882654848165544 58.27239782143725
40.36875107859365 85.21201117538227
85.41963887171045 28.077137420195143
62.70506419816855 28.833795284315865
33.36917212752108 8.691951720415291
77.84875272307177 71.59421532919865
31.029839415958282 51.578504242590874
26.53569761532564 56.18766898587424
56.85203072309366 93.63697076838474
51.21301790946441 30.428945842571874
70.13106721748277 9.960382823198943
37.73678660353882 4.564786734634618
31.64041281126653 9.760545512147312
77.34713930299618 18.930547784916175
38.02615141937018 16.13715859939042
51.277057532793755 58.07515776041849
12.763377967409607 98.13315347368038
27.230562892933506 31.33852204661952
75.25205482717548 21.5462181389783
14.84395019707242 1.5317113384737846
3.770085779279986 78.49386461071457
96.17577894923821 11.928790165815062
10.539805972721473 60.53716898527407
4.130453354729379 49.83198792407333
25.212648796499913 48.79980250052529
80.80295691910611 62.24233670114244
65.44738879016748 56.385529045820036
22.12859892528183 52.7282529306648
4.752400806262713 30.670972465006642
26.583990461795526 75.15585143593488
78.441089383301 99.28745349275204
15.686186699677485 40.63466244959503
7.251682948547245 76.18271053808301
12.490210655264777 74.23591625546459
81.01787159122689 64.94081166632442
37.05531806380549 36.30990596810918
24.75183460171494 34.33215348156605
29.01322363202441 22.808322495077505
74.6962494866823 61.530123699732464
77.44867893347141 92.54249557303726
24.506947761482365 4.422751495822275
64.93296611408222 94.51746675241112
99.8698102792021 24.807098835830388
72.5234213666162 19.782986311404972
12.374213351960893 48.573951885255326
40.65255135755783 91.47928374807532
33.16130650036854 22.108136577590322
91.37866923752608 50.3291960116063
11.407667850831892 28.827344576145663
95.52209955310131 88.3675841865241
66.00892333172882 4.126570963224818
44.643439923762585 31.91552809514333
58.39010788429434 46.86894031228742
51.15522184158849 18.652913663426286
14.505893114632418 24.778600817878228
46.45516149598728 28.467440787141573
17.542932290876646 83.07557817480404
63.17269259297602 66.64490860977172
3.045366907187097 88.53257747329974
82.22598402744781 84.64982941586949
60.453875790390796 98.52748320896598
25.85403651368594 33.69767511775468
40.93451536649819 32.4687326773301
75.27700852971269 37.19294917898297
93.80228564885287 8.119740602614833
29.66037178372781 7.8916405174707105
63.46358021771229 42.60321055989485
23.021340219229625 14.559890971623568
17.054326595858903 45.27394685135131
73.61134575007178 99.32236342255494
10.771565421490648 87.4492547013393
57.04848812972825 11.316028167447268
11.20709247468702 65.90128900363075
60.57894502367391 93.72167861623839
18.56000191829832 15.547881950832243
7.386901801451251 1.1862443999651084
33.61928089899177 87.80845592987724
76.53412584380513 52.475681357724326
90.16958584484821 87.06787060726107
90.94408946128574 76.86286380245207
30.177205549165276 85.48900327408067
20.362636282131696 20.04026559019091
64.2106481615494 93.35322500554209
4.4787267100342305 43.80472415034809
50.150074491852706 84.56908539766003
83.89397583795926 73.67743142582833
73.0851805517834 52.2039913176078
92.11755821004692 18.623237518883727
81.59199523959832 28.316984718560068
62.83634249799772 18.582618396988593
39.46151737308493 21.382847028032092
30.97274169925224 57.63630934220968
73.25553105459656 94.48717517807165
96.68492697606577 88.06673645076499
50.225849873211224 23.686740794295414
34.014728193047404 46.069798415519294
59.53218759229678 70.3846838237388
61.73439285463519 57.47513659716914
85.8299131493927 88.60521593608354
31.69719381607592 24.290080017135075
95.38766288871369 93.93926501711606
52.276846297540814 99.85476586399342
73.19039889337317 15.253656399609861
53.35478656568953 91.74640681065111
90.92013901782505 24.03964107584098
23.344466058891456 24.794605251100055
44.643217245186065 20.558202097437995
39.91575488771421 1.0411939489165856
28.876595903900558 82.50303924040452
63.2201023652155 42.199595560351845
51.06646031487292 99.96802053187713
39.17897340187755 47.370022945651314
24.64127594296881 10.714837760149553
58.57921895263242 61.53066913173873
22.27821909370692 84.72757528164966
41.635157863472116 40.816218240641
31.796767731035168 45.792772072540735
50.270072336245576 24.15824491167118
10.586732696815504 81.66973801760487
38.984105537214184 59.31014972865714
46.17109353741095 22.997415593371418
66.53870539693706 42.09581442170863
2.39289738041355 2.316080670969123
49.40205426094402 1.8886547904234385
