25
19.835199540872996 1.1139951602869624
65.45120348052339 47.17770973359913
15.231820777305794 85.91651037298077
52.676814812073545 57.833221690236634
24.046812991692633 39.91757044140366
47.58419119322513 24.523230720496038
18.396651984723135 20.233111409368366
71.24858718314277 34.95143343788416
56.08973450394378 79.96531772704819
44.682186629702855 64.0184711559145
40.53911314229256 98.23998061662536
36.47196697437055 10.32567744612043
46.77745024365044 89.37205636085862
53.77181343505663 94.90928705070067
63.08524990405058 75.03422156076628
38.9115088378879 29.608108905691278
38.12430415091727 45.02665471061014
34.21184633119261 71.63886829345103
26.157115663304698 67.95744467286973
18.274427404348558 54.945081817463226
88.37252989908302 56.50832935879658
33.173111115575495 9.423165952150303
10.668106514350772 22.579321230865933
56.88237093780578 81.1676882798827
37.27825535934065 16.394602943434535
