291
99.39716295655371 70.85060913015414
76.35832549598553 45.44564971892158
6.811369385956101 8.858093877553475
38.79706669131827 61.19274090308808
52.617003831324496 65.89631888451348
0.5716349775241825 37.60446352866052
0.5263723016592281 71.98524947527604
29.990901093634793 82.63497232767708
41.31128182872688 47.08252622357622
3.1818317962682863 69.08588022530814
78.3244679460065 20.240495148468295
0.8678563462040434 92.37593125153712
74.68297120093702 20.55963662337712
14.022651234458694 88.60275099510996
62.77796145246225 70.45422619608172
14.803900622245381 78.44176970923029
31.691587927148714 32.86857658352016
60.800085067460564 74.13938269983728
73.26825504148532 4.991444774525
44.45501373570002 90.41265395955922
35.09296508627141 36.2722391956541
49.76904825559891 79.75217501171537
73.45538693965496 81.94436119747185
82.51893338813274 20.41748039532071
62.17886458561374 28.394096516319365
25.996150917686933 61.186269695908734
10.51569753587932 58.06654366061525
98.94359663646071 21.556284032210836
0.1574984520261613 83.43658265342569
36.31458216016233 29.541154190829456
86.97237985023447 39.92535114294429
51.762176525782024 72.26051755233931
99.60171462832261 21.87460360741231
64.01224900254738 78.8219460026577
29.180545170881977 79.74654654177962
25.614313250809527 0.3231288164548096
79.52690277462162 6.271435905469369
88.61830927481816 32.34184773733427
86.34833069786647 46.161003094447395
43.83763376912147 87.04172136816723
95.72235188816032 55.9794171494285
92.36456536827836 10.428896048776448
26.395726189853697 19.421604616352393
25.78603571236675 58.95800844241415
88.44586562696199 9.617279911844667
14.604524998486657 18.74836600187555
55.54719994285529 3.6742136901828926
34.793337638129984 72.39084798180106
22.872761487007686 97.03434235621916
26.94620633868049 30.28006895257055
40.05171737681222 1.6591238823551846
88.9637452311971 99.19412683352265
80.98202392638542 8.801942931535766
39.846100364003 47.16506732595269
32.76924161009832 40.61675615043271
72.32939327537416 96.04407262035191
39.24248622019364 51.70901210477429
22.97486556533015 1.8808916904894835
6.421184397119495 90.45133420019295
54.38087362411051 50.42472420239863
77.36214754361099 68.6632275909746
2.9891262878844693 75.33011837610083
28.496641063007967 51.717346764917416
63.05791022918703 13.84997669463771
98.3391457712022 76.96258618146497
13.676899064928417 82.25931964518279
25.741691293598556 58.408076689854504
94.09801624981493 46.0498321925848
72.95100018071643 25.264135257394717
60.395286898386004 48.87678339911816
18.095193432686806 70.64884104297879
63.54081715976928 3.4398720176654796
12.022976608446633 67.42335664621454
45.75166413800562 73.67066321608998
35.576466977795185 95.31167165077093
70.8364465297774 52.882056762756356
84.23051830098261 43.713485236079855
90.07867536266122 21.472888475474594
32.28381921327135 72.41388550770603
82.20991019947392 26.64897480928997
22.18202842118813 17.926980592048626
0.6968639791693043 33.48704540070276
37.747652174184786 21.920312532112007
25.391607004191908 81.13438280522405
8.06057112691957 2.3730277768206354
54.69591569573482 77.8289667092131
19.25592089809397 51.01260457352751
15.120858922433056 44.384766433973944
68.87211594616076 70.06252082281017
53.3341724236014 75.94629963317473
59.568845164486326 41.312691416099334
68.29234915320357 81.58911675190845
64.24877819092498 44.184964028873395
95.75702059071686 53.88341711679484
35.79337364366384 40.45673002137276
86.07937980679125 84.74997070679306
89.57600781675154 61.36385826163886
50.10243884072888 83.2358467564002
68.27049346571077 22.895439222256574
24.722827058670372 76.15284759054269
57.123179822286716 4.749564054209521
13.815321732553132 77.01670222668375
4.833275020681748 93.78463477228138
19.34623106774237 98.76297785682739
70.86474922009184 7.081547299706303
68.96462421811891 80.14301453392214
13.339607625126504 27.15884904782133
17.51360034113545 18.092167018196125
21.19213700183231 44.43413940880857
15.581268917583946 14.70197122774004
70.87346253539063 82.68005275273602
91.75752708858305 9.469854496945818
83.41820889411792 61.45687702159018
19.493524858035226 94.74581561860892
85.40078110430849 39.86045427961804
81.0893777317667 75.77429856098394
73.6317122097493 24.671841264725415
36.445968706808785 94.94777475987424
64.3423044979586 41.575334706903966
96.30795009771992 45.51736209281232
71.88229838099768 50.35537686283934
28.527741371797035 20.63412564651226
2.437782016320389 82.3874336766343
96.23198838145011 80.54651849251012
68.82165336751602 91.97033337408814
92.3203299036263 36.044332492480905
25.967364269106085 12.072981261489513
35.96055402076011 50.088261683811055
88.21417077233673 18.24691019022502
92.39766588198563 97.9873507875127
40.28361090824528 63.465013367085554
11.463392312942766 51.95569638491152
97.62119350777316 81.42001223870572
9.391860163973032 79.91188726907336
35.69222603666752 57.72729480612506
56.77681855767298 35.35712441332428
58.85064481560106 34.42218652061282
26.04703152836354 8.927545988940476
41.63882274374547 48.0237965172164
14.909481754968878 78.73542235482932
91.59129220891498 73.33449366145344
43.55951705108237 51.433877728799956
53.2035345609126 5.58828516251213
97.45037299683936 7.523111421942552
78.89955859059671 57.075627149047136
10.101054722352442 63.37975345989183
7.947111187675615 86.89895606926197
79.44635471013385 15.120901322842295
15.271596441276037 18.612555270143726
20.681477511221193 86.54779157071181
38.37960224684656 20.874281185193066
97.10244930213189 91.13631369753521
32.4007254008591 96.39823200258513
46.60251986651569 42.69427122504646
34.65425039167609 0.8922418721095338
29.22797216486348 31.37175936158738
77.64758219567726 29.52884987383352
91.1561723492439 39.6004706104801
53.998059408014065 54.462473082562546
54.07468084760444 21.11518123187307
70.6140199926472 65.9847359591667
63.44039334092106 24.54270377971698
8.924498785765023 19.949439856737516
16.707107378676312 91.8947302195572
20.341330797981282 12.02854336859266
58.720893521159 36.530548075374135
65.84452284199791 25.35264550724775
25.480296248732227 68.45023155493504
36.31602928840788 87.88121612561885
3.4471334594641467 68.54131958162344
78.92371601188687 81.76520998365287
69.74658966656244 97.04901243550206
48.145687132268044 57.300903989633014
78.40062268493668 24.20489302529416
95.50577595415174 58.404324245748015
74.9235478477639 16.58282832197259
9.867511704407217 31.94326122419374
27.650592116021087 16.944489953475916
95.92338690126151 31.21358121889073
72.10325409985579 54.81143108443075
87.93690547611305 51.9453572995387
27.770984091519736 60.870298416417114
26.45158930778232 96.07893537849681
23.550653283144506 82.67938272340496
82.23708837901376 86.0923888161971
60.637672956490476 10.986463949325831
86.67635382296247 59.860925850905474
19.606228758862997 24.959436829621318
95.1040416488097 0.3586128438419989
62.46849841669406 92.08191697998238
78.8244778388644 53.58460947474266
30.04559619382574 75.81168284098058
25.387618786379484 11.050634705502283
18.57656652232802 24.804439943042546
1.5212105746745586 81.16258634241687
89.63941054153992 29.925193857710376
50.285219077537356 16.85755062569674
80.11247841628597 64.03225391307183
63.26011926591426 50.17767461963655
89.02435538095975 43.78103398045633
75.132002077867 43.67150981111843
37.5244876748564 28.35433181261996
29.230786306819823 7.872953132101468
7.11704879343813 52.405195845675415
5.4713653393932855 82.80636310058782
43.10442459986176 15.970710830902812
46.15051991971596 77.71904179845343
60.59171739414825 30.958104710135903
10.896331950297178 62.75545218663474
81.9158553410581 11.411868160604033
7.902125024703088 25.21395216960145
70.70297514613634 64.91108311875826
95.27083801525215 85.18659962808587
36.09179251090568 57.520167884030435
93.05619251225062 87.77062666770726
17.796236269378817 44.026082199561415
62.20367126020167 19.79268067742097
79.73921249195892 24.013320960343098
56.87068497605474 86.12276213863687
66.99511915597574 19.3490662523797
23.469534119134916 5.728917152820811
92.54140107695059 22.508664399354174
55.71050809555139 63.507812916173
31.292315977706043 33.889298500440646
72.83649452181227 91.95036736744237
63.71291122485355 94.70902651767665
10.083081950022555 98.25522376701865
37.37575463618974 8.490711560810116
30.142420135278858 59.93079521174403
69.23151912054949 67.9551117418074
20.22929116412968 90.53689277276399
53.96803747286082 70.07216322765255
5.049735713710102 68.47078070609423
73.43129204088872 38.749288198855545
71.37935788027467 34.851677205265375
22.89508374249123 11.13484696936573
82.38679625795771 26.00233779887614
27.995149211514747 31.377036499539535
31.99418929690325 14.804162841584645
46.04175834814696 43.9223356515673
46.89719466757253 63.130833221670336
38.79613628256906 31.93386442340994
99.52026503482536 15.346525129130628
19.273909042245542 56.57253767704644
77.16115367871551 17.265234468475754
3.9008848015241293 38.226321680754715
5.035116794626438 85.51285148903428
82.06442297754374 74.57078260874795
32.63287755689307 55.933009990748474
45.45085306815634 91.97527585692166
12.512954598249394 40.36756911513601
44.94890180356137 23.049626636010355
91.87868077955788 59.19569053076802
61.55133767192219 67.32916041271567
61.51571781633906 64.30851609968252
30.809637417246137 7.90404894292509
7.273883599912335 92.98633926543374
27.85130899990518 30.470064506341966
32.87963918194238 69.04663383629676
2.3661320847459755 44.44947939889838
77.78798505004247 81.6071829317283
93.91643647950178 87.12108862315795
61.83514048750127 49.685852442924805
31.92398913779897 58.74350989396342
85.99602074617697 19.799174234169037
38.34410604882604 33.63483545266952
35.95644473399212 95.83284869302979
84.6074234502491 25.803774423610836
8.371732271346733 84.56794712293636
72.64333349760652 11.989122300751355
1.4340692298518753 24.14290107520468
36.174309421502635 61.84025485673199
51.88619834202509 31.77894008314448
66.04059072628138 28.26791736994859
94.16938120460172 79.48726663270975
87.77122857491281 4.974434420642204
81.59158063742836 41.063892787653835
75.49180726657437 27.305906895365904
55.70753901475493 25.864271422341854
3.8322767573402583 10.897806127928666
84.62598138539936 82.23337442765951
16.729792005086775 35.35925522114535
27.265092600850625 33.438856661457194
92.44083455496185 1.5684818884188156
39.642341568806884 86.80394524834483
90.9419220727748 74.518582297765
0.7811902881029509 87.05231719465338
25.95337489317884 59.74325579900396
8.178399842412432 65.8017136631748
16.805669948978675 86.10674649862388
87.53197044090511 42.016393637732996
