218
20.15930642930943 47.28620985574361
15.15961435427472 99.61401663971631
35.71475627625904 24.111993002651722
36.129605233525375 41.26423394474726
45.37898286860634 27.5900125625151
63.66948980309834 87.47966268678641
0.6097089547364098 16.257767297441504
73.68588845928248 9.056942116301913
4.416164789856902 20.969382889181965
75.45517717411329 77.15191354653412
11.192288063846211 1.153437261538559
92.62698823729424 41.38471251016054
33.871481021501445 71.84860814537024
4.330831374900934 42.9183615263984
41.52676604824334 8.094588760416311
46.43373048654757 80.62747748988922
51.821924096601734 54.21711486219731
99.8493364798861 64.92117228864134
1.5481066032933644 51.69007145093233
44.39319565558617 66.1817209947291
89.53470201766811 66.22892951129305
94.25323982983159 19.059930446790542
14.451190958705496 22.549498016667336
24.715041691409787 44.2329679783161
59.22971011820365 24.218133945640584
97.41943680897522 47.76803716251666
41.554179532184676 20.31784856937704
42.434475732126685 97.50827865327484
12.208238478037236 41.99315851675644
89.38899732715821 20.860858467718913
71.82453004551671 80.1942506248906
50.99935813875798 78.38681691774052
12.78339859134362 4.704037421489415
84.97365915979466 84.44552892802533
85.40190507759883 38.82707740380098
98.51536093236601 10.158695275865304
80.11899826147875 89.91309276482333
44.539757627317634 17.335554223175407
84.59970720512668 52.404641238122906
35.645093603734345 98.9451688996432
38.53273661547062 46.20463766747436
15.238771326525203 14.560661647555795
95.90897668393626 54.927827237619056
96.38211801657333 70.91023967381011
98.63218704527954 3.615321227121815
47.45249451623269 84.96406194546472
19.814598300263665 7.856275578168259
33.94956920477094 72.71404227295274
71.84526289628023 91.94324973988452
2.843767502707606 16.83142553294773
60.3845993303469 18.199403156180328
94.39288152830302 68.27912273357232
70.98374039182906 59.38976764777373
20.282734573916716 6.4941169383311514
14.673309553834113 86.40876758636155
29.780806247656187 36.075817345196306
0.6225162380894322 47.38468754412006
4.17185811293963 6.407570967239407
32.514614666588805 22.797105574559517
86.47984901088164 82.95714548196771
65.39286252668168 76.89446102184631
22.24449412737014 24.733584818017352
55.820149072704886 76.90943048087411
52.89838040203133 55.371202260490804
25.210419760915613 23.701138126676092
5.3311326930516545 44.88023296513849
46.614013055478324 6.954767643535176
37.3089710947229 67.00320890615707
13.716937313050792 72.62090598977895
6.014492444794028 53.95686953291911
43.24592574253819 24.650333108689505
95.12768126072314 70.05078350375166
33.94141393709994 61.300679170489445
11.947643906595417 83.47893867281405
76.5592163264899 31.26535581900659
49.930074691296035 36.136161816519206
80.57191849458107 45.76047959094861
83.5014756117745 7.558439211981771
16.92561594470553 46.08950470284579
26.677027452895384 51.99100509558461
76.7506362311903 91.00625249655027
22.30052973897978 85.93297643094947
69.61862509074457 27.52330480600139
40.563882878883206 87.13626155114262
95.00117640596967 22.76169493953245
47.8857575910605 52.53962066098774
21.899589840600708 9.49660619837569
21.72953947831179 41.70406730654245
55.48108624596389 62.69403906770148
9.739169613204501 88.82279623344417
43.43966056245744 90.84066904622945
64.91988929676418 49.69034851905278
37.71131865362882 28.439596595567085
64.35563259053983 97.1103458025837
78.60959701099945 27.73711019675047
67.27018613405312 67.77419373275796
36.218336483334525 73.3073943889217
20.332497430864382 64.03174697234489
56.071733081329775 68.07880765465468
55.84805284329825 37.71362376539407
25.174016476089722 6.211683972915461
68.58548741922316 83.66080082847937
29.856950425772744 11.391709356262414
59.47436176603817 78.56761440501406
27.15458479833267 81.80787356909431
84.70549112930482 79.36486854398525
53.84804106736277 25.241292129468796
25.296137086861435 2.0056893381727114
93.63343855007246 42.37998304912573
21.819120996541695 84.50111084056608
13.866098125998894 72.75500328177384
60.791090487558705 6.9599114081751345
53.75038811154121 56.79964688257601
51.333835101811566 76.26459222710001
99.58303057137273 61.59376310277301
60.06136952153114 56.784690106953164
87.03508275365171 72.78150835994775
17.10726125433918 11.764026143296269
57.24675050932723 56.95936404662623
2.1744021640597744 71.95379024263595
7.69131964159151 5.828647936113551
13.124447767498404 55.00654848164809
87.37505011759619 24.5819181463794
36.49297666841564 20.408446375603383
60.93596464989231 64.30406226522061
32.746868040020225 98.67719998113054
10.170080146066251 29.88549257416785
20.60699273737242 16.553475372831763
57.35836692355538 41.51087067045436
48.46567900455882 14.901371914389095
69.08222321940174 63.150430560158114
38.2396113639891 42.460316136759644
45.5698348876734 66.02170588972568
55.70558822210459 89.73173991302387
49.91825045888293 64.10472061693446
73.4059640961684 61.09113044617067
10.964628112187192 6.416957932952405
43.25729057636004 71.95359571806608
66.11261129977417 24.734685249568187
51.0316145904224 85.32011090086313
30.3542877288434 11.877865877706428
8.110832294163671 1.5167033097414184
85.25509987756868 15.395659581405274
5.598928877691012 7.739356284486298
99.5737329926983 98.77063680804407
34.76008550729715 80.5251366617938
97.09210758770179 38.9628160800102
50.27804435486411 98.35650167923835
86.16793656731784 57.46928531261738
28.525296742258455 36.60181985277017
35.26863514315863 84.78412730114093
7.615048750952491 88.62149442824118
10.38249606399706 97.85641826076558
56.466238528259474 37.804685278738084
10.420801931646317 25.99980190448583
82.0168580212119 15.904595353508299
98.8041445452356 52.89315178227692
14.807995288482257 98.51922482396705
64.62889350351861 1.7666692338846102
98.74474018704055 60.30269097900609
99.60812704607429 84.90385243857651
9.854109086836827 52.95841594399515
90.30043627715372 45.0283477246465
67.02514392442735 53.69275078090012
90.27222862281398 26.590190735196217
88.64680167655375 62.465552953399886
11.750715170861415 87.20086984858855
67.39416747343064 24.43491094147463
47.90767235507193 26.509676764577573
86.42851950696611 36.07389184690084
28.959168799746028 95.93714299493334
5.431311135699168 14.674690133285095
26.668433556116135 92.9501465631961
19.781040619290046 21.608132877422115
66.08748846393813 67.22041287395962
87.8364544749131 81.42738920885184
56.46506126477697 0.6268764673224569
1.7586377979353696 73.71859701799725
5.49648172141487 52.156733812632794
60.4546644533734 80.99910972884781
93.72430350215993 41.57619348891145
89.89776757997736 10.797571427218156
81.16907334444004 77.95139079395142
33.69082163612328 32.6972665769839
8.476143269544611 70.85514340597749
14.486385653289869 55.646141027267916
51.880787044190924 64.64524566548377
62.98246326390411 23.659809146494347
5.421384015574993 74.66882615625885
16.536397219627297 45.169813826244344
58.07348209393248 79.19964514915657
71.00757248931251 9.340231122134401
47.139632561446184 41.62251455931734
58.14917526023734 30.157261402223455
79.12433417683866 3.2421369794136456
49.565946552876625 88.79331778145219
51.734883180301786 70.53076621983115
31.976275598292236 64.89944396446708
74.99097441324939 41.11097529108822
69.73514095964356 39.194380796170606
89.71259507657903 4.766746196217908
2.7657550316277812 67.22907565954132
38.41716077809206 94.05739282932075
15.401994780677297 16.47329023228641
61.350573891847034 84.53184171857175
93.9643777939902 13.055710289863232
50.29780032452784 20.583622174859762
10.950560662519093 19.343028321698597
82.62291635055145 68.71791264574418
95.74836189390203 5.759634531411506
65.52722719306776 55.82620420088321
10.746341063992626 12.045902274842524
3.788998609851313 10.694714005885098
93.93568508853306 7.08116022839601
20.642981671883387 35.39049346605553
23.95424420999791 71.99940039093522
84.18361304201042 25.946091221477218
70.37048848919308 63.81705868935299
