223
10.206684375882546 67.21030897137092
38.784021308775316 88.86622938024854
52.28624446226986 63.316812566365144
66.24598315703172 84.50315348594137
59.29795871224787 50.46312064959213
5.793350763137218 22.67911906701944
70.74257057464786 99.85371687055093
38.519674541355776 92.23312113299112
34.40939282241317 46.97744840003681
0.8711202812116348 56.11544253036846
90.39689738299224 44.588524786888925
67.45179576898393 19.85230898952145
86.45431965844801 61.69252135040275
36.558938401756016 46.881122415929234
95.72071088988024 22.21636835116273
79.64906056948145 40.59270832145062
49.6432084317732 54.53684009916579
69.0112564882157 0.3431702018030336
39.13701366973492 65.3986597765637
43.7825442363804 89.95503595759557
38.268734291070906 59.07848856177883
14.062853494898597 51.734873448173225
53.88598162132339 48.82635938116018
74.13638150754025 13.06700611226459
90.76438448145963 64.8985595637982
98.66649279286318 95.62041181955621
20.541372988980356 39.79479124634121
12.177535600667067 73.58161528613685
53.6154644107498 91.05674799397731
80.87459405620613 48.51229878212801
92.83085684408474 20.746102191406667
1.652636208195224 82.87623277966169
79.22577773502954 8.803925758766784
21.69614029911785 11.636195980379426
70.50252378324343 13.293755528074014
10.506141178110262 24.80287606297692
44.80259587789179 16.502316861727817
36.968191487348854 23.244946527826915
25.115962225299924 70.66156951607158
77.17969011725991 60.01221270790563
20.326210855500726 63.325419969841555
34.30238257200845 8.57614992431117
63.54208274647536 64.09370104570046
32.536180277023874 43.18660764494568
21.00911108012885 75.91154514964606
47.354119970526845 57.92902982385235
13.062267491249447 50.869326520590555
46.39043974791155 19.19032664286301
89.06212985551421 25.964953636134336
52.82019638893472 53.01004109559688
26.80931506566552 47.88796789707446
97.99740121505349 19.89318641815071
21.783835672233998 65.93463585140134
19.9080145534838 82.07468585292632
39.93657752291844 87.34292560239186
96.99995647789501 25.725569265255686
30.123783520766334 98.34937373577296
87.05422235600872 78.4357796171144
40.309078513278166 68.59398318955878
60.55844862675347 93.42597804598738
84.0691840340257 46.30556875002285
2.96210725907452 44.7500299698377
38.43599245558179 6.314825309898575
66.51218012440224 31.823552703449177
9.958125098671044 65.15131707127411
77.98239774805064 9.910502144001775
78.27245282394374 33.47798374000428
13.033156731805185 95.2560077868637
92.37204239140472 48.643636004929036
56.44196234931699 6.509523182833899
83.47774302577876 41.61177173293294
50.28694754580081 56.36582754599671
19.71008788740949 8.487072949768281
90.58512616336917 59.46859956498318
64.20596371707735 9.325633041994863
97.43901094731162 39.06583177384287
30.58833315264421 50.71035738482232
36.536444885148796 57.20197492880506
57.678230260699515 30.56615776515198
11.743651149892443 92.31884480294342
61.46986428544348 28.0511879982125
45.58413158495781 55.10868956433293
25.592320649219523 93.14090606805041
21.67740099069294 28.169922220796696
9.805847579543581 98.6767389299922
96.334568884757 67.1464899619518
58.68236217883478 40.1873910720717
71.7587338436605 93.17895711469995
54.17287019842093 36.15724161954198
45.15999532508309 97.33748407419928
43.401161515294895 99.25688032621571
88.74843650323383 38.558057633490584
21.6558381463418 73.12823722462281
45.79264487557867 93.29788575384784
62.363962379812556 17.40903416126458
75.77883430694607 54.29744037848313
72.88344553502473 49.403029953932744
65.19438073610958 48.53350194001646
26.426069141834496 40.910082349472766
84.42029599222575 76.43928460079688
34.91387588023818 17.702364122636418
96.19617084758153 57.16918632263142
34.63721900862167 98.05416395522134
52.22946483308976 3.2688472422779613
89.35574811111104 53.593020621456255
76.11619092390099 27.70556983704222
38.52004638347648 34.59168024410744
47.78110299834398 97.48223063687861
11.159238747362576 57.98778266035763
29.531337608012763 27.417897046810758
37.66720552885935 12.335483995672503
99.68033838529603 81.44585306542498
17.39708563250215 76.31828992887868
50.22788489660329 9.766637253169963
35.83021351589664 66.29462966341816
61.66393934568133 37.08588974683595
46.097160287797834 32.27616162884386
0.38148649824246705 35.44656925175872
31.4059519744228 32.31709200701697
77.83995272626511 73.55451637923014
67.20697670104089 93.46133440443552
84.81601741030461 2.1903786878898712
0.634790117584727 12.442359285779958
40.64171166782493 3.38492274713017
56.09169944243515 22.498890204483057
24.587486161083927 57.87443434793605
76.65516448610956 60.20907644170638
82.93328168998619 30.770259442844228
42.566090154766634 2.766017343474725
56.947596354777644 3.9180937488481504
87.42376172108844 19.895555254890773
85.45557343534118 26.860332227142724
68.12314971512473 77.3437796211833
69.25529380516167 55.876396487190505
16.81420929470806 62.30857133835177
72.874051298496 65.00338356609933
79.41087607498868 98.12072999602809
98.72839670918935 28.303593620097367
50.26298399669553 7.674351062476925
29.998682878401304 80.76375723911895
2.8522655043609624 75.71749499817709
30.13884861693129 84.05714227706162
88.23873882799987 97.35343114485907
97.60903939427824 50.886146953803376
2.677824965726394 18.034555464147616
79.40602676278891 33.439420283050104
64.90714907349839 20.574002260934332
96.31991429250678 2.955640315252417
85.28891784072958 98.5308437840292
34.24394303174074 94.06534879123242
70.22985813161849 91.8929667668673
53.044000235318464 68.17051951629837
33.29979701477437 94.4803589172513
42.262605128138055 66.51217115062448
99.624281829894 96.27441306530558
27.38025541744429 11.853073294176841
84.96273679014867 36.87940901770851
4.630703391905444 79.98495368350738
58.25951581767885 16.801547891066893
54.489463373292644 59.559398692087264
77.64185914784903 62.02811556366844
13.162896390146106 3.49492349637901
80.21164944624617 68.40078907612013
39.394554391037964 52.24409203402441
80.33080967441201 66.15808207275532
76.35978092862504 44.91672140736059
56.64666924241004 21.28058487983121
32.35600292668901 22.018450746176843
68.65376871028434 76.5326263283858
81.41506117262568 5.725767036712459
29.606099312723433 23.713963878095
57.50025274571854 63.0331811406825
1.9106080407973347 41.897860256503435
45.677544687283124 36.77732800801583
61.08038140182482 23.77507483661536
66.66872540293302 86.17209867399178
56.60056526736853 91.6666859739271
62.126362602024884 99.18087157503946
24.416671028916003 68.83178635363971
67.86299204735846 77.71067249857899
16.436393520421866 58.276260806847816
31.63027730716006 40.271697540878684
96.1191892752049 13.212061062893776
23.16437547191078 44.594290730179885
96.18972255959133 70.21423469771996
99.50510896480881 69.42812099850066
28.22925655436134 70.91222203695231
24.651332610320086 84.58758585659326
86.15535312189743 80.55698920793427
84.0521645743383 79.55450210329002
57.98016619364773 38.61445967818662
0.6536366407498662 31.887442407191756
92.6934429800358 82.57086548237722
32.74018170857636 32.5422834886463
65.29724763965008 50.81039893529496
67.39566961818691 56.95598471414737
94.04761219494875 37.673308125361146
39.51675393083285 91.12055660436558
80.80056095503535 49.4617840430348
78.51134680674447 1.4144440022579419
98.68891261110507 64.91753250327316
26.33999177590359 65.57565221408483
35.06250296477449 50.34406378237147
77.74780520168459 77.32040373039919
34.0355122907558 38.48192834107771
11.546947349250436 75.8737987421178
91.39855022948491 66.30972831207697
74.46684456388617 61.47946901279615
5.292637797586641 53.15534173913486
34.98441505410143 4.6944578979796425
10.505337192992526 20.52525581409671
97.6906630963791 44.87292853069131
39.41471555569933 14.69344799805553
35.80430937696837 73.89660961717458
97.87772602256496 43.91074458853264
41.94467654452366 65.04767482479699
56.935860450099106 74.53886610892228
96.13530315296659 53.57552270992587
51.007571735045666 17.57194880804964
68.30967199649632 8.46389141278554
79.32075365482258 34.59511990925993
43.290136694373274 29.27686086107405
34.15333514509935 92.48187903360122
