265
95.81830855474948 58.80837594845306
66.02939130042974 47.4114588298882
22.596759991753313 96.96407137647138
37.173038851280715 93.53825178061525
32.20938579696475 76.80130082928368
78.1957248225307 40.79146690513
29.559695111426 80.28006745998525
97.81406074416485 89.0883340789098
0.355265177605979 72.27236180251066
82.9033796224422 16.76231924159871
6.131421900383593 36.3700082684584
19.69789409211673 3.121715428608751
57.518477330423956 94.85975702033626
73.23320179434691 79.73099661730001
45.527076522255314 57.502722392025504
0.9603500851738778 0.9147893055987733
35.720155863894284 4.498427630983404
83.36101253253217 57.621442232370256
44.59246941562793 72.91405366834283
93.48580644093472 27.396446143209374
24.72999082181422 80.29206513765003
87.61925654776738 61.29371609623499
34.02647062716642 86.78000197571883
84.89157902423472 79.46489459777685
36.76684717091131 7.629687149265207
1.424386225510832 6.411430633383186
80.75426953078099 65.9026646284883
32.8922111343296 40.15060351981966
54.18741218077023 15.79016085230085
16.13360084374833 76.83628012541827
35.09045324516732 12.697251445033231
44.20439373411366 87.19593436121612
48.56919371320089 40.54264626492283
68.05768313975203 61.79671774529973
88.77518733415071 14.200191658162032
85.79323532973828 92.25332941218464
45.09250066502424 99.17744789638326
40.712249349802875 47.93542802072237
95.596425013855 59.138928306529856
69.01317417098689 88.1591336539753
93.23451326220304 2.2545995451902834
8.60343894477924 19.721461329444423
46.032988937606525 31.62295341008289
44.51059906245954 50.110508701112224
23.31264817301394 99.46868562131907
31.36070108877377 3.323810581821296
54.8721589586123 46.409661175743246
29.55182106161286 21.422660194141898
39.61898564618366 55.09174986368763
56.786381745644185 96.36421506158193
78.55149437986047 40.987296865741776
12.025533708206726 43.86656675764884
16.016246063103555 57.450190586675085
18.033796243001056 53.498138979831964
64.88811952640285 21.309001610846146
99.3295554671875 55.752289563117365
49.174772870647324 25.66913201061115
35.31049339126569 43.79872557482254
1.2315437512293803 30.13179127879525
48.42769993270618 37.692976446229856
5.260048645430615 38.23034437949466
71.45608001274765 28.115516175167997
53.55864617682607 95.78083103890553
73.39461821674801 57.53647647277538
22.24773235567541 24.45358942862218
80.75678117995622 3.6135092313520967
97.77329488071373 84.31148221467859
78.6518615839196 6.6533988520731
42.31625229844674 44.93137762489893
81.47371114604043 58.05797825646082
37.09561488701895 66.3793849062996
60.314143418925426 8.904867153324858
22.074651116072896 64.20673561970412
56.821337779616265 41.988878493447544
66.68618825856107 77.27776346207487
40.88132706740518 70.33432067781644
76.0589978046212 19.69111760364929
31.458561446973164 36.15686125521657
50.00414962946314 79.63909169654809
26.672385856229287 30.622394071722216
78.36281328826458 31.033008010003517
30.53551767092949 34.72211110744144
17.473061513402943 26.70330452793248
38.41180219852048 81.73082496316754
32.79098442450532 80.24037685965303
17.440660958216213 65.92024881461963
99.87548699524996 72.49063210021019
25.683800527928714 51.38870630326057
23.481332961614378 94.1646315163521
4.7874311112455 58.871967237156895
65.25840969639881 46.69845789780369
42.22174271918947 64.4330643981562
22.416280668575805 66.04687424137002
38.18110265373274 45.81884066970251
81.96537301584537 39.279933823545356
90.66912776062352 42.85203958190961
40.56534853705567 92.89100228819105
9.370696433715242 96.98783732090746
77.00621504204452 34.70842952810448
16.49373670759733 61.03330775297869
25.439038118228318 62.805793679194664
9.918350985501888 16.48430056128094
53.16875470357777 5.966338249708203
73.6206567276371 96.35372309873674
4.301891047344597 87.77633493664344
9.434445583983175 3.28805386151213
20.816143161861667 99.0955587057102
94.6096681386492 15.729618066346085
68.22163455895144 25.376485291880847
72.81085876170688 84.13254121675384
2.9594277447784534 53.06700740748629
81.75307726925891 56.15211627524841
36.57055579466123 93.98030748939202
81.59506394091235 73.0101169739096
12.330449809846955 37.81878313204486
79.39047845078782 21.99751017327142
33.48125498277391 85.22118441335506
73.61433521822481 9.430893703673625
9.75499750260187 18.174718552708146
95.82043781741912 57.55843474474748
68.24496834553652 21.602649138701302
44.97088837852261 32.62694986307524
10.56801207365351 79.83900572469871
57.69186472839878 28.730321020281202
60.65145717906139 29.819658677371798
60.70067658399556 69.03002711138309
42.49672403714489 29.86156810780041
89.68307281642076 68.46256661309585
33.85082775893861 25.804334070593992
12.84373377812159 87.0369753367041
22.30476780161653 90.6587301523596
4.709459944468664 34.5832790520385
19.783707574764588 96.13224038969572
88.4941589867898 91.71025186553575
86.20735966783066 4.475959604542479
96.50092226342551 41.681213770799495
1.563867833045196 52.76556792591843
32.538408766783014 39.99593616171626
60.251001040003274 82.67173835611982
19.325132070862928 68.05079367162968
18.503329345920548 35.44440034010093
36.59996310082353 81.74079496125233
75.5754775274958 88.61260990534477
65.81929581547814 63.155949377704665
37.391360561257926 53.96300171959001
93.45282777343239 82.76678588939357
53.4318216643238 81.21262288990785
61.67061832717972 19.517046079741174
72.1173884015198 47.26501983464482
63.688381491175626 60.260549815462596
64.74436888709117 58.25905413327747
39.30012011105279 62.881769820136235
59.3856349578041 28.03780398537604
50.04677651668248 50.112641171689035
34.2993324371467 45.558569937124126
79.41944801067983 7.229644744765073
87.75270017040164 69.78251386791942
50.52591626278794 80.09104615634719
97.25198502081274 95.76631490524075
92.0761248261085 25.758036713655606
51.73846764089966 56.17544948832857
65.19248192992701 48.7377046343191
40.08289096131681 88.27537826893614
48.74004536632748 73.03149029550666
91.2995509267887 24.895474281329655
15.779966422425861 37.248119019176904
69.1699046048508 12.674318500728432
74.31964177326743 82.70093763624821
92.96678426686995 10.57858911535784
9.011506988716288 80.66831328437334
35.3824749409914 92.01213771594516
15.551565846328486 38.63674842036986
43.283173246429705 15.751958103977138
14.847594995223268 73.35153094145141
63.65941226393681 4.527551186750422
73.17618104317387 3.527043034972943
95.75743488052606 46.62188697904408
83.22997538922715 92.90201781812323
5.486257727873111 61.35374023251844
70.53215450280457 83.27281207159635
61.16034421189608 31.60492157461364
44.79426328677153 2.1541901151420295
23.545277305978583 57.806993476135084
69.25196382635109 88.66751209484404
28.9246516001081 48.54506726440454
82.76485613371372 79.09081833611651
41.93945231482517 65.62105383083527
84.86862502781935 32.506182039695574
44.13383925066866 13.723831166531674
17.83298208047214 39.15372603152459
19.378931735589678 41.82842685932261
35.81120545553299 42.259342832882886
54.881244278820226 83.79837965357657
75.36304333789077 95.80759028082123
75.04637246604484 69.4348989220492
55.526202145178175 97.72059731009222
51.736653820682776 69.0668466983231
44.7506241182674 82.82472833213733
38.4897516571423 75.01848483181719
49.46088635458765 25.82538131179184
57.74575605358575 2.388509318776455
70.77474778640081 85.17561650221433
80.18586771125189 41.7879014678819
58.696909766133786 61.68531293033526
5.229525302173088 60.85572865751326
73.45566079729491 81.28933423289169
84.23604327745491 24.18502175020487
65.15094362761522 61.38462043321285
97.73602534998344 67.33613138687642
82.16470679937345 46.311300309868706
44.35957144805304 61.23651953309624
77.13453425137719 9.211495501550903
69.5679318584125 98.17235787065415
8.150988228471679 57.53970688183718
98.92953951967911 72.41268900440362
31.01472924492501 48.30144899800227
28.957442149101453 98.49155634105418
14.39520775835047 37.15438483574286
67.54949735634094 33.71809565675073
75.79184345396949 55.60575788005869
47.31140790487256 80.18560528236628
40.162031096536346 16.080823567390812
28.545304625108326 87.46770472431217
31.23130153026605 71.47397140281755
31.669868003054415 66.25319767311086
19.726879393364417 1.3279336940937414
17.826220049163933 84.01734586185677
91.96811783344144 74.36915009239921
74.41684520902288 61.70212683289127
30.914555976278336 7.762830105191931
99.78955562474736 82.84056961056116
43.58435418512836 24.99857697384381
66.05909974513851 70.15445395575411
40.23232777548515 93.82286028812965
65.14048571642299 47.90195011762201
22.195589201842857 24.43541661318841
23.942815767567694 5.3460352849487025
63.503296472216256 19.59640261749247
35.9192405911688 21.71323311176859
82.37557962267262 40.70593808996955
91.14145781285036 20.80806211711247
63.44408876038858 75.4912847605093
83.55496381298043 65.34974628087417
73.32263087818737 19.128483397852868
24.301603873595013 42.44469062723783
93.27735018092909 87.87797491439215
12.857877961678222 93.27933110527417
44.17228931572779 77.05999619587259
49.474049539562415 25.977208555446772
39.70503675511473 0.13708557686582523
89.94610844629962 50.380411395284
93.92080043733004 55.23895282248529
19.222609869268258 61.99316332793511
39.48662572496172 75.43389985508728
48.268490335245474 44.601265483841054
40.996041481759136 21.870138634093685
93.05634152776146 22.48437694059
7.790417316163111 24.249195371389277
77.42029082447252 52.188415283310874
84.88083441625716 25.234100729088027
78.11591491698671 16.295294495692815
37.495188142660695 73.00106283042832
83.34558636167296 29.42620318081791
93.36172398929963 10.492208302443407
47.68041343442129 96.88917909280383
