221
36.13283076336787 50.51117680779561
50.888563175684865 67.03955247785792
47.66821249749498 50.238842538049276
48.93894280438342 34.93663602141781
26.864034311296958 85.6801674849028
70.08619608713119 43.985144213924
26.46115722158565 23.217118924632686
78.8559450482674 72.84323276734203
71.38745744658547 80.01928360210754
78.94131443235699 4.00812246686969
89.22583940472596 15.92186017476519
40.670071217398466 17.68377606843573
62.5875644314139 63.67459697048946
45.79705102198282 38.04303320532236
16.538449551508407 87.7121201515158
3.2893980563228453 31.42708897535561
27.00768575596725 1.7925408749062566
48.091127588479274 22.040471421076656
9.9194970269056 42.743890281857375
14.267045175820481 56.73133619058886
34.0053292900132 93.7217500166542
72.98613031000711 83.18736093004132
30.366882808811248 47.9450544593329
0.6533310441316442 81.05100547613885
55.31114650814016 88.34258324502166
36.33476675084679 85.23920873909775
51.11290704718356 72.80388287733223
70.39785399263091 54.056779928831176
61.26430275211515 19.728883430031363
4.33406585750401 79.92270691679482
17.734288706485547 2.3914702722290238
10.121167719938917 67.6537278722339
81.28901889200486 19.08424893938385
88.01949398907183 85.7224877949042
54.6626549852531 9.231554543151677
2.6870760796011695 59.76563035874239
86.56808920871785 44.0118160276382
82.5532252007545 25.52253756068029
3.812928527302295 92.96682717511044
38.40284666163536 32.31498773744648
95.40807440981135 26.267323692440804
65.29755435442293 22.63108544570467
28.381609945854425 57.154545770696764
56.947630715272666 57.216406438502354
51.80212427647817 34.02433051159042
25.592784364697874 85.40702488247116
50.95074049332939 78.00657158036101
52.90940284726321 95.93068083415065
29.719661042065106 84.87186559532626
46.167960590555005 2.995996672287482
65.41118683355181 33.52107605928705
72.18927151865662 99.9258687802712
75.80872325743098 2.553761740099403
41.22102024565457 16.981669293592617
6.9384790278566815 27.530327753565974
62.1994890068587 34.640011187379805
13.727127795763462 49.80346676069855
51.86834521650883 99.13591079235181
24.84785047241025 42.38385233149895
26.67073095275714 39.77634308371525
37.47844401364212 25.524810536979924
15.67380142306327 46.93805907108639
73.91292816692288 44.46642960374935
16.973639551164187 42.69150210000024
65.93606548060782 12.24276701085948
64.47947879681341 65.64627053542925
70.32978721160418 10.889482858493027
78.87248531510926 8.414794233354472
90.79494133617573 59.79115949966065
19.582157323442594 1.3294468637478185
32.005994786585404 97.66965031153309
82.87677033764328 33.94279796950151
9.19514695174698 23.468809179644357
22.61981414208768 19.53714696412404
0.6274531125681215 16.076690417335527
30.022053955988536 84.97355360197754
31.60752830712975 41.99249249976042
13.65704097600997 39.571147973954446
93.76455309635688 13.691669062048305
49.23382298306868 52.59178851403441
21.53438349096962 7.050106825512259
71.43350358016137 4.193502633886215
14.910291991215763 35.46372059060836
70.7572023241704 25.054895911930018
46.098807241310325 52.34018300762412
99.90505734227033 62.75504931656655
39.34500454035469 76.44006018543642
46.69092792290813 88.80106457229734
67.43672022251222 96.13791683859334
92.04107458360824 45.17564002314344
61.092432706994124 87.91222921012859
5.221305750361038 30.04435922729547
52.12695845836234 35.40680319211988
5.623317657417126 23.509214231150143
55.842218923574485 81.41915350662897
35.1358949073596 97.34164229246296
71.66041369048992 82.0847667324337
48.35058425771401 50.6416654759729
54.04573135368314 78.47581295290277
40.73327489752315 86.46413428924905
92.92316589765964 93.20108382981132
55.07362272014894 82.02948071984908
34.868048928756465 89.4445176644878
62.13585692821609 43.23239768714412
91.50302760406382 33.87818553744827
58.72260893838256 39.65023113982562
93.57663292646724 96.8808869861831
13.5565692764957 81.29577268774906
5.094544800781364 63.46914301182639
74.1446533345431 21.378491901728715
41.913264702785824 95.94615621113414
25.139417188615155 4.194552019287167
14.702430551243072 63.806095574173725
14.85288539742976 71.15103947372859
99.8113032758228 39.80624428022437
81.79062920145539 51.741001417462094
41.28196630480689 99.64011383185101
58.423231140064814 38.17054467654194
88.20347175623333 30.417927723656813
57.55954515209426 17.24263969560218
64.84919300605384 59.840589522601974
18.134585918551416 34.58531768408568
55.976536698290936 85.90339214199854
66.84693389132725 11.155887119328423
14.109420021091823 79.5453545748303
18.739410998551886 99.84464095507919
8.566648256913057 37.90862879706004
32.30526183963121 60.854888188058986
68.23452242366935 49.329913412493
83.84846034255477 97.99930024254395
19.532000061415577 0.22442765969205025
77.88023306952174 60.33607016902779
15.326214914420433 39.15987952207328
84.51306552308327 65.16653749755156
35.70944898090642 72.85627407043015
74.60857051223671 73.07222834145031
25.391042030870636 48.18870915813018
73.704949923107 49.856606640117626
17.228981569688706 20.22364506138836
49.311768209517126 36.03419770797696
34.63725234297188 57.08398564707336
53.90102614929453 0.9053581803431743
11.30102431234723 79.75363039899972
34.327749742599224 79.04441184948332
29.6985453521868 89.95676325276294
23.190671897177452 48.902029533728374
18.28755146482839 86.79244334902334
14.390879836979042 83.9981160388915
60.94396891266831 65.80339395458114
66.29052259255104 36.79234757326172
42.78825339015656 77.38699099983383
35.83688720068794 5.083096841600609
38.611191609164244 33.59822670310161
48.10744898894788 46.34025302189409
33.180373397006214 73.94340400679691
39.434078884899236 71.22988870560208
40.50131389785878 85.00380632084298
81.46676870042029 62.9857729460346
92.73739343512848 20.266514019111003
16.074910163123413 27.84700703657269
56.40855203477801 39.75512353035071
45.54826168275958 51.04572039319017
52.833159782230666 8.625784609889365
77.90663223358621 22.417830270846828
55.120964661852135 40.152581630176684
81.40499025778296 88.05590611377542
64.78842968573453 61.28193983104466
74.13616273381403 74.53382826331645
58.572554564430256 89.22597259036077
91.04282924155727 48.811485676298794
69.1449822584024 23.517369883754714
72.47694975507571 56.39853649451491
81.37630728029043 10.521897318802909
59.26575232352237 86.35415956816722
55.69411441844646 91.76693349692852
72.16250524137465 86.7248881764702
92.20798860246808 30.89756791939199
20.340429349536983 45.7044712085944
45.06892333806567 38.956222622551984
66.22186533438872 19.592772670522486
91.63728300608052 82.69970900387212
56.81999407120244 97.75026603241128
14.96879229326088 43.30401739236236
62.55217563241911 17.72065658113884
13.01723850297709 12.150704169122994
73.11591218757732 46.440694363671
34.57226726414835 42.17449548497068
92.47343880025788 6.362165390472008
97.77231953595616 49.520910184630175
34.69661778392996 53.73456654368809
87.86394965245898 77.72341674073574
12.327130451549696 59.76511143569765
40.215613086855164 78.41170731682749
59.02616329467892 57.27222867612235
33.183728642127704 11.748299202951074
13.438219598305889 96.50939762998472
31.775104559682944 5.743828541013485
87.98013725448061 33.150736349472766
48.910196783292015 6.278792524504984
35.87607305637624 76.29621939188353
69.37045098857799 91.75460370222707
68.28673322366633 5.851793885050527
43.25106771684296 32.688555422125255
20.996065825728483 45.651876860921384
71.89758913835834 90.5284545748253
75.66459842995502 66.85921755524221
59.81195180868053 21.648993760284085
68.28523028726171 74.1930164464894
85.74442262847558 67.56355562630313
18.95153663574759 34.891848768729304
87.03080765286543 52.18457897199201
6.034549663832767 87.5753984596932
39.82823104317592 29.533062359435746
75.190154550195 29.48508174254346
32.702319913570875 84.83106669585307
11.052278284804483 12.634382990382898
90.98240226793493 98.11597955762899
48.046668237636645 80.00455313400198
21.83021419854658 33.17611203303266
19.43791860268004 72.86123064036609
78.38883076749593 2.8780725081053227
