288
74.88144812908581 61.720971987114545
13.804907620346086 71.99943353110734
77.09674372530449 47.965137158550334
89.25397490640606 49.70839632044516
92.42161558104814 50.30652444966606
52.21572428712915 33.109743605882734
60.927197667735335 92.73216278158209
63.9752412409457 41.56477051933016
43.86623043751332 53.67862891963545
18.739044416842244 34.612099290939646
48.03919853381204 51.42601340650291
90.32897034801904 13.865304532257472
18.47515485784865 78.54669448860622
25.929746625797 44.70586904054106
4.5717117137471845 27.071127799873306
69.16795349566601 13.766824363813846
49.465763272124974 78.88579293903682
16.604862250366192 80.63431928968421
93.51244329299674 62.08955159607486
95.6885691235526 92.63316697039873
81.01955164224658 22.694040177046702
7.7450204336936395 92.47261196900898
84.7855494339258 36.92353480277979
71.49992013830148 19.35662563399305
78.65723173849564 41.262329981588906
60.761310519330856 78.02745813055793
15.738474764151245 22.37328954422041
43.76723737007918 73.9560290275548
16.475013748298608 16.889321449844196
93.335264733518 73.2555314519365
4.002756515038408 28.42957493865369
52.49731710228976 67.54352649951291
59.72200752479303 73.94442179852258
18.877143191925995 97.47709929964947
91.60327955737931 78.98655708848483
63.37766171113126 29.153764676176763
8.499038769150092 24.065849061847622
89.48059860821522 61.626010877488234
36.38110864695151 39.93728333766392
26.23494239929648 6.974301796503779
41.31679301651966 62.41771172002264
73.71800840839197 28.93625300653272
28.643922441966506 42.50097845358902
99.18047886651942 79.1621382557001
71.19771952453743 9.814404286477274
68.81724946147087 72.07411848139277
8.676733506927004 72.937984881196
85.57545794440924 50.59603177664521
95.96927778737103 91.83071524789005
87.8575791937386 17.779412854424304
33.81648529676147 21.938286729166556
95.69255004423528 2.9898570544163228
74.24714386518974 51.10399063693831
71.281023531169 31.595438266163576
53.82103575980594 87.37165650015554
5.965558764891854 47.57978468199009
48.91125065707046 76.81211010581194
41.106498377113 87.73331516477526
60.57148064905027 88.62574638504306
82.13036445107585 31.822759850404093
32.014457782209384 39.15390711438857
65.23928247343129 26.988683012100278
90.01414554246857 58.71667546531517
34.858888565047096 48.988794426315366
78.40798092757679 22.205121179442678
53.582495118079024 55.96906455835917
67.94656451122127 14.49362981247071
90.1451308324922 87.13905823529201
45.428812378462545 4.6313501845627325
45.24325723788627 60.94689167979928
6.633530341024185 68.17476066397283
69.15875204353614 32.203213226901525
22.734715881631328 29.71771339863848
38.251737992261994 49.84499484458576
59.81001931090502 36.20029854178026
97.77947643501757 45.98933698900453
98.0812839551159 50.575696811632554
21.13185004995123 95.00025400973173
45.185115072129314 4.637830325055958
56.7946844027405 22.619134972074228
96.28419941485798 44.04306514717342
44.31934512047647 27.573136484556116
70.94029424715416 56.61418673377814
77.64376182115419 14.687106845289332
99.79227703466061 95.399292695444
9.883720958297882 70.59895363728012
65.77530691324169 65.71457808845918
49.36142552535215 59.99873575304484
13.990891448952558 77.92888653777972
5.388188465076227 73.12473086785978
15.059136909371206 32.33311818786609
79.80372805220672 99.08530475031525
2.716421931201729 30.491691152163547
86.30592178421752 11.253363943860862
28.80828995379089 49.62615744901675
48.826630351712 47.64213846058831
80.54008699490286 22.296265643779712
80.8161385461594 83.40639145506557
48.304010339474466 78.56312723937863
69.17832086135533 94.83924495043672
38.996591152972634 31.68204305181187
61.89257392398568 97.58567561827466
13.357414424006041 26.31708914634109
99.40940878495232 88.78668977303599
13.702729411201464 19.021533321728867
4.279532516840234 19.780104789224783
46.40212892774671 29.185596147299385
69.37524528366372 55.876931108697946
14.626781442401482 96.92259244876352
40.866621014310624 25.591655147163838
1.9403257302990973 23.959667502220338
70.98913999584767 9.846425948296522
51.905090469047344 6.489532245979368
61.77344201641447 3.4348671112493068
78.80478980849578 27.70249461018456
66.86976243116487 13.411453523026672
22.37254744598971 90.90028604706404
69.59538288459211 2.728720163953624
72.25913660813671 71.5826523364162
63.45167813485513 4.503283149724179
26.82053482859179 96.40124137304838
86.12165726977987 73.35625376828642
59.85730972780523 0.37753939254060453
71.78654212512477 11.544176497667081
99.5424062560397 98.62209329789614
41.35501882395346 82.37273339734996
77.9748922080243 47.661894213056755
64.44368629676059 15.930104304672021
90.26872872211885 66.8397033098101
6.104110328920798 5.868682229488231
43.13378346687896 29.83443016112194
23.8592847602191 15.011988182308455
50.62600488165096 97.22446525819933
41.86437446832569 72.94365438676239
39.076991273034146 79.59243991004475
91.98587168595363 14.504860245221362
40.048528678214346 55.701680553509725
13.670045745602144 80.66563533786123
55.350551975565246 1.6167243482430704
4.236856547321121 51.48084398709805
94.30360241580608 77.65407144859132
53.07923923134537 63.68972300969185
42.37610144013577 78.40433947053384
31.8960104171653 31.137666121721818
73.60505769704005 31.595844921331274
1.6454719232227077 87.33389786895991
87.4490327930568 0.32600898352411756
86.45540490083454 5.09463380660653
57.41553105618562 6.805564722365853
20.59103589185772 56.09219392989132
36.7259009315304 91.16671684717645
73.03060833993585 47.365125924365834
98.84265071498925 90.28893978501864
24.204114372355345 44.75708815567294
61.19492253126807 15.922495272546689
83.01156629699634 47.293991950414934
32.60417730076708 45.34606610543378
97.91798730228628 5.8602728498408645
16.405625872648233 17.498248099000858
80.44222811478686 28.850517606407834
86.40767658799572 56.68167555404877
50.98812941985932 76.16592645361277
2.746456690173371 68.42008028096926
4.702046469508092 1.5491203766046735
45.829397642777494 41.07116855875912
46.94827709357138 64.14785146243027
20.21751366569641 21.858286618941147
76.73686533874223 16.012584398074903
91.05525353331976 46.8157118131756
46.6804729516161 61.18136103013635
40.76467644121446 14.57084411716314
7.064277510557659 48.03444950108615
39.87068901252934 57.178698471495395
46.91149398050647 87.3682308237031
17.422963223278266 19.386369061142606
44.379390808624485 83.30112109550892
5.109111523130383 6.289738193790062
86.56001480064994 72.48421243279827
61.65177036207399 84.64954235983673
41.01658366847051 81.94661578521851
12.631707017002537 68.28540277858043
6.421565745941171 43.339891368964544
85.0077096672875 54.069173950623764
82.14589755002756 5.851525662576518
63.6472199938792 54.40067344872905
22.382963452384853 52.76214037883644
45.0316778195392 86.76732088722328
47.80182159098789 36.371868145047415
50.26230463191298 97.74323681815117
37.54416278153442 99.24769509477109
43.86535538922611 63.332502524240105
69.56836715393536 81.71465469103514
41.958614121038686 23.8721777687238
58.63450475463576 52.37452558014567
55.37996782190853 95.93829045841387
65.7544394460803 98.56973177472355
84.29278534988273 38.942146036311456
37.07942585749691 38.89717967463031
30.180892075069778 5.37478522789997
93.35939354501525 39.67418544315633
39.153818543649066 56.99450129260345
39.66642378749875 76.34593459401644
59.010906685763885 58.98470001488339
3.5240231526049604 3.1946040830759137
24.59861558944961 33.44367879386323
8.814856774742019 23.871160233343257
25.654239432182436 59.49046693451414
98.02459099734261 57.21865346819186
98.66261235108472 88.69592218301327
79.68837759467802 47.2649432355955
3.509280105128443 1.1834948454419347
24.745323841708476 48.92451604470237
15.84503410129441 6.867858266290627
3.7720325762043094 86.73023090526287
84.90265123271428 96.76468706584555
93.5581241993361 5.9390093702840545
42.3352346108261 34.333130432089476
83.3565162609455 63.441014361247305
5.111990349842599 26.863607038184256
63.45600633427052 46.887161184715275
50.03630518294011 25.189471231249993
60.192517540202374 95.85523363128485
10.144577055931926 56.06854093172453
53.741417966523166 84.48598534126481
68.49792365550073 14.53057435656515
69.2210734464626 9.807922646095024
71.43970844486837 75.40341427069158
53.26462245508675 94.75709482777857
53.43992761769979 1.9860726364978154
29.001568448051497 16.77156429875044
98.93807755048309 65.36883231683153
6.544918616467854 95.64317127580844
28.191788168762077 58.551525493435975
36.24522604750621 90.34561623447753
19.628728150982823 75.24052634952898
60.233460701287974 27.838215546723745
7.543661982840433 49.095057896691095
56.20256664581375 8.599960067323275
42.75560454663613 87.300010140823
58.02923098688745 2.6528378019172183
9.468547938066695 99.63696528079925
69.14150392933131 52.60678503865608
43.57943014725213 68.69989349524373
36.67690964108571 75.24117574897951
33.50897408445398 17.94992929824022
97.86029100454911 96.5145369731249
14.840035807645414 21.913058050316238
66.51374526106942 89.7659460982434
3.922510429932513 41.42659698176017
60.890152757618 33.51993004379376
40.76598765432744 87.68944264069957
17.427567248836308 16.343329054097055
20.88329326484637 7.691885844386626
84.76893461762775 1.0431142542735694
28.03542259491022 60.12129591394777
26.343012644842357 90.53160823569503
39.86386550238282 49.99354463780348
25.886242286997064 83.0327849538
23.65090082843846 23.187885611652646
15.358715881967433 2.751043553194543
15.624216963589543 59.46005433746261
71.90990561242833 88.59858708327724
44.04083479251426 87.8931296375961
74.52355550794124 20.368872887220068
14.683450948459132 93.97852276381643
72.6792860229281 48.94449344268257
72.81458717220939 92.61554255621832
82.61437462329984 51.85716702649723
38.53782120550591 6.879128676494528
24.35177499322634 37.540090401222
38.87989014498484 58.65383279830301
68.92067111856612 32.190804015472466
68.97392274838994 58.637095526198344
89.15548508065638 60.15476784932788
91.83426180441202 1.2989478124347142
99.76587799711157 54.693336052025764
5.082536561242257 67.71628553283475
94.7832695623578 21.81205717062964
47.97579987899753 36.5028845349263
69.49265300624108 41.82236210735206
71.05300440813122 13.981466725399994
66.14135110448032 47.754685450465416
20.602584531691182 23.580856260106454
70.06674845058093 41.76644331215778
18.785776091379713 99.12908641062312
67.95702366410183 83.18536294677754
60.83360504456762 67.8511665064083
19.470925418695483 46.95571588119264
