283
74.22240642336287 38.43033922480974
18.515452462064495 16.62052814099114
67.96664594149678 76.30884824733637
30.107064640474846 84.10922832859401
48.86502424837587 91.64126461869135
27.208741513120515 69.67466791653885
2.2038145416236166 10.107434433067352
42.271381429601874 92.4992012502421
53.75121503830703 70.79307282731179
22.332404058761867 48.736535361507336
36.05369618504734 25.69845103082602
63.2141892233812 84.28190180566743
97.90662476162912 77.41279017785455
13.982173209102555 22.58496299717757
90.87301954983441 81.39396005321596
47.03542644159864 39.30946912674028
11.331327118313006 42.70100676557572
4.810245610287655 24.875918631258287
74.47186998881567 26.589721776520392
95.26919186739995 53.33180194790589
92.11121162253106 39.839677683966876
46.986809721213774 70.87551467220763
76.62201429460977 73.95796399947469
86.74885651055 41.70509495167272
69.67101031115513 93.32533274752657
70.46002618234255 67.99693757233553
69.19187844747779 45.148086371357124
58.87846280904989 82.4331598307307
67.3289080318746 6.292693704739416
33.56427650088724 88.13033720015001
24.397178197838056 96.8593383394993
51.19099268444358 8.048841572912846
82.44021501130521 69.868185628016
54.58210999020279 28.988872186527814
8.480425508897827 79.48929654349035
89.57347241765424 9.865047188176913
90.87214186999364 90.7919829011729
96.44917637955214 32.53570244939
75.48464440325827 50.05256805746806
36.66237863447465 82.47874749527806
31.866249221463516 63.866613278064236
26.84356784325922 67.13342378623935
3.8906058962486445 97.65362330415319
34.50947560094867 15.740098646677946
22.512599459396643 44.084060520556974
81.55271189227412 94.99635616688195
80.65618719231531 66.89013341849027
11.25841083082898 89.11244741801329
84.6722429447121 88.96170549104467
78.70102887106299 45.73375955412317
33.257085397338315 3.656016301318943
65.06028032881396 24.083207453092193
22.407212896091476 55.66398119508879
19.176760661085645 45.37576487634628
91.4734870861335 73.21221579543658
96.19372603801993 50.84115264201068
45.9134609839951 16.650935468347793
38.65645973051779 16.267271459183906
64.24691415220583 13.94727121281284
60.12952042315045 70.8322945650161
54.094690965902004 55.770196766514516
89.52783499264474 70.49542026290098
96.30926232659644 95.48764856027434
65.51934919782842 91.59739002909119
26.30760667235399 33.830064146025386
87.73080541464445 40.24687656694118
67.23317492678692 89.97185467439483
37.61644235105602 87.57496125578625
98.57436929779797 86.32514995938548
75.99543011350073 77.54387020320283
52.60758253056249 82.31734587136272
18.94143403983406 51.74509823196164
58.815217185092195 42.232028209025444
85.43045268834385 90.57205019790115
62.41869273633595 12.50614622810139
38.67464563397316 11.32882944203103
58.07985732433253 6.847915556139162
46.01779939737882 6.224401480050268
2.8621029143195864 49.33883643383309
20.96579036243783 41.98880173021837
63.509265794317805 26.41235783714787
92.68678454410444 25.81376700299778
15.96524584224045 91.934075461644
23.109203510905687 19.249656015515804
99.03804477293399 35.98064428352312
5.480479827029416 5.389273878714174
57.48560177577245 93.64853235634195
54.95458621953293 1.0436967340116232
86.89758743328127 92.36863860729586
29.83678046727254 10.658200163794419
13.488011815546363 65.66179964675017
98.36459750458052 95.92436798067754
87.86090109480055 73.91969806912411
53.892357707362535 7.0301353254780485
77.33819906658297 21.580139960709268
54.5685797337168 0.895956145931176
83.90142433206452 8.341351761946958
31.773699686055668 16.763329533216755
17.40368762965798 13.825176936342377
8.818721389264727 37.79344846366129
78.51395693211131 68.18259792238767
24.02196539408411 35.3241388589677
19.329180499424336 71.74144928967452
23.700825368952174 73.89669841576362
17.75019896353186 76.3199712179834
30.25453348865358 25.304879697769312
45.71166616226895 12.68578622370472
63.04133764258789 17.64896564820725
52.19592891796878 2.534296787516477
62.296939962095024 68.36763383873864
92.71847282363014 27.221879718951904
43.89397117885996 11.041239618491783
65.11657305827626 11.178174363488802
84.5968047471377 51.37541455775242
64.08157268693449 10.312276163379986
41.3545468361203 49.318493966249136
67.59131236047888 82.32947206731022
78.5429087488089 81.77198168911424
82.91490491301231 67.90871533640792
24.0431658985367 33.81653617398125
55.1450918629067 11.418099158511385
39.432369130118985 68.15659986303983
44.88744200881914 15.082798148582377
73.01634073617348 34.88191471240481
68.56169860939839 14.237511844084649
21.35173120357753 11.267667036114515
36.996436939345514 11.19379252777042
82.08850952573736 7.540614313037485
67.48286303331741 74.69471502856874
6.850129623782786 3.3858311679788256
52.5447148354501 82.0949168809357
45.137467551079425 29.25049671765215
41.844651817961406 77.32124607942087
34.20147172312122 89.32559278598717
40.16808275176661 0.5714476062742224
15.326961312317822 14.504522922907615
12.416138957775813 92.48079051051961
91.11815301701063 0.5624326435415661
85.11894551958062 38.97124092916059
83.96446739813592 37.41079186762556
13.462099012951768 76.53418420827013
42.56811997053701 15.29574383753819
19.481053242946235 92.39611857318901
51.30879966277823 71.09030881490509
26.135024653306736 91.37481320979097
56.39622396311547 59.79592266018854
78.22302713602076 67.08598726374333
42.882244019367974 59.45610255971276
88.73582682058903 29.82549350396887
36.265652410520545 87.30348273579924
20.594789084129673 1.2353359874927916
33.2180353226945 18.73080291872361
85.00155859402156 95.22618855847202
1.5179859294611409 19.92702410369642
8.359608081558411 88.64000651392197
46.32247572327701 48.32884034752397
48.98385927426921 16.417090814965896
57.97267309490841 76.95046661492559
27.69787936571022 37.92512793455596
78.93172338860988 92.99210568147792
99.95263903748591 95.62332876461281
65.92427955888223 5.559880377508963
48.5761272354346 73.22013332390829
99.37552914317051 38.46796588686318
90.33627985549629 21.58864964157303
13.838898340555538 45.671685424173994
31.77782374227177 99.19950138540118
28.712194032936324 19.03272022639215
90.77687567225523 94.3529255883524
38.38621642627237 72.92774468084036
84.90484082639735 13.728255125766765
73.18743937474876 77.88028487571007
11.08650382191917 78.336953435558
17.60059806759442 23.77812992200935
58.46276085612916 32.92972402823429
34.79165092745657 61.84838234013179
9.879432378831222 85.66652265652168
79.4429515857564 90.13894725301571
90.64805408087872 85.53729649561733
11.803844390294337 59.108170054044095
59.06776571820686 49.76943611222207
5.106755576133059 8.634018864345549
77.4772030791714 12.368748668961604
48.565770940559204 28.944552307070836
74.30151913375951 12.04914222061273
98.40822244358282 18.116934517340354
38.192937020372455 25.632846371564444
10.388354840606329 25.175044257146872
52.730224465166145 26.02583890620984
55.66067598963379 85.37095035326749
8.183998344242937 97.7400483001876
78.96427293477552 14.89082700907176
82.19237565161141 29.15267219245924
67.75367507404991 94.34274617387508
36.06865146861331 62.57261371659523
18.378230381508086 57.260479001235474
0.9745745133953543 7.663337495983047
0.7418380031208538 41.41646618340036
53.498478265222936 42.74143935888036
80.56437576639367 59.97321314416444
44.961715095884735 70.064890553849
20.703051118569338 60.40213509477336
85.2567299361876 31.036096717003346
31.415453569616293 8.096440456864629
47.38467860058234 77.45046253481225
3.736655349012785 39.40649399811148
55.12957014484186 0.354744515415617
89.81773521262767 8.424613303618978
25.135084856558333 8.485676213153548
26.85533020142494 94.33237501189295
34.86829360253925 15.609899252918524
43.077168190747415 73.3291006823208
42.109890662920215 30.27945374757799
60.596699632694474 69.26464427766285
82.4679434815034 92.43937167527099
20.368395257721662 79.58088049743185
45.12666553173451 36.88002338261427
95.24739166708073 65.51301068328436
94.40196753175842 37.738465041705126
9.422592380239603 88.21829218616723
35.835046904260146 89.3990432091947
1.3445467476614792 14.948077023232331
48.356524304462454 58.29664647349434
83.32813231526343 50.91430626606914
17.577385886127473 64.17663680482735
18.830355666489663 59.452974223479906
65.0777416039282 91.67032361134702
8.816883179866231 69.548961312684
32.07371511083078 18.95333055907664
19.21501961201382 79.13080355674839
13.192611153608425 8.75435506182921
48.080654008262414 26.87275918300044
61.85784467981462 44.12767039282739
13.920624491868272 88.20058744221669
15.194049794524444 38.78612866363055
95.19494246269335 94.18018415348742
54.26179215799316 38.4589518401558
81.00461850935947 97.56020506317685
51.56124518098727 75.16293660727416
19.730956336813243 44.375313782968185
47.7218148153767 57.92650972449703
61.0433409085179 12.663852980842716
70.60676345292448 35.096726937429814
17.741839662708735 88.22347403537086
75.86903402457756 78.55794328398282
15.438616430870876 66.80073564642508
55.708733406005905 90.745002953956
30.727766225923535 62.50925118208607
82.88927436319872 37.93086667205593
96.18231499980693 83.03600773926642
39.341906968758856 67.03612246021572
89.77688073687095 0.31128002078110173
85.28238278282679 53.15492581739654
59.519428588157574 51.583339046334665
40.79436236550864 32.58248740592582
71.64877852081833 28.588463878200756
83.19475504923788 88.4123464594336
8.649108944020645 80.66469486408445
0.753325649941794 57.482884477281814
9.430165600953455 8.923565564746038
94.55291459200517 72.18960574637924
52.368804930496836 81.48930593038808
49.34042602479772 14.998605698706646
76.04709266575546 20.237286542742694
35.351266082376874 89.95897009731846
14.927778103171175 32.36853866321263
81.22090548786875 42.39635759915302
91.09413815105604 30.613333123686026
93.933782408582 91.84331264380648
25.62747146869835 57.92413612830762
96.99292671113733 60.3607887846508
46.765670046968886 86.9194682603553
66.66780642831105 77.84920528558068
19.215593743817728 89.76073623295477
40.70450126854702 15.276249042563993
49.37816212241574 79.70877030805848
17.425019499080484 85.23614962309598
1.7250505267812466 77.88557631628478
3.507543555701087 98.4297606568542
3.1589317413176943 19.37650386130121
49.835060772726735 9.135282761629071
25.63674180578659 7.929398090755657
34.999880225068736 60.565456733870434
