287
48.559564327536386 58.77135963630111
64.59618280550269 30.943726975993314
22.608744648791223 45.38470583438608
57.32550783302281 10.96485925506343
77.97617733408066 15.989463259234615
82.69820914954063 24.03124607258268
34.773616532634385 60.98334636207121
81.08204726352415 82.00609845796521
5.527845927812081 71.03556879546487
80.40441900869045 79.14237566227176
20.564207586236382 81.84471984706958
97.36938243362087 28.071213672148275
23.741016062161645 48.266969646145306
28.289835228182813 46.08804409562693
60.70684621316729 54.394472221219516
29.64885554073128 73.35233536975349
79.13422209535813 53.19704608850371
68.38381278023738 43.648693354272694
19.26470641097231 30.550236523211883
86.4873002649873 88.38428994873757
23.818845201793014 31.535002130611332
58.411639252387694 58.90978652279617
30.871378468362565 6.015343833235898
45.74816842217039 62.29784421695804
3.949614453004957 62.350250983655606
58.428768775213946 42.27074409260353
12.929324404740573 8.724100052252071
17.58319387231956 46.302906760657734
13.305193546383276 94.48316360082238
18.696715811340535 84.49372194971268
90.11353708537119 1.8735473891150711
47.47963709480943 82.56645071353617
10.107593382289192 28.74058897037689
54.501363828850145 18.86559066536536
67.30207886582325 3.4429479490449277
91.23316350977075 3.08936305958184
43.21034167369684 96.11686347503284
26.602016514634908 25.07461199825456
49.10046971760181 7.865092371716909
69.08624327241756 74.27907598160704
69.51045058910093 84.19857473259863
38.250767845886166 58.12066312073596
91.42114780842738 64.93733548504997
76.61805719326279 84.83596972713434
52.216058831024405 2.1694461084613925
73.92754210526911 9.140970975766171
40.58526943036678 9.600672398927912
88.77116269615311 8.604084476209206
75.94906735758896 86.18054326463661
2.5518929817661906 23.04735051089616
89.71361832533712 4.894004496857152
73.10066005530598 75.662262810597
44.13007089790544 74.47591447044533
87.25362519782017 4.687393642227667
40.294257493338634 51.59512384476132
52.9848091804112 88.32590463903071
65.05750958018297 40.60102102100355
2.9078632224229017 29.092807071352734
89.80769226297251 63.10883062621997
79.51737090683311 90.10303167690866
67.41425348144541 72.21006257779594
99.85790948911662 24.443568105171074
16.063154743729203 41.76972421759938
14.979281019793767 14.282470566906936
90.34952258597427 72.40855695319743
13.889771215722224 71.35155953505023
60.252298676324415 39.1670820043946
0.0527867618481781 2.1735500860677326
56.579690629673664 35.14965800237595
6.065599333154614 63.95501448262721
85.76158917512544 35.95066474508276
88.12844510652258 77.14322587993237
4.545467653951574 2.729020178923436
7.113335685621736 67.61055121876683
55.48040045852882 25.98040089715029
48.47850681253155 49.388753080373874
73.39491931749853 63.97740180335285
59.72058075971779 52.16636584647024
8.08826800811132 46.28683959821197
16.571187476884653 75.41024101172114
35.429116211978354 72.23117198394783
59.228477595039905 93.09002603038358
86.25899091859101 84.99494784496959
69.1345514486202 15.191554726231349
72.6693447415789 25.819886797693027
30.367042379312835 13.540367701692514
40.35155823561078 27.851816655508266
95.17026109220527 71.53346216552823
85.6252041037252 48.607701897964986
24.493406014903908 97.33077002049593
92.58552881867027 92.63982559074833
58.219515225014106 36.5599722973883
16.984868376660835 15.719808357289844
94.69770556634415 11.079622678548928
57.974137069011114 75.04149941467017
64.50385249917 74.24339991380899
59.012539682109974 13.362063703356098
99.61739050949072 73.72609116267026
65.77118844538833 81.1617479136154
16.590750648996245 31.169291231662754
43.457193677752706 87.7113611082458
75.67496490035307 71.20351667322069
70.38111296375871 77.812252886544
99.99318958099023 45.71188917110476
65.04048950243198 51.80825560248393
75.40082620176271 62.80256838061269
31.91525521698162 43.74000530203538
89.84961347037614 46.26341182653201
36.34476747326485 59.053457835749725
71.29775286022823 0.9895365057952077
7.014844477864635 5.083378610585266
19.196065641802505 70.51254017500652
27.121646744181284 49.82662264259021
65.2364182434717 12.855656460604337
47.82493772355091 27.6169352488014
43.895325478504446 64.68768520707972
54.139614691505535 9.93213217429666
46.17336640097598 5.339217760268678
54.04010386118993 16.275067563203926
28.45501189364653 25.02415976928889
33.10340341409077 26.06834144743505
72.73775237211782 72.46183562323803
52.900370416340195 63.015417126351004
53.314551233978804 93.0677508380247
17.422796274347085 50.119006096781284
11.90994614430717 24.936953014471474
60.10014555100503 68.78774030231646
25.83313951434494 57.71323006692409
84.00387623981976 13.318474895109734
51.98692448938167 59.3392185538
15.62693210516526 80.32641136240397
75.15267633095993 7.116824863430504
1.4721902440402834 37.00966568743661
20.892640940296292 51.46630623093169
74.67839363857215 85.32969369499284
74.82318682419768 29.561585033875794
67.38295779302646 33.62001672355394
21.02288214875536 76.88444847571402
93.23583834771343 53.50170696195735
25.790600382313322 83.15580104444518
10.139907008265803 56.347063612381454
71.58314401546384 68.56592219588575
59.49153392074523 40.666870100669485
88.02696819497527 93.48483334255948
55.63933998281807 73.11654040765677
57.32145556769258 82.00062059328904
85.0715932592718 57.619548278484714
10.38268803504403 72.59695107039431
34.65882832164989 93.90356884795982
82.61061271837397 16.41336789827026
58.150015593916784 50.57216520727751
85.48900482803631 91.47461643732835
16.946851913912585 45.051766600221846
17.568446437298057 50.0541875813761
21.41076779872145 54.97525238225997
56.98803313304369 33.90422642362928
45.43041359138267 21.076475273207517
50.18342280321616 10.354457187479738
56.273955100484706 98.6667447988079
65.80357789444668 96.31204530068422
18.783261822512376 37.02591492304784
15.665628239868267 53.44486660530975
60.76107066966825 10.451368914695413
81.5720387639842 69.35407609309038
30.602217904408878 77.65168736012672
50.0192239486019 88.9677078603741
23.534099879836468 56.771895169556544
70.26630168588449 47.19103297691024
82.67858055998589 85.25355768262351
83.06240682879749 43.588076661731115
30.719473079445304 71.31757683076515
63.07106623724367 28.068530726589714
49.39837172425653 82.59792638941767
88.60088893366313 28.946113927773286
0.779909927970357 35.251739736572866
60.639341511120094 39.90792604825331
27.734958515486696 4.18515831828098
32.01999803334479 1.7853071522421216
63.63000218772731 43.52836010462142
39.90459688014869 1.8579327090115672
51.71591823180543 76.0238650808035
17.15702109636498 70.67145853437997
90.21334716105895 21.501545986609848
15.519157481328715 64.70202946509959
61.30184097350886 44.8634932968745
89.84814715892823 0.6226057228922333
65.39798551379323 50.10552339166428
18.819464673757803 0.10322199434269486
82.39373711220028 24.944388575526176
58.152078549806276 20.19265964216368
96.82796828814044 14.351730187520605
43.8232478616307 30.605900576272827
61.37873082536673 29.92092783858856
17.2130166242054 91.09556805123464
28.94719728859436 47.06390690716825
17.617389787267378 64.01045532896998
32.141390284125436 22.251917936726706
43.9121737340625 9.236531251531698
94.98245643972157 81.92262747967585
58.24150666079716 36.54639903248796
51.27576275123723 74.12554266705456
9.855685865584674 42.159627301866735
92.5658002814154 49.36665583567543
49.71052053939654 72.91732966695291
32.11454251839646 19.3474654937132
50.17197644321859 22.71077576003745
22.755623659599944 94.50422979806717
99.76254473919289 88.35463887192195
33.544432051649764 26.07108708113921
6.149300260439949 67.86724905153173
46.236377878811595 22.644277681831724
80.87754487417584 98.67788599291535
72.24011346040623 76.80673312036205
55.51857845837536 8.508811354526058
11.483311025899933 20.90833855695955
22.217087122640734 95.88433166200913
13.233157759688996 97.75602555529822
70.48487615148177 81.16960839851161
48.70423891745412 32.63438022899364
75.7263185556416 17.8416245054541
1.131346494729868 46.957816331723045
31.822352724323324 55.34935556148818
46.104875505219155 15.30583687152738
82.26240409075245 31.753259159442116
12.848892415322267 66.13088197597305
76.09980402050873 51.012877934918585
34.49906389175521 17.901007936485357
86.2449958359222 23.891264922042545
69.48894723664274 13.709126232516534
84.56241008013087 50.8361695326596
19.991231162558154 62.65049815450981
77.5329586971096 75.87132100811125
10.264793695591933 52.50543733363058
11.128492933992218 95.35674381503992
70.4773154065656 62.783651200505076
33.18501448314628 2.446715234465091
54.72163843246134 70.57224443707894
45.46333669405686 13.22509546870041
71.07916209078361 15.213346864839982
67.85336574280679 50.0981476114456
66.24604817289162 0.6294096280638262
58.7580693591379 73.13539875724555
9.747925575929262 30.627643078034172
97.69272800608366 45.604628536268386
90.14044894438001 59.300022521421525
55.06874956064032 93.76163730964404
65.38168468641271 19.787145714490183
12.38433572478268 35.986604802433874
7.5300178878252355 22.753786837946745
79.62475662462748 94.98986059508945
40.99998064613034 79.51986387830372
15.837151855168209 30.212768476856176
90.17296635290313 46.84260848373264
54.75705951856384 38.57788041180208
86.67781564954029 88.69062923936373
60.21423865600587 41.60539668374861
21.765185119435493 28.772328810349123
21.581186603895652 10.897508183649872
87.05220852899541 39.95439252496335
22.261242698077755 16.101358353134632
60.3662872425862 34.92203752179768
58.96674022600826 52.30622315514344
52.69924525400462 77.75827956621742
53.48656404986885 97.62756441638886
8.450313316506385 61.79402435460371
9.12873500514577 18.658786918752035
35.954812574791525 62.89230201669043
14.206372711448878 10.068488223586902
16.804312056629065 9.707115279679524
12.7779089441459 53.52078309673149
39.70249863560251 20.4892173808646
65.75172364327723 13.778413097221376
6.798513574197617 91.51545238665612
66.32296102694968 54.13039461850298
6.513114673075259 68.56632304957238
20.37017789188189 31.878456895045282
19.413396660773152 82.0096819462407
83.05005938500429 67.9347308602519
63.42456244988129 85.90436445072082
4.568831856086342 18.367071194462714
66.29261070180841 19.66272911567962
67.80778513776463 12.153571995328916
51.317618882239714 53.83796103633457
69.20215243392718 9.14034967203058
25.63059706898422 66.95380821844047
57.203897775761014 26.790895774153157
84.82062630569462 99.10537475212075
