210
42.716843658288504 30.069465788009264
83.13000644889755 15.27615178826266
81.99360925603264 16.047012581446552
10.717402969281842 41.109928250815194
58.2482738172491 9.89637218567896
93.66494603536957 64.01886616683437
19.155310765053855 60.33994675185595
79.23484283902549 4.663916486047515
70.04326127829191 3.982541865297462
29.474054853699506 29.258955508882643
37.051738382062524 97.70149167605342
48.78654666010706 17.086848697834622
79.7822943079333 72.6997463888505
18.93399899979452 75.88906495754205
11.659926565495004 55.91396055672027
72.13924242838577 24.247405208781668
65.26112718191159 57.44204580511912
28.897331211339583 72.96702818975723
11.205709060162638 95.77922938071843
73.6365774179244 72.28270891246372
97.34467267673776 21.39585397001462
46.082355000082984 94.22233763409014
78.45810769170198 88.72002005795537
88.30009571768768 86.1594230025415
49.072542519326234 25.25024717732114
55.822988730064296 43.10071493772239
52.66628938799699 93.25824185523221
21.325665367321744 25.69797831052567
55.417363201870586 46.53216091350274
71.92083348422827 44.23181540615153
85.52954049560408 78.23223940888016
53.31306394577431 37.06196604252335
11.920166375560981 97.43457242778523
49.382740619844036 62.5374235111096
15.896572627915385 31.176293961579894
55.257060529318025 18.228639108892907
78.7765903406531 39.084982820065164
59.8508196328997 56.21438185916509
87.27576056637757 26.615329689436685
57.17814283367818 75.83451345883796
5.421836365459165 70.90901991005066
88.29483102982768 92.07160746934117
23.103288064459406 34.35856639609948
40.29278304200417 51.97862600934378
24.471781701271567 70.76821879288244
7.2897869643669955 65.02205774758403
53.0451792882948 42.412807445019894
83.48729205384917 0.9014011454817394
9.298109992869119 54.42993269857453
2.993023785729576 96.39709505333852
13.36061987180095 70.42483489972102
84.66906432781425 2.3904322516179577
64.3140787969773 23.716809857520225
84.1338293053577 56.33425247173033
67.61653607472637 6.190936700450478
72.62328771860483 98.13520297664542
1.543534043575312 82.37443272329745
68.13545845915844 56.279827968007915
74.69814848747761 20.199790457590304
4.285490537321213 42.118964266597345
61.58998658443133 38.97169677863415
51.78387541893037 98.78283692269805
3.790647812111092 52.41389503359025
87.29354337732724 22.934957606265538
53.36086190147129 53.86283709769671
26.127996962138777 24.989902426262855
97.64058384349904 60.72026772350154
2.2146172979321532 71.13038552284581
26.415632183352667 58.78290640201792
25.696760489672176 12.258827759300761
71.55854547227173 90.66971832313538
33.28939694691637 7.750064033073456
95.50520805058166 18.019215253402088
70.24540906408092 51.19548065819017
72.36202402576576 55.76674483518913
85.0609089835678 95.29915905199033
92.06631828477244 57.91916087197746
10.267400743519083 79.05700517879731
88.04543182398139 80.13289751912478
98.32170337486829 45.07439636554369
59.1205027911375 3.008217295323401
85.15037649204183 8.743253533952956
47.52230587179059 33.52544493553673
36.371678194337456 56.04840843628085
84.88907363585615 94.38940517657007
34.606092255860844 52.892387314678246
55.676486459951136 25.66067889494822
56.647746228174135 63.475345424194394
67.65633966323203 17.26110515554904
89.82198434965524 94.73820317609251
16.168384177022986 37.253064921314035
32.998738753455946 22.382326038234012
41.984095927360286 33.557214503149915
94.1276376612442 91.7277210692413
28.73956791893846 64.3324866527537
38.094096099614575 96.02331848616242
46.61704550167654 62.28036979108986
54.76607877756086 24.71777869164251
52.14707734389936 93.84686258712975
37.88434634409634 67.10638125148527
47.6311050350911 0.21568456728009444
74.77159334505583 13.859120116885782
75.11368736597495 99.13563429065356
36.53810685491642 52.79536987235034
60.393475839858866 57.55054799143105
13.046702653802566 48.38214324569383
4.817263492135315 54.425762274667676
48.565672845307894 44.26014607803683
17.6696367647592 38.095431958642514
70.07538623653193 65.50447742140204
95.760368678779 44.787728778591685
23.3535429012106 74.55177078066451
51.66068285779735 36.222640530000206
64.53893236037284 36.690827248845245
97.59120334428148 63.27177347277465
10.62690135474652 29.56868091202236
37.69741938173997 81.21633318755117
9.001757657379716 62.18954179913999
42.33221358939918 67.68461703900617
19.029464287428567 40.54217431101763
47.1370183976883 30.089938321233767
21.655888769036437 58.88399473251633
38.29300800691613 88.24467906712255
24.17672540362663 45.696460019493415
29.776664950871723 25.168952431936386
7.945518772625137 7.403140438277822
94.61043899417288 17.325977040725093
27.53889164444535 63.12849388373587
10.095686376361302 97.33029038752167
87.50702310023524 51.085333914727826
87.17275705886196 79.63916887160502
3.4170934119726826 96.72111156883066
94.29099025271218 25.331080743975033
17.445265130363808 67.3028371580345
33.855978338707715 45.52415406505794
62.12807676065376 61.95091872516095
23.25031752186103 72.64960354742148
73.1059829740046 5.94437441598471
42.08814424406376 91.45525949308443
84.93920835317121 57.39616529377757
38.584483663462606 21.193185764026502
31.50855347038968 21.318083294899026
27.072899812528394 35.019343217275946
71.14467906651399 33.731601397444855
86.92077944331488 67.9378075610534
15.41428779814793 95.35018924402387
41.293554578248006 99.64109299750389
50.86614983644464 95.68587467547695
14.427206014011018 34.63147071003342
97.45745925507939 14.103377748663192
97.21226478037313 39.43744027816594
26.45667748544528 99.50596363833665
34.44040755007691 13.528470913686252
7.791935279190265 56.96955179062645
1.7796276738792138 34.436746041377184
39.93669161500149 63.38429408853396
5.273987766746235 74.85135214442245
27.93117972043152 30.050813814760158
3.1820749672676008 68.34560861643439
3.830164691111282 46.73086768396155
90.16815002333604 29.952584647389855
2.8477839727961363 24.217711722077695
92.26685261473891 15.182667115499227
17.91879714776631 26.485840224444544
65.02902522536432 17.048088833140373
29.709738162065648 95.98496924353242
50.370921031263826 44.33800048537599
65.24139992316731 6.741883392965697
96.37935708027707 0.048556209976824416
63.29095871133566 15.372758239611139
17.859454814057397 27.026899691369998
14.273140886140522 69.51973415258162
86.5035627765301 3.5630545689080084
15.118394740981266 22.449311753482338
18.054786788742394 26.36045734686818
71.90388495249037 31.184361982736565
96.76503253359394 42.961038104482064
85.99234421916424 34.37943132676692
56.20670606641303 84.59012405250074
64.69585622933471 54.622682490255805
48.9469177817506 57.66017994229333
36.661062042206396 37.525283174404066
73.77317433796222 71.6700150719899
3.795104766790347 89.88639025758938
81.16265076304649 98.82192032004086
59.67024264493767 17.694398344787622
73.23567743307191 2.62529852468113
49.80481631143442 17.049583945722134
93.72332487457086 54.044375316846036
23.116466561047922 33.32136764156345
50.949190689392374 47.034844919336635
67.49125495909854 79.98274093331207
65.0367839452946 58.002716535383435
51.93701973624104 9.966377484981182
21.7867000765981 6.423510741432226
33.234769062865546 37.96074711950105
74.77916804150999 12.543940925045238
9.24208491689834 20.270684074127832
38.15741437191436 12.103545657592596
7.284357582140267 93.64928564264812
16.781811048037966 44.92027054426778
86.99988601967814 73.41035715874888
80.88862141799149 83.83355924666157
31.653586177545144 88.87912324714196
65.88182647371595 42.22160140621364
87.04063353118498 63.644236339568074
95.64905737549523 82.28851685904812
18.774899415710976 78.95811150876612
42.78818613720177 55.54821343278358
43.28452214752119 45.23971688030643
