252
50.21949521609137 32.95814944734982
28.859116570108167 69.5428078360136
23.430342051984752 39.86949722251711
92.09657052394522 59.56454085314659
98.7722144381998 20.210696057103306
98.70657311336934 82.33676451565348
12.484609182067652 82.15313303060032
64.85179817939888 51.97550081006379
20.185611735095677 86.07644413847689
87.54851467438071 34.052165610416274
48.028176166418056 76.99782481053622
42.754339136866605 5.586898542281704
97.7623985830323 69.29878115325612
60.87691159144253 77.26449635257828
98.41995329377403 59.633808621438064
5.785189104124799 90.46712363967283
22.578086203391024 42.5501188436466
29.29276026364861 57.82342680577185
27.54537797296297 15.11331105719339
62.39211738157798 53.70205726000378
85.83746976689139 1.645254786480277
95.33383324258267 73.38747105241403
43.12454835222332 61.52954138523871
90.96744741155133 55.78304612599172
5.783575898715165 17.9162462399585
21.60759596574153 66.91919140869467
56.296767106197485 99.24159038184905
54.05968248162621 54.843670741544805
60.98538148501906 97.40143072149937
75.29108571486456 11.296089612364534
29.029572580190578 19.71348644253963
7.431374871403451 74.7819449681895
31.28875764929556 29.14322752220313
28.95419554822567 45.003877512382296
53.90386777220244 65.47839055694851
70.73808974222413 32.88281682403073
1.5034972658177104 89.30097708550326
43.73891767662862 20.665125840808653
79.27228128622001 50.35370195607446
63.273309099312605 28.4898244694757
10.06025327961655 43.069956321933844
79.8534527543545 50.90232232455173
46.38637110811471 99.03392715094205
56.58889075770801 48.47208303373811
31.526776094684607 27.815361989539934
15.800824406327784 54.3116641644785
65.93639184801653 91.79390147023967
21.612347686197232 85.4297187690869
29.136059480889575 37.01537898357065
1.7054994900416731 6.066209126249278
83.06433071828538 87.10290089044386
90.90730116221471 10.356026317887268
39.93865111944719 0.9863346953587704
74.88942870477462 20.766891225233543
67.32916545392303 48.46529169712637
69.89052110057318 57.60914404657041
32.77261771698646 22.488608502191244
19.766260630792154 74.4489211526641
24.919526095492827 1.6795570427357576
31.224277741608642 62.70900179960639
54.43511074358588 83.17901597873978
43.08014551968677 75.47169750416232
98.185384381078 47.706684809213904
2.4276371793844564 78.731615143668
90.81804583634275 61.48060798254834
50.12839931213924 89.51711616413384
24.035125269777314 63.42051659123435
55.856939933154706 62.107301791101555
45.969076535279626 52.22003560034154
15.791339047075104 6.250299506196799
45.82449147391233 32.326304164822005
22.290634532194463 82.94369619973567
19.85378122217768 5.2825910072960784
97.19178476676336 2.7454027285811478
29.58545090687804 3.388763740147749
16.976154276145895 30.561137649163072
17.92587283310374 24.908039674716388
28.96761138928151 16.33933444390434
81.176119029979 44.64071038805146
3.8025508819542697 43.78525482293284
2.0128338460539075 77.79151358645807
30.517350458509096 23.343683109180645
78.71535926782876 2.0228163083311212
7.717021378294254 72.87675432826262
71.75837284247251 66.00256208261793
10.430856937841915 46.9703974068587
8.56471851214865 7.524358137159637
89.88222466626632 33.14888292232744
81.24330860532038 91.79520616147369
82.33651109939699 30.730504790729384
7.674311047844407 68.4527047523289
8.868882222538721 26.534716590434858
40.83744179984048 95.69634590287443
50.860102252596164 18.76646997316419
79.9496263620002 4.264493736350605
29.383547371224672 85.99713283048456
21.00104550064481 71.43272144558568
90.84654525169711 0.1733206481421612
54.80778166125352 79.19969612733422
87.17673294753237 80.50616653054034
47.36796371030698 77.34412955991546
14.534168093035182 53.942212351899954
25.382697331364568 61.6538520648886
66.36278809785804 17.64918894942811
32.145138066956505 86.88003661899019
24.417246838918317 0.5810011683367478
33.88851623481726 90.44133142151786
99.88317974001997 85.46577604423634
51.81784603851574 57.7040208978146
9.613542273540643 92.80029738907159
93.60413865748039 53.745798936660385
58.41858714842032 8.241408086592262
23.22814685519361 84.54850445861489
42.203526145378675 37.18131914666416
65.05284074624306 87.63598665628162
77.7402169369714 66.26043314664409
6.924260090441914 6.762585651389763
82.86039688941796 75.85542094506258
93.3425483701132 34.168136150475945
25.791559583472832 55.25418045469797
45.247309090676445 33.35082492908573
83.91213776971021 13.41745879319265
68.68832169092543 51.51357271602265
9.198873330146496 24.416575627022308
2.033223060051237 90.61525006504199
82.89385659750246 59.83977834503792
8.73955025874833 81.94201458327043
79.08951027472285 90.22037816249836
23.822833550497656 18.883041965485514
5.980391243347705 45.71099606959616
21.61938688987628 85.4875232253806
66.96051074742759 97.81156781775977
90.74847684937734 60.231848000119726
78.18555519847939 84.17767677508424
46.83396986505629 34.910835054385295
90.60653685292237 54.71219323463528
99.81940907790295 27.900439330810165
81.46497518157405 44.9878582995661
67.37065604551977 79.33124425598407
72.98072040481391 73.66126618396557
26.4011411323644 64.44937259381821
13.908805696716108 54.824004814030815
18.598806278069823 42.34780840111445
93.91355892706353 79.58511929604066
98.3316542129117 35.92255461059645
68.12085471204618 91.46870862145256
56.48759069973923 30.684202284549166
75.59114155133311 47.01544380653746
18.312266728129735 83.15632796353512
35.25068212574407 62.78156495116137
62.824663850917176 55.42387109368286
57.00203345441691 54.724709572424516
71.77214486202126 84.76564558524042
78.01588317886691 11.604107004840902
74.8328718739751 18.71225014339133
19.817151821749256 26.59577902599507
46.761356332317646 78.3912157239156
51.167362653547976 56.63827432048277
45.58130844640179 17.438820958695477
68.05664949009852 53.9771096821277
30.525855145335157 33.70934199773758
70.15007646261158 21.4307024959437
4.876032725552615 92.5674990697081
87.8204410493872 72.05846525772137
94.42551178813183 72.63503150639758
38.10242875780222 59.943125732725655
74.48085298992662 87.24125864536317
87.97314890118888 25.88603773845045
85.10199454627731 82.89396092370697
5.622642395890454 6.105361827134392
63.9516193409145 91.58610334758679
33.30159060492163 44.985076496455655
78.53331978473796 20.87807444659059
62.94429797582788 80.01136763439862
13.235817894864276 27.202223028300242
29.463745999391133 46.48348572525606
27.576394649423186 50.275574162291505
64.1235911026946 26.750236699368145
2.4778117902073182 37.85974495235844
90.69858562041138 48.02959114612777
76.21170264555614 83.05787128273573
89.70973243315395 36.60385079963224
74.48623309271397 90.26025007263641
62.23311226681979 99.857329066874
2.135154984322818 17.627369224841296
89.33173632014193 28.417067054917855
43.525926354262836 63.416808145212286
79.40549864239095 35.97050222014687
92.84942346864285 64.15613537636726
55.62857219848615 64.08364396724345
96.98028715829855 21.55822305449877
0.4567182135698067 74.12914737977077
13.393729557503642 14.224151137757845
90.7273628237107 52.07817488433503
5.170556650788738 1.0337954052713316
96.47462411946212 41.730842814011226
29.421979777926154 78.0960109135944
77.97762560154531 6.874033403851588
79.13356552966208 71.60166499225869
21.067478131659335 64.93887746592956
55.914915351006954 47.4210787646476
92.87117709168844 34.16249713957966
5.846317707396298 54.85006607117414
85.71291045206412 58.565375208726344
68.29617810756852 67.95888560799094
7.373293638993362 27.51854274962666
9.754455053583156 60.22833132979627
77.47781673111693 63.75170152644205
61.78451574607886 59.533016766007165
14.623663202330107 93.78647509666058
40.1943468380368 95.62395811219332
9.592061319458756 52.10276964627843
3.9033794093037644 7.306526397674029
49.3455700117053 40.1076895723684
45.71693703415439 39.34611239624397
32.23817665186988 34.119206972853654
98.61019621611487 34.43590293069468
10.73444638383323 54.748888055201874
67.3486504201837 89.14367044202216
29.762304637636216 96.88720703390857
48.17547095074822 16.906436426936423
70.55971935910927 43.916055729684246
18.637348924464693 46.425957329312894
87.32018603832037 29.165547113959978
32.93286560638743 90.8661916886497
41.626920855829695 37.90099914283482
49.13922190421772 1.7660903368005298
14.63165973010624 91.18502817622934
75.92451625357131 56.663435781059704
27.327280298193102 36.195384338556856
17.395653306262147 59.25679773703705
49.224427032847075 44.876720716044424
83.50614270220308 62.117797068018085
17.9399003540058 79.37617042617046
52.06110847873096 79.36084806593826
34.41232704578202 29.53773856252494
5.672087869871801 79.38922401937386
39.320060239737785 61.40641375373178
15.843200540516978 1.2399830345384055
39.62251184943426 62.3191659028634
94.36824629025361 96.46455974346947
13.054102431639315 3.48806780224179
62.221729025161046 68.48744809026381
23.571104618382886 49.21439729657643
18.88999622366554 89.80747627271111
83.55803017748553 94.39852260541922
7.161790169529681 2.6140050180086694
87.3184324030443 66.45316816358732
49.528821242381774 85.57473470578778
30.298468144087064 27.5121856286896
66.89914520431883 72.39276654195719
25.825622731274134 16.659678340936303
