208
83.60246828691828 33.486548997895916
46.949283958196055 82.35121871310041
4.496461330815327 61.66651275468635
39.964228175929996 77.43183283842535
57.73991489472902 24.047782707976783
63.77495540547666 46.80971880301822
41.06488556640585 93.84595750620687
90.18553495573073 66.04283501744976
9.8383144984444 63.191400265748165
52.62860350082258 11.497875145292792
55.75272275743899 18.16610144175432
10.383137600656411 99.09550983120305
9.90023211500728 21.139561510713712
72.02005008573168 32.23993790095718
59.51096566275565 5.524994716093312
56.58956403771622 45.42885132416821
12.556850717073697 8.369457417406812
8.857662619582296 18.843139147136423
96.5697527442947 13.936630966978935
65.7051258269795 52.05709735018091
53.54708889637192 56.846342751446855
13.117073033480175 12.678316656546617
17.412691145657533 97.19843465938813
35.45604528238162 83.65051533726893
77.36229780961 81.84966239210031
57.55994206892873 79.79782005618947
24.40357497211928 17.40806474492046
87.16914667915675 18.445261754337526
69.82575798551002 39.15382414268712
12.921254588203023 74.88363086674144
19.28442097934727 70.34047073875008
14.696788232049496 97.43223084834467
59.05861007223645 6.147648981304831
91.20791167027701 32.64041200103187
70.8215092242359 73.164395226182
12.894186748975056 46.29393478060736
64.99888919196304 1.3020589922691395
13.197543891804052 41.292449042323355
59.19761991282571 27.564073280961154
2.212995707836296 26.323677211156937
65.47406264340341 54.76639272843439
22.826321033870457 32.25685094385082
90.41982824422126 50.2547037687755
47.79840033063412 90.49298548261872
67.98998300651243 17.57115978428221
94.94333693358051 45.70114268587297
80.94756626040166 82.77685956453143
32.13630982904101 58.35950819423436
84.65309517375424 95.25087682684384
56.009154239562676 3.7192187047520364
22.293183450782283 4.421259217878049
50.14664477581184 92.30492574959393
19.324324098220924 5.123351090880634
12.846963144661327 20.70385998666009
7.719992063494352 79.26543790685511
79.24497539630967 96.8104161659311
53.49377887213523 5.388742839014482
70.32686802437358 21.271394235138153
25.02640184870947 96.19425775120922
71.53108297802734 78.34277179428648
41.1743584502969 31.224832537353453
33.120102836325046 12.695284376350447
78.71681746897556 86.27358601803961
17.012755128942338 26.60219364487797
25.003330917027032 99.77666535669701
28.06296259208356 80.22204182667487
37.15640822095 33.57756930725624
66.21553948937814 49.904440042159884
25.215055491662586 7.16507343259194
0.8712128797693008 66.82348851605549
65.54216553533435 85.1150874376448
26.271455007191225 27.06295091653518
39.554252799469566 91.31246793949846
49.983733536419464 72.99838983724085
90.65915917024377 79.42521620033972
7.937524811376894 19.553059914577442
24.5250288638432 27.096763413832914
79.51161781936361 6.395706612544039
94.21273839715533 89.45984707970804
98.21177875901758 10.876061845958962
34.593945815180824 57.43605192357434
11.984828801283564 45.88425561282386
14.114604151259957 49.09142161396007
71.17185976810062 56.576655930992736
11.701137340865841 52.282871636464456
63.81464649419964 80.11806797464955
77.54600722070661 76.6962493463129
7.6602426233712055 84.60240049874339
38.8473523222003 52.59751498948021
12.296481208968812 58.93555281032755
71.30063005891436 78.15862258004081
40.71080605422469 43.01641941588756
6.173266145412814 50.72324205963207
71.64628355076724 70.58897464617176
94.06615187528274 7.590350951674019
36.31582562521514 32.65272898895003
0.006289886991983629 51.01848496306215
97.98766002291804 69.75088539967078
74.05426616387449 86.38939329460722
64.71806742578923 53.5837434686343
63.733183514209536 21.410246400124077
14.619309425377047 55.79577849881726
36.3588376478974 19.486007480895285
21.205914130793623 23.90577270099016
34.06622428528303 66.74493089017008
39.35432122467698 93.55483056592769
24.544314990912007 80.04259108595447
14.959302913972273 10.841268153132466
76.59162657464113 80.23297533346489
54.882835050415125 99.29433746896325
88.2474408304095 7.864758480404388
34.72135141247578 45.372242372035544
20.69571848918701 50.2171295968591
50.22844886236446 48.59626097295998
54.62903516548706 3.6700473310838255
41.97551765558902 16.867584187436503
4.811957086595308 76.27316515656155
58.818294220701496 90.85836518946127
82.49304827116602 69.95822918921881
48.46724637466438 78.65944455447375
61.40146951756277 7.1927424417998935
46.809045421769724 49.827270558997995
28.99598765875838 45.05805482453371
25.30226339560602 76.38281135168114
46.4592626307224 48.96384966743628
7.005125649753885 63.026515089347335
79.40444521626526 79.94118559466757
0.18395323033767452 41.05902610629752
81.73694598525402 41.07019295955945
13.946342204581342 89.6591003084422
65.41849334781011 62.60757542198835
73.40690543211197 54.45298378256781
8.403619881321877 53.85547851958413
35.52311126324682 85.79546496684506
5.168170477990486 99.17841621915669
38.37829630837084 10.299359300219068
24.84119850300135 49.2915067811488
83.34298665148219 50.600779676379894
2.889959666021946 74.53590179371025
0.8036897500088735 57.30953879212838
74.61039834026809 37.000436459997864
92.70979854069715 31.104213034419924
64.37547503989576 60.25441044574813
47.397539965903114 94.7770366788465
68.65550719533144 65.69907673845647
93.10348672134867 59.143859814137
57.050364915372384 94.80446572196158
20.303788000495803 18.762070567791834
64.780575905268 18.680966995914517
54.54629656394568 44.146431944615
6.512002338098677 10.596300561135353
45.68273450653795 40.86639792792839
66.14049647175987 66.4341986574992
92.75749494420134 46.41445735412957
72.49381508506846 48.09189126547119
22.198642577276615 14.963596996793104
96.71248278358635 7.890472534092141
79.82450730957186 63.116070225442996
93.44956622988059 79.605593577436
49.91440522429106 0.5356929128707555
90.61122972374577 67.85313709058995
6.53701108886292 30.59051435005872
83.83395329177112 21.467257652554693
92.22353795704443 34.235217217792446
49.82153022813489 20.034570063942493
62.178445519647305 44.293115921864434
22.914687139116374 21.353707350952355
69.63665246324166 68.10512455287297
24.83263100432459 98.99011914677637
26.961338211752317 71.64913547522474
31.338410691355733 60.928673815495124
88.57513590405196 12.44174246691977
81.41880493983514 1.5321933004420751
70.19335712500532 87.13363615618913
37.457393632178906 11.733831887782387
28.775843226344357 94.14916028911016
13.36856942885235 9.321683588692542
20.521219881932463 55.242207178656585
53.02483091616688 91.77151148593826
21.49095617646346 83.04878553329793
51.0501285041135 93.75541388616372
14.48526335745407 44.71628455489903
78.47827933819701 78.44240581079622
13.928172276208839 37.195729955348696
92.38488477881864 64.99106218254872
89.70359173094239 68.79851926830702
83.45229861642362 56.02112119955392
52.23487671396945 69.32105115806742
1.16276356994498 58.943515649953795
53.70901785476233 19.398894926606523
99.71386069158015 91.71718754103864
4.9919099863125815 84.14039860382668
19.336137246329187 41.463007262684336
51.49761509574628 85.76813998481575
81.09206459629593 0.05470841915671265
4.401491356242149 71.07247897171898
34.60027292906914 6.661611121722489
69.30514165168402 99.22429657618109
50.975287433754765 83.06200322612908
59.44716574027561 16.24622249948986
92.3502406945137 19.19039984960349
62.14501263362856 1.5299011699444032
90.31976545059183 51.79109549045412
44.08458920577516 37.09230541531231
73.38912144610123 41.04479285126794
61.75100593120445 4.622790270615851
6.505141764446498 77.76616873653104
11.20163158215891 46.753329524631226
