311
61.755347073635356 78.9747117863397
14.153552822498416 52.78919464486806
92.83192158348865 70.67915478230343
15.0337105022062 85.38819693860378
58.39860267133719 59.06787642850351
7.7100441277558325 48.16075943870845
23.273354490973443 93.56092990591343
31.43916696595046 68.04443984066269
38.354762390744646 23.759885954825876
38.863376237756974 75.26262667943001
59.688238485401676 61.38281897002823
15.024919019852923 67.4600093484805
97.68187332798053 96.72576860595676
1.6698744355494344 44.53702695014182
93.17867379734346 78.63331609050036
96.03777234784324 38.350748762734014
17.359493195893037 97.38914420981074
76.60670691348746 32.83371091778342
67.12571679747992 61.36505481566641
12.955198541252056 35.74320251871498
97.7352373587098 82.98176522608313
51.94763590976413 92.74869467945119
5.374194965698321 7.52492278461554
70.75963154629203 75.80863755282294
22.764970912170202 15.044861008425015
85.23770242084939 60.97274511579535
7.384465050922051 44.674179732756535
67.29625287962612 70.96353078702239
48.316612016620255 53.6212942468387
35.23803962789186 17.350043065999454
89.36711982373699 88.32493817881753
2.1986711930476854 96.75485570631581
21.786346759017515 38.01664714605258
63.233667998199614 62.954072630620615
35.885383725355005 34.55749058955578
60.053308899171896 52.55367617977018
70.94582645104207 53.20722165474496
68.13969680622932 0.3340028604656986
14.373640433673229 12.685932968278724
26.18382715242521 70.22940267172099
32.64218065610373 56.613779331478675
1.6393502056794684 19.00088461648909
30.12099532935082 31.992695078455334
22.571837210181666 57.38149866896344
99.50561667816775 1.7641986687778388
82.5597352719877 89.7526063548193
45.490394414381086 41.64561606610836
9.72331129980889 93.52459454841163
19.1590313198969 68.82310492169523
79.97111311985671 36.56782020357612
91.61750038542029 96.26224815063237
21.142763527710617 43.63351081239135
78.73411443152821 28.801326766907543
65.28574564764108 8.599685388074684
94.29874643185363 57.401020736399964
0.09435749234699697 29.89826052008401
73.83970695257325 14.083933920402469
68.10677883641206 61.27447032601177
95.57864013379303 82.0378540108785
3.7257087493960617 32.502152541692006
14.508025822164639 37.618214652671966
28.28724547216289 48.49485625522221
37.69263578452738 29.646877427311548
80.57497066471994 63.668172711698034
83.85067380735943 55.82724054181969
25.752216589146173 98.92145071008342
85.40484340239254 28.221639461762095
46.20751493819033 86.91070546447573
71.14021799689438 70.3156491035981
26.30964276737369 31.25061352335652
54.81583364137806 83.66673507005152
73.48706035485077 79.48561360795176
33.72655837977094 44.25924693385531
47.115959522319926 59.532780076375545
66.72441095817821 71.4298971226292
62.15863831943117 68.85873305059228
96.11604244666627 81.14376736928851
51.4283346487059 60.9618883356007
63.492681782345514 63.319912281103086
83.1860814350394 97.38661619555015
30.040110386893538 94.83490575054377
85.0496852967925 84.63496777564153
4.124037028875616 32.6507754635965
58.47638346955997 99.35618465422436
85.02500911450137 21.84961857154142
50.78168778607196 11.47134491512417
12.803269951284069 13.761417147327215
45.18584950100642 38.0942340177516
65.0648879055526 2.8674609701
28.724904514756645 85.68960779633422
62.42622711316458 27.187756071271686
33.41780015104035 75.4445940340494
83.18221860052601 56.78941104846642
99.04186233890663 94.35445442059739
13.779537845264421 29.506107149370187
68.05264217490483 9.915897894310799
95.8332472409759 34.58876098342492
28.215992221850794 12.458979468744735
28.598493924490633 52.67504779622093
82.50458721185808 65.13661448311713
84.74666630283406 45.538528833712085
17.270217864641037 40.646720136464786
54.10653192145342 14.500436203319467
49.26477087209482 36.062463255778965
24.20289094543807 73.42340300075388
63.30324038271304 96.2336940401734
53.708377196237564 60.200701654596045
93.40312185705352 90.21983733667966
57.56324137871292 54.91134434587447
1.6901127353309509 53.58143118567767
82.17700093306897 37.17324415695833
90.07065541195813 84.39763566002054
9.244973801776514 25.5040944206141
46.242994647375845 82.83498907851481
77.23738250634203 94.43357090050468
19.495299350491933 6.2399309120817925
32.58442067629026 23.618349933355333
18.830833919161037 83.56385349898117
59.184462685818154 28.920358537127722
78.82649120504138 90.85204845951701
33.32728759710849 29.55946898482219
78.77353741700622 80.33562798052839
34.76801724820715 86.80004333787674
33.753918731477185 12.97992212146043
92.64061050647058 51.47189090064748
22.993848052356235 1.3323390681538427
23.748382876186646 38.19648983956212
22.361381172359906 96.77202642219838
81.06772071850314 53.55518762092668
90.06028831972856 49.425380749067735
38.86359598106795 44.11041572068237
41.12916298627908 64.07575845261333
89.11202403461857 27.701789038371682
93.95394939023838 22.478995183330508
45.94418702726942 31.784986417739713
20.002554670297346 84.97576168483238
66.63176126920418 14.677660700812334
63.56788939456124 72.32838766414214
22.621902744380417 68.41175748480248
1.5253719007457978 5.4412725758480445
22.851301240668963 11.383175850094062
47.61173768777005 95.28175072332893
43.67474437697238 50.71806170230012
99.65838403776675 40.25981433280855
73.40777244275021 15.65503848961548
26.619799439020674 25.33515854617303
77.7287940999227 7.79457547895912
48.79765338681086 39.89471171595736
67.33526017336227 75.31383996698366
19.031970663363406 34.732869843642064
41.2045051214003 24.793916120473515
33.874418755034874 77.20021574300237
14.948869324910207 84.63693233847114
54.49084854578996 77.18517448687476
53.43848625350355 74.75361173107444
68.79384057733334 70.97247783349049
14.260421547908708 14.815236888555994
83.90337804021098 18.27502636132836
66.53734694472682 98.67303195893632
77.35029527308218 83.44245097737407
31.288771544832063 73.00448596726925
54.85632498959696 53.561463878910246
0.08700350340725693 62.38999035876175
80.8951008066224 51.47940958605539
37.486712780196186 67.54844877441795
31.029111304315382 62.82457174969694
92.8993189390616 21.099805242501958
15.671111789565295 64.78730119750024
79.9136037150812 56.00032938705793
14.853741861814429 95.95047100138746
78.58085351608229 32.62851969308996
59.52882493520164 18.41184789616458
70.19346813804835 68.62281220647266
55.39617855300596 18.350792606680688
79.23172567762242 87.95187261699031
7.397280059596289 94.69688794846299
70.39365815274276 17.20959111094921
52.541283501583834 75.07701869039172
23.691858631830165 3.45311083255454
37.58558714836852 48.864768754569276
76.66573669500848 37.841479342034724
92.84110462567826 98.61763596335494
2.90900522591383 94.47140361541932
25.20009375536404 18.744177549973053
1.5885989970137127 20.50906677483543
49.507195265402025 96.31031916701788
77.11185818025844 45.37708752517203
18.46235584625342 22.543282583411695
31.157605214699412 86.27739617778198
9.391270221163339 78.65187765199275
3.51436838383159 54.56619082904094
87.6770082395254 31.15524529076711
98.64644489874081 64.07846441965806
17.26196453261911 89.51220179464227
93.63886984790456 71.01774424504649
88.46627201839358 15.52233458236244
12.81339451971717 72.686298111989
17.162725922852484 61.6343587555504
44.655993560022935 79.48327054104647
71.97072301644123 9.003409169978704
37.53337775563447 14.816433118436844
97.70426215624236 47.99154529856629
90.32186301667315 3.2260625351029915
40.06519134549868 14.400118160042863
67.10752643739828 98.4749481186618
6.246890121218607 80.20495511372641
86.14752984066631 40.239975132274395
22.351154473065826 11.087317170920707
44.43635306242292 37.629427109544864
93.84808780915264 90.02802327272472
2.365547827590453 16.470202020860203
16.12592539794765 71.19050131115532
91.50989185360694 97.16302429463491
54.887519198811454 8.078305417159504
97.4351965337085 18.310113484514655
3.3972874409528786 87.50321322951223
83.20987425755591 72.35552372629421
6.909177070767036 7.540113090871225
39.74384547524018 59.38322830025658
31.391239093918422 94.17016556133072
45.97651035826923 35.03408777451862
4.668262551398583 99.17837865204744
98.87620603799978 89.27747223867378
62.8303475599683 9.942137200330814
97.56887320264056 80.03492357654976
17.95705399168076 48.06821866601494
45.000374932843314 68.19410289032406
51.32963143958921 44.11519308126392
63.899813279510944 66.6699395668478
27.090785084439062 66.36172923709796
86.48495652436037 4.532877915781697
68.98318622577698 90.2018652672955
63.27804428957039 82.66324399924329
78.99731575680185 44.19238491265084
27.21349379591864 88.9099088747293
63.82464424419294 50.994348294884354
65.6831275154499 99.52895265539873
63.231926599240715 24.327559324775162
9.977503258748843 64.54351286065348
6.187721478603669 29.393454384244656
52.19960901831334 2.6574878989710893
11.52567014889102 62.58483838211533
39.842796588919725 15.610480090319513
8.971719192375161 23.86118360007472
64.72624997976251 63.84895702881703
80.3412322735871 98.10617110147417
66.10102055499301 46.541496794736815
38.25602004517231 64.21982856437101
10.31719917459737 29.320427606873622
22.900216118334203 93.67893548007238
4.698062833192895 38.84949889720808
41.29215474544857 89.7352571771146
64.0676942252547 47.7137841628416
63.67841947977506 17.94374618542134
76.60923756527284 99.97629813384566
9.401864872343458 5.780466011335639
1.8546352770470675 19.61978739707112
0.9158679419669635 89.53017552850413
56.71929340426443 96.15266733125432
33.16217669280408 41.51695934371206
15.005589625265504 73.90231850860106
77.93276947438606 90.15432112067595
50.26698919495228 28.639070058668093
19.866870170371097 14.092544142499863
3.6793048694804265 18.991857174810654
89.74899361788067 49.9152259473752
25.74898102224249 83.08936415814175
99.19909140365868 17.477504476415096
84.10225490888605 86.03722509635853
20.66297071360934 90.17327142453915
55.140699220759416 54.508666821552474
25.459771390622254 64.09347466823326
17.17205978561054 98.89407204763371
81.74996448755682 80.86839223766123
37.589128661027175 57.237581951088565
10.941747754113006 85.96580683713373
37.16893901151076 18.219977638531304
16.928649657059847 89.82576447483692
6.673604890654672 86.34605141866216
31.463428623907454 64.37470709837531
73.25780137797278 97.79376844015309
17.51218315898472 26.375201230023993
81.72984998621621 27.16312618885318
73.5243265712728 66.70137399440519
15.328698142254805 52.63579066308621
16.534507719016577 61.373156231746684
81.25473597676182 88.13299594526417
10.724503694343213 18.78054862585843
42.427142554156426 11.213464663485572
79.78954360103626 94.90827837871981
52.22534499190395 45.16314820513693
62.44522732436874 26.714521336078935
48.985289085243686 58.77984373479443
70.3574983931575 15.544255575213272
5.431727691756594 26.918129242607204
62.88426572919441 30.363720490276947
80.59649444162648 28.060092566419968
48.059563379332715 31.568165272502135
84.8601444952804 63.78224890955616
71.5162885169965 22.343910403756173
75.23807206703135 64.8200880455619
57.06564287503193 58.20422144411869
40.43669499036536 48.06459725628256
94.28448347383474 37.1712173376036
0.8569246901568794 63.281768900684895
26.115370274022677 40.062604946818524
65.33940686454686 78.52508722289161
24.279661931725226 73.85736497317245
22.5631039115888 70.5019745672472
76.81628515177152 41.66611737715592
53.94633285666958 62.74220514020038
