397
36.762366043283166 91.13881277013772
59.87561379428201 75.237621804688
65.35687782868911 47.08152646542333
77.93828635981535 28.228630897427397
30.64911527074856 39.58781908384977
34.09030602342138 90.74165016793859
40.08168383576852 81.56364488634087
21.08733389094226 76.08131500931955
80.01564169000999 77.95080657329117
77.41516401556302 15.572628620375218
63.247058943100654 26.06770422536281
42.38949064743815 40.65716955117457
24.90228086244386 99.89326000362455
27.17766905981983 63.410683211595575
76.20084981160787 2.9518158347666024
27.535910315838663 29.790978833995375
34.65702275157352 91.8460648461918
46.403352679164314 4.565520013037638
48.87838587374785 89.39805736522104
87.89208838857253 80.65951836534137
22.28143097322921 92.20584648391788
95.68136749748172 39.78273555180003
52.087700378581516 11.378348416587214
35.64650563435394 46.86094405022037
44.40060250958259 0.4661760020593597
20.549739856661674 64.52447868671189
1.7513865558547725 42.77487585986336
19.44528246532674 23.054629698200692
95.5106576063847 43.443620486364864
27.4258751035253 47.54059824459529
95.23716216142917 21.370032745411027
15.045632167827483 39.54147376465185
58.5916479501549 22.95164866642584
43.075485066630925 64.273247885286
42.053130746566126 47.570431459328056
62.247209937901296 37.9403006561929
12.858316454804031 86.1028312662267
86.88845973408904 54.302653376700114
50.64423864749625 91.81108836132343
28.367194145066655 22.465509332848143
70.62145251175266 73.09751718168663
57.00398289909494 64.7050883201832
25.237691993241786 25.781156273206808
42.16527204959737 56.34696505973579
93.49112053886421 13.37057183676269
74.26821393772526 2.9033116805310177
31.187314152599566 74.15931483716376
11.30364872245151 56.11717750404571
32.639474127113225 20.515964834575495
33.64981713204603 9.224073247131315
17.316199272629575 73.41751607614239
60.28894440665793 81.91360299923808
90.00572359322544 33.252433915082115
72.95458168265856 77.93448124213718
46.30956793155329 0.024198571566635962
36.593993475864174 36.50383701460831
32.61704292558099 28.577657965927628
84.95197720324803 59.91521937244939
82.86157802249106 94.32467855910775
85.83438963859737 0.735479746744161
99.38270745361409 76.60487537294188
67.01346521180186 84.78122511800674
17.307438467237823 21.780789922268585
45.94301136522575 56.012411129475325
82.78326420230051 97.42084962870062
80.7144277271492 8.442817215897591
29.47780202075552 29.873164908149576
13.515064653112685 13.943382540006311
78.31275895406804 47.81393504337128
33.96857557304599 49.92371348609191
55.77407497336084 17.48251131728442
86.00620840256326 70.80517463937966
67.8757913717337 32.2377249235705
12.133061889495844 99.36591074692892
28.34462795189333 57.140749926896675
14.891368322340847 79.54230848964792
31.635258733403802 82.58779303525935
85.91727491207055 53.00859610474551
17.830643938257808 90.2055989182152
83.00316813652141 4.630285451653727
73.18402064635492 33.10428361787835
44.18179843832147 47.399095278588746
10.256221253642261 65.47347108759625
92.73477861071413 34.193465273986945
66.62663550243016 86.75177170645185
75.20691084091975 86.56966464648667
0.7477003550800276 29.44613726476404
13.43024748599756 94.9643949137405
25.92920311217948 53.87688685209441
89.39115949346102 73.11292376939177
7.857828386419408 39.411481938147055
39.63759985441121 76.11421871004818
55.081623158526696 69.91939493121792
73.02726639008755 63.753880227139135
12.26205631901448 25.491594002238273
61.5694697829558 28.016429169837444
43.15023621516681 77.77360249838213
95.83141206502688 94.90916567374074
24.817166632824183 16.995497855745267
54.139540024982324 50.3159442612177
47.43841488778444 59.24976387907168
29.413221628713227 13.059190033656376
49.14232617729143 63.32858584482132
22.255680776732746 69.84717403478975
6.263773167384978 95.71258259978055
48.024202349857326 61.89081984567208
33.69969416996154 24.480149561986874
21.161630892871152 67.99506191399182
70.67046836135682 16.261518574041546
56.445614438089564 84.34522250064654
78.43270454872513 78.87234640789902
81.88332245962856 86.84261999397653
70.96283766142645 39.013659044853945
40.058309616824495 76.98630869687007
48.85631848076323 81.12314276572033
73.17057073061324 48.264466891780124
86.13785703297386 84.7074854709875
49.152035230441335 97.13479749250621
58.26251418235818 59.46374879065077
22.59489817854201 24.915870896017122
40.00907885681663 21.102141776314742
82.14345737597219 84.52660429087095
41.46230039877855 71.78358752039567
60.64905723940848 17.29947339481306
47.79520341346164 65.79749583057192
30.502083258317914 65.22145171655495
28.119739425127545 97.44799788402786
2.129374392437866 43.80361629831119
6.768671101657597 10.840068422387429
77.16743983990112 2.3196199294966746
9.37650747173856 18.929198325498074
15.996843792162629 99.9993986727223
65.85295129784178 12.054435603270907
62.612932435616585 92.92910485647012
47.57251357427317 56.93796171932737
43.951025336608254 81.74593865447125
48.173440187378056 58.875597872675954
34.18818518469505 96.91821237687009
68.81287688920476 52.97302038761207
20.994997128609192 35.22449087787722
48.84902235519431 25.26816971793634
27.42350987516391 1.5423041039221652
23.372450911100174 88.95147784901204
29.798872481387807 42.00378222462816
96.66950507770483 0.20037343389741613
62.138621985883006 83.23341657839876
84.67786359153456 83.87542108437714
42.78777511354887 94.72174819490394
53.03041479130136 53.219255880040926
50.847035852450915 41.03491423056184
78.67363652541924 11.109911375707405
18.248555863807525 49.72477446544465
49.760222124482944 40.81290520170411
39.65552807031562 64.9823144231569
42.26104422091412 94.55356858464948
23.259974821226237 10.12234101284033
28.271335725923162 63.62505014192925
94.11648830810957 67.19314588529707
55.98108069810128 85.38994754469222
31.93089534034771 85.857809147208
68.62496645585668 88.93931862496409
24.341535618750054 52.300999456264755
55.13064969296918 3.0973573475816973
4.370019616102693 66.09111759474962
51.287394417929754 83.86163083044785
33.684143848769175 74.75110430588474
33.979002359151586 78.93837648446411
88.46441832644174 6.516258621012838
72.91525794258288 10.132567248207947
5.790430515877032 2.4494295256737186
38.54809694519936 13.103438159912029
60.80177867482568 34.45662022239547
70.66404130345832 87.0140744725228
7.008110087175012 92.50531065098681
64.4199927966886 60.838634303752514
96.84774626253572 42.04367639945678
7.505404461327247 85.12579675962907
92.86433705387275 13.423547285410574
88.45796781479594 14.03969245059632
91.41912650255053 88.14599296227045
18.125398606833453 37.032079793471574
41.45581512216725 88.96876715717768
95.42384031990558 20.959410680881675
65.4385791314068 58.159100017090594
12.43678408651684 84.72386719387792
99.30103962523137 43.831498374173826
50.14856292176585 89.61982210380953
86.16530967642386 71.54151815963199
1.6132369039371763 47.087901838423164
0.6202829477527483 10.938848732486273
82.31697985961762 86.20508731962097
94.21750238312096 70.16747943032853
70.19938410099944 51.208574969244935
8.42574293696009 46.16563259863605
13.704923056854678 61.46362855542967
92.71044725574426 56.4619252689304
90.85615214440827 71.2006090023477
25.593060776536745 24.894126918825123
48.28399798255896 95.39371819968461
38.64339728276258 7.814346882048618
21.989561519100565 2.1469007267900353
52.44187803702266 24.30891531599464
23.393021187505415 61.93449686466849
22.857122317503787 70.72539439715632
46.50304273265491 71.98976913035966
33.54908066527279 6.4817302322189185
85.83762048765887 23.305902549488465
6.863091396717436 44.30978230598049
33.85014945862487 14.451362998537487
98.03025795070855 65.57056273795455
10.531214971951941 17.757631430128807
63.80656968837912 36.499671043022616
7.480589908867463 84.36549125932615
71.2466800475094 49.20697548617476
14.253300541243952 19.75435617815855
86.76577240690283 69.3661762837487
17.630218771931872 51.76036026400092
25.993205173165524 97.20640102538613
5.687701806080514 73.74919288772261
54.335933609785684 38.40759384495207
32.82036389642165 27.391029623984263
45.230522751261425 24.397991165281585
49.35543242393159 50.7595141141614
22.695923194539546 13.404699010928745
83.86916693761466 78.28929903705128
46.80935149797948 20.98949401790887
72.543030340178 59.95263602075891
70.77666387654129 70.10500486518136
13.67485643172719 90.0514086931925
19.99790295890006 5.9456311226467555
86.06019959396235 39.805791841669766
56.09652929938089 41.509634723880175
86.79882640966751 24.31576703937712
45.11266105055888 22.864257902496032
79.39406407318471 54.064010310072696
69.70780600941553 92.32815469425563
97.27618263761046 57.87396318177748
44.74972333277898 85.44069801010546
41.393569862568135 79.7873086995742
6.185256447880628 38.2105601066311
20.348083197066778 38.31492564797725
8.332966409359132 67.90197767508516
0.5349140185703982 47.13858149461986
62.83031429228808 7.800743982611835
11.194819748396911 0.008658624414059624
44.86558288889967 61.61923034111616
22.02803175128487 85.04165544835375
82.26521210628516 51.60321004910898
89.61795584423751 55.40707490842475
64.20138661357086 30.213570791021425
73.53865278833376 69.46260304009559
42.56421510399444 34.45230623760294
76.54305539706726 41.66923481196918
17.23940557728405 25.050050849787752
0.039402885478390104 67.66559757635989
92.85196716878923 97.48475503160267
61.90267081022242 5.116321643828092
77.81013715700797 25.237361441396555
21.612457944546392 2.9098841462415925
9.280804659222575 6.9731033776179725
96.26269114510197 74.16461275667262
59.8825882052906 72.86909431193743
74.83737775503941 72.43031656387451
57.25276854955027 2.722916695659938
15.718925268123984 23.782137927081905
6.995371385624649 37.024033061439034
33.92747827650952 92.24672706045256
42.27983383205096 29.071998037282988
70.05738279540356 85.34248392503537
55.60406014848363 6.7201435674463905
12.888970523003596 98.79526826147868
26.294643940458464 35.79275275060383
62.2466518352858 88.217711176114
69.21440048595632 21.139692468755676
79.26488984009588 81.64675311969305
89.4632676213426 26.24996511122497
6.111109491161704 99.36314363779437
72.10062108230616 99.35462666470099
20.18233522939846 18.421818315974914
81.89148400934913 42.02466247805262
34.17666319034215 5.491764741531102
63.724794585740696 64.57802182603093
72.99260572005835 72.393874490351
39.6541435248157 19.647152673221267
36.33566743388168 76.21770762222397
50.16422990405551 10.5450594781767
0.9181154392874147 90.87352533257713
97.55573059682166 15.828309608301549
27.12186316672689 38.978609032911606
86.35806260550686 41.47771002693676
26.35792295687689 9.637929528579303
48.091951114348696 71.92831422073627
9.477611379494988 44.189766500177605
85.45200082894729 25.51057360946517
15.50868206613879 26.74401865281969
65.89557498500525 43.88681104771034
92.61294223675999 37.72304233918352
27.64456443845853 88.32540697822432
36.43994775051118 71.00023397148114
69.773000291457 22.606680243766984
31.140426825394197 9.334401638506296
4.807130167704409 24.525035822149444
74.00788693361412 64.64876229115454
10.691385000352295 5.692450839066499
54.10542530762439 25.74325605024996
31.97014612278587 37.056096517795766
83.58653844401898 10.283477424741715
57.13306109059202 69.99200335168806
94.77377635345651 3.0597976202536126
82.06457693683186 39.75444333572832
24.85257975624322 75.4002399381405
12.434239825758075 87.14931618085154
88.15387415820514 13.628049864845671
98.82680091803725 91.62809357652685
60.3421443996549 97.2976250860628
31.751924736681715 12.545412728936112
76.7710196364671 13.223511042858927
16.904340608726176 38.359964744709465
90.83640705423548 47.68006314159429
92.25239400345995 91.35517159383208
97.43365573265041 26.21683120215492
17.88317214325157 83.28290643336453
5.534565163154237 64.4818177241483
43.871615353749036 12.574928377230933
77.51545582773898 31.479145867896584
15.835722221426806 67.81906139086195
3.12397430003174 70.7574780745964
56.946640999680085 58.81706727191146
8.806483798343168 24.52558253110024
2.587752589347525 65.86673379645943
8.874321558334564 53.12598633192831
73.22830445657439 84.80913919378978
5.1195795426428825 8.233436058884426
38.13864889723941 68.05362225045658
98.09873265474165 16.448694983574285
20.1520308707952 62.73112056750292
90.07513246996676 29.59144850090488
63.20786664636574 74.76518003566342
5.456039670436574 98.87159685965415
59.692475587124726 52.33989953483541
11.33117411739587 79.15210109687024
46.35184427344107 49.61565126191109
34.31273099954857 57.433988653323475
16.573175971637255 96.70270212864199
65.6921689987795 49.67953893872412
60.68712201372561 75.72686724981294
65.74077331117999 79.12174528907443
84.15425922169575 84.32174107311522
98.5918514178874 36.156216809331895
1.098136589888421 9.389235791296924
33.544512368655 7.283440289967591
25.575564986545295 91.65883543761477
78.94778197876762 22.343931021579312
33.959912197322836 3.0127667394059032
36.68897615878056 43.252346662629584
85.47411778388523 36.5224446990606
8.61324247919969 36.947331152998316
88.11119560345955 8.686162362138617
73.35208776485801 68.26862235908256
77.34411777895781 70.97516631144487
28.87586664433418 49.17297501296141
65.07144953470288 44.02608484224817
18.84547659401844 55.53774531941672
51.765897370574855 26.2863042539481
34.381777192086716 49.51904172812266
49.25490805739982 34.0570699410345
36.05870230479857 41.94683396361397
95.95864258084057 51.989127873208794
36.85494060047585 11.259586761029238
31.389169673604776 2.797566161661569
87.16366369379973 61.49660588892573
96.7070893078276 32.03386095459342
76.94750273201426 46.6712846152523
58.881787432622005 91.86034873326554
7.936840521158162 3.0872904659043576
46.98995277735574 98.37191363808246
12.650908607171585 33.53701183364264
13.50974465445659 61.997745938573836
56.78077505910931 85.30898932609807
30.271809184852206 25.910402414505818
77.68559637775219 10.399873780621293
50.44852791697291 35.66010294309609
30.676901285199232 51.177499284236646
27.201415350243785 28.041818188824898
13.313464105563666 41.13252715135306
10.24277719728347 38.33905085205047
24.322150341570424 7.53744746975541
0.7159668550318465 21.93097855542332
30.835809067445076 51.18190434511235
70.8350541443837 78.09908264934963
65.11260421990976 54.03973387109613
45.2725265648244 51.93858520991653
32.25319956467651 98.83003592720479
28.286447508379066 98.35030598393351
14.76955497380028 43.08956332651521
0.08344194811091832 36.103175912130084
72.7361925852299 7.145334900561339
