323
68.56229906823586 79.44385109430769
6.082835278938026 70.3914045392143
36.013105048667114 47.33625997690205
93.92481655283328 57.728212293021706
19.34218832312381 34.0775597071037
26.693300860136016 37.69315105194622
1.466927520018857 33.22986352102306
69.36302823941291 91.46482368207276
66.88962454106263 10.8064769804185
35.37221901614531 24.673503616364478
80.22702130623956 41.329849536925366
46.40186217494572 93.20534043072168
19.030336884486577 59.834186531303324
7.325637677194652 67.7416427965902
60.467528539752216 94.6833129693087
14.8687413269173 78.6797701915228
43.37945361952021 1.588303162454885
20.37115427999261 88.38005855656651
40.266470986547176 95.67146262624865
30.629758903809147 27.74115396149105
15.74802949489673 80.56064955820496
11.738760577481788 83.42533154134273
65.122623841923 4.114567711013017
38.26301848228052 89.30309698779965
83.52306698878927 81.62326552525701
23.956883023582055 11.650654058424003
28.23062120771671 70.52438027440945
23.206369682647278 24.505617062704655
8.19224658303045 3.51111641672337
24.086823111933818 22.382010288160046
96.72725419622044 5.8067626670128885
12.09095641659863 62.2238151825246
73.271378563201 59.26205851174685
97.42626613092162 53.500120671216635
75.47253825036157 23.75079002446189
39.32434098472325 9.6579646431176
31.522899150780994 92.94543269211852
16.31786960336925 4.810622755148075
25.598877399954866 62.36002054110642
72.44043431998134 34.92654440450189
66.2259207807794 88.3270442703534
34.434821505345795 60.28639601702671
56.89598274826412 99.96376883028884
82.43136542654412 59.62300607206698
46.17212571974285 53.70095018214441
64.69586554310521 35.895401144661655
93.93748560650155 53.66474062488468
34.01955729818399 42.858123157886695
29.666998733430017 74.56356371669682
33.80178975679512 67.98839428905815
71.57429166663195 4.288465749829129
38.76780016955106 62.31299458024696
83.26235200149726 2.6341196595949024
58.683563045717754 25.349829019433844
78.84819015547177 36.02849092164718
42.19351943838158 86.6705288570854
77.8974014592653 94.88536557426151
80.03625405709487 56.198185247895616
73.37383502094204 43.193901357334695
99.1764452961746 92.13387152448466
8.228371937348001 90.84542143594612
98.16126929443664 71.43907155611588
62.42608726634587 3.323001295215966
44.320405249250506 29.48456698299424
48.019930291808365 60.80829329729715
81.94937749495242 1.197148062821174
37.335853618276246 46.29442775522137
35.4196540166128 2.6078643933517553
63.15747392596507 76.54895222525289
79.68622559992136 74.73658293749271
2.1460924035807127 4.847576678764554
32.42524734768969 25.26222314166111
33.60229390629564 80.81786798316244
53.623051765741806 0.5654697078764759
80.2225831281175 30.005176107092414
58.242635828183886 81.47760881853408
90.67056774770185 82.27011745073827
42.784976366497375 90.34324059930368
41.90283920481676 86.02313487748155
97.70825614167606 52.428487975970825
70.42666380871391 75.34110777140717
0.24242397544246286 4.000433970358408
32.48654095580397 67.08960664555262
79.41528754511398 66.08271118213949
98.39172487500828 88.65203271595203
86.00370169692445 8.263578307944819
41.87305142781853 47.21359881048265
46.00888098251959 57.253417715408496
74.32232260639944 30.084911162025772
16.031413684953378 11.526210318983077
24.06362931794883 54.38801757956996
13.522574827730939 15.88202222320162
57.79894450324918 82.47906210387374
2.249948036603233 2.3649679334670215
72.54505271760688 1.1555843256333853
22.634611344218314 90.9052414907525
48.980497517368015 91.06119251864637
63.27076523513557 96.40909014994807
53.29814221975189 51.6952435502227
87.1165293849803 50.795741757739286
47.31790582254818 85.74186676223363
78.42484747810892 73.16139861836668
68.0247604411976 73.88837260901897
9.263686163144925 86.78126736219953
70.21079524879724 4.108160923638526
36.650797727536435 10.832697062686258
65.54587432451012 67.8726213019113
19.036719708694072 21.26223869141065
55.93768917283561 95.04654197739306
92.66703317702533 50.353766878540995
65.6404068534015 50.02994960952138
68.3710674431238 46.08711513199025
59.248796492956444 60.307451420384616
31.316906814239044 77.81521342954122
98.5993529172941 68.33752858245674
85.00143969139093 10.052191483164208
68.24327735754845 75.34792399064692
42.862014310847776 15.591421443523723
78.11446172252971 6.685729199418944
14.736410849516036 72.25308853439928
96.16802258851519 35.42234189144967
53.41521528003593 57.47856253694289
36.46145241601928 37.16425257725753
84.6214347185937 66.87889812740158
55.057243835666114 75.03817586604936
91.47034220206086 15.263947162274238
76.93117900004178 62.480302490505736
19.73197669203035 94.7207479679016
8.847031150598628 13.580874642999907
53.40289059612967 65.16651547350628
94.87658994596504 60.57256620156926
64.44173241160415 57.01963479407004
74.48940637025305 51.229070357187155
71.28232553358774 23.763204652927293
62.54665723875993 59.14738838237634
98.17740806716402 62.45900202006898
56.74478296057568 48.85417374870197
98.50498700613629 88.93235234446371
66.70782502862274 46.779676490530086
97.67402362615603 0.9371960850895644
83.46700306633586 47.60636594121739
5.534244101131536 16.206657108878176
78.56355708877065 50.59207799553859
24.241520716719865 23.235500916793505
83.58739476269457 41.672653752493794
15.00869706153214 7.487867942421566
51.88107641821733 83.95548749345443
50.32063697672737 40.867332511356246
4.722982415030219 10.375157286432835
20.398786434651328 1.1880856360244718
56.58377185392788 26.628599934971852
20.393675623221974 14.43344482157488
52.36798611973105 24.7369592623656
56.43945339767939 79.63393588221568
41.939413610425504 62.06913592426132
17.764736146497384 75.48101508753953
41.24838076853153 91.93660572802638
61.29252509550932 6.849407937771113
96.09039572140804 11.196661649542506
66.9389778541927 54.43744635231022
58.45928877751309 60.38980705727478
30.61374930935529 16.94473217333179
45.33076072470542 93.27205367488392
76.87825968375233 24.023026975492414
57.03935970297989 46.184854938486666
28.442609148155707 32.9097924168307
81.58476927324162 93.57543475360566
82.1912457153966 14.578963565468772
3.0548562977265714 38.97595123887555
79.43839057303732 57.971810967133806
80.29669189099302 32.97656205950821
92.50238072878912 36.155198114495114
99.26797020702199 12.468396225601563
64.72368686915864 1.6694050178757247
94.46961568947322 21.126850781599927
8.542845975597146 56.70792587878618
2.7965312179576873 34.15859253955138
93.67459591608122 20.68872183627596
14.930500476609188 34.95318359191363
47.296105775739214 47.55119857982867
35.154517857301805 4.0561696143779695
16.91060156054386 90.80743220701693
47.815254664761 69.38284687544423
27.437121063367353 91.22306610641301
11.107290591846454 91.1203170794873
89.99778184800795 14.459777985235556
57.57162747653015 67.69708244071037
13.471909360774726 62.33169320341476
84.94097886294131 91.54545244773833
20.69492894103684 66.85462331576831
91.42374029368331 99.10162667520859
80.88786654497183 11.8655265404084
28.534313226327235 4.974252467714491
2.5904534941675994 3.2574157675523963
69.85902777888165 74.55622433508144
78.9584352476883 4.352570158621694
62.32385919313953 36.74924986989213
63.39857990424389 51.72158678854096
6.250583044926938 51.93746312337877
37.826432041828326 32.187178578651476
40.28524960612271 91.66793616934386
46.715076110689566 15.035606213045016
67.25403976072035 96.4760718809863
40.39652949447129 9.551143573473443
36.22698260130118 46.02838413682541
13.851626490043733 87.94667996795472
11.325237712455994 31.049547071580097
38.660235569032096 58.407555518933606
74.75094664671418 95.11791307979895
24.360739576620137 87.7593732285353
60.58226860550464 74.4121043733976
39.16593112064367 50.69342782096634
79.13041516449115 78.56556202393521
59.25995142530485 76.37667305408102
70.07628971122786 63.31970050842487
35.83728963316876 70.85120809284382
39.48949369207888 30.84635235732629
60.07037895037746 31.683887298561476
24.10278014967311 46.149371367320754
79.78271903996134 98.7626928895627
23.26399486548749 29.040295281271778
65.64018004919578 79.7387245005375
22.88759361084124 22.084665064093045
73.7615765994881 33.03559170733712
81.66448817507249 35.03352408590007
64.64692729687407 19.367664516313866
37.30144125627612 19.628061566064623
47.330027953920904 45.46259485387427
12.299565561675852 57.6064805187592
16.972578858689424 54.2139984629597
69.76026391699712 28.234164340503952
21.989241185744746 23.21104582533374
56.27947284433708 11.936199367171874
2.5390943478457495 79.39441710111161
96.08073054684631 98.38394775747152
48.39169908979913 31.733073300420187
50.71454938066869 99.61095708772272
72.20843656435663 49.31775677586969
70.6091791477736 12.33193254245345
99.2753046553852 39.946212037911266
85.2338336960681 18.875652471040972
50.174384582771935 65.20865421957522
30.185737624753617 66.03107591608864
56.23115155170164 12.357864051254076
30.04829279863358 54.8238057993655
17.257621905821917 76.08556414551708
25.443342765793254 19.865494164173334
15.599071919536623 24.8254984535315
29.205310013906395 19.18793627332804
44.996148077948575 97.93428270330527
76.81026476397678 70.944544910029
52.799473058350834 4.133561710035327
94.86693754069438 31.835420456209118
10.468851710546122 8.555842139847524
36.374068040793496 86.1853072791569
62.24210901152188 8.900067085158625
2.4197723018329342 70.04762283100887
94.37754058190451 40.283215636670455
8.759495415497332 84.19992982288076
47.99641905571789 86.67735446473647
61.76111102334939 92.77654655084085
38.16408752415518 79.11935728862653
77.00941075465487 64.64827363927787
92.0266204725105 11.667008028526793
56.042868146350024 35.34516844524946
17.003073554307125 27.890712957741147
80.55323199273273 2.201321531789213
98.74731923209677 80.06622595665972
32.80162786554253 22.962488000888627
8.89185671617848 82.19061167710402
58.64210848752207 41.09755140835818
49.30710740162052 39.88490333423572
69.82484771986326 20.46433067630162
3.0840477811605704 43.5299671244813
32.808686748214846 58.20676340977256
55.05847255865909 57.61022165910886
16.532976375516185 39.77764898465258
12.515297491513454 53.56445745138496
73.0779082596188 86.00437899891308
81.60657363801974 50.25211180480705
32.942247479438144 26.75431640025613
51.75519660265415 12.33050151323094
96.03101708443754 65.86205018666095
71.29617313586036 3.9801059802385796
74.14695948246305 69.31446111773653
3.954385996837695 39.431767154732746
35.08471160922431 0.4126847080334617
44.730749066913475 56.90537751962855
47.800974771078884 64.4680803001676
75.75865431419595 18.496026381310504
7.631426064475599 51.03367514582345
66.8126028583257 42.39272693348295
27.943281605675097 19.907787127193465
37.89136964379267 0.3833509489361564
43.31796651579044 63.940964000186995
5.968173421177536 59.86221114607954
30.655095326839522 35.954727577858336
76.4157447673867 43.472635523589545
16.358583122597146 51.8545258371166
25.637835831517197 31.022066267923286
52.09669779546859 23.03638492382597
68.69933276494018 48.9266577845368
22.359265884118052 28.806564531111732
40.67135750911524 60.03564877929395
61.84328061383538 3.4923968806977457
2.2764840052015956 71.35555993834987
61.615687309978604 33.6131945918957
58.010370905580864 56.832358537806414
54.9555380892213 30.628550465720007
10.4328511510688 83.90794301524794
83.02081200834117 23.396660852910188
94.20477853428658 7.795838530316457
71.41447161063212 32.595747828286946
27.291981238529083 54.73446246919016
15.051771587908213 48.04429702934213
43.281696484712626 77.50555029688456
63.20817007072442 42.17221288176728
81.15574299060141 81.50231546676382
97.90257608069702 63.68447825984154
61.148281074508546 75.71839445968457
32.522415363046974 89.8391952444835
55.71515607725475 21.78933221307974
24.427995758085096 35.7000934802606
