357
91.0819143977837 81.44709674079319
74.44057902753023 84.55641708701837
54.16410786035968 71.92342109146685
14.406405757851203 32.80381868536604
16.115894780676555 13.613092639679813
86.57656816070933 57.30704531652259
89.378476924283 94.97882131992705
11.968919227408648 31.262576396112742
11.81517089766766 1.7970206508042152
32.3691088836666 35.16993136915968
42.9824682932311 28.805612831596495
28.770523777240243 99.99272733659431
74.66768091201621 30.96189108825329
62.86306693317011 15.636293394158296
35.75363572848891 59.83908106365302
42.03634038519254 2.2038377490537275
97.34276815856832 77.99273287522003
56.10250247757498 28.20391893047415
65.87671123324404 28.023312677725222
60.612654203657456 14.92028036821793
68.37833917196073 59.314814272901664
45.517783965259525 69.26664206364399
33.80284668616408 39.48190149600618
81.23687828123795 77.51566851990135
81.3059143441037 32.11320358910592
60.24918961897928 10.56009305172566
23.255571246983997 47.217782537728425
41.78773051926261 44.11567994879123
45.606372867910885 13.288273714652876
46.07604365607691 77.46359285047781
0.7134620618522325 82.34664139643546
98.07182390120559 95.17281503003765
67.46345412395065 39.44991843124351
24.437856976452178 75.5101802186092
99.57443160013065 0.825931276176628
96.48106078587347 50.29564424934373
18.607941219024582 95.58436981310706
69.81257334239142 0.9220499321226039
42.285739533341705 46.919674045429815
76.70501225826133 33.75899994557533
19.532018489778668 85.00770126113756
76.12914406424636 78.23582161441169
99.82184016871142 10.298889942475798
11.421386094571396 51.390642007180695
45.41004487496595 44.5980115823259
13.604599234667758 24.85086500634941
97.21114836659707 8.758768959972652
41.24649975975454 93.03010646974822
65.69515081839023 88.28244219500787
78.14496374434779 62.08662896599163
61.26102633538321 28.337677949583696
52.92742550937136 79.35574313462254
72.91439605013565 11.575965156198297
84.45507889002211 90.02351901869675
92.83952294765383 10.39695246560537
7.635645207780617 29.950892614472835
86.36354678814698 97.86039858607016
6.0185875549165875 90.2864815679698
49.34831787669401 68.53082238826576
69.32845546230469 56.65665811276155
81.43929437389365 37.75964000239874
12.34593647779877 61.494110087261554
70.50932080024602 75.72352102242485
89.1406190320599 9.749049375753604
85.98329651358902 61.03478519307194
80.33931983414466 98.41890106178587
37.54219257374992 17.114820586856016
9.6549048378333 47.174200982285974
90.32361662967189 58.84008807469242
28.900730519096896 85.52853760100597
80.28161486324743 81.61226588074068
28.733677032269476 18.940741927034345
83.77665666117299 18.106863904050197
89.46250063649815 59.002328069165266
98.27412430351546 31.489842915891376
72.83248445354107 83.24533515730617
19.47900079948881 61.61003072597302
11.220225284836793 36.22015730369236
26.215015448531208 63.54809947549801
73.7812684511719 89.89911306267499
36.43485837859765 43.25906861707399
7.040858360603908 90.79180948692272
53.81834018708243 97.56783812711525
46.74044025415359 8.297400201948246
51.54701032492967 49.87688983443861
18.92243051939889 14.627844609638608
51.6351345872551 11.023837797610492
63.43282456426035 29.085427166249655
27.835601640478735 50.77964732365508
27.080967938443923 21.709493695301806
27.1291477531463 5.207965474638576
16.890700897393284 97.2128327510696
96.48035741367002 20.08701853885825
95.06551847681737 93.17366022467564
8.38435866661278 54.87264801816871
56.7736946774789 41.93980030262485
0.9631999793004664 25.17762680684332
68.56446394327472 52.20453208725103
45.551140179375636 0.48271390615490795
30.91556737173886 84.78229349166729
99.95215618124297 52.15680541837451
78.42142618184454 2.305692763032585
46.86127837708026 82.2581634305271
6.968774522823262 40.91141755881792
35.87637747225121 10.658867623120027
1.5329070809947498 57.22928778420731
74.80782293609185 0.6310352344889525
42.53427531400212 13.588157354486174
62.2140551419815 27.906226595544904
4.369807839463579 20.82484974259299
72.48499378922583 71.43410292771706
78.02702706104084 92.45628363423266
19.05681711727215 65.0396036826633
99.68058521446733 16.365603306531806
65.00990715431271 39.09473192779884
5.652829620363297 29.937139460224316
12.802707562349703 38.2691618852256
81.1256263025481 94.98886227709978
67.42770118522762 41.45062502412898
37.16076901188471 72.05994594862375
89.93162898639493 49.99100903834239
39.6389087295338 80.20799188837367
77.75144285680908 66.91026570447711
30.68399977779377 38.252502074919946
30.745509515316193 13.319659189270938
98.18820709624569 9.43781311981845
40.270379906685335 36.582285948763115
59.43092022132285 93.48494425460834
43.44602589812311 57.3484310023643
0.45863436286971426 76.7781196400393
65.02531323104385 33.17576379736173
30.89463046292802 44.69443739590785
84.36141273418465 65.90167415568187
62.47414756668693 27.55311628123843
51.80855521220076 67.8147795703881
85.04006406807864 63.93512860876414
86.06051865110305 37.60613489513317
82.59230374424023 47.86561766279729
63.39364670011558 60.121255025217835
66.18827109279599 63.603862447261285
91.71710198155357 87.67471907542838
94.03750282096772 37.4150423060064
33.81577813454444 37.299693811660084
38.19084350726727 96.76802394506667
4.513873524492751 70.9760611727471
11.64513588192454 27.28993295198061
40.451263623713494 87.11708787813637
43.159248994951874 46.98742966291842
42.623263796399655 38.983103031042496
44.154137084652625 54.322198197540125
5.775964535144762 39.288549786185
99.47149888023344 55.43466590897245
6.800045717860814 42.99252897570873
47.053578408679954 8.958185703255817
34.12964740970189 51.24553217456883
58.3282523415072 40.43991838291061
87.44243633800836 98.1492172268385
7.102175035005775 0.3662596234279225
41.59154357020387 2.574923298316212
71.28318311283411 16.366233389521557
49.87234352252652 8.573922313004223
68.70496265455422 2.5875363943718366
12.291179663527807 36.82197179886032
99.01517993239587 85.94267632425586
20.98010762602541 27.152873780474973
24.585038193327446 30.764577435508013
10.079822403718463 6.987616944759434
55.431907546804496 48.6312224757824
25.36334787364004 25.98154307168241
31.357442769295886 77.48976695441539
93.4147584677585 76.3187847321981
69.40036393766043 67.91133508247663
21.583885957816417 47.200855429238494
82.28504901079471 19.715646060978887
66.36547088707746 27.496062929611696
81.64004668102453 76.77656231383752
46.48449176594113 14.937816117113412
58.784697985523934 18.098560663634277
13.132600860349076 4.118404942686549
71.00985009741181 94.63599885148777
90.05499995505048 93.52332135246384
99.55810137954427 99.4315717205189
35.705951722705144 75.29471523055403
23.80169860799396 3.2312632604749703
74.62811421968102 58.68072200935143
52.27628122052263 98.8117864223686
25.991908410123045 56.34736200269445
90.01848267579395 54.593924649696504
20.606354120329062 70.17084639357451
19.864268371105897 38.62367393712305
56.18655417763833 71.11717556365858
59.767052908104965 79.11702682148672
85.15382411341183 40.6282618975705
79.36497070623236 99.8749922683226
43.2959051389153 79.88764890550469
64.99433744444654 63.85051177365402
40.65501091424013 21.584937366439284
34.30093150095731 82.39383922765204
81.64489498401862 48.526112082567984
54.5332888158844 66.83769230560527
30.673051909309002 23.6104806114799
48.774992364089634 8.711853335695253
55.19478830013532 50.35513342479129
65.34323160164793 8.19138942191887
26.271602318855425 84.59172167953814
2.80530712241589 99.44999522157009
76.4498890444846 24.058341419907634
82.91782189414502 70.11328355942672
13.669422937891252 82.4096310614529
61.13829623834851 78.15863037753195
49.859861744979774 7.680456663387714
62.02158180959897 14.401907515842826
72.92378889787437 12.218573103809371
28.791636564350387 71.15704561039148
53.56692533000922 26.51131510205077
87.94464484624964 84.20468956910544
83.09469923250535 57.00574087195852
18.13844754592201 89.82941591845885
35.333493029134324 70.68867408586203
12.845237111927476 45.50591758219815
81.51521395497329 16.312598511901875
67.31997496486545 61.716921494766794
7.457303028082918 77.21537168039787
57.26325477774087 72.47125443323513
48.22737108536161 96.09496452381256
47.753409237090935 37.55866084293362
98.13543068661608 49.76785200445146
94.73603484397482 21.450186555516304
89.32093525455717 22.677445933248443
14.238118629875206 29.824241915607384
96.91346887557862 70.36673946625343
17.615550974628945 11.07669323660756
93.12164849985548 98.94839199146539
84.3790645811998 8.748672532775393
95.55336085654473 58.1720916155127
62.72494148479936 81.3126501842657
87.3751184312562 74.20839411981429
49.63828255677457 86.8685980573313
6.522229155431236 46.28335395565052
51.20180032062536 36.87594310621404
7.388091596932012 12.539238802767782
85.79667070416183 87.34215540163768
0.6798124232317959 83.32638912159064
35.2007758187211 15.554711304726876
28.297708849602856 38.00895732950951
38.62965886947312 11.616513537156514
85.24833327961952 71.04743536536252
82.62946562490615 99.11214400482935
90.43705005974604 9.362792402656495
61.14431456142631 28.110385073809375
13.328241723457001 51.91477083834953
60.049675132503964 10.212900064642195
94.57120883590908 1.9121463756410995
42.71644401281566 57.80677606689317
42.80749396310842 65.41102440213862
58.55970841287981 42.99367572650391
36.379828179595386 80.10290927606827
43.81638459174108 74.53561859916292
18.571036740279034 26.36137666532834
2.8380350140711608 85.74669421626751
65.80092651914045 4.231241277573261
28.993068097807562 97.88405025544556
14.339588542935545 83.28770116297223
22.867616869900075 16.50184707227892
61.20015325842484 8.303176668190314
57.64161150560317 62.40382441321552
0.3148147586039096 23.247432076023756
76.58943176248776 11.202489047427544
37.705884326068016 53.59666524450627
18.315842136860205 93.69343928402465
7.747521863517393 38.52964878755276
1.4556798607160748 24.708064465028666
54.42153476108125 56.44058802468949
39.11685289301345 46.026360121258215
85.88322337934505 83.00670381413806
55.219840338119944 50.12049571029785
89.25213131028403 64.98613255064075
9.988169761851717 23.874831006999365
75.10404390074376 29.146908525149705
27.78300924378034 54.90558795892194
31.979097658111144 45.50424464814083
22.483492439044795 91.6776624409062
37.01162673633147 82.75780358420643
64.46712940210247 29.620322124271713
4.535910002807009 81.22127516937995
15.035200319502684 38.38501641153561
67.92228211444807 50.84905866691568
83.5007014896082 58.088924488418336
3.4873596138208063 97.978768561925
52.69158583923244 55.18494265131526
69.99037015526063 46.88113393022645
69.53683923581141 53.85278505451895
84.615800922485 69.27591366622545
57.915199460699185 59.52016186761866
95.297625571919 5.274352814767425
56.553669187897746 21.4806256806516
5.005458317024091 67.11668978908772
73.42013659238054 49.923121734693964
96.0921564565443 78.60806097207809
0.13531070801175993 35.05855982941479
44.087494034446074 16.92557212767222
52.28950430656215 93.45970627024843
66.7545303543519 4.102907823217672
31.69293812569115 77.52404311234109
29.5502528869218 56.94578449359224
38.88679309314297 39.58851746146208
9.3533903433481 14.590388777623309
28.603163198751027 88.65279265246768
84.12178086722592 77.69442319178687
16.993786038414893 45.69569823620908
69.92584307070898 68.62715410979031
73.14673631300433 84.25908049802199
4.722651038367143 51.10229718227035
94.33626711804546 8.589361624646175
22.363487057054133 89.15678996473254
40.75268593577679 10.828014606754245
63.36126664431566 11.224755080995575
42.92255288133548 3.473803491570737
96.29723668785428 71.54804561370705
71.3959524215207 16.164125175484102
56.053332198933994 11.416988078537004
80.23384832737993 79.93123742611819
19.07622023605928 30.12793867134339
80.24188649006682 57.03774654117456
99.83418953196988 15.715608386611413
1.5357961752551441 5.388301980322529
76.31416316156327 62.879795099802834
47.79243470112803 39.36550307911717
8.592936935328943 71.11126658707373
8.86417816623959 99.49124659400604
7.039092578689754 23.833322124545788
80.4947117208302 68.93081961469488
6.3835853008847305 52.32094027993713
51.36802011539382 62.232299248879045
68.8156458512981 5.551500365269558
87.79940899716475 39.23989261491215
92.4795681192845 2.7685117607601506
74.43572346133097 53.343772420189005
33.10063778413039 67.09293094084025
38.5094826729212 34.49301243611886
45.81483971359654 93.2346014398466
11.025927975422977 85.77875553135515
82.11045067967163 83.95270769272942
50.1808005251299 33.280001708411056
71.85695271633217 39.14817442117622
73.32232746782441 50.3420120501559
9.02882274883815 43.33822788802234
66.16115475597833 73.80560837171822
94.3782447634765 30.363240316742825
46.19740259362709 22.836845487453573
43.33116062050926 19.582198603898526
12.211723868234369 16.39789366090557
37.77879742740079 0.41672514668152916
51.099942112322815 53.00968042966176
16.458740801770443 36.42939054072709
91.13818306274474 45.51763874268533
13.875671432523617 77.80876069021618
