373
41.83103848804707 55.89478612151454
87.08552631135895 76.49923267647443
21.341660102985006 50.55858753622584
99.43551821621679 41.99427098213822
93.17190098666613 72.0134103455643
61.28800260447257 83.95414581793071
63.176521555073016 0.5645200247067494
1.4454839879373127 52.89153483650138
72.94129676750015 21.947169886666053
32.65177000848114 28.697393786684
83.02961697124826 77.59661530634216
30.873703817570686 10.629326285555363
94.56842399541796 0.8160726332180568
31.36851071228569 43.76909943134798
6.428961668685429 52.53098939450812
3.0554236507929766 52.7073515935225
5.956531882224558 51.95490445512999
94.51387666187489 57.75271713843377
3.3485184014580893 38.27987988808196
73.9463111755172 54.5505194051403
8.050033481657625 45.73591817798462
17.796349487663242 4.5708769298027585
1.468790585726465 5.797092254014402
98.57397043707974 63.76768533664025
56.94372439595677 52.557416460135734
31.68925377625976 23.81706867221104
60.5326865822672 4.163134563129034
87.03828582364584 21.209692458143557
60.67283672809939 49.574034383668064
72.63586158031215 89.95373754981682
40.89434120553711 22.14813858679553
23.502832645721018 17.28489668879658
67.93821619295939 45.06463800607903
33.84778066185204 77.45304666567212
20.768430698299134 51.86241910761733
17.482401628198353 11.492377160716028
92.70779043126333 92.23902069821133
94.0112997718973 78.69558547692914
44.73759842373066 92.16807003205429
69.83596340087516 19.851450658282456
98.51876344026192 52.05828614590654
48.84411141939188 42.792547975136976
45.00353660127255 7.04428255240086
32.13912804667428 90.9158890593743
94.30546599076561 88.35515021305488
85.8845072289993 76.44883894518586
28.63961036251347 14.12881492573803
37.13322735614314 95.11603728153104
90.55280368892458 42.62871039165365
23.607270570324733 72.22808078839233
96.26653466425914 89.41314408590924
37.95561709290557 96.9776236049809
93.90902197252232 96.94755959169217
24.220700128239812 76.80049325306418
76.63254423458176 12.39496446074132
79.84779242450121 34.02366100324211
80.31732224804169 56.837741344376234
98.26409273419355 62.04420154830848
92.97346055657079 66.49843534394574
54.672335347677105 1.5096883565196118
61.71104978034939 18.39058110071172
13.70326703816217 40.66712682368916
12.516508012200568 23.666923009065478
89.68142714684602 21.78226995492266
41.03501012233899 22.025575665338703
34.54893125164467 10.819252824883897
46.44082491981091 16.93939845554486
11.694013545072512 8.234938649646107
0.9100041461678088 81.47032569087696
57.45607718301097 73.95749849332948
40.51952164870012 44.40372881316369
99.99649534291214 36.216863759395835
11.799516124896648 20.184320999207806
53.97936887630386 38.72001778073629
50.14063049398384 70.37767501104636
84.00551633086977 77.18624546106817
8.341738066525906 52.4623391817576
93.88935860514785 3.158433695724683
90.97662798097278 65.07630420810871
96.00418795545502 45.50433784032144
41.04654732641817 49.41768360401342
36.41141587967013 18.089214318657596
82.30970435538136 49.221070841618186
51.25150848512572 35.84361929633631
91.86240590264102 54.347196119758664
26.995870128975053 34.51379086337367
36.25102497522782 61.075461716846256
38.58861116957918 25.1276284750495
53.664853593860876 3.6369067080771034
5.635928362283371 70.85263885649375
4.8315246310430275 43.02762272223709
28.570809179886126 57.48355259923423
55.6489371862019 68.14118710766309
21.1165431511964 19.659363152805142
25.855574246656367 2.36849881465091
21.589417540807666 27.936416374952532
26.103991971988737 24.85520378924243
3.1375546849431224 87.47944527422983
76.22292528794475 97.12656916306858
41.4865175786086 4.194520066375418
48.48887674342939 75.07671444144265
82.90943661926298 7.850389480968845
83.10941431894692 73.10153381905761
33.682302373851336 19.353209188127153
48.39287416664602 6.626880992356554
11.07282937298849 47.00405888554492
39.39413163645034 36.60763256586947
46.14298315345938 28.39355176727214
30.194429204859752 81.50237444158476
78.57878383883359 22.73156981182779
2.2795085173784257 5.805507936733923
86.71310719643105 83.57491853210047
26.913378205117755 80.7465458614186
8.833953675969752 5.825863593105884
82.79906708908086 74.45113629359452
42.1593298111686 26.37692425321235
63.838676428687535 4.127700180083416
50.879288383108886 78.14144551375772
94.66901063195981 65.67745917340088
60.62457438171426 53.8559910391844
38.23414028340284 20.210128491416036
5.6422119505909585 38.37968601413032
46.725057132377636 65.46232014938991
71.06923833280295 98.0365601207366
2.9591411746638485 7.994862914298029
73.89649966338447 3.76870078670527
33.86870945199861 96.59595144158914
16.801578384382754 68.75787773639003
39.06280478947269 68.27925574009817
37.86751384417285 56.15433435374533
57.8478027627473 47.06030919070253
16.74246083299731 42.221378004382714
51.79162719040882 1.0274316922210591
85.41386768644064 54.01970210939122
1.666940628562541 70.8180861851449
64.99202428990745 3.196566726465422
59.79416716173984 71.85945374655735
25.17321065114212 45.157578319061805
6.810179899563074 47.97966717189189
50.55433551764762 51.32354184760233
30.90490969379527 78.71508792158892
66.73702297699278 69.52676064114019
33.28351613723357 93.94830315559776
69.73312815266054 30.44319782157866
76.97027561195434 42.754975746887794
96.75036941235064 84.16906746504871
73.31732234890491 64.56101770391672
9.796616069810371 89.70547478162236
40.18184674871681 30.658246193174087
33.04372077930297 40.63409895012251
38.55190894997952 27.79824264717886
62.15845658960508 9.108978572959625
2.5735828730081733 82.82607801226918
64.69319304498575 26.436588331661103
17.21061758818382 50.05014683701938
39.20057952111753 83.53620220788025
88.3842496713812 20.367446947842105
70.08941447044973 33.66020067798028
69.46120963387726 12.737764712808719
78.91663633769078 42.38869290143651
95.34253583933192 98.25904679908606
62.1844988860819 24.384911317798185
94.64735804702528 66.69179121099957
23.798130833465414 81.17265570846494
68.18570532887435 59.209916031887545
92.48130034097187 45.65652524152289
89.17454597629622 79.51399591342567
93.00614538284194 73.02577511268652
20.332870934033153 6.022582329798476
45.33541521315819 59.75183004360372
39.57540474996662 93.34586822073057
29.121658933079942 48.005602425552496
9.578438861972916 63.6486907836962
81.83350587848346 94.78930412520383
89.79920048564536 20.52824772013392
13.896956831187046 32.28623368741117
56.81878067738677 83.15858997543087
7.476099717445928 87.76309677428966
86.93123188750582 71.5693054236331
25.069189828648053 89.84030404851895
87.0070829422639 46.98187830170688
42.207956349704254 14.468867529420049
19.322280732286877 48.61443652669678
28.84602205455147 93.18212344662076
18.74910790732053 57.78745155641965
70.34893079671491 60.254095814148954
46.41789640962458 7.0293293255861204
51.81575504623226 1.6713475736276906
3.496118214406063 25.443844176752695
40.05422900063559 78.32706679125565
17.895395644273794 9.710924335211901
23.786701576002088 81.90799651755644
19.105220620971984 82.20038694904352
17.98139741711282 4.353730449603277
89.48666943349419 7.458266260105972
72.39557397875743 98.88816480189526
77.43467555397707 33.20621234685828
68.9594691116944 62.263907404074516
25.43421583508757 39.28901491070581
49.003309651461294 33.290758473049856
30.67692402914275 78.89221286830012
76.40026939490231 20.931594480594384
11.09835619429964 60.491425077939944
45.9116404622506 66.94235889845207
23.509989804866315 99.09080937609893
20.974467366967055 97.90617598429986
73.68836439375687 68.62331413563723
97.84726005703112 6.8005283168809605
11.814016143571116 74.38567011404281
60.20553286220179 76.65391238534018
39.73544967560571 77.12851492058306
22.88850062534269 89.9603498191184
92.76605042654428 1.8304858472107721
5.237559449942097 91.93258859044346
52.13311594063181 59.507076657331346
39.92365281955891 74.68747192786878
81.16067095107947 36.08819737105723
57.736606528595004 5.612064576254793
91.2824881731043 93.00364792228069
98.76413166825661 11.206649431065085
52.4910716521973 6.07034762622598
15.93556969320663 47.34551485796739
19.781376119461747 48.53191578636845
18.2305426056956 7.7450175845244384
51.46134129839937 94.41815145078641
4.267123798132477 60.429225230263754
14.658596259648682 97.05815999952486
92.89432824118335 14.109990674762685
28.666567602733817 19.4952726643148
71.01351606098359 55.19365276106994
67.15732820569032 71.89284652708227
7.6231815022317795 15.622247318467863
90.02038075915164 15.500988010199446
45.3245357859426 55.389348010942996
68.39316742660715 88.7608757315682
53.533510742821164 63.19056884608726
10.319211741950319 29.60201714709355
34.66757313762141 19.717641811727514
24.375107337456335 93.64032682137804
27.26630077642681 34.66703444372497
71.05869569737236 10.905756769246388
17.36759369275053 67.02627795542894
43.137315885504755 60.99152867674227
25.19351913654728 25.95793844272809
70.96978311055476 82.49866259774052
56.15543072691024 92.97641991120094
88.52321891546634 96.23964709547784
58.675913231964984 78.33911489479185
98.54285834137502 14.199499223174461
0.020486557281951256 45.31723938924455
97.1867997536024 92.96267301654547
96.44776829180248 99.8250426510556
58.21965670496528 46.21295908486124
79.89767934821337 24.98696314217129
51.510557689584914 44.671373111910185
62.60381851934979 11.341801567708531
13.875138582392388 51.87812829299527
51.84292433454859 25.081510039737708
98.90846510682391 75.5152647003132
63.78956282770139 23.11961014250491
0.21379968708263863 40.63614113497744
51.70210627879507 93.50137994458632
17.748477311423805 65.37700100227242
30.7001394125066 39.36441242756958
17.31047482869822 36.27462579006638
72.62550988128874 85.76089722156584
73.21682963792043 15.861459647886733
35.02580969220157 5.637085084569671
85.85346784930178 0.15226035646433989
8.835657735751578 62.10795633214629
90.42634004298542 99.16720743704751
13.96126315455838 78.5663615667314
16.91377143311048 85.80126973620737
56.787281647360345 85.0392662099417
50.090005302005544 70.57046716834077
7.9894123535487305 95.39627698878252
14.644717538214246 76.84813688563118
51.62204217500707 70.98878670920506
3.011753885884083 70.35725708947217
98.35444601767233 79.26803905115737
34.52066631321299 36.21418142888354
46.51614765540922 21.649659456202876
8.772738521390732 17.284141452450687
12.380660830480538 35.080501368428955
73.98106826099237 85.1415753877092
49.951715576252965 70.15831770660931
75.01418512700467 67.39967963894787
42.61313758532569 56.81542592450306
36.025435155503736 69.43230787714812
35.57999321413226 88.87861640656112
69.98458141809553 4.540954109973794
0.757523549614636 86.32475834182081
43.20384751428836 66.09605376367699
80.91771956240954 28.934325765077585
72.7323745246498 61.559748067530386
7.461804617585333 49.43926174837554
72.70425353790385 72.10104014333703
91.19882152194185 96.68918609048994
74.28701200584361 1.25814207411592
33.41778755230776 60.13460355498258
81.94965778199375 4.2935206323873825
98.11947536914674 44.61440814293152
81.10969613703224 37.473002717511164
41.78492545546558 44.13512244899401
22.29269520187359 82.42862354664625
38.06548316378884 79.98786784580079
29.5188409345316 22.89672463669192
30.931521855612164 47.00203596397166
85.10246845823333 80.9006120103974
64.96263063621616 78.05500905106196
11.329576915246664 0.188254098148255
97.92815714938344 19.69759850217211
58.68395291590151 99.73218060172103
22.67838248121207 18.808941229603594
68.95730697815965 59.03340203315165
4.138553755240359 51.66095261204167
51.689177182934756 61.35897263526883
37.339249007106915 53.854982009205244
68.72000575555403 92.83444197108528
16.47803277712804 93.68755559326728
12.2384086314126 97.55441924245254
56.447903779547545 6.412346530953117
43.22006244346578 9.176251706412963
34.67986959036734 36.99963054414014
89.79378189744538 12.286095812929986
95.60396762933311 81.60854780418994
47.9444097262182 27.195176055478164
8.46344276611628 32.54531385286323
50.645176282204794 60.34487675461321
24.1538251149097 47.95549025607719
50.26607553433517 25.084267758667934
83.35018022640712 52.80851827920885
48.73194993829346 43.222730305501955
7.689346876396852 86.46798313780235
90.11756986962672 69.14731522239602
56.78227746753103 86.17055299923311
2.1556360824261156 47.86359307985764
34.04755586653445 22.81835960054275
4.465201135230434 20.87600660067138
58.3352072549818 85.1054957460499
38.1699162485693 47.30146811563864
62.91111307970362 21.44778487855532
72.09138697690005 53.440665030920506
0.4630649659621122 84.23237175368466
83.01177996542307 89.07970427195339
76.7889142770596 83.50930366466855
49.294701640971404 21.219610246021993
45.699964082734745 12.260788751520913
89.31649244725195 17.850553146137717
91.19940809525976 36.27815450596196
23.76355724727396 29.46439126656125
95.7183445232165 94.50354992558842
5.110331275474477 93.42698352583457
66.02204257801394 75.58164814502153
11.481499770699022 24.60327132195046
48.900652740603235 98.68130452968559
41.87013963993993 54.05684695757085
54.16871054323506 73.58330263896465
71.79655945896162 53.682969653520175
49.263712649928195 84.56875465334632
67.99937710151815 58.95212037732702
29.24304619920849 71.43710371597989
25.052540189431326 41.6154429580753
82.37254836882923 64.02257100663402
46.66490016811121 80.92205331813734
79.66078637370532 83.10609236434408
73.97224810898162 93.13833488039015
54.67108470458205 30.980264850861495
43.93403228155359 53.196466607080254
51.65645838295754 2.183843210745917
25.527922830316495 17.825921650782995
43.31990236917004 35.92441570323721
15.911594724314648 34.74103903816431
