354
69.37761480223368 56.75056156331076
81.05359579705733 42.48626689133956
23.505648274383972 25.13432469567999
64.97486656633147 37.17216949730911
18.896998428334467 14.778591611917946
16.10785525834474 37.67914081888899
67.16882002829394 3.0405844857898767
6.452502618584988 17.579137239797525
57.99980124620353 23.616792115269714
14.471048643260986 74.57385006440623
50.22307542033041 1.9429230568014377
76.69771156812908 33.27578351801211
28.331056214426464 77.83413671947764
21.10897942969293 20.84050273383743
14.160213554464708 3.207563452176998
14.296589681040373 2.2430754041475653
81.27708546371262 91.78891012067677
47.70522307786052 3.9984336315768476
35.74842374753264 40.95409661438166
33.905508543927645 48.917410788823645
54.35356307967877 28.237010831785682
63.26233645698793 35.36142423022797
76.14635259040509 72.91521628118154
22.76018400012303 77.19750565908544
27.437142810483117 95.15789780266104
57.52891107601571 70.72795825318873
76.90638094676599 96.58894800113923
34.58979476148407 16.11897982720607
41.28042438073778 31.01651449298677
76.65627447473348 79.54212615918352
25.996528922744243 0.7583372004229205
82.1712323563873 50.09219311272083
95.96348978023461 55.80281841693239
22.846995647416122 26.51901981284288
31.48419096266878 73.13460363632488
44.085796602883754 12.914671037876612
5.36186042595872 90.07452110391854
29.135220209881428 79.48063016254147
32.17735506717079 34.02972954728602
48.51225606292713 68.90046168155607
72.01693016905759 83.68231036875922
42.68227087370497 3.8472472618834797
27.159896163247932 62.79664758240304
31.604689219539683 51.6257244252753
5.897515178029977 53.354379354755025
85.0429819188379 89.23224768431153
22.04231818848038 94.20082223089132
70.72901739035322 17.413698232839202
11.687173249830451 27.67216025215665
34.321729857624874 20.56278697242607
7.636783529652879 88.56993079606127
88.28557447981935 38.507068009993674
0.7565248876146291 21.55547290965547
70.25672299364236 73.11076240111827
68.19992836678668 25.282115397928674
83.01511682212151 36.58917035568167
51.89695081510318 85.18202365443483
10.985898041307907 50.83748907679435
9.137515581522015 52.43559768814716
1.163545384009823 69.677401949233
2.5597377828531664 85.0101162654031
79.5084148670383 79.01604560066026
3.7246499129464428 16.511496498884426
5.723573043560226 68.33249957936272
30.940505202472934 37.153464165016125
75.75466069311648 52.87164981046734
6.865596912471328 58.4311438668047
33.5614261852608 46.421867284979555
84.40072846619569 2.0467755341535
80.03057865312101 47.02874269372768
7.864708534836151 40.09589318558632
6.352969060225588 71.0902176658628
61.19513843730622 95.15698060736327
33.84066138152253 28.428348248471302
72.30856365511063 13.545801106590648
75.4441686556 38.48535082758334
46.58854974697113 77.34501105293327
27.855215452644856 34.885632335547854
47.57261255083567 16.2708924195317
86.18099866077844 89.85764786628165
61.33861884355072 10.818797236343658
13.896987751570533 80.25207324973026
45.461603042149626 45.9161578430756
51.35570332967124 42.90340895396923
62.31560000555794 28.962533207822748
78.98727287446332 51.09523084092616
45.14467683892143 37.15140927497741
96.61509154738603 86.66097016771319
16.886838782764034 70.54671155404817
56.19854116288513 37.058594745458194
3.960347943435849 43.01544053370815
52.029401275203945 5.65927562910884
91.40257674139713 8.739783279961944
59.395881101512884 55.997795144617115
95.1782197088474 66.56676299902747
45.64196027383193 87.598213778766
44.52412604062693 25.604180170167247
30.874019305486854 36.470563014353594
57.61515666879533 79.25799885012384
44.93050876428018 25.043433431687458
90.13028984794177 89.79466217171188
45.62506185298702 97.40682362020198
66.51395512876788 16.164032661722427
44.40614205827834 50.694957578284274
2.8053613686802037 66.80161617362799
60.06077981928962 89.34884313759628
38.2732514413202 2.1905758071836257
60.48299545138111 35.519049904538925
50.099514797836896 57.03114954543358
12.839527808205686 45.0450539461012
62.53552554990207 53.80539893739618
21.065354379162393 1.3117774725313947
45.25380088704494 92.3319383450194
76.06995444149504 41.26446639512401
14.290307879048203 19.407602729680185
41.18910250596135 49.807624548306016
76.04833854459791 67.30157961526801
11.857561779377034 48.590826544421105
64.60461173691311 1.30969919263898
56.66651791691344 91.90867648702867
62.84330639950391 79.30122245825663
80.51134326859442 84.05832531937743
35.19404289632393 32.72681131535773
97.08478824131814 61.235437360813684
48.86648411715855 96.09930311155341
36.81700004023782 1.0590996414247988
34.059716646098984 34.181720301200826
7.641267614525981 34.52541896663743
54.49544522993048 33.33079908240995
90.34112626963483 65.82495019484652
95.54789814410746 61.95951876835646
3.019386153794912 84.21937040548471
48.72150383163769 85.7052662344423
79.43494178726425 68.63961971408298
88.21558067420462 83.17677469460057
15.56189735890532 25.999940974527846
11.73774115002134 62.98647238595323
69.05658333621102 45.54928470062598
30.269095655101207 52.51019254685697
55.377324993912005 25.997738362383117
30.59408737784991 52.96666506319093
7.361601821975272 0.7676352644945594
70.06389663453344 27.87246468498097
0.7966952503113967 61.78208962498525
71.32961775491476 13.567092665641312
10.946631287622932 44.28657952207094
32.505833731240905 70.93672860618494
66.11090959869 30.21809344173262
87.08554147900739 95.88637346432446
15.612499622172438 13.374406637967162
38.12163277363341 75.342743923856
27.2142994434033 0.9199693800252429
21.018606022438433 92.91878779086353
39.88725819368163 89.50450324000204
16.537763260422487 76.8343006829264
31.90597495397708 52.714125846305606
36.47675222235252 64.71292742242231
58.33557148346602 78.43277242718109
34.65537114979057 88.56826928034357
98.73284758539268 49.27116124177006
42.770569596612575 69.32256560923037
90.9750078194375 40.87996344357345
8.889942195137902 87.39717663578821
80.45270235326358 74.00855469075564
75.25775175731216 71.65810228444712
24.899240534095558 64.52240187281778
69.65549298948297 95.44738852700468
56.43356884924903 7.459672250672189
14.087689116022982 77.89902288796267
23.666729940669985 76.5027298240179
54.26372201839369 32.321917809677515
29.828600898622216 42.275197168903865
81.50988250576822 25.34983280814934
41.7364806841609 0.6695836054494753
66.2065476513496 32.39967361710095
90.31692118113536 67.39830196459454
14.297032131310717 52.67049614273201
76.20207855173943 76.9512848477947
10.60747024231582 70.2476280779556
44.64422246394011 15.287796925482445
42.08319858669002 17.47418179706376
11.907238949083077 66.19407281259645
86.9712355175603 9.978139008115239
16.264731932727216 91.45322921562673
2.999051310100953 56.79145944206763
41.39646876236716 56.51466834103579
28.817028797129794 74.37055261964363
91.45817486792882 40.99808657551054
15.647289691408073 76.86159397781202
24.912043048308597 85.63658328917849
18.441472174505446 65.49615680845909
5.923083307544608 27.673797351213526
10.461372024345206 17.19884875077131
40.14940375416612 30.80304859227947
27.04816260092914 79.76330913943166
1.8021782246272489 69.49350688676127
55.53244382617534 10.231250180453221
23.44818697622062 90.53446382809075
65.8061171316796 56.025872589829994
38.771719964303685 23.946832288175525
25.07021414486459 37.96888136019474
88.76816128243108 9.196801145511335
68.57492198119618 16.506228943833502
63.91273379180379 40.70406780044424
79.08176632652662 13.323720917283222
94.61814364831459 48.33260322283414
40.23564210796674 7.873754140659095
97.84559031642306 99.84685930905228
12.98548569977559 51.731182031204504
55.892649963774154 54.58608074847502
6.197783355427633 18.83451391969023
12.829783566528086 90.93298533013807
95.0024836956228 82.15818070132869
62.662412593551075 22.161952078628378
44.935706014761024 24.524360667910727
85.13511335503124 97.75631195866312
22.630841114736853 66.13773050150564
45.52351614976094 43.04791123844355
71.54779643102812 65.7390271465481
68.57012182651538 96.42352335976197
69.64387376795949 48.5268676076548
67.60605065058532 82.65330353222768
32.669769635447786 39.834793714359364
88.72611555538857 77.23507400365763
91.12764771240704 80.32104095911747
11.119534293583088 48.89081662928181
3.4488557955790644 0.04173227242156852
5.507014609512472 93.9959277131115
9.818936313385173 38.59766067481729
29.81468546698255 6.819931961021631
52.66489206858848 69.28845711855448
42.36035266869188 26.215547392417815
56.91255512202351 30.869039581502822
18.553644427143023 47.55096962551336
6.885866570866462 64.210218632935
51.59913708729535 6.694324370859583
25.454950804751743 73.658085547672
53.360018003481215 67.0916113752055
33.272261430781136 5.6353227509041375
9.830679047696178 27.560136089305264
94.94358159568736 65.65168337117116
55.32919871117722 76.71329643963179
76.37688687245783 94.9391139229755
5.158621307302802 58.78135679663564
80.20408691994076 63.48815332725191
64.70108873733281 48.02501067286941
80.81517550372955 28.76142398169871
82.53552004939195 86.54668936378901
81.6940874440777 31.69154392666419
12.075914743617178 11.467793474414512
69.62868137030398 91.25612610061862
18.262737626956937 28.664775325474977
3.6031005241099368 99.19253061631242
31.500723780520246 11.969188846695678
55.55691774428067 54.70973545482839
3.1730780985293916 31.678801534227084
37.56579225902548 28.138841861783526
70.0981119091976 40.9890903275377
53.22060258855201 54.68206120508176
33.619884441735714 70.6087841934233
67.47417727258114 66.62138135705464
40.266546811854276 4.8663116575478504
62.90826844312429 80.52680086531315
61.217953551934876 83.80458181690116
38.91535259497443 94.82919149657118
57.31310361573717 74.74511414258839
87.46701658668681 30.480641541987474
38.76484354038846 89.08984972908534
78.11749206939822 34.49520995531401
25.525957332781367 43.839167450985364
68.27389849290807 16.77627210665188
30.45544253176361 76.24576956106299
93.25766055215797 88.6763395238121
60.71869900340733 90.0427009354416
5.188392525309471 45.204416936906036
90.12719529076448 87.19479881790356
33.7795265057231 57.78158247742119
60.247327091022086 93.50530454010034
99.0019983739202 95.68784204335638
24.942864890095294 15.519053629667479
56.1882801122711 89.10605445309415
37.96545718117474 4.002001942304323
86.90292809368925 65.25363229123627
55.281994305165384 90.83692168818403
19.80364215893653 69.81363048179466
14.669230749903372 45.40705725770092
31.259737730519955 68.44440247115723
16.2132073954682 22.539031847004765
5.3812810710476615 89.83873811169514
40.583030912484354 72.84046021089884
41.41714348786073 92.33007635415498
45.71524899096716 2.712821876530469
94.53462308010117 30.489824252078723
70.00645859734274 68.8414204352351
30.360414878110596 20.321901185097914
67.22321234065247 29.16593967452149
88.2700968572848 75.0024947139589
48.47652655257186 64.31565453799057
59.49496842823662 81.00718780256308
94.7816700339778 68.8189578677207
16.893888777151112 49.65751955200347
4.238201180906575 96.29199797547389
31.17161205439721 49.036764562222416
88.01291061395624 3.07988069351276
65.7612686288897 21.123838343846234
50.27125326258447 97.88918482095542
39.9915524057887 49.75039551824688
70.44344927018615 56.140264883123436
90.46821861405554 44.011308144080196
94.98680297749709 87.67037337571931
11.164695914596956 92.3087481193536
31.973742098724212 9.123381190990965
88.55752813367283 79.02962384212141
69.98195484403126 72.99895204516244
59.5420664168716 8.456500854408432
8.764165676570535 16.82312714208749
41.138254558000334 80.31283325459378
78.82834553638767 86.33074511669192
22.132769945727514 19.716209809248852
46.2168112689711 70.9481977760893
43.175645490186355 84.68840417630621
27.467195350556338 29.459692190234886
7.925666080865801 48.86857574501686
51.67906963124616 46.300945566328934
61.9740671846991 31.51208197952471
50.41199191367235 2.002287382194523
95.40932632350815 15.883047866595291
24.05907268827232 4.430001715058407
10.679988641051585 54.05341811956605
80.83460530226779 67.39146118107618
84.02286837989197 51.62236832712581
71.03765191219199 5.995429221765869
54.7868761402884 25.008446835871702
91.42616058426442 69.74231432512342
67.14378081487592 71.28417545406488
88.81474793304315 30.94471635663615
55.167688927911094 12.993107372931101
10.476172203870915 80.03750438525556
46.08337236500978 90.15659966428858
20.677022541273693 18.784496367617898
94.12470003643607 89.36116305426903
18.536983558728394 29.756158396267207
41.73004856538951 85.71934379947179
11.146190201709484 21.389236149915412
54.28630386639695 76.2983404072587
76.49957286056274 99.67684341987993
18.8004129865177 2.9664337322329204
64.57560333777882 28.64962740437812
49.61582148971375 35.762011418005116
54.08906225854329 48.90841618413201
5.467236901966032 16.06605852276004
5.740249954577326 30.29228813492394
23.786043166733783 45.134241134752095
55.1101661812985 9.08698920263481
