317
22.766479528816397 86.69654869936574
49.42005923148055 65.58693633042039
15.144157618637111 96.06292909441565
70.56921249530266 29.37682096858859
15.082240117630707 90.08456166904696
3.938323629517926 19.111032119350458
64.88998071518695 61.159567709924424
48.15020707307366 43.52308124641522
27.156006628351847 96.31615787534658
5.308872385031361 64.24558036173339
94.0749897207 66.67766567194688
70.37393505331391 69.58546156835538
75.34959411616371 99.21878109993375
2.1957078962041576 35.29530769468421
74.08969446025999 76.5881033899607
76.19906064453278 92.21256884161416
89.48984846975769 82.0455073419239
76.21005794804901 63.28047250635761
5.508119429007974 91.37711487900263
92.188089093039 51.90213455400272
29.157853654226574 79.88709661019216
91.32025453535465 11.794612646652357
92.76207110430816 72.37210703539193
56.217809672885046 86.50458275688919
33.24013864116026 74.33403428896264
83.88905388968865 52.915702334482425
64.45420019742045 40.932619266323954
81.08120940455554 57.605463902066475
30.614387744220995 42.28956129241869
81.17188870146104 89.4282981192005
36.422267351933904 85.47078340173327
44.210748265583014 87.6011039321747
15.61650624456985 87.91157416080593
41.680178939263726 45.060405695794216
47.261947068838225 72.79162948641942
74.07940828528291 86.93524020172178
94.01535498172204 89.86554836744108
95.22518243966671 69.12414714111131
40.822977059772526 61.729828096273145
66.3830195527448 8.714246111952617
82.4932774021996 23.013013190333574
53.640298517772266 18.61648989500835
14.549030963417787 48.8491413145923
84.02574717196885 74.48695530104048
71.04656561677251 29.08582470673007
85.96312687364653 34.926307547070834
17.41743212580592 60.72125616302638
66.57207336304015 39.41938161744516
13.029023362158942 97.22346520277605
16.246616249329506 58.44910067531133
96.23132745867233 64.84259218292114
29.857374895343412 83.95355772223164
27.675026887389485 71.60110432747402
62.192776631975065 66.94869415094436
1.157458631377073 94.5723279033863
28.683638098362664 11.039003141407445
57.952790977337955 70.55528662126929
36.10240783331342 15.724778534698103
3.8274545351837497 72.69937734645673
2.195800304712925 54.97139902657517
51.6678751103295 35.7495621263665
65.45716385243902 1.832019634094828
0.18127012021741384 16.147646243076498
58.364792897144866 88.08549408207377
2.119223616487742 1.106564908642771
21.27325466068657 26.227179430004345
98.8505267266049 34.34885473900925
66.28969450609277 99.68034037668097
36.57485406701011 88.50288807354728
63.250651860719785 74.11794119410068
15.079291237928395 85.55331430596993
99.48605800852849 64.61436698987954
96.71014917023658 55.780784445271095
74.05105644479595 41.852188124419165
2.426692959578558 62.19366225542432
92.95383024281561 63.916932559884785
66.98709871282156 35.29548652688713
80.46647737677948 73.0351326441726
11.919160809524708 32.12299283553497
76.9168900472993 82.34674910243868
16.163236193461785 0.7251999052406588
13.647620137158667 90.54721862526819
36.059874131308014 32.38032547533148
13.891096673650715 94.58593182188925
33.325554292930214 10.599620490665995
42.028684378914384 73.37367318114885
71.51862757404929 78.20104067407695
31.81980013690957 79.6722933610014
2.5841194575355164 17.88829759113655
51.44148800091505 86.1796113004149
11.325781071473672 4.244678494447962
56.53434326457521 49.82563948896733
3.1923011945689805 78.94735908725956
44.030211690121426 30.343082943798215
24.21955021822727 25.062482986207367
87.00220003400871 30.345028571072806
67.41963614739747 62.093021665346214
8.432444679746453 85.31339594520408
37.1162132633804 1.4215338589068316
24.52380573002341 0.003932208899637413
51.72195983010545 84.73375610483478
52.99970576583228 8.761263131401586
3.142549550859597 62.294133154771544
40.003125918135474 49.0168639699891
63.0946947725114 98.8504165202055
19.556931533296297 63.86137219714026
11.693579242253293 18.930320729033834
86.08703197574319 24.718080275734188
45.09735482511861 8.423914065730543
19.483542049144887 32.15021550291656
89.52118799124047 13.968478295221454
51.15036020161682 15.562788266799
58.62307456639694 70.89775172965618
4.3154701762158965 37.17857967873483
86.78653846807278 68.52939758294904
43.874397095686604 34.37649952115963
27.216876586194914 46.05336361984457
69.82732087666706 13.520753792624696
41.019813318183296 71.4346407516658
9.647115326427723 7.315552424512561
80.02929168894462 14.376405195911968
44.89142927916473 26.7790970726525
78.96692517528658 53.945714014856605
12.60736765624777 36.23626913782043
80.57060152855253 56.95541570495064
17.0173566200284 59.52820709171556
25.12202389713395 69.99371204027038
51.532413861061144 73.38066609183947
63.7079698825733 13.990853402174086
42.55421082425465 16.45896347994458
27.791852721214383 97.99388552468636
20.525463931482125 89.76746899811124
47.90022552795594 79.59583901244102
58.334582848617664 43.69370380296371
99.21567710332225 8.86056210591233
67.76944206754919 12.813085070512297
63.3964258881349 11.082743036928411
51.13751368831021 65.39897731587615
71.49821435048732 36.81559981406952
52.17853649120523 67.39662456363025
4.549053308804385 53.83056072553592
35.83318327271504 55.738170617692774
44.276451212788906 33.75986356346479
88.31300067609943 37.536143271149
23.996692568056087 28.04402255599595
44.03853530601912 78.28337513596684
65.4818964581983 98.90874994331372
91.38769039069794 60.68564444697932
16.267570460106484 75.39353910454807
19.873516023288673 34.65348084109369
41.63855774724583 90.10889774992597
67.59100455077642 46.0196780306046
80.94621566648632 72.64361606406791
59.66034875382713 64.72515103101124
20.686254017259653 22.64980197849943
30.251458317477486 44.25042755415727
34.733154365610034 14.777162249754184
20.39471999966802 0.9010049146934707
1.782450196935892 47.788320159027876
23.75944001102831 0.9802916432022135
56.24788966810345 65.41350954692307
70.42404251708072 55.57107550313752
3.293931016817453 28.31917154137792
52.245621128946155 99.11973845954103
74.48971899474512 68.94486264728944
97.73786634367866 79.04115279429922
25.691077267916473 74.8708726001351
13.554756702970327 84.15360043084664
72.66732102334652 96.48601316247552
74.61418373101077 9.926225112656994
26.094234018032168 61.752073546293964
48.44607965162113 61.148891205827574
2.6639867532586736 60.94950136627485
90.31167860517516 37.688915404724725
61.76956844277831 43.33389229479773
69.78378840881115 69.2649485957961
73.93515421121798 39.662381010818216
17.052316964651194 64.37230561897984
44.221512556040985 30.625113374465617
41.78521927883041 31.482049233426636
38.45326827206706 17.871281530285877
3.3381863113859156 39.159604088270285
1.5011241590192292 53.447538420999685
64.88553008819505 65.62229849441891
24.427538563094565 72.76839923693032
13.020860062493256 3.1906872297773003
32.3586992950602 50.30066259115996
43.045666855759535 76.88965867705537
12.784311574168349 7.710267350881839
73.99508085671671 68.33251165352272
90.32476537848063 36.9931438778643
45.79974636063766 61.260697339466866
1.7903366081336913 3.327633159120391
69.26162691643202 62.57170896573393
67.56619500144107 86.93413413314485
36.83215206319731 77.09182219492135
83.68992431088377 83.92915462848542
31.244625735913502 31.625317964353496
96.63724206675816 29.67684345911409
33.34262225163297 84.3105858462608
76.35852397226967 16.643811182573153
86.34701941161232 39.982507717739225
51.03460744764915 91.11727688699315
56.89209458528843 65.24337661887559
62.94153684008238 18.428397114644778
25.89870160871429 46.89952535368847
55.10173752404383 23.540368229259133
96.03570921136465 12.534292000158553
89.32893113491986 97.11591076184938
90.74171086001107 89.48009084646193
61.41694565814914 52.07723047105218
6.637488794997437 2.5680452595100878
85.00539853894291 3.3708513529954964
0.5583308431466705 58.72238094824659
64.11430900559407 52.18052069833665
1.4865464439116516 51.23323118151163
65.47231950629023 12.192062729873832
35.2296508445898 65.07813554635997
86.1088537197456 78.72769644656701
42.71975984523524 65.40584525244809
14.367525518939406 88.1504356414246
19.570437005284703 5.428830795024475
11.137519529632222 91.32271449260186
2.2427631182300067 84.5798536205571
19.40554360373192 54.80997668651768
51.097402951929695 19.683550567343033
31.140543034729607 78.79972639375649
1.6473872840056636 47.78708609562807
29.53643965301821 75.6823470393903
99.70819532973103 57.96307639009892
64.49807420901469 31.382837480906424
96.52544720030079 75.1375167362319
66.77762805882287 7.547157644591684
7.053078792483625 76.02448681536667
73.50792892190913 71.38722361967837
51.941981913528146 21.647832687308043
7.77297511213736 39.96588729229094
18.427877273697735 69.6528831331778
68.27671602889359 32.36192209328168
24.277242286318625 32.8520624090715
94.11018162116014 39.86616604981453
96.92812067649115 0.6662245712494741
47.68794476369118 35.87015054023177
91.89157172871634 95.00811532702107
6.4656043152437 93.2501254239989
7.069490528916733 49.03073927264451
24.680420457223462 94.57386533399492
78.80131866248614 89.96521673312819
80.85389034208988 16.117428230326468
55.4381743919668 62.429937784660495
23.265231204736413 19.432708090492845
88.62237459497717 12.822309940298126
40.43129011217863 16.668461218671027
26.119151344304083 56.12005549001397
17.97317095218237 49.98412405224102
17.197568719710542 84.23805792771525
19.870969872523993 53.31642661902223
15.32954623458841 43.30985092208586
19.378062628258274 58.796419137155475
30.83765172074542 97.9980035445546
32.79330171720526 75.77562282242332
62.74164504707359 41.68337421158569
6.699617678020964 3.2578178347918096
33.7043575512097 25.04434505078249
86.12868803972573 64.04087380883148
36.842371098456624 23.944724835619724
86.0829522007429 32.508184214427935
79.28015246415653 35.879976989186126
78.29637392920053 88.85468427620802
10.832661275310162 24.918006426947493
52.16095420701252 69.2244572474676
84.31592768194898 30.968610121611594
39.579684126914785 36.197457277799494
86.01886330208897 9.679333662602719
40.6264575662123 27.641633100441076
72.77555372978523 97.41381328220655
7.107772592326633 18.825070267506717
99.28348821115172 12.354090120662885
84.29733281016215 97.29305233602949
73.25332203576764 5.156739063994198
88.37851933479004 72.49786013122265
24.27256276366573 72.89428649049688
63.50696872843471 4.626700215051905
74.16200365893725 48.821131493002866
31.70648595455905 2.1119234234677986
30.976288211399318 47.112046327753
92.29376915703156 64.96906352670776
62.76605868984684 78.3999222951592
0.8440595150280172 15.45389426734215
35.013576086990504 90.11270520224926
69.39511940053313 36.27842866092791
64.6528198298837 54.39441954366369
72.418439163842 77.99271243749045
65.1160197646072 40.62395020431991
87.253132203016 66.30566120835438
23.278176609348044 73.89412445993185
13.31399005488848 60.987845358239646
9.759911478885886 61.37795161307801
10.622128654550455 81.3639096156459
44.98005018056883 66.93405977676386
31.84785946813866 99.59686050520037
78.3630185531107 8.76476383692747
14.995490837806557 90.09992217160679
93.55644968414047 44.21740899975827
63.48855887918548 87.16270557425027
12.556367873009044 60.511886141238804
53.029023327731785 8.53416041836258
49.93715290740296 93.3136554370212
52.43180791465216 54.382746238049194
2.5396195973750313 51.22859121837474
33.62729930050835 22.867062587417188
78.46432700766599 28.382623620029435
48.52684541551928 92.50786578160087
88.68836787373542 49.5546245891917
62.641107777080805 10.730374838017164
67.82693441439774 10.373994839477053
87.23742303903276 82.78013190336952
