361
16.29993836340774 58.93792250618796
79.80042134170905 13.861551148519435
81.99868688169259 92.09213830189589
41.072480699293976 72.657962927889
29.53120467346625 10.863909941498163
55.79923167326295 94.87678740715408
91.6431255829019 81.2939895604326
34.952104001659336 82.06298257995351
81.3868504421853 42.960057666733434
11.604061237979968 21.30793376650203
32.318471243292414 80.37535628423895
42.370000265591045 85.19743378152411
47.28472999159264 60.09303771485604
74.87980164817107 5.374196055003699
58.48529456090065 82.85104661989557
16.225876661852944 77.19976283374838
58.97181262518746 60.7567893611138
77.82351044347467 65.21545633866587
44.42128714415983 93.50850115069387
78.39684301421352 42.47195912620256
47.960065943015614 82.22236154146782
37.62886327374228 96.32980284729474
78.25948944699532 98.87799538040059
52.83472647324559 82.7760291916096
55.25639040916436 33.40790013252553
29.87328839034522 63.99947183378417
31.95231553106962 80.00301840575268
19.956331600636833 93.60817647172375
69.05467471182226 22.901755065465824
76.33029961146194 41.391414220965096
45.8007818210193 8.953641843748695
45.062026513610064 2.304940792103971
81.08459132395622 35.18023640792036
33.128836865326996 23.966742079367098
22.548593217289124 62.997720912029756
0.8069360661565605 28.49181214621288
9.229482587309745 15.224460441751564
11.144446895779636 20.774303146266792
94.86725341376841 54.40309943936562
19.640041844207325 61.65242705948381
97.22683928503666 12.457450920968627
31.828991113612503 63.515089661095736
44.69057435990206 16.77012070371322
55.27820864303871 18.34912852382845
45.82948489410666 55.0250181774991
76.54935216560328 50.028397103942254
85.99891291695432 78.23222255164595
26.07657121324374 56.13253557071104
69.21627596339567 26.481831649947008
46.23726474840184 37.70683270378029
73.691492631889 72.59419768817826
44.399495937550284 81.58075286814311
19.156088051882936 21.940051032274898
44.069281555957396 16.196401964717623
69.27526313048304 2.3329980158681707
40.325694580738755 51.16656186933544
35.804038708160334 41.01400163954558
80.38940829885392 1.1518950121058857
62.488186048950226 95.6032255474133
42.70091943197826 50.17890676796338
44.03631960474998 19.148098132827464
82.80030645966288 99.18115126737594
12.273192654226872 69.35612851476925
47.24074261190134 34.33935253287477
68.641735745131 82.14757832682453
76.25134467561182 42.59821002981966
41.495237218897344 99.66477673343657
44.299600883567294 7.133524769260246
20.9845601558029 8.691097561832317
23.582424407868217 1.454573750958743
48.11254194432403 46.37665150300935
11.734986575921535 84.63094736476657
61.23144945784495 40.74840016243858
16.192513971938094 22.799416609406965
63.852260903867744 56.27336914928396
87.75754053782369 71.80391647797718
93.17075312403055 2.5508070930496896
61.55908155812877 2.100849648423575
67.61029977970493 51.90278875841544
18.55320807917383 21.93054552445527
87.08393178389898 89.34716588811162
96.25125268834368 55.51607323622548
13.82590610005584 8.431216682972176
72.93756092754514 16.87931692542358
31.946340086398838 29.20267473573889
24.754516609141184 0.8133792834540632
48.22970966191872 0.507707837671223
18.73064049942449 49.18385904174703
80.3230545618757 10.934176101889747
55.99207604033922 43.04080341554939
22.248723959488082 1.4591075578628487
6.640554494230999 26.490770959864605
55.27383084826063 64.12851967955135
19.754872951888547 77.32821404646123
88.16925533008947 28.84192081455488
96.55841202028961 57.008490228155416
90.35016120744406 80.24984340006009
54.50284990009342 92.40629883589946
41.80030220163664 9.141059313410238
20.447308443109304 28.47255656093829
8.429566165417391 19.829149256222912
30.06564596441226 0.5750321015949078
12.617393110958986 7.21103599863353
6.368086034743126 5.812803063028782
95.82510423720399 40.25813458412788
9.598953558184164 53.7859129931475
30.98077647124927 17.209416255809284
43.066633718663894 40.65871410878357
67.51620493880182 44.60485388515971
37.28276803680644 65.32263536765174
6.59780903018492 4.896855098882513
9.529218625343116 90.89080283091496
57.132346139847456 76.54747350475387
17.296725333632047 99.59890475315937
83.04582245429678 58.407279198742415
72.68730082956752 7.216394840657159
27.69841562840728 88.87045906842191
49.17686788366458 97.18489151009275
57.554616102732716 19.514945653533854
19.847641144513204 52.74201303617952
3.1544713415102454 87.42407529453763
13.787957768042347 80.16854629865306
75.77976161876218 95.86114058071185
84.12950659892292 78.70752444818528
16.72512621234109 94.24079204174231
55.12839020251494 5.062123874469315
85.72669322400046 65.4409107780049
11.59241615894977 83.46131240552342
45.93037305522402 76.69092126245633
15.972180026707171 45.12518507169555
32.442971737604964 47.74658913563974
41.543375509858 65.66127305823211
59.99593760066209 28.57480230632704
69.83458752207386 32.61799234547451
22.924142833539708 14.183273520092431
62.78733004260062 92.42940020594833
69.95198267916398 13.469381059400554
56.524478711908465 42.76358746644916
97.93918205111834 23.800599978641024
38.620488518409005 7.882801318411259
36.305012393155636 66.92160025208723
95.78225174702035 36.85400878630766
80.41986099421119 56.373374303713575
71.06718874636802 37.32995448492017
19.36408156824372 64.28343737777665
79.0491618961476 35.94501703171227
55.70574098383593 45.53568353937396
52.75588155748253 96.72862847814082
8.571146191880285 79.61447407781502
21.290025622115248 39.80225153079095
19.301627862980673 3.767560333384168
60.91916217979455 57.88570579799514
65.23852170057397 53.23805857813153
66.27798135189065 10.855033749270394
7.675273192921239 42.41291365780211
34.5808541049646 64.80479631260246
36.654268943601245 33.413471043257246
35.45655138536935 10.081787316513891
2.953753189593844 9.842656601363387
99.53116140773133 88.63214583655066
62.81596212260073 54.407752356477154
80.94976281770394 26.92580885484156
40.856550626714125 29.783473393899463
29.694210898541485 11.23937431518125
92.45271517150015 99.79560722340119
33.18894521741799 30.633906365821474
18.165849136600663 42.862349271687826
78.49190715211029 35.176942325233995
52.00115319196933 34.211225293953675
34.91579278223259 48.23729460982492
39.74751424657944 61.313125165635384
23.830847824425096 39.51669766006215
77.00790523988447 36.46993397158034
81.24478116818548 89.40295278893126
54.83493859910663 63.89593407040315
61.04853670241267 41.84787139376625
88.1256293886144 91.20752254459673
8.283510586901311 39.39883644084714
71.97910174994001 33.17527346257939
17.057332213871533 77.08768971906065
79.33874144255202 36.478928967759735
70.63278043062283 5.570608711193037
49.81862389827442 84.42820403665188
96.81635173716579 82.58364102252563
4.665149829353076 6.270394013465586
90.61094570885328 84.26721425795206
23.33056836364523 54.01548257668474
26.019706684382893 25.30291702512638
50.48008102034186 52.90310849404766
77.70838421106437 52.999136020939716
5.9000346244368895 11.160133458117262
30.158437365943858 55.291728935497495
18.426358298925383 75.38956114813811
83.05636993156897 96.08013438623674
28.840498909266334 87.25173885750374
8.809022509488306 26.897727404538575
68.92383237343638 3.9703010388910998
18.201546314498486 48.31847617066669
64.7417435482815 3.830000811523737
88.48135279959237 30.70162193618008
66.93666719637909 68.21026054178853
63.00945593223582 59.33028595119802
65.09228559234792 5.776005808939921
47.06609486311666 34.126783429176044
58.98448682260708 26.81544028759194
35.79075774287013 5.231738476116233
90.72030163183618 10.19429929663157
57.58798174324327 21.65394225050916
74.35870859455869 15.140706350429534
1.9706128592887562 15.70823749701702
13.678308584690113 94.3489737177111
58.35688789105884 97.07424755219174
33.38033339994959 5.06315111344029
27.319669313394968 42.6835247205052
73.1164472033388 31.080186013833245
42.129654087789135 4.9627387929772055
48.94621470421947 10.48831643722723
72.53874553741841 20.92126702408533
88.74792901661966 80.7355343430016
62.282679724236026 21.381739414839895
22.53287762483471 58.03910809254506
68.16813916626165 30.859202566134247
70.9642734754475 52.517333846522575
33.210510596156425 68.86638664229626
2.690922802458451 3.954904339667431
82.99160860571239 21.901238079867024
87.98621280840113 31.23017302002876
22.982773867247364 11.595140456323872
1.168908136259661 83.77823906987093
37.54794279049531 12.542165357512047
85.57856837403045 13.478049744457532
28.58233487224604 98.41625642817127
43.438137230682614 22.868561260474085
57.649419653636826 86.57459013530193
8.930406178280116 4.995643147284756
42.73780450852623 31.002430499131627
47.338462797465134 17.57946832284938
0.839588730498364 71.15117018110311
25.86749763220829 15.902261563088139
90.96098502941017 25.93813044204142
79.21436399787187 29.548413238940054
37.94638573450396 29.11347715050997
5.350397266661922 53.20904397592441
11.384352999342251 52.1073402478093
50.72707412309968 56.928264191002576
91.95608041040569 17.514991468449693
29.145161348069838 85.69922873002312
11.126050595382731 1.2650344295527138
64.86260878985883 96.13964347022453
26.54068669987195 51.025527098326165
47.4359333201461 70.69079813758817
87.36425623755333 20.358731284400267
77.91860615814339 5.955196655459883
54.86777777891759 37.67645596270198
20.66861612412988 33.28409141135914
5.007946566424037 75.77142477154291
56.887207530330826 77.92686252073734
39.1040781028667 15.45935130070335
0.9892729448005899 12.299600936646971
20.03275185969321 17.73663180734494
45.52995162306552 11.91429463277447
33.25098300577538 94.57005143798473
59.61055267507353 63.28733354518005
55.93622375044826 53.66310303339412
39.67706712194503 86.71305130725243
43.6633935947107 9.732420995564228
96.22489085542082 85.99789659715607
42.73544106478688 9.200989565371554
64.15616259006033 13.520762951138664
79.83702889007789 73.42103031497393
76.91481394621313 69.29206811287195
71.35186461323444 36.13375531379953
72.49046267066593 73.24597765840623
78.64624850545283 72.04805321530678
97.3628423729958 60.16175679926795
88.00189369945215 71.08185591614549
71.2073369296437 99.76339567040698
30.382530395869235 95.8798782264557
25.519569840439615 44.950238701671196
2.894522768129615 48.03309983123547
74.18674662772263 97.66297832251044
57.161937979572016 76.71812931613032
97.33196224050093 44.66901206907692
27.77671470399996 15.063892265746691
14.037539789385223 65.02527734162763
94.2503925616521 79.37144520271634
68.80315966613887 84.61642450019492
70.44469759644319 50.56820446076077
97.67546731895197 40.23648846335024
48.48704717224771 66.80796257781103
4.989785864125462 50.57467211295281
32.076564371984404 86.77537668013616
44.892259639995316 47.21988151769578
27.827288732212587 10.17260997985694
53.36262340328973 79.33300341683787
75.64152987692694 57.27941735842583
14.554504092203747 73.5213173077228
60.23253995361022 8.577315083104143
96.2521410102173 62.21955149754671
53.05397471430917 58.34476830872962
66.60040749804315 53.18894818796422
21.343212656427234 43.47889196964502
90.18444020173689 21.92195912919024
18.74965284628869 36.9782508676043
13.131897969786477 99.49495536262559
92.48665132809568 37.449769125041435
21.037799869409714 60.18305921610319
8.654263584801114 10.239315019447393
94.82800918263207 56.7050027174822
33.91560604901376 44.95745823523605
17.218706922348627 26.22398573190633
35.696753128805724 25.698951199578445
4.071008655901343 15.54724027984069
47.855881409598425 85.449059855102
88.50468674845598 69.60706978962853
73.0970446571925 77.59590898509113
44.33127631286246 31.890502200391424
53.04329296988054 22.558910504791786
86.22750051907981 64.60603904105963
24.91283022540682 47.78127339590495
92.72777849989549 2.3553182744248446
17.204655146040693 17.704516867528575
22.488004121573233 91.41041099575064
54.07844844483235 59.833902796602715
7.910952659865755 58.38486369972227
55.23075487258243 1.357694287971667
0.004805196807489143 93.23796761088622
99.86383921926546 95.25854809581348
52.36037846764282 64.32525648769486
6.720915248997672 32.397175571733186
8.348688809497274 97.78731613138534
19.77271114311201 32.821607918954584
80.43379736695148 18.556118254985666
49.85098980519121 77.38462264386472
97.53519151456801 6.123936231203542
89.47189556764569 22.799242718185532
41.81966961044594 67.32843632255114
35.95246305093137 23.9555862940244
83.11950280497749 79.51867220263999
28.87867957758742 77.54227922508652
72.96686857355861 31.000292970174815
54.326785725198036 72.40936017454293
50.23768878688723 57.774717817902676
95.49966214768936 61.571741645991416
79.9799483101582 86.15043779709455
49.86017260368333 70.30023933487902
26.0452036326261 26.16583076075164
77.73066210351189 66.51938810502504
12.429520662807814 59.376449164048616
88.20890484921992 65.86205997172463
1.1484067223330618 6.627479638183487
11.13161207578852 86.65969137787928
52.05849083969481 75.40882651795235
71.46972000689902 55.05397497905976
60.39312184771796 89.90547538252265
43.806498759221654 52.96765731146671
12.43496500636022 52.0815330442022
30.449827134827757 82.22075005829781
52.39069015215949 57.46912028623616
30.30943075536854 56.32330872308001
0.6644658767266609 16.767657296147963
