346
78.43578288522224 31.7188958217118
97.6225712034007 17.08433789532893
95.11442867030713 83.9839415454926
9.277569916159278 9.005442569690981
0.981378327376492 83.936277261907
6.444270137810948 79.37481650578209
9.331339848755915 36.050752560408405
64.667044667673 67.9200885643301
89.22991510580748 49.785967012918576
58.72270205372692 83.94989102499066
41.95814228542859 50.886943715708746
93.80352699821003 56.2793312007692
34.897372435264074 66.87733030059347
17.216617582702977 27.719847794662744
0.36811192344359256 97.99055776906968
27.80571235580934 72.33759241719505
50.46289366333261 40.55236130534671
81.61421593200298 60.243585084526096
60.100035490742385 82.58867236136382
26.94855110245211 87.33328923727878
48.01278978298763 29.640908053740688
19.45431049366103 89.9696136219267
6.460864676276001 5.132288501443805
33.89807572919994 34.171838372679666
79.03859391787262 9.372958706951495
60.333670221753756 61.47932924860508
97.81428732851171 13.926505235289033
2.5444187630865422 33.83578307340686
7.199657311615004 95.30356762212008
24.52649325614662 91.59504547558306
25.162305527822927 71.70592792688986
20.044363446293943 58.79993921460669
30.100339250562726 62.89707165309954
46.89286239520237 25.90672925121782
26.31320754599924 76.45372547144703
0.3043143712692986 72.36459901635914
69.59025956944258 15.29103929489274
28.597767441852227 12.51406751330596
51.97152832485946 30.658311725617626
25.413238338004096 44.74794453755766
40.819825292007586 48.1103819042363
7.245244917768668 98.00516901958275
12.967458938457844 67.07659475053546
43.108728030785294 73.078307130103
21.64553045764449 19.185260851168472
8.575705017275281 92.09109984115737
14.926869481752714 55.88423605227296
61.92507114472647 59.39682399429734
93.71417208596222 36.77688462974109
75.04637254681872 69.35368851108859
67.46429398098141 92.75787260393658
41.5675466654313 9.67259215860362
74.70965914819541 1.4067733750083633
77.08580644820071 15.342146979071902
36.44239507782318 53.911135658620914
89.21499671719961 35.805435754268004
86.80089411244941 14.751181550065729
42.11104467137966 76.96121654494546
82.35851677722957 23.065950450963733
74.00444654708981 18.788668204005965
20.152789131759253 61.06465221518459
18.910217797458916 62.6306886553474
44.203823364953685 93.17851830750979
47.63996326214318 80.73890920060158
79.86642528441543 49.539382521411554
75.7370900794626 24.182717821459974
12.298594817329644 92.66706726551298
87.76042245771333 96.56956205460132
8.492861504912607 24.584115736261836
58.55081515035797 1.3752026667053663
14.066637113323722 93.4172926601018
85.45231678236411 92.74963395811594
93.74611523241964 90.41018806872493
99.6356186643742 8.397350545065319
60.344216845564624 64.16188783506779
4.002291429288496 43.47002554703033
70.34989085065901 8.965759842545351
38.61307945731126 70.3526332648589
65.6911537792695 91.53195010246081
10.602568222837427 48.36207257376024
88.67779427463401 53.66173683718232
59.25607002648218 99.51129576520306
88.991771058797 53.64893004592209
80.28090793417209 99.83204441306374
61.49421432019943 40.407631808766475
88.49305277260055 86.49270563502347
36.7392027962967 30.53182738964232
9.04338278158906 90.39020237567466
18.077733794368022 72.87240619383944
96.12082305117484 87.69718454276942
71.87781323211404 72.97693543635211
92.50481017518489 40.36685864511873
82.32169998814605 19.794823369896285
43.484980902195616 13.181397044848975
55.6057114108943 99.62131843343128
94.09209966954793 21.208825497701532
58.34737290386143 90.83318329969521
46.06169255210082 62.87217878543968
51.1746803893946 78.61450163273764
25.540091159578417 45.77606952385986
72.74915695138861 23.812179485004147
74.20449225544876 98.33718232397048
33.95357992062119 74.39891372301591
83.08390899165693 11.474756284425425
45.72985340489074 94.32720021852342
11.502900855677822 42.084769381206634
65.09980845255966 53.02313043767302
62.91723121962711 4.406232095764107
16.968591550065536 72.63367254768552
20.904128031955594 81.82912195413921
56.96533651207564 48.78998536081439
84.06151296217463 42.96930537075531
59.054028404693646 27.505353334932646
42.71798061337526 76.12691428371734
39.28850224574805 65.31471680355695
65.55539268032612 18.55270177785031
53.56559336440616 14.206546942013244
58.856575719375236 87.6906852523229
76.00679980838491 69.27825884739455
42.9586792564709 60.01830602834956
83.33361647702273 78.42639266343872
6.7395587515917015 82.56955938986479
30.113696649837074 48.172894388448725
29.902833780433646 59.11860976025148
78.5592122874105 31.203448204250716
30.22717379529709 89.57647957813332
23.73585162295544 95.20204008854571
87.41031225021226 37.6517693497817
21.330390394985 32.72351067165976
47.03834672804682 78.90794100147495
15.10299642115973 15.603628012807091
24.939903886663515 55.14518372999948
5.010772965409593 49.69706487329556
64.89710993190725 87.41080513478539
89.49878848034658 61.97727459290546
27.15877356193278 96.46217277828012
35.090173328874975 34.58449753691362
56.643718304059156 36.31166963535502
40.490206667046266 9.131452691465391
31.457769219309927 11.16583223501284
55.54473154162793 9.830064197262434
75.175060699021 61.05910130218037
63.38685197952706 54.50253491818847
5.011663307794068 11.751838570651273
99.70245791005186 56.31581450902489
8.612960917354794 47.758841490105766
25.70913227799383 47.97343650094638
96.60844511881386 99.15415034468326
65.93516282451753 16.72581133215675
81.73315365437212 73.03363611705963
91.69513046685373 41.461735061359114
9.299295596903834 22.470516313811682
27.45728466718743 23.053125039024437
74.86643515856875 98.973286947477
38.514498382813876 6.700678093119816
74.84783729798845 81.34122424017787
91.68746541855897 16.4263950647336
14.75521520708627 29.471149540509046
71.62686299960201 2.654223706801606
55.88759421466776 2.90475864884312
89.76389871618969 25.01370897932249
62.43342381130985 34.498025675953684
15.137170008424317 78.95398054348564
59.320569885299655 89.36489844979387
51.248777889550546 80.37981511274195
15.148878072806015 97.22712376748584
31.037989802870314 85.51901770861846
86.61559684570254 90.1108160489702
19.685203113680682 98.84830693828181
7.159076957150057 92.61029374975148
38.78178557659503 61.43276887767154
58.578204590377766 37.67048836199489
19.603929156216015 27.676811541112823
24.815021309019713 74.72234803990034
0.865371998509934 35.24188249539043
42.73646154375727 37.684236868813116
0.05478377048996341 99.8472035752894
61.34307050972196 8.51954535684747
13.717029429932426 75.91647640608828
49.20785933047406 10.603312315103663
12.357059635647904 6.742942614804814
85.26666626388726 86.863242128624
94.16977074055224 94.69048221771153
7.915602724592718 0.44819341570873084
92.40732581961508 40.2577155110828
69.92017984893677 11.786727285755461
16.487992670440764 76.36046473045414
15.062699276870116 27.538078148227697
32.23454813633566 52.11743888662392
75.70807100953394 31.78595265762644
51.70972517801202 77.60423906343107
96.9066654460382 43.92198526645943
22.541580159241782 59.80283525566602
8.46345257169755 11.44649107875545
16.703119282876777 29.40594860473783
92.26610890937158 0.9431518892273227
45.48989473078633 82.11498887334491
17.88180357885224 13.44418871322448
3.132838263965687 16.19383820504504
63.266271229829506 88.6833629969527
40.85710349241018 0.7735788135021404
67.01984394811274 43.199631422323414
5.76674381097021 84.2674496768201
66.31938628130911 11.582924247784609
18.126651600998787 55.153808085302394
34.222843684761294 35.92161701567738
16.058782483114207 5.799512963871811
30.341768445923044 4.473970459697318
38.19093803867736 16.084300353573123
95.12893154431545 54.77727437364594
24.53718343131024 12.588195776203747
15.6906047196271 67.78099158288217
7.843574977411183 33.506085297760855
80.06063461850223 74.42274545348711
45.0544545656423 78.03681743082932
54.884994884351336 79.002264529435
35.63429783655793 71.41413879938649
15.739219799951288 71.48067330838191
32.06829008395182 12.01647789719611
67.74636399922088 85.38558776577277
56.6624461958641 78.98087693117375
42.12517694981983 33.32319783416066
34.04122183319781 54.16705482240359
83.16971940717214 34.90365105081262
38.61201777436985 92.62311267885563
52.59306830436478 36.47883063428951
21.803705459505164 2.2848377156106325
37.85771954766028 96.6672168309615
81.03303132167537 48.58176591512059
78.79372587290393 82.62531309731855
98.32903105578956 20.498414583550762
58.51104632554428 20.084068926716203
30.67498897725066 23.374024674105076
45.66391220444929 27.8066806186818
28.701713801233275 91.1649658665175
77.34231155538656 65.15230454095203
6.106435837574253 42.02805085406103
74.5128346565813 27.409710236814544
59.618208386507554 63.08932283844361
73.20704204787181 62.964109778202236
38.102212232293155 78.95046657622188
62.80828931486213 66.93304077649944
96.49944319947524 20.118937761775335
65.16865809015219 91.76869338632156
7.6855969152431864 20.930150616998887
52.54916348395565 6.123078415459748
82.45382946786464 26.24756495751246
60.14495559752259 64.73495490104789
98.05477484017977 48.42640372779519
58.87931766094824 11.850825403971587
11.06227468531441 69.41029291883073
64.40497029703212 46.56653222430756
43.53647794476152 42.487096697866846
43.19209875732749 82.64174834172435
16.51228679137773 23.116708628708928
47.482018677321115 27.07551631877144
68.88196629851099 74.01984393490604
45.24659936443499 82.19820901689178
59.738147317046774 80.85528406758417
92.88415532254105 82.78007585611702
89.33484805971563 15.004316750405188
48.92441109127503 74.37916529410745
43.587269816859866 51.57356905449991
8.814881234134631 41.21805616753341
25.8334528255599 70.39162202723264
37.20154000134196 6.017484370972648
84.59633634790482 1.4846925295267877
58.27293017507742 25.386527669207737
70.54989867402325 47.90108961883015
46.889609554250946 62.06760982564919
23.06865301522786 4.414812189156758
71.88127306978667 83.84999254233598
14.982886178768362 40.17353987201434
38.434732306517446 57.876243154010886
26.453650422113228 93.27728229318025
4.973933446308476 14.432019421224263
20.96877356323382 13.039701328694642
29.61044880526311 20.38882155237298
37.86188554588708 58.36802420514871
8.72013167882747 42.108637178621024
51.01068054774242 96.7452700774545
43.17704687859055 65.22795337778628
44.41874638094675 88.77549315362441
82.67714051427289 5.98545838360276
3.2730617628411007 1.3481421566340024
62.057073451565174 34.2597868392906
23.08176754583838 69.82812527108607
83.13482002249948 55.23898213828602
17.12533538518377 95.70235829172852
26.580532649980615 21.321326041916965
24.72027021318517 55.687280868826114
0.13187600026772772 47.8245457579813
81.08766926712651 62.84332323496263
11.470349600028273 17.913959313053894
73.45198891804266 77.49746238670498
64.18277172931462 40.88667919520288
46.297239926881105 27.534934234041696
28.143144317459456 76.05637188175899
78.62104059041997 30.723973985744102
2.5298760530037656 15.113653423227136
63.11216123757089 83.55404122824739
31.83402214031196 51.46126996444431
42.79459583564895 61.7393034109984
77.5686131572731 53.148100950593005
88.74039071738086 31.610629660624944
21.31719170091525 85.0911935225064
34.36116766410379 67.83759667376536
50.293895653769496 49.21372401822336
76.95595072418668 16.808389621817167
90.18811912284835 70.2531354754026
17.72825560412643 35.65615565219803
95.91329223028222 62.47555987977178
61.206668468526516 16.931114380233346
45.15286112205833 26.01593441984952
5.192690561140656 46.2556880179057
79.08792151187389 44.1884199357146
94.1868895182667 32.79171292722586
77.13142828567338 64.53679395083134
92.03420238831067 90.54599734255235
61.866608801151955 12.773754932266357
97.46301570079737 97.19024835353841
96.49948639581083 95.97479681050845
5.343675916428414 55.67167378393617
84.89352218432636 86.95298362221531
41.448538500434104 1.7199145043132025
17.546876289112156 11.249193359786801
63.23072803993928 66.64764328576682
54.42077050465951 74.52901392288693
32.31636511739575 48.38941756736066
27.98396707921529 79.18691621987912
37.03325745846132 99.92515842810745
54.8567317554086 98.96828378940897
69.80701264383087 45.755063474699675
91.46847364308661 8.114455787258256
96.44235874976897 93.26099907880018
53.85686161990289 83.46489752032853
39.83747848952868 43.69604052680636
61.95231658189778 32.34165920777345
95.82715866577031 54.929838856498456
94.90478740447364 7.364428702064519
24.751167245311567 33.822307407205564
57.187941240030106 80.06445532323934
87.26257062674574 72.5685332407431
8.695952944734719 64.2208202677447
49.34209447512161 71.23711199269226
97.24602871352175 78.95736446782374
