315
91.94717429300897 51.699492426210604
91.82636965254919 6.4016449564403555
1.6421192710088461 53.01679571709834
14.398625697228395 17.39110830635051
97.40769495986434 18.169258366119113
22.167837533069413 52.796812358333355
5.618932904452412 62.84349248926419
44.26761440293839 30.945213512327108
98.93529448187955 24.13063368791548
51.90792742582495 58.04331811119873
14.626523087423848 11.139115224121221
36.102046516606364 5.938797514648675
23.500967105307623 12.213101450633957
70.84436096889506 77.1712003145113
40.11234734539316 43.98293977233922
8.518911162705988 73.80839588969269
60.92603944671985 62.87374921205715
5.13487855788457 36.490783618086155
91.03479116398132 37.51497718498808
67.30443178789955 54.468591318379545
59.34545879823616 39.30630580807416
96.29766321283316 98.85206406062042
27.976893367547017 80.58809984729187
95.61391823216154 6.096032937737217
4.415700007911861 48.20746509696788
44.80923948629503 64.46344193719798
30.099534296741037 38.32804373330907
56.20116240097362 76.75981348226274
13.949785759324529 99.24809186526964
74.95888119184576 7.348397765712688
93.95911875358243 14.524886061992925
13.657997240993325 98.28948935112238
82.33546202758524 70.98585845183902
68.46611311512095 70.83108515094905
39.48836662198202 5.596274801254275
20.642345115781822 18.57944286610347
1.5093005075243915 82.43922028780902
63.24750940759246 26.304566555611196
81.40174140660702 66.22299704126837
55.01364701087708 89.13685092387496
29.1700941407088 35.72022229157506
15.072296576928512 55.00128045884409
70.27484556797694 26.713396297467483
92.78941928268173 27.046505917579843
17.195961711193032 30.700770795308465
74.50785279768598 51.319113410423434
36.48106050066853 20.922547534652303
54.77178595369142 25.355122262129992
81.36262731038362 76.07997276669799
2.332560798315675 15.86406479525806
34.75545164391267 76.91093755870851
54.72354124746756 93.12990309140775
76.45916909014335 19.439832933034484
80.42443680680896 82.65981480643472
67.89779373737426 40.31099346600085
65.58189123066852 66.56108713432536
79.68564899319942 96.89481275261375
69.66685519065769 17.426595829191214
13.586422838301504 10.17254551062866
54.67075719200468 94.40937511433259
13.050314136231034 53.493290500749566
6.7244725049461 13.590322310278523
19.829022174075682 37.513386541385195
94.06232182839743 51.62654575675152
93.76228578956058 20.470413693200673
52.57806185752509 97.59732862845915
86.47260579845764 35.891813826020694
59.516412702652644 68.8666681559817
24.71957554724994 52.01503269451905
70.00109457849943 6.448912654612327
83.89935060484673 22.279469656278682
76.97887089957361 38.25298309493924
52.07162939839971 60.41004602687096
80.05479611745488 74.90924843431517
74.32384078952752 62.23390102140388
22.91732303262748 33.6617456691946
27.350356741761182 62.07676217505947
93.13098540918931 98.73106560796984
53.76202161963287 3.784084000134058
37.92682019794711 48.971398471603834
19.248030203519363 95.03976030053529
53.60907085227728 5.270288792511479
58.761929537788106 51.7976076046332
26.230077990728173 69.79931807830876
81.34372893991045 16.964442941453406
65.35975558960439 55.18693610559547
54.287373479655145 98.11654769972738
0.10372694371514335 34.523203542989634
89.28553271098566 20.31709504655198
71.76830281975766 64.34602942573618
18.399486893206983 96.79132293275887
50.286013235315494 71.99440637168811
98.50076020075694 89.90782636765539
11.564750385095934 39.61440320859834
65.42930282166847 69.27307519961688
42.34341548348869 9.027241042260547
80.22643533673546 91.0416998275077
9.6282038800092 13.175987863384853
2.7174720336121894 30.879499418830203
77.79022780607089 27.17818045920063
16.918311383540143 53.27320629815181
73.63398952192223 87.51290734737096
50.99832000288329 14.66508228594382
69.11198188344162 68.14755070456667
38.91291161057529 46.99337081087823
3.0742629043060465 63.674013094333134
47.88010690741896 24.747579087124738
42.18622911261258 30.443031998026882
90.89837754539433 31.58603967749777
34.583480829287105 30.95904916504548
16.29685519781162 62.77506388905636
65.07888826665354 50.11175034333045
68.28761818365068 31.770359619513812
39.52906268558923 27.825012395018355
66.74576430667176 12.630005921005594
25.379210222034587 17.402891169086654
94.4365695346206 31.193604048866653
37.144518968692545 32.48890011849266
48.73629940308566 11.437710006257317
66.70517061536714 23.77204195649114
21.66354038878969 91.74129824386463
79.23794581418377 73.7777765782721
69.66232367047624 9.779576710043713
53.137495424672096 94.90536647460537
56.96811191163788 35.21327420483465
83.43353674848883 88.8011155007372
63.892403247028284 15.845966327863003
33.925560321513295 39.98995741509831
48.869051410932165 49.057935253592
63.01978823144113 67.79833960009388
30.454239513242577 6.246976423278849
91.2380087073717 84.45289873482868
62.52253529653877 76.75245543855596
30.42302977910988 61.65475290909483
61.7364467583237 34.86757153256893
38.688079264556286 91.27668733118367
97.7274050151303 15.42443422185762
90.72628180805555 84.74264981625775
50.71953328652818 54.15918775329466
22.102720521983933 25.08665728007431
13.010006398702423 68.92915626451128
87.15055777786058 3.1911000895231356
73.89926565314475 86.51626143285445
18.00173914389732 25.397565710139702
30.49728331588518 74.56267762199123
39.63042904087415 63.77573499827653
81.82129874487315 15.002266377135044
11.021405194151669 75.64312632733377
50.83935858457128 93.48808116080744
76.49993283813747 50.07146845828986
46.07490575460106 51.27986540923296
12.032462854686887 88.68033629408741
82.45562024137116 7.5226706098441625
49.125740818602345 97.26143480358036
67.35706566595711 68.2430866574963
40.69364210472459 94.3911162826202
7.904084514227405 34.71922582654107
18.966019009508607 81.41845190600796
88.84533859516456 15.206964573778825
1.7868928254353156 53.168884805516846
40.71468980756959 14.752892298105259
81.24507999121808 34.91062591267523
13.104409805681472 96.37041502906582
86.3638921712717 56.00539236267319
13.099284520248379 3.696161571234957
22.314639776289937 25.50725409402801
24.61571173705891 61.79406107893401
41.409212521693576 40.93183643164436
2.4641597962759443 78.47375652496989
42.688674527256765 16.24347569045258
50.23234946195577 15.13147744430352
89.7922629655451 70.60609669124666
25.30498323947773 79.35361385159024
58.096726741148075 82.73375360612327
66.34285361986838 71.64991151773236
39.70460241319241 36.12146783067065
4.571139422069248 33.152318072133845
30.84908423386653 38.52167728617773
0.1486077640921568 0.6625870451350435
78.35291572428318 98.62476111759972
45.35300612505322 83.79334504149412
83.41735704199533 31.639426473655206
91.2496394512468 0.6938510985946666
53.600002277372724 90.82748210877568
17.092440482132165 60.664892445033836
57.888134156411255 43.54800235111176
82.65526660163616 14.97282194975772
84.95068679698048 16.020907895427218
32.041604873179544 19.94116474621673
95.7403434607162 99.75007398255701
25.425125731803522 18.250453937344325
78.16363578572012 11.980537911528144
81.11372554495287 90.34626069533097
78.63074610131264 31.76585490250181
0.8067810845689416 8.225815367349664
54.295284200882655 72.2743633228699
7.285970442571122 83.32126972794522
52.44669787580596 68.6615824640361
74.50635784832231 8.08199599543331
96.01692113443156 1.8346851091162297
5.014870130523608 82.58822214387673
23.844591860852493 12.914563003227574
51.431991795319455 90.7830384963692
6.162995341209343 16.419999268868267
25.81234494508645 29.81684438163762
99.87802989633371 30.6601767993566
44.354200390256814 98.62840879037432
18.41598711374709 96.88320418514486
75.36766657296553 87.59516772123949
19.55691054152282 17.53216065412363
40.14314490010461 41.12171371426969
92.49309376724835 38.40597257005924
3.6898891313670634 6.151094257649181
22.851376548295587 12.390192819374434
56.59319071373516 55.35635334589737
34.76952076098391 0.08283550056569222
20.35663806703154 36.66676737009188
26.884587658054393 61.25487507040253
5.666947191243676 33.3890839894325
0.6367097434606506 64.94581024696654
57.787463096702254 30.06258103080498
70.26537316830796 73.14839487884808
95.87852974758803 75.06401984878593
87.58942172253067 67.83543417396506
78.15023771836361 72.59143549200512
87.38203676454442 39.73682304496615
91.75113780053435 56.40929339705287
74.6053519568329 67.7531571425298
79.6614485269315 48.466568016102016
81.4676433955352 62.412048431983415
36.79278102366307 11.631084246678803
35.19126237371323 32.35850943563777
5.860825445682338 7.525639303967269
45.57072113941468 89.12864297211598
1.3255607700698557 96.61123576341349
93.92583019989765 11.608528235260474
17.20673417087637 98.24384436572437
74.39720464866618 93.73365100517921
36.48659190252319 95.19267974044071
97.71606585004021 76.40033165337981
47.02438843793332 43.05136370199504
38.94476698113943 17.17884201612111
99.79005481040946 51.896730195015294
38.07319189363366 10.697387628487487
98.65349496460144 25.73364778634325
76.27974613261406 98.13903550386037
26.087655519228726 70.86051065364747
29.225229953661113 75.67773132979187
30.336455777807004 76.7868560270386
63.54136217689096 53.20666980738571
87.97149947310045 15.84497655197702
43.78619143542273 80.76737121771276
6.758065801771362 29.858486406477525
79.9128550583037 71.1942612926051
47.058458022149786 38.47840931068005
91.49334542728936 57.07430567854435
61.93539728104557 8.384149322126543
68.93229011803568 41.83588102160726
38.51205394710892 55.30039036459333
6.140523863038904 10.552770348469487
68.05862101831931 87.37106448265754
54.23090159039828 0.0973190989571604
84.07792869686831 27.31783754251883
77.37823373199284 79.01032026262506
60.74764277917133 18.242503550185962
2.1951529483278276 56.05574814019537
79.02750960695134 20.644220872887043
66.98882182253371 25.058250560367423
33.40401849057345 8.797316440969883
95.77315112134337 14.50370903504764
64.6363724019107 11.888102453829962
0.18245756457117013 64.63353673116313
35.14282366949604 55.11429972285858
24.72867419386403 37.46362469545866
25.06885553162902 6.189031260441469
43.32823553827198 89.1167638360763
80.7086802038555 60.09901143384846
92.46582374534862 24.692512425074852
20.401986573062104 6.884320075083716
83.37899927686759 74.47755288589774
15.338721224819363 89.79171508396729
80.46796757281336 24.44369473821769
55.51571072698941 95.45977941393251
18.807218314604345 48.499188800105784
73.80711397265975 71.76957728743382
12.953227117998367 4.472474680409455
36.98238350230218 7.803956894335506
93.90604391821127 11.20933960283349
9.511977840117913 23.21310229448145
21.567647315929893 21.138253144422205
2.8348043635871956 88.39800061985127
79.63266565998941 70.69022236644432
40.888295471744996 18.405694385723947
76.85886416693236 10.597952155802338
3.118710883701603 86.07961156635821
29.956702830961536 34.28002046410853
91.65497604666702 94.1450291717533
15.590173003341047 43.46166573316709
58.20040359572742 18.766070497340703
39.97873373634489 20.864512126582703
3.4709294432877846 56.1916558766284
59.47776731570723 81.80213428754864
92.23417250529837 0.24342196726104826
23.81493627936423 7.166924184781653
43.81471121809244 89.4039201207745
23.26594435933842 89.34467016872367
62.723245396631874 25.84809792853798
52.9967449830264 7.9431500396038075
92.906941560541 65.5829717313125
29.41319450286558 66.14824356417479
48.76346292673245 14.980505831982693
21.539936787503976 20.409683204033957
77.43803347101743 62.36754768859454
95.84635984763035 40.00206476217013
51.02777632814938 69.87668248379431
