358
66.24766426496798 30.14055194968175
82.34327029348232 4.053661099834227
15.458538588914683 16.57603700293342
83.14949991284382 4.334839353753706
24.79596510640136 99.06165318315729
14.738788472462016 96.85971143129755
96.82334123299611 90.85788925038581
31.51114311399512 63.439111068593604
0.5472051494757935 59.94940980918449
84.56595175940149 2.7484369533697706
82.46972258571633 60.19359426519102
81.1018850837203 65.75607703111984
6.121124610774942 24.197804116645226
29.44882608746807 88.07549200674963
53.88161798437713 4.058454126619571
95.48167763299963 82.8233060959789
28.6753794119596 76.83867476734244
67.71589416783932 12.160339041010904
33.75230884829874 83.13673403786635
16.26807421304556 88.52521480733093
95.88491716856761 73.083905366025
3.628701397321943 98.65046527121815
98.27990468378516 2.488100849455166
49.730970172094324 92.09159690114677
11.096212107860781 93.14240772901957
37.947379456386024 57.12890237314638
22.11916382174891 53.67649697979574
15.989194227624093 40.538996428622085
53.23132050264409 50.17330603054142
73.40679221796623 40.5697223117778
76.69001882174526 34.721216480144705
34.423989628429595 13.64199613381828
54.28834119520361 40.47766610489818
1.7221071140567146 34.212934279235085
26.168132355288588 96.40593752387292
4.063724290385662 6.812788766729961
61.50472889445315 61.967338507700454
89.26556226087024 79.08642149925697
27.270305492548232 15.854372649365246
97.01651435743847 15.890140719304968
63.99340123007463 70.77241324701157
1.8859331270603241 7.71819324150661
60.87414715121041 0.963818612744971
1.1363147643163596 31.543006010128238
92.07238002390653 25.726588794449988
72.78377092097847 46.50964333493995
2.0247267834713645 21.03425124689465
68.10403132469945 72.4841554496452
25.578450695187037 41.687063959225135
25.77754373911573 29.08766408392004
13.469636016406705 43.781930422282386
50.02968122193474 5.422163839822658
28.62849735435494 26.16338227597955
30.508765600018894 84.91085490540932
81.34743259228824 43.305146339742116
81.95475601704396 94.52721944727301
64.4249350171712 95.03751942737684
82.52656958111695 50.23025644241519
74.59396017359504 69.23188656161055
72.61285351222774 11.913937178734779
2.0479982022094667 42.23149848021885
17.310946173341257 27.29037294162896
29.28041169027814 93.28433769670865
17.157071546213043 17.56550764232059
75.90121452048683 0.20041847820791991
6.391473882630693 33.86912862145335
94.92690499030395 94.77360755782212
73.81620805132277 9.89379560941469
55.12178022643328 5.139513574149246
55.74866551977669 12.949279417337012
48.0140669023997 58.30738417606701
52.1665516751648 31.8930132445271
67.4937445815785 24.939914045831145
10.908589162552362 46.727819771068454
77.02365324301338 51.54338380940883
94.55592221412583 18.563562000448307
52.1822455735392 35.81575078199397
58.09331128835073 74.26840539133303
48.40442048493965 63.112514902870764
17.45664893495198 23.632600359157905
81.99592326421195 39.4394624608631
14.17630509936647 28.702291423685967
7.967404065933592 68.05425268302294
12.123072033475001 54.423301292940415
86.36967051369217 43.63994081687105
15.862386451276155 5.38436398376726
21.22958393912159 24.9011501294203
12.248451217612178 50.540323326585
93.0416686870731 22.916554421709034
91.34154878196476 23.475371114998755
3.5237186562715905 98.71406389206871
93.51461531255842 79.23893207647718
84.79067315219528 86.92403154630787
17.057926943317238 79.09004812818239
52.44725321095682 31.412700762364977
51.86978689580034 62.477013831390735
18.993438575784726 75.49238698043713
75.0768007159645 17.89366400719351
2.763330101002326 15.792542307985569
61.08481830539362 86.10085028356747
96.18055729682298 12.244860312282334
69.08999122280291 47.22677405715486
70.58415801591165 75.51227005220038
13.654828527803154 41.26934259479149
59.28814813260672 28.759895729049887
87.26379108739162 56.87470886310828
1.2262491684136845 51.26327048734628
80.91842926641218 91.89288544579045
47.409040079843514 29.45511877312448
28.826308978695092 94.51645664419054
89.9601358921112 50.72115298072107
74.16250250677534 31.8044731804387
6.198069992863086 44.23720260571464
48.887514219418506 94.41458658291899
56.083982484395875 32.79878495924312
69.31221848055968 18.53699827522203
27.7326612001054 34.738847797467564
86.96015510366475 84.62309593600077
27.309029448936062 2.95071062066834
16.376713769334717 41.20300915042653
8.838975526373494 40.28401631415499
61.658030508205655 53.506167989694966
11.541655978795816 19.793750815894672
78.55661452308311 82.65741360828868
31.612645702163455 56.519302091959936
71.14319930008423 98.07464713791148
78.85855570688251 52.561431082713305
85.58364904410404 22.824287427453417
15.581271774580374 73.68356679743675
23.77551314482229 99.48305037007272
70.2559104240788 4.104565743269662
87.65970705066077 39.90733014555904
64.26680192933622 42.07706181026769
62.880622953161826 5.013362140890065
18.17949014560235 24.64910829014889
6.4059154412957175 39.680531060855095
90.86333598553317 14.497294931136906
57.31162444098715 66.84550672470296
67.08636728752994 45.93106095091639
82.64477316190202 69.21438729992889
30.79197458504962 41.23302270517938
22.391647852467734 1.183132834408973
94.0837386322706 36.20746022007315
96.79928674412373 20.768620070511368
87.23807011490187 62.72080636206956
42.50285614606412 61.940833726346625
33.623830114051025 97.24645780086367
65.09159518393585 85.17801253120827
55.779289169458934 53.94983143247318
4.689935810524803 8.540316183613594
20.5155324072276 23.1632312516325
97.7058382679265 24.39053808736339
27.643166202804615 38.91663840150507
21.107963882586645 5.18796261935921
11.93575521874103 5.73584594843074
83.63884030851918 17.393958941421104
57.6043628009448 68.82106307509859
22.687047187142127 72.61855356929438
89.83383516405567 52.059318058736594
16.082079945378467 15.236928451650723
26.331561415431793 45.41987895006654
47.19263830952399 40.986730955499716
94.23634702665169 94.98517677674549
25.64438793300883 78.96489824225263
88.07695309417942 2.2130166840788057
27.670627720432194 76.05299673345229
91.64015525258516 12.463982887270086
0.45767356076480414 70.58600246551318
18.796112123192266 68.14793142106855
50.682940824863586 57.161809740982385
35.68211481084658 77.07054357615009
47.52860129334437 53.240566918125666
22.497289966274913 96.43305244897992
31.11968357554179 62.390974942776644
74.82537254275788 74.93812015044443
26.57274316930007 71.36529933992718
98.89408283182958 51.005404498711215
8.108650689845554 12.10241278946399
84.5845699829974 96.79230379887697
52.26667538200199 38.16656817140309
17.71540547497591 34.44574820403618
52.38595824750959 15.568355523307853
5.644336199678257 92.79121920711437
32.746258910785706 18.149778798368832
22.30797176029843 71.94758236734884
49.72545376788933 56.08718943990252
44.056841319071474 80.83948791134324
20.912756126502497 12.802418501617364
25.532141407212883 60.9253212015993
27.56792108511228 19.698808353275798
78.03933849690662 5.87568589301064
3.501031694921375 57.779792528774664
88.50117938061337 10.918703713855816
33.93184596119112 98.4698005955791
70.70262719459095 60.92721933941739
76.20507336084728 99.11351309193772
2.8962008453310317 89.47944622438861
42.182605791346305 48.18430577506712
29.70194608430773 21.356723441128967
25.397662696275948 45.97058934764648
96.34648629156045 9.33454501347757
71.32106047896623 25.487869057890034
86.56867129054798 36.53348455677187
66.28537102407537 25.954707621480967
44.04419352524239 11.957788069415598
63.78361841097887 8.21967814528758
66.66913809422297 39.759465618261046
70.76939985249176 4.78948784837624
49.29798219222656 0.1324382278290126
38.79645105895003 37.377744125698854
40.1146357995015 57.071918619736465
28.13496864972699 24.982120151069452
67.07504800733435 88.81870706089502
74.86919719591222 38.67172388438378
0.40839544607028655 95.27334051290384
13.412789015333404 72.86321917168006
65.63909588014761 37.25185588864721
70.29760949184559 50.70983623209187
92.12815164497795 39.0970108756907
76.59988626236907 99.73769562094438
5.571350681722809 13.769321253175526
51.935884643045746 66.88761451664502
50.62899117582739 71.10258327968558
80.66496979367882 66.27012092385476
52.30019000805345 31.26805766656774
50.23138392434991 9.334580481695864
69.00181508418956 96.62699832545374
72.85601510704761 50.38317109103622
69.53661470385049 71.1390316899045
47.63218991740412 40.63316744941441
63.50315000551006 91.62430969426205
85.93152846935 53.32027147328395
70.25230586193936 90.84177692540615
16.19708705602312 2.8965729776274096
10.571972126615247 84.89685802043944
45.68186307612615 44.54536547356829
42.349500465780075 8.593931492503582
35.61625245513614 4.211283050929215
4.15409641212322 7.862071247924252
61.90791549989605 40.86689124247525
43.32478982757372 56.07521530332663
32.253598588300584 32.9716802641036
48.412563147096776 86.90587451658655
33.06088950564876 90.68989467314609
0.2844223081404973 96.71942126999062
21.52584846614596 28.670345702913412
89.86708400501942 45.149499378464895
36.58055029439473 90.8935107034304
5.265926336373539 12.01278546136817
6.378168931811812 10.871938472186715
30.160706042756345 5.093840461149302
22.278990870780213 66.51090952055841
23.806567012141734 77.49624077224153
31.764787970880736 26.970526158715767
76.12113315092078 87.73915022536448
53.63594019216712 20.98852218110785
82.02535542654353 67.98308023929242
38.64175731589056 15.097647766170919
73.59753909059576 72.721483828319
47.16730687058212 32.43601633599816
88.21918486439502 22.458119762187188
53.44306403193569 37.21541371726337
59.16685895246795 97.42011388389999
35.179929541891 59.57975939573841
57.833322914062414 28.65281867187629
49.52029845850156 4.408522025268502
22.925556729411046 19.63429927657313
53.77177847809275 46.90929311999172
86.68399508386061 98.62187292445577
51.0411918332747 32.78635505962018
99.16050833291223 55.97383304564488
53.57597419702205 45.12304293798224
45.07575693671778 96.15701611600164
28.103317922072435 51.705993915336244
58.97665337406658 48.23937675725425
31.010985288397652 10.267346572916924
34.28796248845375 16.42494115899993
42.9339109023347 50.872969760260176
81.84280314018764 55.84532334349065
90.7623966968019 90.33406060038905
97.91656407531268 70.53156999761528
52.99112265484604 92.76253935465866
99.22424050187932 90.64879547658431
95.37440848012433 16.834998774478482
93.33042800914978 96.27897980401943
93.85523405783997 71.55672927833903
73.02651415797206 66.17586554305946
49.5474960508807 58.25039369990007
32.923072446345216 79.07077658622296
47.96458206154416 13.35221232983137
86.4101397929296 64.19711110983974
69.09876330854568 72.92535993375195
49.05611190734452 33.95153184588128
51.47817183278215 4.158203484533651
21.433345093165833 79.46916263031981
17.066844954956284 69.93332024389322
60.55111430630227 99.51342546310717
41.49200389247408 61.69841139133
73.8889297528291 45.66884966472395
88.84443319501047 14.498013146317302
21.750374065088163 10.769236320071784
48.70102064394138 2.687052116929367
10.764520249416588 77.16438723160472
59.34957076796486 73.16244649917368
19.15320980718779 40.35960473391215
6.076364133673929 60.2641493471025
99.66991212434925 83.84330851329605
46.782432215652456 96.03469653348967
63.496127847275595 37.799740451579886
21.012349373835814 45.360741168369124
7.915644642709507 37.972093227098306
34.83906351411045 17.365220586293738
64.03784895773413 89.64995299381951
44.691403975861064 10.171025770614106
49.278468886484305 70.04670020930264
92.55325036545253 21.607972140781406
52.797893481848135 22.52485537264087
65.58333511073529 26.799064378955208
74.08332738963351 19.259307828675254
68.61603758213039 19.33521286776605
18.434628447442858 5.459387770488688
48.01149871928558 4.477674047168367
85.99611867125448 68.3759870305312
12.515276263203113 15.46573867492439
4.528875402795196 14.644600890050762
44.411254270552256 91.9398698915033
3.499114389880409 51.57926164128911
93.60970071401304 69.15238549091491
93.25594213489586 43.75142381906056
24.29135619610775 52.09741882644582
7.967189383681372 31.30379342243049
74.26382063750468 55.82781088178456
5.354731738687746 22.956284555675154
69.70509186044477 36.022233518181764
10.796330831247635 14.520480590658913
10.456200939767124 80.61788800011868
51.25866557412776 4.18774214266141
59.740666688875585 99.18934672295178
77.74983394130976 98.27055282546311
54.83631501215294 32.77567931123211
82.85464073034383 81.35911346993994
21.241413401712617 71.35374158070661
63.99919870160492 72.8306901414441
62.24236602653559 65.67788619647635
95.1414194249065 18.161084257440773
12.398790049923692 51.999137819625176
64.26720788667335 20.17387477448108
89.89957829491459 1.0327541534523976
22.256134175809063 94.6959769925645
39.51698995205243 37.15950091942561
5.671826982861871 10.81737620892137
46.05030852363973 93.80753561508605
97.8520916225744 80.8015801625782
87.61125665858441 31.28281200270877
87.11640232769783 58.57680363251648
40.29592207123345 69.14121925291677
85.62084510180466 82.79805483680786
94.35220295076456 82.35625931016372
