305
36.61658698097657 75.27101224744067
58.114908866342276 95.29032088271335
56.29237600057788 11.890235952220918
37.35556051030808 42.650902964284
83.8781897615948 51.57813077277796
39.58899580497531 81.82159866989682
40.889156154042006 64.19539854685874
35.621011311630305 61.08084439287781
29.174017857207268 17.059276967606873
7.382323547147662 77.42317433422387
66.35906386268842 70.63701840153863
76.65874296494943 68.95065606550293
16.138609229980283 59.962292303806905
80.20171014232356 43.9713185720763
70.32325165799071 46.812107160606885
93.38714229896425 17.802723054264657
69.45299002927618 23.711142640173065
67.61371558491038 30.3920439683666
18.829273546847137 72.14030644444335
83.6301922529789 67.58184453515156
21.230856576291057 27.662350212641197
30.976104727024477 34.35175143513668
73.73829921704247 23.616686101059315
61.0201986519156 44.986591738576784
44.06510768435719 49.7006597321059
89.77159011919377 10.25803852472762
11.857886586480348 39.008166306397655
40.39297554603877 37.26447530956379
33.893152968180075 19.407492735289576
40.81692176279596 19.516566795903444
29.49264867337208 93.58555125452263
67.20933094200096 96.14804150585498
13.029203217784168 97.7347754159193
74.39542361100506 90.89574674637846
87.51770921939519 84.83495502352034
37.76711594831145 82.30464244968265
96.53449149879852 47.21916471730938
16.378314728812327 52.3209141169333
41.338751656280905 19.787160981327112
56.739762663916835 57.755157100745315
8.301105514936625 41.65391537264951
68.57191855240966 51.79854233747497
63.1145371822594 27.368912812077184
60.63499177954866 2.2925734262877473
14.776874542480057 8.201326097862616
1.8838527354558043 15.685246745365667
8.132583934287386 47.87820752775133
26.20478442682923 47.12810235802589
19.527900000792407 95.04408033678095
78.60818305906993 51.57759940557518
70.52327592134318 83.48018962133928
26.99548962052688 83.54203265896
44.978101615878074 99.01356881112817
92.30863658992651 57.216700868268966
18.546909111802112 13.994657157066204
41.381242981480234 78.52485982136373
23.79125414360711 81.5022789741918
36.351185842686796 6.6978832468774225
38.26908803978709 11.675937222100274
64.75006705435544 72.32206246167952
18.073941582722462 58.03938796805635
21.218689314431128 9.559823849140159
55.8931829429174 73.8281612798804
73.51642717038078 45.55421530650885
56.44396436274951 31.669892453389625
62.15987537148185 57.852023305051546
42.08171416327995 57.83970865706788
51.02007647047453 4.15558944799791
33.02273942034041 59.69647548750905
69.33871641401343 14.834969504521279
43.29806318336853 62.04328370277301
43.184052137544924 19.66255390916408
7.955330086818391 81.81523164788993
32.05160144487829 44.31266156938401
23.586596680106464 42.31456237092546
64.9839977878054 18.225364361818354
70.87721400440233 95.31657476854222
34.917226613456876 4.609592292900855
40.30972438457958 24.425344226547097
56.708997487012226 58.43525541215884
21.141083389568426 11.612071595222384
59.79879253332302 23.59121062550351
68.4825364022091 74.85234742199829
18.803335194382175 52.02972918673415
92.80173941318945 95.49846379384044
67.5269213132539 62.74015672463571
20.679549481475835 90.45383466847103
9.30599318074865 62.34218858515904
42.63251977375483 92.54298340066165
80.05524328430887 42.16480064959308
74.93685071619261 47.91989790068841
16.40183309621529 71.97582443576749
10.414306731403201 38.108914354072965
86.8196764918105 90.6942977096026
73.43931104465656 95.55801154381531
77.2404116162808 32.1072689531539
89.85919080346315 31.085015369959144
58.017019247238466 87.96091794271396
0.6262696078183305 3.536524197519242
63.79646159773179 33.927310333276694
64.31061019484443 10.995137321338245
50.776846354999215 88.58210508349221
18.72248821678053 34.31863949613923
32.16604643012745 33.88494520066485
7.722433774980653 67.5955194375353
89.7327753369152 94.97003497613574
72.82726951503768 60.04450601403054
74.58709307072536 73.57636921375317
36.556094661164295 15.676301892364531
97.27165639033848 81.92730355692136
69.34254463396042 4.405243547695637
48.71640002120247 68.00088765068041
7.159940819880417 38.03060576205208
19.311141956144283 33.09527474611593
15.25287635893302 62.802638168597916
42.77072946736935 90.89485190258691
87.05127838099428 44.21314376953528
47.492097621168824 76.3128020291856
66.15852972034685 64.29068770716636
37.63368048881173 7.108849981131837
72.54230943649432 56.254283873385845
87.4859405946366 49.044314820287724
5.9397281271771245 42.7884629245166
1.0244164581294402 54.22761187172031
94.80838808958111 57.271469646621
49.03511262302489 86.53427156700607
33.78096278795398 58.61903506492359
25.825604353670872 78.21337777061382
6.714774934667522 0.8717202201841467
40.92875779491345 61.95187204221195
60.565790333153515 23.242127432907566
42.26386697556052 94.77751670530641
40.1516287955447 2.8516491999808213
55.818149329330865 75.08215265222857
37.58810772151692 53.29834977063436
21.762588929737305 76.47279971681904
13.699870866144359 79.96956309992873
81.73171467366546 68.87762378543361
39.4476750371906 66.59862302167727
39.09135980920673 46.60133908966435
18.15902944244111 61.220825335436444
73.15946322745506 90.57009734864656
13.991100966453429 56.477324208977805
95.82117979619109 26.85404857810204
92.5206993320774 28.13604313153345
92.17816415731099 42.15492684360258
29.377489488843032 58.27882929709388
67.86508814314553 25.534661429904602
70.80977045940388 96.70810742693843
10.18322711282641 7.202731205960767
10.656111836551418 92.8317545792787
8.73760230151146 52.291874112880286
80.59695649412323 14.615041568248765
94.75179896968838 5.497584818631895
90.75206753464272 60.31168714255433
82.88867400292274 50.95653580128791
6.231294164143364 22.322856003843604
64.40501425615417 91.91351633533525
34.16378627443485 77.15392221510498
18.672675287217576 15.402698517944923
11.218161497955471 65.2441174250116
27.98920898305769 73.8273731881943
94.04652290623211 1.0507611097602898
85.66571728577867 21.514763444800224
0.7395886587419964 16.488839575543444
38.47739105492154 56.59648335126879
17.825283587892613 94.33135251306027
74.80446153516743 65.56770157311466
0.6211920936352366 77.92678857587781
11.470570395196644 86.17611005553334
37.83057026253736 98.25167414847552
30.716324804497695 93.91254125142105
91.2370050064444 25.247009203652272
65.49640165329777 82.2803571822072
67.6002794068589 66.93455696494478
45.76826930374421 69.24257751401329
55.117676013538876 60.80472325566318
69.38239648179307 83.21192990176375
7.166561128523751 28.495117315572905
57.20677907085784 29.946371801927373
32.84733479596819 88.19186440841924
2.0007813426164645 19.471494647007802
72.78051913415385 44.93478131032831
81.67232232974891 12.185239180805429
33.450835500552714 99.43583347330922
40.261424377222156 85.64195497143902
86.92142728090799 88.1623749823472
96.8391386314736 43.101360074192755
60.14074980512354 73.77187676491536
90.9214769684575 19.655106269843692
69.31792813128119 62.69566416961116
0.2525686990977105 93.327869151672
31.81344307088654 37.897189683384184
84.12752200208722 67.00683302715291
96.19124390143843 26.672843611619722
73.91952691878582 48.132497883153945
15.445548725064217 46.53591124561524
50.33565102082929 77.6396938808567
41.853261444544366 77.35638040158483
73.63202277591382 0.8694438962062234
64.06814543124717 18.042060645151224
43.98387132721506 21.074293855736304
41.231382766406966 95.14819243979369
54.22794051107511 2.2447062831195352
16.687065235450117 36.38487945574545
90.97467095905878 56.584762461727955
54.56248340606689 22.975650646794232
27.427988390299408 42.2885423158702
57.61252604752086 72.4038398189612
1.032479453288604 7.61113965044159
78.82384347258883 51.12142774010747
15.457784437438981 20.571178452458106
99.50821726438093 26.623105188680253
35.280941955333965 76.83760245550843
24.12800740515181 64.22566444237474
73.68085147183959 11.213261250651552
12.1402100864207 54.94824224380317
80.04332220046948 85.7073120804283
76.96241550549907 63.337198859066056
28.50513244097349 35.019839395225446
6.2523712776340385 54.71419213546991
85.9945660811221 3.275741623236883
60.940484340213615 56.737610502416345
17.355944570752868 54.71915982156573
12.706304585253559 44.766644547759846
19.403660661854516 92.97539660626101
31.718691229204786 53.51746906771066
31.510031232942236 32.92048504232745
92.32670650827372 96.14144503545296
3.8695067532841687 53.560493926444316
26.77289885089108 68.35152897272596
95.24601760575098 21.512707098982
69.29654598583963 8.404647163426738
59.42017015054448 91.68569495904002
44.35607344221123 83.39500402002126
31.666944705470645 98.42424233373454
88.89234392552143 50.77784473477448
68.16005151940033 86.56475349338886
73.64930516254213 62.992118109595395
31.798624537212373 93.62720739293047
84.08064973121603 34.9141848931781
8.823649554375358 18.164095005276447
52.17159545777916 67.62662137495938
20.099663786295487 43.996938604372474
90.77427667663417 33.391446164982305
10.892817335704397 94.26807816195347
81.76624110346118 96.27728749324496
67.49639616983417 8.789450901192952
51.262224795334674 48.30324254307846
87.78014183125087 36.05704966013567
97.25781354567997 54.924375048987415
74.92667963207357 16.35531906490213
58.8261641589198 73.02720310820156
66.3970497405714 67.43243598594918
81.4032619525479 4.149479007198364
93.82440406008752 3.8614731497748855
18.935867588869893 6.4018505239263
82.05151652406381 56.923936381358665
53.56984490844029 74.81437154275532
63.24941028240423 93.80027634515568
19.668096933163405 28.526071915355633
31.634609445731076 43.81550405007501
18.13054345392249 55.76755808741029
37.34518220647457 45.80847545660267
35.844733279356454 81.77732401366372
13.345567600792819 22.007039941408244
12.136549336460146 13.33650327903414
18.720149008260446 21.48064586070435
10.094792545334208 96.6867873848305
68.65248525586192 67.71658808909486
29.73970037645193 50.82800205504454
58.54567030596785 34.686444897461634
98.7247234427234 63.786160734669195
51.96726541495747 89.92878397735522
92.92568111460476 60.543413566386285
30.68243968725004 76.75921598281516
36.830042021551456 87.14169221682336
85.46139130800209 31.75145347531555
62.53592195641566 75.89826395067938
80.65866077363941 42.804273950346904
95.2091336402658 67.93700056326362
97.01766319890251 80.49653737108682
32.59847638920951 17.890503783101174
19.060822701345113 86.27120226738286
48.9814362399611 85.01397051283371
61.20165921532832 99.85864395585551
70.93421218556604 65.9919322383835
76.82464196445488 56.48677451874018
35.834949381146565 63.24588557844588
95.09166475848785 65.05298975869974
41.76546416980014 22.785728290469876
79.31011347916662 68.74823799084932
92.27408220032592 97.9346850572083
78.26275488586653 29.805061236896037
12.408610359590233 92.87881668745587
33.9989536061574 87.9448463354165
15.615780084168973 89.25073779126632
29.416519147421017 2.957938701303764
5.919492730168052 7.594663969691906
17.05228973566266 9.208695687941814
20.048038061469896 63.22129317379341
49.71087296741391 43.90080129249024
25.49020351564938 92.20303160726718
15.336760122898774 18.745060558570238
83.57909997460486 85.9924844726058
