40
39.7724751217924 3.541460108454808
30.822614276248096 46.85432972314856
86.29943766012957 78.69886287386674
40.81875493443402 48.31847784138089
94.61027055726191 30.1818620007857
32.33608049077851 29.034743158896127
25.929869510263238 61.84696366072042
66.72277187787898 89.25065158924342
1.4433557080758996 40.16738278363332
26.55265720186113 83.34994213119003
31.25738791683379 46.024175394076174
97.17993271776358 2.153465887101802
11.793040823365363 50.981815097621876
53.04939136656455 72.39928029673777
68.3043232327898 50.869485474853136
25.188813159334767 45.26212222038231
38.85684918327833 43.30217690072688
79.34523815896722 27.890148965711536
74.0172072332997 33.855851705642195
32.01709799391453 83.6053520400689
11.557957474622016 91.82744701009516
16.276151149783125 8.164794606963067
86.79221252395702 50.53762102654048
53.488550781032984 39.90748241060194
92.51411329913547 15.169701030450778
31.971272969569085 0.26711840204215465
35.90556213138636 27.45326602747452
67.98484644250567 67.51931164152114
9.747580319510174 16.29506481423084
18.96451360937499 1.6141345424139142
20.84552785765864 28.86474605344279
78.7774099351098 73.09572751444348
23.580901778859264 60.86101111424058
93.27622697147093 48.79698796735552
35.09055167241988 74.72322247770987
40.39338937573768 36.21419665030883
5.809745589031445 92.93591899636652
76.71408225111234 24.04874649752419
47.99008134960883 17.415664940722163
81.59132183873311 42.458146713867464
