348
96.0160823830934 40.300530588169124
72.995971928833 26.58098842522909
48.53985371779921 44.88197780071456
27.17760720001634 50.938571551853684
67.5754679416822 58.4120423409628
29.368687741617816 93.03202337719915
81.70637530087991 84.41077447115558
52.449403582435494 56.11565003302985
89.98487397961553 27.79765223894787
3.183249620751527 79.13933061330877
54.17009767770593 54.93263311241697
71.1332490675379 11.512518626410973
90.67504486104767 83.96415545525726
44.78232697144799 74.90872089402376
12.752228636152152 39.5627655253854
23.456387463713103 88.03586215083541
76.2720797481975 67.83293769516736
4.404583211714719 94.25234547551155
38.44077707385595 31.89884023952566
97.07553054838188 96.05649134230599
86.05776991294002 63.764036452727204
46.051960081921074 6.925738442924656
84.6732731679546 82.7488392407929
68.57248473437896 45.91132514040385
59.616139253895575 79.93634355158706
15.235518815507698 53.587281783657815
81.65795826652808 13.660541809336069
58.12019806887654 14.838388783320156
71.71928134431343 74.71874849345387
6.196792016377895 63.58232094204551
66.56212788059688 77.25592974624713
58.41705981149234 17.763997697092616
34.861206094331635 44.69370468055458
6.680716036645318 41.41997998283185
28.46004242148239 11.966693251881866
17.72613686040463 43.02336780101946
73.79360689237011 76.7365131071224
46.51897416900489 2.2406488591502627
2.026788320054629 29.8767614080509
36.08018590362235 73.36245928306175
96.71618991989178 23.33551872221372
26.505804343233685 76.77703607090886
6.059040199424759 36.19928437410782
70.98306024628963 44.47133492697842
86.47151405572181 22.23709316161725
34.97963391024012 99.93687923359829
78.50723694934713 23.58097284507904
9.969450792043144 52.336018535788575
60.65274973366998 31.421755389323337
26.348357376135034 17.24107066145455
43.74807401587803 1.0347606187863345
60.045368297262414 25.53253848600757
45.85272907151726 30.19362952222351
57.053204965186936 69.14776610526076
4.6597288707947655 57.157202638231254
58.20521223330516 76.19390118932833
43.504511984504134 52.071491069696116
0.3796327874060368 61.53304667994717
94.79808409218928 43.78856176069963
57.54862442347219 58.31094893362747
22.292423233847046 17.55500176784527
98.02556903631151 99.43544745585318
16.863570758234314 17.233108628592397
14.310581742393335 62.34238080000479
4.59940675799142 40.1603934307863
70.6488364322412 66.83468715428755
18.704733645995585 66.81804021896782
52.052440966110844 16.483104621649435
96.78089484606136 4.310217059553134
30.173081857865792 55.75383543020456
9.615153815338385 36.52719934117169
82.5048484283042 68.71527104837493
82.45571162552243 99.77497146814873
64.24223553566254 57.11075288600076
13.959367752600594 2.5293658673484654
64.35522218076912 75.2662681223475
84.02178513222799 36.41087999974747
43.430722683475096 10.632145939909798
33.670333542257204 93.1507734647705
10.536538437184884 93.61112613566344
94.44268916468856 38.56113369737424
97.14528712124991 86.32576769349065
45.59015691812478 16.188261625031053
48.08946974264137 68.94472998734918
97.29124887323482 74.6332646955882
12.61374726698098 82.06497150617183
24.716105921158626 93.51532844772386
52.348221979274925 83.99209645442595
7.842771695689466 35.00961165893807
52.934202758076545 1.1803426629157232
64.4060981669956 27.75392383359575
44.17632218943764 77.31685778813623
4.656963226157707 78.09767151857258
75.7601733898626 69.01261973729208
8.655033491491949 26.899689472275988
20.761355851684872 5.505033329130383
66.56403841504586 19.86134639287388
87.86753011156928 48.64601212708166
56.242740759483134 24.532100521490907
81.59110393383607 40.76050610439037
47.56931579555277 51.690157464580686
37.128474850347146 68.30905912188135
31.97147579373518 49.46246537874215
90.80713873059366 50.60976487573862
78.50811161452881 49.17388118625239
2.8005444497535947 5.889435551270806
63.78077718042454 30.46794172125138
1.5600936677312771 34.85806557152243
41.87202811578798 13.406687610817569
59.97254438813178 77.49532066666916
13.468933065000355 35.64713544334369
9.201281022588114 78.66856253838907
72.78562543195333 52.04616357360764
62.72983440553469 51.292240647010665
73.80513050074362 36.951892497346876
66.08147532334819 74.12147088346981
12.142007552153554 47.4894220631582
61.837218111786974 39.075363031515586
51.43989574751294 29.060713093781764
67.09768710746711 87.19580934157092
15.757724804880235 94.8536100579202
21.81289034409136 90.56269215788318
37.33177760976443 47.23558472923867
92.63266663730688 84.66730807511595
29.745848981179833 82.8120757023547
17.73621995848439 14.196733761523618
8.281636325702069 73.73559344366643
39.934917189301935 19.397268230334408
3.111610347144822 84.18851962274437
32.63694210450058 54.75821998974506
15.442737712770382 53.032901430236265
97.77746192874555 14.95965663463732
32.66538029170627 14.032725463733653
51.40098995759421 40.35706118554588
76.63412484815026 79.06077281328048
47.39460891248739 40.80255654163704
31.53012438582301 54.02159093450726
44.186847301766655 27.2012859252148
66.9706311115391 99.8020834483025
12.448995240456174 11.517931746596288
88.8738250459886 62.86438051701144
27.616357211522857 24.12857578299692
16.64955893843385 15.049924245464286
87.09863253144078 28.61591417076932
76.57771851893122 11.460412771260664
30.384351471174732 50.334835711671246
74.10455871383623 30.77237368741522
7.737133144864283 35.67012567211071
28.164211914886682 51.53246535378059
63.954320879414304 39.98231150179927
51.18608955520825 86.68748164460806
4.212405804882358 32.20248682429243
76.32070709527507 84.45702075146859
81.28744989451569 35.018269792537026
65.44040790038936 24.889029891013926
93.81155825918948 34.47513016004724
64.8675767084879 58.41055522480436
46.150175297640295 5.326223427736543
83.93661171483065 34.98599371135145
46.53106744678872 23.13224350316202
66.38334866674144 89.92163561719474
72.23496763470973 15.366178520938046
98.81206206754962 0.872464633437009
26.246871501117052 28.93073006949891
23.91348286257259 79.65812630821489
96.12797424138763 27.692284861663563
79.84577489099048 83.70436245492388
55.71076774658308 53.06412223764831
87.46007423753329 55.48580911105368
76.44019047731024 88.17841858971128
85.93920808098676 99.21990671020512
51.47087699595389 68.8273189913426
2.7246800351110934 84.87920583104533
40.02111691470015 21.37721150556007
74.73835635478633 59.51360371603052
55.36702806773437 45.2920755849216
34.30610953306241 50.58173949427146
36.46513513485934 96.97352824303309
94.5151470902117 81.77233677112338
39.36174143057068 27.810778000881196
93.91833174424613 22.347142306644386
74.71932959625556 13.680376435195207
68.81596494351486 20.91377249507229
99.69913258705749 63.333288209424786
21.686205833158432 74.41185189722252
76.24844278327465 83.62956996845213
35.53906417732554 31.150350748962108
63.116208882411215 24.810448781004133
79.64368922626561 71.55524808414697
67.14187761205507 33.62422317859319
73.58565161064625 15.035806859212775
69.8729129149514 50.51481191497164
10.827854949947724 58.81822554037326
21.88226620292202 80.33683980886296
97.31399413496035 89.63691061738261
78.29457539268164 28.626676307612907
7.802359281173555 33.217393902179325
70.90947754655056 59.66315186224785
25.542724533383097 29.228372586751018
40.78309997342061 7.524998831042695
93.31044775083593 70.72149635128137
49.45516639183414 65.81166059967303
90.9589761783774 82.13321711550631
34.63060634498157 76.46378734325616
6.784085260537831 36.66787665942214
66.64217113232355 64.50467170350065
4.131606609406746 2.101835254931106
79.4165601890611 33.64958845890496
56.934676346788734 17.984590402510726
50.7391264373097 18.401319479364776
34.541853677496256 83.16325573475764
7.982919372056829 53.91730288338358
94.05914880252621 15.877541083719393
20.678027482878527 75.74136308288523
4.226031577916823 46.375434104125056
12.541132669834564 46.152778628513225
9.710059403050709 26.36089683431344
76.45518194295747 79.30885837355761
16.169419099828307 59.595196453551736
18.829453956591436 91.86410487661591
77.39053733126849 15.831257575938517
99.84480581782273 15.802281654003869
62.33794165188164 18.310748644179498
48.77992326340449 45.50492090821464
30.87707842211902 15.14057761344424
10.586909610847862 84.9646365595944
69.42611960807238 34.49188130109634
63.30345900061375 38.12702509781304
31.397367183804825 60.930538969952906
34.99613312062907 0.19557187219282346
7.048461952458352 22.671391984554223
77.35647036352589 24.53771393333708
44.32783963376613 76.5148133288206
95.73008905704059 51.38401715023063
76.04677863452842 39.31950947888503
86.01170596871742 94.11086875110618
38.116388830466164 41.4887244647256
61.384368391384115 79.89834946699756
25.59043585741253 54.611145373835846
3.4911341850356936 10.945424852749742
46.11281620349653 98.3665946746272
29.467908686319966 63.58002097195463
89.73176639898287 78.7227848208309
5.522543931262747 68.85810981697756
35.51194069508393 87.37133952257908
55.71436529081969 11.270822252253598
7.149496592258209 39.4379708553773
70.03492875682592 82.15020188458635
78.84685424747384 37.61288180082265
66.67384249086717 4.494393261179019
16.55017016307905 7.153458369241761
44.78807237946645 35.44082484830078
71.15782957031418 7.643797081770787
57.10274861228645 94.61386175128017
35.48191012735401 24.657629422357942
62.043061476496376 56.837352675687804
17.463016724756685 49.22156245322742
79.74098527340907 5.886671933661425
55.065922643041546 39.50154003846305
56.339365143748225 58.66532062293118
1.4341771230260703 47.95321239110404
83.18258913661357 86.835192186025
61.594793337373034 35.28726299432874
91.44298845554805 39.304537811607645
56.1841515278653 17.25782860794688
7.17324661110511 66.44079223027026
12.227609834537246 41.14950076583342
69.54432780109805 91.55919674490822
24.590171960725648 22.299884013949434
45.24295141321522 1.6448859444453623
25.584540209181974 30.09245538482088
84.07919125753183 65.47506662247122
12.052035396253736 16.052571316053665
67.0900994494839 82.93145156247151
15.17821256113101 40.25166559669076
96.94045176665786 93.22557255028318
42.038006947359776 13.235687532699568
2.2616863043133373 1.1730969982163497
43.273562145154365 4.462909561019524
53.251164269346255 1.4726388404567081
72.2368210937338 36.47515222365097
44.46521285548158 56.06370281405878
14.890175616940438 64.09692601427824
50.84814097026802 3.0621530829281762
65.50005201922872 96.40921767414935
37.42362202699589 41.39385569029174
33.211811372093806 45.33838164331466
91.3611286744419 3.6576013307245137
40.556883310431516 27.80306790106056
18.19751219736282 25.031936135514155
90.60618703571912 70.16706680603907
59.47935267791933 24.633909262855248
4.316988860856097 39.84696131131189
32.202067504259865 57.64294717555013
31.405040881008507 6.260694375872832
65.09899559302174 31.406691150738876
29.339886906965685 56.282495280752
38.494182624869666 0.9000117682330222
99.95994397813696 30.574509455268107
75.6231680786241 41.67344850659782
46.48614262357833 96.2031589884774
24.936334705965123 23.120454886091924
8.292500140691095 13.04561264710532
30.91773786613038 4.109072156460769
49.19321992817287 13.110957382896837
72.33163582720822 30.170062405445385
10.005448136577776 12.469323655875698
97.67034598822826 84.64797406841252
3.7824116974600197 14.75567999391334
44.29286277591348 39.12524123066805
65.4240701704561 33.72339607925872
33.87289688569992 5.140627813970511
47.67930713923143 1.0855237585508326
29.17495252228347 71.23325442860002
82.80858809302507 33.51741971809435
71.25483709468661 65.78950450287637
4.000550901645761 3.1029590887650893
64.90255037195817 29.661692805578088
81.41861374904364 3.0871489021768728
34.95648077267457 40.77221950805616
90.95543414594584 35.79566967902197
55.55655061441834 75.24645700471257
33.33224132347181 53.978859182722616
36.31250543000767 55.31062529138708
95.57759229172488 52.37981332640814
0.7920408229941001 14.446492775102882
4.100312609046364 90.08045336982025
51.988779076266376 54.859689558682334
8.610112255701964 55.29125288540264
0.2364918237660496 33.592182561236974
67.82396354512854 73.5784692121076
11.84352150124235 81.53510584850446
99.51938333968383 59.795390180189564
28.139985690762657 66.50646200848155
89.82170473691004 93.07705171075168
68.65859303168611 70.91259746648701
19.853024911576313 0.2983169148712328
2.7201798954873735 63.03437981345624
48.01351810347732 82.2344745295432
94.53846216575005 3.9348788504883325
83.20668959410897 21.841395011612963
57.239192008398874 9.971353145581075
97.58639246139793 13.390917513022249
10.303624858324078 8.452202483893922
40.81110625355141 35.52845246879238
24.86290404995429 50.2829445729809
6.192430758563539 84.66176382489515
50.081177877396954 34.22531212741394
