387
96.71091774680288 23.91165552408585
3.478811047322483 89.084109677397
88.92725660474775 32.91313533778646
37.13385153202595 4.939514655203103
16.26652616216786 91.07750414333461
30.917960745534177 23.797040002582392
36.73284155573741 14.213937881271043
77.99155352659751 96.7603021527419
80.12985368149569 18.6807297830202
11.376249197091814 41.33336684854395
88.59297096291833 39.85254762213232
16.540368264650418 31.675771853137892
68.44697758851088 47.961587439997786
14.151161907387365 42.92229306071123
57.11933377234389 30.587639218377703
6.705566443311106 64.52083072931649
91.92079017941485 78.77997475064451
93.27915872045368 2.77658820654183
77.73892325328235 32.3171493733369
47.12548819388558 54.75165441997396
3.5716423010413556 18.58171603853853
61.533951330906525 88.95758495318604
15.42135468350464 74.65079197417315
12.997773733913965 51.8034664395027
72.54961706032351 15.234075381771229
72.9591454251755 44.4343247776939
68.57494424375386 80.65803852297816
4.580763730165794 38.51131166758024
83.5426704049445 24.081181244311146
56.26165671086145 43.26768117306583
22.56148211249038 52.57567122383981
43.36661513660075 75.54199572305347
62.43704173220345 6.794250750349262
2.2485389104531572 42.94254954039619
78.20361560327483 65.33266626458301
59.913825681174835 4.730881363970873
41.17936444361923 96.16484032735399
62.40474542358372 33.726667668229574
95.18601181971879 87.22937121582534
68.57396132432098 43.34037598970202
15.77892784960011 21.650318793013945
97.27242879597826 68.30697056979152
50.79332295072293 20.453205059664427
32.69179714332211 95.08582078144619
60.933093883871756 39.12988690221301
20.36908509442582 79.79166938927321
55.624821572275486 88.65469805268903
34.286158227046485 44.20673794018719
79.3409139552104 9.878821583653785
14.945045574767413 28.58467835035128
85.77204686455867 72.65504107686984
50.958030201921304 91.49554799495093
13.355801720935357 66.16905020575517
89.66383684399636 79.46932991164144
28.343624384004496 60.105409571655
39.32523638073548 16.968819291174064
75.37377670319046 42.952524670127005
98.97393628695534 16.678896710807646
18.94354604591093 33.619578228994584
61.02629666437637 39.08956006951625
40.803508828690795 68.55524739568096
52.53167187654913 43.49273182118804
85.92685361812914 22.19193318564212
58.10828543365385 85.05578792160782
97.62603329677012 44.03056333090408
92.79209179670464 86.26291928321669
79.97063508442174 7.042468073965513
15.110656866145488 85.30303402970732
31.25835651080341 28.016958554816263
53.24609916951132 83.3660206441692
54.177701106150586 27.880568371236237
82.09930091771812 74.81868183642855
74.11137093465435 72.93749556548109
72.18223266858199 52.33398751389192
2.815847347196787 3.55533345702983
26.178681789113945 36.860707646007995
98.09005874361858 57.99574533098084
50.352643265236466 79.48684689445277
37.96794926359974 41.96584276749115
66.26637757880151 21.74407636256297
2.7477392319883998 4.461158957100697
98.30800358085222 97.92675634828166
54.806591456454576 82.24416261994728
74.55712266238648 4.52272875368851
84.57607910445803 51.06586883306415
34.71696929119056 7.570224452315366
80.03975297173547 38.324554094449134
45.008236319873475 84.7476196073464
1.5914693217838338 99.69145859983676
25.995460828774807 77.24875871506893
9.98308974462242 70.18928085237624
27.81849133722031 72.11798705896378
73.88001922713013 66.78034192895666
1.32387040699663 4.066125755010386
50.683950075838936 96.47953590792594
76.64288256371454 98.13632350486434
80.2430094465734 43.04406588718292
71.20010554512733 40.930860036099844
5.977908615616667 70.44199242924974
31.869475849801997 59.11479757064135
56.7623919234149 68.69889023266315
65.2445009476975 28.057319778517332
56.39714535133172 5.51471306297715
52.09163868312824 89.4143485171086
59.69840282504073 95.30856104920608
8.593206712171197 14.64182406382828
19.129326577999706 92.71622134377733
84.77708783997664 74.61563107477211
82.3519611839022 26.549306566630005
17.900421933120615 15.38244264887888
48.0372321281076 22.924970324487358
67.41440832161646 43.838476142111546
79.94143383812964 59.366270966607324
54.78175061503384 99.96033744503661
33.46444221951445 15.553104052127809
84.48106010087362 52.654268240145164
18.96558052061954 21.76908600504015
59.91243674731046 81.50867756747249
94.13639244332188 14.414550547522376
35.45180643660862 5.53420739389221
93.2360453747338 4.934931037100066
74.00375131432857 53.402464983571974
38.74179299179694 26.18785558228759
29.585207992676242 74.75177944326308
72.71263423616779 58.43453045505596
71.78546021829318 33.759577090720484
47.933961352362175 88.42471561016286
81.04902872590723 3.042915761791476
49.79712435809201 97.46171643951477
87.60102769177101 46.49800883961467
53.05714638293794 44.5560854536166
77.98020744499217 9.93875539525546
23.38480914532125 95.97097839645744
54.26702523866725 3.1979961454754235
86.29694668051603 8.657096665057196
88.95065151467647 92.27273740599726
7.6192017299825165 68.05282497150682
38.10706252706242 31.46534882963782
14.554699457955799 17.4482488988278
49.11004806366333 20.720808224206156
94.02354200259519 97.6225482885663
84.25621005539978 84.70181902167361
38.515634632002275 38.388671423125466
81.8511143841193 12.866614130296705
16.90307857921427 49.26252190210055
77.07152665897573 66.09839131401816
91.61469613756937 80.97238633322739
74.6359153318424 14.888045203977107
26.42520763509428 43.83097258275367
81.7338150692339 5.530152712595449
88.76785251776805 57.96756757284124
41.51840439592137 46.92530795715081
52.50862734279937 94.80210747678134
17.004387142775833 10.66616719608805
17.662459631343232 19.087521306600497
91.61724738758895 14.60025454896151
18.6917033619182 97.3710616101535
80.50740606106149 1.7281811191126706
24.344611739635557 76.88577347311416
4.0994448407386646 29.836366872986087
33.76289466753715 3.63308248764993
15.004068642245716 58.53756891306541
40.26772628232025 98.42216909952508
25.988031116544107 41.50615322226048
57.1140332568254 87.50822455189973
73.39855052786463 62.560768054675286
35.75587865933709 34.663638022993645
85.47377844228443 10.401291005020175
93.4893981914402 5.7583213567568015
30.578159816154592 42.9478977499818
70.98820642587886 29.95291072888425
50.45508975267437 64.50093747597896
97.42011820455873 59.01229882113069
87.96043266385291 85.28320747835052
27.614498514438544 85.52701427845352
63.923647729617684 72.96938757263118
31.26267251595364 31.838668803405866
98.2276267323584 60.57841908460206
59.823862084648724 54.93350341625863
22.062331343289998 70.01222546389667
53.72493869013295 83.7771167746951
89.13767934388308 12.067562202009018
61.68595108231637 82.12790138639781
95.57753347824128 43.174428791572026
75.63073273286174 46.04398515650337
12.503437506905723 80.50921640382376
64.43882168291792 60.63605987291597
5.146406928868597 34.80113376219182
92.31591930479065 37.40850389985887
20.949951663028166 0.34259823576038295
77.81748569691901 91.07222836959973
41.44692656524086 33.834056761931066
66.74561150749874 83.91341742998347
56.75384633026038 75.7310994560995
10.21460001927663 53.65223642857166
51.5961909377251 32.10695441773138
36.885142345359355 15.626510413792783
8.480785003953596 6.550315692080433
76.21346195080224 83.14908973573323
52.06457026914032 74.14336578073434
51.60576640715424 22.874092315849236
4.861026527544487 61.429457410977164
64.74731331491373 50.46905790443246
35.2897660157632 37.49624523983239
84.40999921797047 67.77657250086445
46.18405526183367 53.00501908960482
71.94937175043022 11.25952052458511
52.94174593227103 85.80769539383098
14.37907290208662 23.28339638574074
29.592662636972044 91.10817650752959
47.33161459673385 98.54601487907864
7.265308354410671 3.0924324894989086
43.62583680904357 29.561858062627632
75.366258178069 48.24008244233291
48.68053918888731 35.470617675712866
47.383494404028106 96.73983534024927
80.82327061839041 58.774503540052066
68.05388441480656 68.75793389196781
72.24533987814442 40.12688802518618
90.28895071886951 5.735896221418257
45.97641830495728 92.08866079679372
35.52182713370367 93.90416141411396
92.4297287383899 7.856751099946546
41.05163345216324 23.713950320199515
60.037296632766136 70.89724951630187
22.852572369817135 4.728930220679151
9.070643905582465 59.86533451487108
48.30018045432053 95.71929784269125
95.86384197732478 6.908055614005104
20.74241443635828 86.86241775844044
19.23812837904457 60.36520905739867
81.84978792952329 73.37428610283534
56.13244258609929 78.64022349265709
13.945556851610775 6.734157303820531
48.206529649043674 82.26643301746572
8.950775817758105 55.38118959644972
34.40631029967495 83.36168254436808
97.57910635166738 70.56963099271121
93.25017002299413 13.490884336280152
92.10682868205 64.17474230655458
11.817247542378528 76.19198105461761
45.50488973370511 66.62643259701949
1.8539692653125495 87.9974636188021
65.2437742641592 17.94722281572976
6.0398011216694965 13.902162807950603
2.9704990863120284 72.15639008772496
76.0291415008127 65.71630228501867
23.027733729035095 15.34340725730674
46.75496967937293 59.62565519663199
6.206665118995791 80.26572630562178
98.48191718180021 29.75007044486113
57.36071260232559 69.70512210953304
75.24834202771167 67.28261463811197
67.00944754442007 43.134968638199254
25.14181786975054 75.28275036990367
33.488709875521025 50.46012731641658
36.401979572517405 42.92122892782958
52.146700475702865 35.91111050694311
29.572713742500355 28.467680940659523
40.97658729048893 86.86591325888469
94.71731603310197 0.855533401607933
59.08371506753056 53.72634775986494
74.5477651627157 24.310934196020774
36.47932316779203 86.7022988387015
70.95384190399405 87.76703901658396
47.90821240306662 85.59307644154487
42.43827733128088 22.391186893924676
41.95092033195975 57.167952032017496
47.790735985832185 79.9513844719383
20.211046465912265 14.849381943604122
53.78327343106339 83.62458568778692
0.8946590328980819 76.48091109111415
8.97834079084311 85.7189884530776
72.90343666292625 55.16812895657453
44.62108457817021 9.771947634038003
14.984253954957627 81.52219284805547
42.41582572838901 27.925303596843243
28.223041752675627 17.47959491397414
96.75751771153818 50.915766161378464
97.83603228318569 97.41877654790449
70.30804060881104 27.330515904911966
39.812693993136804 12.70375786960427
30.67741375914799 17.7035252173703
9.830760827706687 7.1632594238809855
3.6662923923909574 61.35808535961841
64.46067716734454 11.887107464953106
83.71177356129662 47.79277454202504
47.164591514544426 90.51512639632418
23.922516083803192 68.46936222474109
72.2028559440595 9.45095152701797
63.21773133184103 75.31081303549327
5.565158960819816 42.38953938829864
52.13936719865413 11.278163854655254
97.64764549477081 64.97792431781788
68.21911701004387 86.90040114639292
45.77666580038273 51.79052213773615
32.112951340196325 49.81500449643141
39.990515340199714 89.02148787805781
98.09531965080815 29.47284726046534
9.094001339719583 11.385748887424885
33.74604630245571 13.025158789517599
60.055169278809714 6.608192624386778
41.04843811127093 52.83265217554482
42.8232351147281 80.61222731856407
78.2909905535359 14.153599528857697
76.08762953933092 59.316481278710896
40.402241638362746 84.7560599263969
52.34519270455385 37.56735380939047
23.315896375297918 0.5776623514187063
47.8787715768341 77.59881587512756
25.728933315761594 52.93420466759494
85.593504971713 83.744452084252
22.503046130732873 92.61690193023975
69.74760986795376 75.85186597337562
39.49185117016773 25.496565474661015
94.41714180675922 85.66333611344041
67.70298695540646 89.71698217685226
10.646293496647507 65.76374966197112
17.31257991202082 83.4719028086354
92.2817116271994 2.395852323162584
87.42415888066155 74.89209573540413
73.36845302372075 46.66885208790343
96.71077015682906 72.04752119626221
41.11145286165711 73.57807086417378
73.75770134125479 52.073464384089704
84.97449149268995 58.43921300302451
97.17465961234525 77.03932958364577
71.66625467213782 59.67939465119295
20.79622879181381 89.32953136651788
99.11155884419634 39.9342310070892
12.325019903007684 21.75473179261581
30.016048833592958 43.309342390717006
23.142143452702168 15.855835245236571
53.170647340919984 2.949508362159914
33.974201489963505 92.65920598357653
53.7967590344746 83.9785628541799
15.801147959726947 71.37736558553682
57.98344572153006 28.420546861526972
87.02068501921232 66.91563953108606
60.94151130249108 50.82062278136629
37.76643692188274 70.00782183317236
23.01954228846601 12.223494275779478
80.16598965884508 19.249114168073834
39.672268640473874 18.263360754767355
77.52965050631525 40.81283823803371
86.1430672610071 71.63901218101418
22.176154974087346 31.17144666558541
10.271083849666462 25.19794262600128
20.907202441183024 8.653403618693378
71.77593623466942 31.391229572024002
99.15590936485324 94.93910517387243
47.085324473280835 66.96330809901134
15.407281856917688 75.73505632240895
14.39484367990177 12.53608212239239
45.83409820762543 1.708182583296003
79.63884674624383 15.038812380697408
54.264253006272426 82.85674822200676
57.8672128918888 1.3269971920859103
1.0289508188401575 20.35795762837569
61.62629164599811 61.36526216616321
65.79600665050805 93.87594768700366
73.38763573476884 32.270752141938374
84.55397398780124 18.57906771755562
18.263548656627982 82.75756293708307
98.42113753458158 53.68949614831337
80.03533431242126 5.151989053458328
35.429803473998014 33.12749895888963
59.706010556591515 80.6795286028159
55.223224680345275 81.04198670289539
80.18526733530051 4.709734847124425
9.529378147130984 59.25871698759998
63.7900674975429 52.6841595587189
28.645121834025076 23.061978115924177
41.632087811681416 55.48535806656939
57.689208173322 90.04193262170925
38.45469287897018 90.47396958308069
96.56675747239873 74.79088922264968
75.26353367040434 56.00010049308754
3.7451700204113814 29.719180862470264
21.60248875243044 87.17647606342999
72.78728526543883 94.22653795361508
75.72466305392554 68.81592935147196
32.992829433080495 45.39675649872527
84.96559918166746 98.51647404783921
96.35808085443495 37.08427844900316
97.45543505922369 12.58447935473226
9.756019256856286 64.20320122241907
