351
3.068921351598486 70.33963436968182
35.89889668677251 57.01373680620867
34.81216417731907 50.625217162575865
57.18014907216728 21.380325538240598
3.816601349805515 44.06412286587974
82.23993505550439 46.582173343926016
33.805760077239846 74.93484378008013
53.89521681557247 25.378288405120607
98.05471757362507 41.782814833198714
85.91321219557673 90.3939742003747
43.544831551198016 21.832994001556326
54.42279562645258 6.253142978066717
53.65414317739244 42.764166838097694
52.67527149399562 2.4924392005380325
29.744712699843955 55.948702162911864
42.47548399151033 42.961633311651845
33.25579982934512 78.44277840250943
52.39091140941732 99.7999594162936
99.58077349551108 55.19088870877199
68.44443023091537 39.14271379617432
31.115197823703756 33.56826413509061
37.757885387442315 66.48065037977253
94.57261002248845 88.97414470636635
86.28043671239348 50.163371921863984
80.91960210701185 9.468132355272619
27.108400174542556 69.5290067073615
50.81907600522395 87.11845870306475
76.10491256868757 36.39010410452143
40.673961595072974 62.65592812834334
76.08234931781388 12.972995943470467
41.55117938202534 99.03518579973219
94.08839474275385 48.63083653871612
87.71798531575176 2.9917827633128558
77.01543497950573 31.301549262669138
54.294514329007825 0.5255902196832807
61.06171900079509 8.583099737069045
96.53381179796393 48.61572259864093
29.426406416666463 34.54283186935676
91.0664743917166 27.331314446739054
18.4840606058818 92.84878974314027
62.142163280555316 32.735825159998555
41.07902413801061 0.014045092191239394
32.42065193457287 32.01991515273035
48.31531652274155 39.498435735607
63.76154345791002 57.25008159111125
69.86164851287207 83.4450941115499
86.75714390670493 47.42738696021801
31.627149565131695 56.95376959469501
33.173720883446855 2.7294746195969166
86.63923619170197 94.56942485899742
17.576676467964614 65.91194468102988
35.209781845741716 15.359038673010438
22.673797170251085 0.49506187659709155
91.35905003022114 81.80630450086008
57.498061015800715 25.50464214719087
54.102585650816884 68.94770004520083
29.40061228688472 77.39794908340424
71.26574141169915 58.45576711273591
7.002100354551399 74.10432448653282
71.34494729562944 24.76208294576514
49.70906362421908 59.45584857777247
95.92902959257827 79.06443300359503
41.8688816713639 70.75901890434379
41.25466736945603 73.04217962868503
39.6920370675492 96.10956120488676
63.364703483491034 14.901914914716718
18.65990935020333 16.31820318392493
59.88278031251851 26.3197120655104
45.67948146646722 16.07116393913327
48.01750797852892 11.354225339925817
54.320624354224634 16.36433015585369
17.531619909314944 43.35472331177799
53.621098116702825 92.86125986915144
17.117062487136693 94.25362832247525
79.25915305334505 1.4592854540664946
66.60605932915166 18.40305529449854
67.78552551937402 42.242258901521765
11.038935619613689 46.61396442325905
12.030012073667951 96.50721662208909
32.72742194440289 86.0572287144883
75.58955079838982 91.83922533330158
67.65345453019896 44.89499028122436
24.96682707335456 5.300591022895073
7.577183379538499 71.65982407687898
85.29235778211115 42.909766750108616
84.18135302582019 33.63791709924933
90.1202169686442 10.038833928498525
70.43400398745806 52.02695971656415
84.60752270021435 68.1672643089938
20.621197507880375 62.50628571518073
94.13556138072889 17.438608495319396
16.062664982472576 77.71549418977868
16.583242322493785 36.27645316471536
10.822030230196923 64.44039142506024
64.71572126412052 17.14382164188496
64.78034545953193 78.7547303041032
15.66228322789529 47.14235594204066
25.39311169336922 49.48464937506238
76.25187651852788 95.84505743277457
1.4690941040435779 19.1552580805199
61.59404569214868 30.150608221039242
78.64881205080871 33.82180452668858
48.66375679672592 6.942236521065837
4.469447731469511 42.844865698444856
52.43540461422186 53.38129952525739
39.71736903115561 41.09101972958024
30.620943953670476 72.82080950652147
63.58961939516031 92.68616502290831
20.206246879791014 85.76742160388481
99.67176897565902 38.19293191721511
32.28219875704597 13.15275951244892
54.61034506030025 59.1051760272226
23.64844894477787 0.4902725700747457
10.984519040498053 7.240006161509593
61.54027725045276 45.577453354330075
84.0319479759705 37.85458782939599
88.45533982440203 55.087922678289345
19.207049658056917 40.75842753124335
94.12979391124009 50.48552892827974
40.97416739765776 40.8931006020547
15.695972647341394 78.55695914179537
0.9031800760836317 78.25137205296893
45.674749706886054 17.40881896714176
0.8235646207869873 31.886664238098174
70.87810543622808 5.300556799038469
27.185509155504416 73.39392783735195
35.38050035220167 41.365948783300425
3.638616904525771 58.15979282210731
26.848152058956654 93.54773260688287
58.934004032699804 85.60431273589178
55.04782784542468 53.18555308117286
28.720172941205256 96.08225306342962
54.448044826013195 95.00625383626232
55.53641473855454 64.9015621697353
57.12816282942404 30.408608689755578
19.54636173624007 97.71481967270289
14.60722110445004 93.31045689396299
68.84592172792493 82.84050771452405
12.847056071485996 36.86995326225592
56.68843960997149 35.47085263686803
69.51330196728583 31.871195132518437
25.14345129612433 46.33102637549561
98.09419231571327 69.66322892413343
37.54772821059711 3.992357350470299
75.08733642600428 0.2008976453473199
78.6657679066187 12.973578690687882
93.50750743659933 76.31188906309411
50.13054372582755 6.703955861346589
48.91045685272346 65.87941602967146
89.74276877519104 77.41906993400544
94.40012502400813 67.51392257629945
32.695257321772644 52.23153928090822
40.38473886435271 65.36952260371184
43.91129231080506 27.728000292892517
21.471736645303242 82.43698908127331
17.01846772816228 55.20968579848519
88.61137322091953 65.75938173265646
10.871202806557767 33.569951887943674
26.564462394541934 43.57866095445201
56.47216681043849 80.25686410063688
78.66990662926978 72.26854127889021
56.093291673562206 50.90057957777099
42.66179004210567 75.66948482370786
92.93720284160915 86.8070406733181
90.64477370483462 90.55256097779018
96.99397700231249 6.80829391576917
91.5593699537142 90.4816996873198
61.49461252558138 99.51051298558575
79.10671986168761 38.72651996575859
52.10481080778422 97.09385479482961
86.79122389117056 64.21604513043049
45.43328812884162 75.5082052220305
28.377830061950814 44.772042489702955
75.1982741633853 89.49401125844416
3.9446558293558365 47.306760510572076
86.16572087549618 1.586024651146789
71.80095357544481 93.80247264784468
99.19889261669051 50.643929843991245
98.56845489714486 72.17397388441172
13.275858284009622 44.1940152978593
71.87974936947312 7.411577851656615
50.712183073221496 59.73953750900372
62.41146696738154 73.1696160377881
15.533612951681885 16.74433279214704
33.63185700758022 39.79431093966117
42.51329426032549 97.03304888159799
7.00635524661557 15.437615178799113
85.79815608377082 8.66835351574544
15.907270838395027 70.35677106797034
37.32038819918828 11.198348627940824
44.538733704422015 97.69233797866572
31.508679028640827 73.85776832872327
66.96257220341627 43.59053042763019
14.060573631131545 96.01927676089986
71.9908280994829 13.42134478670557
57.29208155306842 98.11895167175204
5.161345254987837 83.6932073214126
26.937750610110456 83.3634739748444
12.743461717261095 55.83451791632685
74.95451337313608 56.007318905580284
6.834199084478287 60.97270726021413
28.302988425344967 76.17299501097257
62.98418185110953 88.34242057148674
67.3043431257783 5.663662427532934
17.85147179450417 6.8373516386165285
0.5029042242428283 65.48505864903767
90.5787998437423 49.45457496541913
58.80058592368942 9.422084107596064
96.95276640400121 95.251474617119
45.00242912431571 7.022239310960554
26.945681627247374 35.73980977033976
43.66740963113377 63.836649883704396
34.86571587712781 43.79269950264708
54.435393188502914 0.14961239331108267
10.498050595431952 54.9423322969014
27.282242214518316 30.452114574100932
46.1159310581891 5.575240566401874
77.85480640255943 3.3124213888745757
59.716174853889584 34.75674058338023
76.66834868445476 8.314707939106336
65.17694134636976 60.08081159321783
64.2825612446936 90.56083053570477
1.6764286484897029 34.43214908890596
80.98246359433728 69.2011689911019
7.098929593613756 79.57135104483444
55.8551085337502 15.346769173337593
65.48494448530377 84.39493157077708
27.73511474121938 98.749055934365
25.57425008630354 40.38701443057201
23.611985900082754 45.20798169998884
59.45209020975872 68.14729112337852
40.612253968072054 1.7645623146906653
4.246727051922661 78.007388605999
37.80062539600711 10.119026587288872
21.96884273057812 7.809998747145808
59.04938162691609 46.22836603592031
6.464682239023833 22.860782879538643
37.81560165072302 52.83632536882122
35.13874908288431 75.07055476999328
54.92899898132486 84.12863822331012
59.08726788544847 93.10003194459942
7.787268326573882 95.21054997208923
71.41719340870738 18.696160503327107
7.448914054124389 80.3421827064345
90.3299189102289 49.80339945162016
9.420180114763266 17.02950967752608
44.716857706322244 25.785891526286488
12.086003501301635 59.00772580010434
82.91516755134415 98.65265767739459
43.968497041093926 70.43926482549321
51.6120005427625 98.03709744359816
2.8382801085538145 99.41678216332863
19.631233487729272 89.62021465801814
90.91360131959215 64.20793340664626
94.27051884856449 73.22083235091685
35.43466610885749 20.33144774658847
84.65618391620183 8.528337319319967
28.530337650963123 37.97831214062176
46.65751449728683 83.30373723820091
37.970987047973736 26.06479744781155
69.29282535929546 89.34100746993066
9.839653835720409 89.9345809981437
43.975855186642875 96.13050687053402
12.520281545193079 80.26161811441398
16.12986636794197 93.63441585674856
43.29660929372626 10.636431295563808
9.132732998718485 2.206132804088423
82.09304334874531 80.93867578432892
77.26361253903097 8.70948941871429
16.462085824944538 92.06249174400737
29.491805896170543 76.47496562966884
2.0888445525950594 75.52969163600586
43.13148423789188 15.384218208638234
67.10766039538088 54.5343368405677
64.02693521351863 36.4751750755344
3.8404272024356034 15.822852630465633
97.66806036040488 14.481757543849739
92.47841762011956 23.133388993230085
10.215351132777172 69.32942829099628
44.900008950286995 91.48299195502851
67.22391226128677 76.62337645528463
56.03769071843592 22.34956954859423
88.47548431440035 55.04631517251911
39.89417614748657 56.931677263792814
65.33403608340902 84.79512285709053
11.725990949208054 17.224664122387377
95.86069856847979 43.86336514985706
38.88912061113504 32.764052156403935
86.1374502612643 52.01157996106447
65.28510219770567 52.027909372831594
11.678753599287717 90.39485528757915
19.41183963141031 16.418039403539797
49.88463572095414 83.98184575574736
53.13113466452859 3.242914607591918
93.65781023488336 87.12919168471797
44.1189210201255 92.2742174257989
29.497125605251696 57.967492737815796
46.104672313966624 31.26885785445723
51.38175820237757 18.373519922377255
13.61133368383738 39.56889834572591
66.89793419459866 43.533309021950494
0.3113224010278248 29.640540850978823
41.75013719341859 86.9189218635123
29.507933459504777 31.557000031658056
0.5084799481719138 67.52078707416909
40.740208028287604 5.363219534580798
28.64755844995771 70.91318909424142
60.03319060106631 86.4022104165543
9.453371510393161 34.64064516184079
20.067082444316387 50.41103207164489
9.630263188362209 39.52130296236292
50.66531746589028 49.67088501638519
87.79838509951661 22.03022277699892
88.37138212675019 40.13532010363819
1.7312937325550837 9.105400455972623
85.90471046308424 57.98891601380222
35.992078993254985 33.86934957360078
11.867102704544575 18.447624873469202
57.90875458614122 27.298335951430953
35.14523887606935 41.2641349013795
90.78035377310054 3.047006620268422
64.58361475500463 87.88847518519948
40.86751499008685 24.275843930653775
99.22212380447917 46.43172353419595
86.20562744066879 40.931509984529804
80.55135640374672 20.294973239866042
54.399323366875684 51.89571386695556
79.05789958316785 11.926640708503678
38.01406326387088 31.15631695747623
14.892399177863213 73.9370648652799
65.97905255253748 35.70621365585791
16.710879265890444 18.39079469668261
88.06084139383925 29.125161207362904
14.298753874455073 37.597872559181326
81.23287815681982 64.20338463080715
25.521866747652965 33.36734865401778
78.47072349813884 48.171145678035685
57.906486528998116 58.99133527391843
34.14950850289142 19.446244736929696
3.9922117988235972 59.87340699978698
51.08991886172034 64.90521244792906
2.012076063800794 11.178554279694453
77.46628724965385 76.59920452795654
96.91218033042728 97.09318668503218
68.73125746555489 96.04487150321071
84.25289256930378 86.10963085602606
77.81369836087885 22.598273000271607
38.552499064670876 15.619448908629263
56.88671885063883 54.29684236280562
37.54696550040627 35.46443769789435
3.879439681572905 86.9205636242437
