319
34.410336880603076 49.48923346261373
10.593986581971338 77.67981843742717
15.096158841990071 91.9802042932382
44.12974758150402 65.38126318579431
29.8733229018318 62.06458060963984
51.596208929242884 87.67545925244072
32.640454628089046 46.807060163269
71.60598179745918 85.53778548798634
35.0396683522693 30.135619766765153
62.244866348550175 21.273520576710713
95.30756375985432 88.40040239194012
34.661885590894435 69.23984131440405
84.95904392449009 16.460119532330797
0.8924680325614998 74.00643667887584
91.43537902673083 73.80774899246786
73.39969188085924 78.26327111133476
11.962695844902072 60.945248512916905
24.252947351997957 66.04192772228835
82.89373497166343 67.46216036360741
77.46946195596092 11.348759010050102
5.948085304100415 19.99235440953031
89.26290615969484 96.157134473195
61.08951082737991 32.15276861191415
46.774408458209784 82.56855295095852
61.60604099133583 69.19982565205878
38.2353519922466 97.28015383690534
73.70352038745595 56.073642551409996
94.50915269112063 68.87449593204215
4.610257140104079 28.686242093610627
99.67919690444381 76.8342352
31.345162196121723 4.815507977264821
11.868715453674605 90.0222451886438
64.97997877508858 89.42272664835066
17.128653236260682 99.78471980141677
21.03527789683267 4.049319092487491
92.82004227618128 87.53101406209531
63.11197175316418 76.39845836646136
95.04971402053796 40.667611162463004
8.83713649935769 55.09008953864526
83.44612404276617 22.91451440689657
13.20299322521803 94.70513902069881
37.36239792031122 86.80720148883032
37.33110848451713 40.11983974338648
7.006610650824396 31.405841761456344
37.033823332983864 65.1679174196581
17.108039484339198 50.26747258427433
52.835550303459044 99.73965663398492
13.779587443098329 59.98102823280313
77.97227074360849 4.397377611784581
84.24862547320241 56.211748864652144
15.212269863524385 49.44802645107818
70.68922031972153 70.44687474300495
57.41646476111752 56.4210403290191
30.134520383446606 23.24798024444201
49.67944592356746 62.01751229636413
97.27716912187637 11.901288181914893
84.90078292279134 23.965625579341378
99.46744683417195 47.392006976192505
76.94828766649829 27.454307985684846
63.62009191638954 87.33398565516904
28.98115351845021 54.493211568159
39.282417155943584 34.4803629802804
84.82321133942783 68.66038405747909
40.44671919614737 98.04689057998218
10.382366243137287 27.78674417048672
31.939741446799484 51.943178943177394
10.38765747485102 74.88180208578
81.28682223914895 20.535222821736944
90.51893301574584 7.566483974976568
91.38930942309361 61.01122692411642
26.643678279579586 95.8269485906135
79.4696776059239 91.50671013059689
25.987718895062105 45.460647157890946
78.00431712450727 31.21994977539607
39.38109444254064 67.40702220820039
35.58291148291934 28.563974192319254
48.24767508374954 6.602899387520789
22.167491119789396 97.21425456482629
6.614826114824657 68.09999029145509
42.907537271807804 0.036828320642434687
60.49297324187838 71.12537190610998
66.65703721319431 24.83382031018594
72.71681190601636 93.41182859767994
24.942821175863415 16.147571917223836
55.63887859880035 39.63490845293751
19.00931269606111 4.572073441181034
40.52467532164786 43.467466266243996
59.678870045610644 51.17537318241837
41.817819305036075 93.50575446724864
72.58733891360494 38.92749570968095
63.34765027555819 43.387392279882654
98.69479040951718 59.29871008059314
37.77214478163303 63.805176342602344
97.66923491215411 14.788505640012406
16.9533506797081 28.102841253009935
1.5462232595009229 47.757785646669895
86.73960282679435 41.62977036713379
9.544202399401236 7.347136902033946
74.67495003827378 49.97457290695492
31.971336953342966 38.19086094005696
99.18274489371841 27.41455856956061
30.686388155712553 32.88911088430626
43.971202694956126 95.2842092651856
37.784113115857885 74.18148353942615
81.77400287702537 8.649292399840625
15.737480855863195 13.73489265104576
65.65276631923837 24.079666884786832
56.2148650399433 43.85034468457594
35.01390992982323 61.898695514384215
4.8722082182801945 23.155144347723
57.754832897063146 62.602663349680434
37.74691647806975 65.55397846375699
10.289679120941496 50.87797280592048
93.83947221307143 99.19095512035813
8.919299598339492 22.33023801351267
52.22204961537904 66.22938448363612
87.12992807855339 93.74627003887473
87.65052397380467 43.146418335381796
34.143210078100616 14.454756244970069
14.444065426856255 51.22083596475886
76.74587714482466 47.85192252122895
4.02602007006414 26.630095258564236
14.818838052824946 60.074539792598934
20.905073211485913 5.601994123470155
52.2007037465369 75.19823835681603
41.90251006135915 75.7068987345218
55.106262555575256 48.207435877606855
12.644438719684947 50.204981077098765
8.402938590058728 68.73181984327745
49.862037525524336 10.006611321244208
4.563113653663686 20.886591309219206
38.70979550226753 75.61795226967755
21.525686782453402 25.545737783321375
8.765280773423944 89.34203736634161
80.81797821176573 78.92525297788285
75.30424804573079 15.272130486507107
53.83117040329272 23.291312521606788
85.35845895914478 46.325655208769
59.62852806841214 52.687943121664446
95.50652051185853 79.28638116819629
48.363327238302944 52.38821309185017
61.369030412085245 15.067191093182487
77.0439722096866 1.757965044737575
54.72415883953173 75.53914450447408
24.022403997298845 99.12672065418438
14.259498448285978 83.30982939388595
11.791647967736473 84.65925351542406
53.3121357085004 49.71910914210482
75.03425655964159 28.14436111543708
62.27406770881617 80.37450451559377
78.86927135971287 30.825626296600962
61.92464676875351 41.23143386988013
12.68666559195153 9.71967130002641
19.910311940667157 31.94939446335695
76.48239060088696 91.81378319347128
53.97684457639682 3.9876936844715716
55.845790018423635 38.57057413681404
35.64412601783889 2.115200150412322
76.05930130319534 13.959403587091568
2.1163421618612954 91.97999827811381
76.22969877378026 24.917539819858003
18.497331257053084 80.48230509910711
3.007725354951707 47.314567378630265
95.81875039431516 56.477054046649364
51.39750128051232 15.828048754180202
17.639550558911466 13.494186935545628
62.17963642705967 26.027952761859275
57.599648363347214 94.95074378126643
8.306711137531696 27.513133499352872
14.937356633195641 8.327437024202844
99.51565472862724 5.729787166603928
42.14618691153338 21.064397326539776
56.09641935481486 76.17132123043248
10.028955959830677 90.83565663182429
99.3489111823119 87.12088941556077
23.308346438729753 3.1684782022127544
54.27419559728145 86.56683498296354
49.2329431911394 67.71390447348341
2.186152183501233 64.07730778201145
12.546073499114563 0.4994213507046985
37.34809701915268 31.75037277851722
42.41949726011421 39.33972150688923
34.31111542647554 58.81440933422544
32.54330819327311 72.93568296721472
53.471603847656965 73.39039877510089
58.903836400167286 60.325525483777795
95.66139314652483 32.317354315923865
84.30816895027 37.413593467551934
19.323618850267245 93.25219250408577
95.02452297308773 69.38080417278569
38.538529219222525 40.61469826380127
43.417706315981455 77.57453764614534
14.651101621614293 72.21931359481019
22.065833802309054 22.63805162877205
26.73798209924496 27.754422249418187
17.535555312398177 81.74461990807372
10.305273962860895 42.59066025117711
61.43945680518195 40.286810838891704
95.5500010335916 22.0774188570946
63.171052223372904 52.07606054791888
28.451786428194513 17.764467981731926
69.66844077274953 31.096791953594995
62.8122360371278 96.64199586058967
78.70971090679933 22.187858225367798
39.56784518919099 8.098631585926475
75.90195376982784 5.249839079883767
99.9040140309541 89.79853826793536
81.90384480858009 45.90118580489392
97.5936587792144 32.37630745772071
20.05424831242325 92.47763273987988
30.54539084579977 5.867612629996922
64.73136369690265 7.171844490421552
29.976045566989306 7.550923414126309
60.29953789886161 34.6341398353336
45.58749277569392 57.30499801354685
32.71171554836243 76.98585568644364
9.7222977871402 68.57911167464968
71.83665064382564 49.475809282589324
86.82020756604989 75.02995009800044
97.04528859357201 17.339980338621828
10.223505723713766 41.845323236845914
38.576784259627196 97.79096856660927
70.31267545239471 11.123152251236446
6.222604617971106 81.0150923745121
4.812313456908379 91.11041235196559
88.36603284620533 22.271749395166008
84.12062737537111 66.41018017649424
95.49712440808456 83.9072287218049
58.77493388460571 85.67442010939348
64.26517157142403 89.11894608138378
74.16382790505678 51.782923719076145
41.18480269860295 92.72679633149401
11.350769313971043 47.357315100503364
65.3748227295647 15.130568231830265
29.63286499819321 72.49599569922862
24.120244414898895 64.89558130229662
54.65380215109917 86.05473330819862
2.792911591253422 86.04802343381893
11.927810825816787 81.723588320451
34.66847362200096 49.04612263971321
38.47070110950833 8.88743539506206
67.52849379472397 36.23214325691306
15.326426917366021 63.720017454011504
19.74397278812977 8.238328587964105
42.06413265605076 93.17356089175475
8.645936637820316 13.474565355961488
63.45703248524437 65.62504486010555
43.55348526157372 75.53407063647873
34.6893251308369 59.19409400657738
17.6813854290639 2.75022655206012
47.048528414539184 85.50162035873848
85.88272697984898 57.85425092577374
85.9641970221814 78.91700756587687
71.35690039450745 89.94629855848987
81.0404426423532 92.81825887108221
17.263864434418085 53.61082132823029
45.33402157858607 26.40127849069135
8.322302475086419 27.74573424866118
8.877597117640335 16.61292749648262
64.64754720383674 66.1742177159665
56.22413071945823 3.3866207713150187
13.525960673623638 9.882863911741048
0.1116038212326309 66.7148980077133
57.01866428055271 16.81611290576326
47.43703731729774 41.830518793128924
91.93658850771612 57.25114147152996
53.54951729045282 51.22999073179879
72.42717877443661 65.63438493864962
93.5105284799204 88.52418593288046
19.041845260414934 42.078419290314784
75.47455156346786 81.84908172680274
20.442376934969342 25.395969348315184
2.20730875800198 18.98297422116314
63.59687943005352 70.56535523368494
60.723802791730705 94.05737854455158
45.29502138520527 23.64978614198705
42.30718091506445 46.19795251851704
94.19279464763878 79.11394781783754
76.04976860813039 11.70920634639543
97.94003145971847 28.504878538758206
30.41792558190297 22.937320232183612
62.20101010389018 1.2835103692419247
65.62735757654555 36.467163818835694
58.85422096358192 8.313798033616726
97.43088751994803 5.3382125904506195
47.716501096393216 32.16038442252176
20.997457475888737 82.67743123002923
33.668436028512474 11.33227585449802
87.27089655890478 78.8151198299677
10.536135354288712 48.66286527563963
48.93366934278591 9.243851803926939
66.31283400303364 32.81272293244966
96.1122373757317 65.00678909993903
21.012645457425982 42.26719407258101
65.05503285345759 92.04636211635172
22.39018971065876 63.48137970764586
84.43601895432587 33.30939429784926
99.96957645629091 83.9957836269418
75.11127780583176 74.38459730460598
13.56670050849338 54.68245340684612
58.615765212341685 64.41371889322821
1.1586032200116336 3.5127587796003
77.22893233311785 47.463625266975754
35.709572334310394 80.18660058629906
14.418556800132631 4.0722546743312655
60.13232714884772 76.75097525314652
29.070915924471873 5.348701692422009
79.27760736589354 22.3540191471955
61.312186472928865 98.04651334712237
84.416671131111 19.863619055465122
27.34630839647243 17.85910873147446
66.90121324807414 66.22260315202561
69.2460861100967 38.52157670494165
12.016225417945947 86.63648065522318
91.08610843877607 32.00527456837445
92.15048961330609 89.37472993554582
34.24579469818705 42.074323038489226
32.96008058157744 71.01408115104904
42.60834545727129 94.2785553939248
