394
19.168451877583603 14.377251555386284
80.4197439330974 28.441900861982994
3.81398382759196 36.65239968291771
62.188211832206505 73.09937243093522
16.437775769642982 7.7932129248266975
90.16456910972525 65.96294665777738
81.98692350068552 96.38816026165277
26.067839348470766 29.010631690510525
3.9382277887706096 10.894674410265337
32.85345628700104 86.51510256671516
28.9748525611099 9.579707320246222
58.900359348914265 46.51354124579312
20.54190516923351 82.78444496849282
75.09270657917659 65.3569122635034
27.35347070784455 43.165100692860705
47.957038351502604 82.41819869008697
97.04414037583896 90.22653931564099
83.48364483452366 79.91714057386785
73.48810626648766 85.5691670896246
12.619738135210524 27.95547229102092
45.458948906481936 55.688417508561315
36.15862542122067 22.727430253390757
65.7376987433585 41.35435014161857
23.97865658727999 76.39715761078007
54.52074245457763 70.23540565729141
85.18842701967714 38.06628237951776
46.31827592690442 62.562098327406154
19.91555925725369 94.55429661694691
9.42790720808956 62.69847496338825
95.35459103644523 41.46915559328942
49.525896013315105 17.6643139762507
58.57837907451655 75.96436551232995
62.733428097954736 16.638563780440187
48.33509283777169 17.234994541766568
84.57534523013645 99.14733352515367
25.02536170725429 11.447345064406678
46.44722466503555 28.493101590208138
26.36912646243014 7.306064406913659
73.08135568332482 24.572273103772368
82.37719290322812 56.399829713033064
43.393957975855976 79.54902499950116
15.22982622644049 18.327689951826486
34.54289965955901 19.012135645912654
72.249328548492 47.09260692743553
74.03230889776287 77.1352342669377
36.04126903682484 3.459629898502492
13.649029616135856 68.27952062890465
14.541097139363846 65.27904911428041
85.12576670589621 53.72163759227029
79.12889227133816 52.663464566644876
75.79353085440923 36.808021735304806
67.25988033398407 47.152465099433606
89.15282796191806 19.494540078798217
10.546782122689368 41.29896351564722
37.056346521246105 7.540146371209699
7.110828900592326 70.83958390674408
21.37367967144417 92.55111308949502
40.052578529116786 36.308250409685314
41.59815340094802 0.626825373146378
64.78521552300711 12.706962258183053
90.61769119480377 6.049219912947934
82.84295508036963 50.314946125587504
19.406888732290597 86.53280915290566
17.324903154872008 32.434251002063434
99.45716818605568 19.433744143293318
88.72079196133042 11.216513222575585
66.12891044410301 97.58911994573377
62.2678410697941 27.756404669320702
72.44947571776001 56.084547798351636
85.27535060850995 17.16140324524552
68.74449110449025 93.37224642116819
25.26617503038483 45.64817884561629
7.877037842952506 96.31804599570421
49.17526014999037 6.512797417193794
85.63061831161482 36.593324508920574
75.44328905369507 91.87369823660524
13.202404355145026 3.1931739228437395
75.4439944950263 9.300518319794671
66.94672161154311 40.20169378316365
39.16421447986972 21.268532387390138
70.37017411436052 15.524963342213738
50.81546613799812 23.437878962595036
15.349108372819764 5.401799772750648
22.660557715949004 8.434113608040139
82.44823500911245 85.81755978630868
25.47947019689376 6.397555527345123
54.193590181095175 48.31469224917011
86.48175214243459 74.08417499688127
84.56665705356455 19.966391448966124
6.775896866066566 88.25456453027496
73.22581227638568 63.8876627028696
95.0637011604878 35.85514567388039
39.94156182103357 73.43889261323524
70.84719259905266 88.79118711491839
22.948077858432747 29.14705158951939
65.1527412782245 20.054071032744414
17.57548753067597 9.086087207786708
32.23374169322511 86.70637255280978
71.90084121232498 29.45828760877771
60.11612676905765 58.80864511710961
85.75976136726553 48.02154961592067
63.11824836016843 37.27016373668288
24.5303695617638 42.746492898311004
13.738285049226162 69.9479241683064
81.9345738393648 6.032836309225031
20.71647281045772 59.05672345547626
14.305032119884785 95.84966479509795
75.21722476000323 66.47672226338369
37.598403201605535 58.334875338563165
93.70707193945576 26.39464665093766
58.14650779195928 96.33382237633754
41.05252307278578 57.571471302616075
7.9029803567993495 86.18764594629937
2.398520384625591 60.70527667486678
96.67865456821661 5.271797263630784
93.83262532054056 79.68190090800931
23.4059233081631 22.19913223864015
10.405758356279515 56.41339855734938
33.963445589640216 81.84811175165655
61.106684963877 95.44250546279292
26.03251740935879 85.35594954711202
7.02625763457998 38.654645649636144
87.82440718977644 90.05913108073274
1.8090537572044485 13.199185940583058
45.55949028048124 68.24160779785957
95.82903904874381 16.448925230373824
47.106086413279954 82.77252543804995
85.45121395840987 76.75151517481608
30.28521103723373 73.23884420260018
26.410937716250903 57.06684931041697
49.73733149659771 43.00822783996667
20.45778856781959 8.260785042123297
11.136882339060561 46.77844710405659
77.44510572067065 52.337226844929255
44.567073360973694 75.8256349518145
23.03555127516683 82.87593814415952
7.47332554472373 76.90301119962643
5.224230702799703 76.64464030936576
52.08630120396811 55.18434445942386
14.71640011029216 81.25264027289631
8.818945530357436 18.813811890447717
77.55258089178912 74.28646731235649
17.813782337351146 35.64653686904058
99.35265668289811 72.27754005791446
36.94500101991165 61.88418697768402
1.6386642846211386 45.96867884859673
83.531721536141 90.77013524932032
56.04786763634486 58.11545123838266
83.50172376121657 79.12195430169461
88.16138810338609 54.878061092901056
89.05612058040028 5.356364126189861
73.17414762901579 84.97435872787193
0.5912307209421042 66.52273393433063
62.379814399288016 53.14129886447052
20.06354097779942 9.025608175705013
84.5279281096728 3.766616181511273
64.07718567883607 41.613667526691735
84.23279441603721 87.97446522683951
7.982569363157255 26.534014095929372
91.43661114063781 68.90778965575102
53.87634681931862 56.47655522988033
66.85051180346771 87.43112773842834
16.47839704956182 28.139582877981862
55.72963988728321 42.88079800521959
24.25163245148584 69.78449554070491
99.96166808100476 13.847534872342893
29.614536265706025 48.52962960159349
0.42997423295436654 42.99241864719028
30.183754395178795 48.79469153599304
55.768056070988706 84.9677764939007
72.40804056315504 22.69387155181859
46.81602589877549 34.116649367673816
61.6008347475472 16.775833413877848
2.0622573781419518 48.27052156466254
12.013788095883804 84.88537733634844
74.33069342877796 63.51715831735193
58.184389904048714 72.6362949220456
33.73937430384872 52.376976218013205
35.485604041949614 2.0128149002172746
54.66753234365969 53.34754303711653
6.749087619901751 24.306914923516942
51.109526893144306 62.410245035923786
94.67622989164593 99.55609627542572
54.692748292090975 35.37002136333871
57.26478307480997 35.182122949023054
12.380563527902211 81.11541092509201
40.97636921816099 96.8251578293582
27.07059982915624 35.867392193204275
15.441223342048872 67.58954915420631
68.40016266246853 60.819812325680964
97.93885986760465 67.3637078741069
92.18943828602967 98.51158245947381
21.93829748377557 61.20517911213474
50.63199691719545 77.87632189199883
53.998494034274614 41.9580935655234
97.07935787121042 7.172573266674343
28.29502015159283 24.677757901172804
8.194855182635008 70.27308333958011
68.30962461324478 34.341614310295576
47.791846705204385 77.7310066957578
84.84604499621084 22.776852778833856
76.27215650997469 10.898937987463675
83.88118571233937 81.09628815063218
39.60398883632856 17.13779181579751
89.76848482637543 23.484599907714067
6.575222702551153 51.096851071807635
30.744653919516985 97.72259152304802
92.84287486844302 84.97535830609036
97.8432298827595 27.358355836447156
50.668268229235544 11.589151777907357
21.26143751331022 10.12066397135456
4.886284369332272 63.32106486978637
37.987765421269145 52.54791417170275
26.35351020916602 77.8699300943818
3.765068396635618 22.885102740956185
71.83793470740689 44.01557169367467
75.49257395951433 42.08153217470817
84.35196748756623 38.24677175730786
47.86693299277407 26.228641154975296
61.479050820192796 12.970476604621384
71.57002934099167 13.876130267506447
20.71050729193501 76.3009503072205
2.9976225620366725 94.85280472427495
90.61647449403256 66.48364286134752
35.22580949395858 76.6217396985054
53.26585234123642 84.87363204518536
46.52487927292348 16.87528165477422
4.3323225435840325 15.782391840611377
89.36985628788881 25.077904433109698
72.08481351188084 91.60451898175849
10.27656957354166 90.13459063238014
68.38020400039629 78.49364962702225
45.132423673400325 27.511092155801254
2.528505531961145 34.2548154593872
87.39362287574718 72.78829791075904
23.186146877314474 65.74564414434853
36.74825920905263 46.913613753147466
81.5521802676562 77.21680501378636
46.33247132020455 56.49357234204444
80.66762317918607 90.62401721524618
21.950680342422647 60.325760910080874
73.7907228946937 83.6148911356974
89.40882563737212 89.5636540196108
8.45707107290643 59.06616832204745
96.00386526019804 89.70584823177813
74.05362340649876 36.79313357482672
29.43250678159971 94.14337114514342
16.634827803251127 44.61585358030696
0.5922214132717207 44.67661839408783
34.03699775129835 32.94837030484254
35.12297412223203 92.80951734423947
48.06197087722305 48.03980849176108
33.34262971762273 44.896787066453584
47.20294314754633 84.6801186278787
81.11543367165302 17.494121147656273
53.44861808912733 47.01794941092841
56.483951960320326 28.390019660151957
19.127253686391565 22.219642570693555
36.45539426000439 6.323400789779687
54.300697868609674 42.255548671394784
22.872838228187177 25.536223842707905
62.16840939067817 45.618261749645306
93.56335449974613 65.78970068656074
39.27553116187934 45.969520871652804
88.27689193417444 2.7468929136773457
20.53352351843476 82.6621057232663
37.74863453736235 44.606375482261896
88.14708399354754 73.64553365003356
67.10746991815417 97.90583396707947
17.581582485974312 80.08095911814311
85.5280840965655 90.99216445075184
21.42344943763349 26.483996784336718
41.68392283477351 15.814510571989581
24.696016276558186 92.18284141411077
76.93637666417962 22.544967006886917
38.15347860300702 43.364124135405646
52.102616844525706 27.16120434677939
6.956846616206025 90.3955625904321
79.94166956423781 87.52196058035409
50.592533544350445 0.3699085211818054
93.03892503387752 43.02531725933885
75.95318840470429 25.210999636958675
12.206275617511897 68.46643569778927
81.72311500887297 80.15725453655169
52.40619125941445 66.2652645764987
92.66534142788501 85.08554905571704
70.15183991561446 78.12686904125563
19.435134433817105 28.027727329237816
27.64146585919717 42.174051186763975
2.9695604231879336 2.074047697698511
79.7388434235304 31.536245529500796
31.986914317958792 27.29047713404269
91.40592017042805 62.42593599982852
63.8127032830784 2.9749470826377244
50.30299432917852 17.217670357441595
37.96743127095779 46.57403288114883
18.239236485223987 65.3229563022739
94.3357708146567 17.28241557872505
49.4158229326743 9.808322158526828
98.46932009369361 78.13857554556584
59.42093908850542 43.71406786437338
4.355752733284712 64.32384373013626
95.94643769858509 77.77380267166107
69.72565810468757 47.13271769632821
37.41652705899041 80.27631323565943
42.568452803649336 90.33242149199594
75.89621547649217 90.95406476565937
21.831084682598036 5.875522393879806
8.782965553844925 83.65066079914655
86.36680097208809 34.90224309066505
86.35522679034771 13.594422253895333
94.29012029030801 55.14294800554126
85.16191624784557 83.94470838659078
67.68033679721883 66.30382392661372
5.134471973957511 38.7717253236226
37.23438560679679 94.60358369972064
36.37190981692159 9.168428312242916
73.1584386948609 19.64683421393859
28.483880514517125 83.72723704778222
55.64273096251098 74.31269469201416
94.67100677019413 91.62584076981507
90.11859129731499 42.3169573738166
18.952731384023302 40.568105528351886
41.6909463107647 11.788502130849277
27.377357099226842 69.81710033177558
65.33472489578622 85.2113296429413
87.16046628455976 70.95173194718167
64.33279691975825 38.18711058105914
98.26087326206388 1.9740793981988913
5.556926670568951 37.98059812160498
90.30232602470247 87.40154502612297
29.714236525231996 16.15714208200871
51.52965282561289 44.086777889836725
59.08744100621723 36.0113551089272
75.13281291734991 36.53060165278605
76.21674207769442 84.56779117971907
69.79217282512826 99.38275881391897
25.816104579443977 40.54695910269077
61.10135597782713 25.97208861850001
76.82383286613926 85.45931573175211
75.61876274063975 80.09106760086006
97.21005270873214 46.36973862052708
76.24091306174428 66.22297086729745
35.66837018701436 73.71105238567041
31.696200566389898 45.278445298839266
83.38445259906948 83.35735784042183
3.2332286744017003 92.21012715472808
31.347591532192588 86.19987900764377
97.01709292933472 84.94299293417285
67.49856251259084 52.616623884670375
96.82391586260604 88.9364943872342
34.60186748187203 15.585397481448515
2.57624716700926 45.28377131606967
5.263468926808635 19.256325230963135
76.33845455947703 83.47150479802153
92.29496241059068 99.4637812449544
15.452994834742452 73.75993409934671
3.4692771254529076 35.800161966397326
20.20998480749363 27.86183112455547
77.61658127667155 15.24258001739598
96.3922491824622 1.3697301022761343
95.97698689070499 47.50679977606046
89.40364563434309 63.56332461230675
35.93285104950156 62.515266051975296
1.164960366476453 12.64281638787178
23.742919108017404 56.381364412545935
79.41934593512431 59.79588358533896
18.149196404185187 67.57250992693005
27.30021664222767 92.06454205146386
28.641897277135165 98.71901948773825
53.57319797369345 64.75290595439974
40.50249042327538 64.77396080406838
16.21827291194593 63.27128948121206
99.81405219513674 61.95681521237238
65.88416845218691 93.73354479069621
34.29336530369339 88.48870704202058
29.87220487456701 9.385765140375568
91.29452549520649 14.03742680997312
67.87951016460872 41.13486944833301
48.931230664322975 57.85423021194812
4.948989038306162 56.98745821539768
43.96560115070397 12.494571110599606
67.38216634866498 76.98287857231726
21.641958153431695 16.351399422236177
71.97602093881368 15.103923192023395
41.394210753133805 22.788764430294016
2.162956049891862 97.3519756308655
15.870746770531474 71.21277381091338
96.45663597158794 23.97179510458487
4.024220719981497 81.3464941386662
65.37672172818853 66.02004597203846
6.920604795017072 39.469292456493854
58.48452339391783 74.15635497829214
90.00756139815218 61.0797442883557
