313
27.2125051825423 48.55414463187145
76.61133781963797 90.91429242148907
51.03501336446421 59.84769056310206
77.77663647686789 99.42707724747358
78.62546090296732 84.17206178687034
46.56587690531586 54.98815090621116
88.9881985996317 94.92316135122397
40.35408740276356 39.999030752028716
84.17254903826493 20.73162983847411
0.036832016697052605 2.0123390705491073
25.941839987596715 22.753980433503518
31.539562665135602 32.817832864275985
63.88446378633489 27.495176202938477
10.32320683663528 6.4955881295791995
50.421873067850164 92.17838069044811
14.55028098794794 65.05922109191832
10.084392411778321 45.18474788076264
20.127014829044032 40.776412082704205
77.79218503182443 93.00296648389674
79.09147042218162 45.643798078094974
11.967032209451812 92.65190698879428
61.3986903306113 81.40957314143323
44.5174682732384 99.20893870436045
68.88592843805739 93.99162192362279
63.80553159318808 55.40285131746542
75.97068431393042 82.04413063399888
30.305423565098533 73.1756367423758
94.81212496962644 20.752639673659512
25.051396258051184 64.86671332630365
38.97624714829795 36.90758203716478
43.8010609942133 48.37495623943819
10.38503539977893 31.9587309669187
24.285596952494505 94.9044720322655
9.990487616491206 36.71767233627352
59.08920903208556 7.326794787023561
74.77105452860825 12.760913079122249
79.70502367332917 14.97946973208265
19.857001506139838 84.31744373136326
78.48579105745176 43.94175249770812
13.846083034172619 43.144398928376134
41.19107541933631 92.54004586369922
0.13830844680583487 98.1839392695145
91.31108072924478 10.875304371568328
9.16243857568647 23.97847424683285
60.81326209403074 1.370398529213268
85.59476227059972 56.37260840218959
92.05874236558408 96.20368271807939
77.75012782313863 27.320099401307917
69.50858602933869 72.33654086349927
52.05271769838805 89.84553643723513
28.448375149965354 61.89429747144206
97.073088154165 66.93352457634906
87.20394722725945 29.5591091554698
77.23280938515418 33.1842605829656
47.318488093858825 14.514313981168225
19.562016186230824 65.6030490874411
27.964828067781955 62.84100209215006
76.61360578518114 98.3846777662545
52.35896633247017 26.73089561694869
23.02641034366194 89.7712293296125
12.752544133527833 80.93998029142513
91.81909898865412 24.537365892654684
67.54247633597409 18.893477371784073
37.0193561297653 24.79297053076186
82.78176625993203 18.222804164044405
12.715256155852062 31.144039248063436
62.218792668512634 98.97056111531998
11.46876926565329 6.460606267024871
40.27701934327907 74.98331662165548
66.79547519051366 13.87096764978878
22.57724696320169 59.399671261580224
91.0472188077691 6.122457225750965
83.4436642093178 36.23019439389657
24.179123996634022 69.76648714955861
54.32556445685249 69.75265630741563
10.21319097679456 94.8801919062128
71.91708833521501 52.256657295376094
49.25519418787185 35.31657378137402
44.29458016043153 66.46763807921306
41.22600777280348 22.58897169606282
12.069535823542143 43.746030573525786
67.91178223423563 6.168229702942208
42.23567615061201 1.7322620131447253
49.770689609506405 27.28930942637673
85.85752607421163 30.141433001527307
15.658131509525264 65.13994939132917
59.091718644835225 63.617175513440635
73.53504842328337 8.313620349703022
6.48928389339255 96.60708398420932
42.22126162054282 19.533156796459384
57.155414510010736 68.18700964443269
64.19365240427437 6.925681861028643
0.8964773829312933 72.74396529099069
35.60704972682884 28.582749601806324
0.9200905088957656 46.01613448975402
99.72513049807202 84.90128435240928
65.56841370547484 16.325757200119185
58.018054875663715 61.09619782672061
74.48216406576579 51.703625496120566
66.51031862803094 32.4316444074463
80.98500567255715 80.74141004061038
78.64108395984265 41.413318217879294
33.75842710693492 28.25410612164706
85.15896275978754 4.124138933059596
32.50722335910526 50.594723658158934
66.05063368976623 5.1197048861369225
49.74798832779091 67.37197059874079
31.399838828284043 96.56045266422706
45.144623594208774 60.639451941123504
82.44479121701912 91.98760167339378
91.73631407606777 30.35784965165149
55.16061260701874 60.634530084154136
13.817438016729444 51.87749246480055
55.48953626385942 86.98816692743385
17.10801243896678 18.55232394245333
46.05600688884379 83.21046066557555
30.579366801858786 82.4474255966808
60.46002716159368 83.91966894366738
38.008921116355786 99.94951527998523
54.49982290305557 69.42379968968112
0.0022335846614263133 8.181394971652178
42.26271438112781 7.275575313236605
97.90140970366971 1.9380334434035085
2.443198297148075 61.75501033262517
13.007491351135126 39.66637254151764
89.33983081727838 72.38312983585085
94.8204665089173 77.2754706511675
60.40489533965713 68.65380723008941
3.9704526889107528 23.238386414557844
88.10537437504733 54.03478208766283
78.31711943429505 18.637183493514698
21.465697630160598 9.589213881357473
93.96645397369007 35.179939274578174
46.49239714223018 9.0792054049036
79.83121605850097 53.09889080549897
77.19778301384397 14.019120284732779
63.77862399543084 54.17305373376071
6.39503196348663 66.89349269793212
31.788667570186057 95.33684095412006
67.78624664763029 45.392879983186084
58.928232145013084 56.95119529876642
7.43453118280023 58.16502375719336
94.51816674842615 91.39576767561498
13.16982133940331 61.010563936983594
75.24644774501175 73.59597783036352
40.49705864956859 60.79511407392555
0.43445459567640343 87.99665374850846
24.526879097365352 97.146032258679
68.2607854235938 95.52552917399615
84.39226729449224 74.26749826267462
57.036701167368534 9.85208269905149
88.29383525385846 5.8300858940582785
99.24394811634524 62.15612680825545
87.46933941617115 54.894073732973666
7.889087112930337 92.94400262540624
15.737258715640278 90.66159975005117
59.06570333119983 19.021435308713773
40.77383255164381 15.390313571446546
82.95087999996967 35.696824249687
80.03294038758163 62.20375758083067
12.806208122163131 2.8459505663850915
20.29717144704122 47.794344111303765
24.04241894690533 64.12471063685652
78.87911846041683 53.0821133287659
77.95793302750367 39.505297014939835
26.942631470038513 97.8560298105732
44.04395241842979 27.78634111846605
81.88210599566379 24.574339141320635
45.65916009051002 30.352757771334694
42.38825567670048 59.374158070970914
64.19840280994481 94.8591671163701
74.20925631317544 1.369772518909984
68.7511626501973 63.00360557078986
90.6730642005652 68.75304080355711
4.627731196582252 56.89281594745572
40.17133328971999 77.5648406706168
99.55422347360494 15.892656518292725
55.27395483687768 12.900994967907842
98.13153399042184 48.848406709346015
20.418798518762582 6.1649216965914295
73.55567311781219 13.190580162064169
12.645179084134828 9.50518717815083
19.953976515457484 55.19804232190118
16.464402674359224 36.55480121279956
58.63343826136812 41.47647120241543
5.812450867654817 69.04777294838689
85.93726055680987 34.688709524454964
53.18319915034757 17.637929067711866
51.9257863188061 80.0737903188547
48.133512392485066 71.50439085007004
59.51366019744453 55.68509677385881
87.85643238060108 50.34576064364321
98.78695219880709 32.99297160995641
46.67327694118949 5.340061992367396
16.132285553106207 7.054999047028298
10.637374205698913 73.61890221068812
73.79006551146819 24.681875835957968
72.95529893776603 25.36918399864849
76.66738503149948 75.22147549053
70.52520849310966 46.63667693650579
95.47657153887015 50.99863514062816
85.12976519224318 79.88830974774021
97.43691737779237 36.00296034946013
79.79661952646616 57.97762624821298
59.42043497219506 61.69031844822982
69.99451982339755 17.821892242101857
76.85919730247758 40.40697516767441
87.67905342952 71.75491902589083
49.21882184955537 49.73692725987976
21.98267902522949 25.22994374574309
42.103149591906586 70.59496873610667
72.65681049176455 65.85219038322792
43.89913535372588 62.375199793728
74.66639993234404 49.51008190416826
87.8702790361522 79.07461198709727
35.162666527329925 14.474424276476771
12.354718299997336 17.158397794970647
99.22448195724112 70.18035430352589
41.50162765901092 18.622258420011896
16.713833230885434 23.848436194195322
62.80141800177799 72.33229348678876
47.11091121500004 1.8503569110974172
60.57913710910843 41.9446800169888
43.36072378506112 0.5400311724978346
67.4628860297268 85.29518633437266
19.149741051692693 27.589035066841493
17.748107028998938 93.20135698231378
33.9393542592778 57.12629742540404
74.13113258093625 3.3521482024515548
21.332449418492917 40.50701877304482
54.167400080903015 74.26427388405509
66.68203268611633 63.209455550987904
36.56539647132492 49.64433062513392
47.767601711697424 9.952092988638405
55.98521123022958 23.109123423165514
86.70343399986193 35.726967621994376
41.14974795741004 99.68351230371084
44.122554761547875 57.13021762205123
91.79352031329877 27.86612374981886
28.202688178565538 4.483292310669595
40.86814811322262 29.51454174766246
81.89167056832176 29.98768586606796
62.98306191432877 35.48856542314406
3.994636091933279 65.2231343457387
44.837577787687145 12.63332678929202
73.24037126162717 86.46774143689062
88.39836873891332 97.77706575016384
29.490470358786723 45.345212428934126
38.71254799162268 70.22818483959608
83.11602702644733 20.45096354970838
96.4440979508536 75.23388710397695
78.58368087881455 19.7795566094365
44.906565130586095 57.05462497721992
80.98164661581345 12.896400613493796
72.53814601403124 81.86092110528085
44.7412702878589 58.95757436095913
92.27021166834673 9.089611018524435
83.741586597872 4.344701796209504
10.178134070213996 54.69845740207159
7.793848636358036 46.56458011256542
37.162464315360175 8.306057390236532
12.75799294998986 49.74198017027912
18.162868348288576 75.99962011448122
90.44748604011217 18.041500628541563
25.2448688482521 7.3263150924081195
2.057400740306392 56.387949095173454
62.51150600615306 89.05497218078584
24.111884800705674 72.14977419605847
26.62819033144752 92.7355972022566
36.424466129628684 77.48044748595169
80.53021342257142 64.68990542546354
89.1676712617657 79.68513280306404
75.17338970348372 94.77380733430991
48.339674872233495 23.168728345422206
73.5325330622611 64.09585709079316
35.40312877421749 84.72377125135502
46.39203257994318 28.76295950890797
44.98155396984661 57.54442602456196
72.75861429747115 29.321486798230012
41.62163387660264 7.040805000524786
40.300446983085926 97.44986281809929
1.1120861977650498 32.98906506713718
96.1481068941934 80.18649063602184
91.8989612212156 39.727897692797335
56.49239901769382 66.5305768002539
92.05410589663917 1.0670636820493518
92.08664009485376 93.0727530847364
63.917766103411125 7.402147850799167
21.425680952471993 36.70129798066512
31.89591935014323 27.564060050816185
26.882840456968225 13.213169402196257
90.30167710400251 42.62836284727369
10.506402211232746 13.114531900517633
88.82926324335733 73.73812129828984
37.20550895677604 38.51958841032636
27.425760114544182 67.88506544702457
74.90980490176396 51.43425109185928
79.88618577734489 12.330920056979977
12.540374483634064 69.92900337594016
2.220079039344869 76.73199177958709
94.48224460774217 56.57593936669038
6.270024904320303 19.94801213804812
94.44141261659745 10.376628370931817
6.641785970243164 69.82168138863149
98.27657186466304 23.86112197607593
15.453021527127275 71.07750656621114
80.11149344594692 4.629219343792668
13.76979634364509 28.689623604701843
54.238894182355516 90.63111850216139
53.345730860280625 12.88107314330601
61.61122150761471 55.11158556497704
36.25998570687068 58.80182723650839
77.29979901876027 21.833847990166923
