38
65.37481061228205 28.901287836290766
55.70575792858059 48.06538741583213
63.7219786977579 30.733355893142857
57.0375689568542 9.466861925779424
41.52070728555216 65.48598719991644
77.1040681875753 30.62484905536168
93.52867811764133 68.52993072301778
24.93648773700452 30.053830365516077
79.93184837138591 28.575695693321745
10.550345206478994 73.28241051746967
73.89092426436224 73.12611041292413
83.41754555914828 22.56518053447615
55.807210478809075 63.0916429687432
22.301411447678 47.16896404945553
75.24770367515764 84.39894817970217
18.093888985321815 27.011137812697328
83.27598651635381 16.864477236052224
48.78060889955026 13.712200950387011
21.146421916881618 71.99202338670537
87.02092053746593 19.856436619284857
95.16275041303632 58.87369367142825
96.88648013294087 64.15375681970697
66.73604787563929 4.947967931487785
49.99657978500874 18.210905527100707
14.98908889552074 35.21980165040019
57.885903374325245 87.33000966512222
70.60162036154813 34.053405262070335
98.70644464755047 47.179103103074006
10.174001638421725 52.08535743460355
36.2214415845112 18.34856601042828
23.76842998921701 97.58895539312245
7.8031504839446875 34.21023557398028
51.31462290712068 52.39652855026399
68.81574166063645 96.41346109879755
98.91471876351807 18.17005861375537
36.3617151943915 92.2230980576085
0.7672703635194122 3.615273681778164
13.790613420674724 41.56536350610062
