366
45.219096144088475 62.13824673241268
53.83069015095619 93.11477777608377
40.56981194633691 74.04724947808762
62.35738199918409 63.36345524665513
88.98968386542808 37.30312093144585
14.52494291696883 1.8942210520756175
48.52076529752264 46.90012041327925
73.4587003092116 93.89833619856276
17.937235180250987 73.63710119505853
11.996917623034243 32.69948833589549
51.13969664954501 92.83732600809626
30.764473503309574 73.34100918904592
39.92797849802693 53.092508828787075
35.51746309521548 25.24861355364073
16.27105201756217 4.3898651511534155
7.699963923071951 53.23937668868363
98.67366502891035 9.108668774742867
52.10189433773616 51.98827502448066
38.049218190643494 86.11132405795678
84.12169780324953 40.71039272737069
51.85645270223714 96.38139815414759
20.41676894356811 76.55797163163184
87.14113559978694 24.799697427442823
69.65640063015995 85.87492754186394
96.3824241589727 57.57666999069857
8.61740584600097 1.110996844096357
38.65566713802264 5.197711075907696
69.49789336444145 0.36250249523759326
50.93030806651042 5.198964365959469
92.9441727904236 78.1743392094563
6.969952083166941 99.34400472339642
52.05911835920014 83.56179044192157
32.6043321302094 13.69548516783322
92.69824316263117 23.02728201307165
95.66983238331164 90.59835464734839
55.68979136069072 34.361667861684154
30.848064684525923 10.71177001449498
46.09219800601249 42.653571511078994
41.10723403942516 65.24020738711269
51.740656995726056 0.3811221514839258
87.93931270531473 63.95994481237608
85.75003953432592 14.300019440598366
23.474597266311925 58.78967956561632
61.60053208111239 24.090311296461607
42.10468836963245 97.46408917543276
50.519634097240186 12.807215948885132
81.42769707070528 99.68008443322321
61.933124508916215 50.175177881617074
49.04392068802307 87.85326925079468
55.496356930050915 15.484517942730458
51.87416885392332 1.8085040097430394
95.38979484771579 48.70080683913548
69.0206046195089 84.56022284064035
44.227475996572764 48.666773227224326
10.782394001263961 45.359110785311074
9.631508827280433 11.319996014384405
27.38056871611052 71.40141400371631
65.38974025521112 11.316833496878731
43.73919698143332 2.4072530664995595
88.84114838780962 2.0908482097701464
32.82473605841057 99.08645300016866
51.97224398912983 23.277827721025023
14.65715855257963 35.42477940298866
12.070919212324815 1.431862210297652
96.84083259187422 37.08068478118866
72.50756786346466 82.32686813069596
29.051356986464405 73.4762233389072
6.6045397523264775 68.69425757700022
33.97746469127074 37.471641729031205
21.32660921085312 34.518684344742404
66.34483848376782 4.942407523550207
90.29149281927911 76.56800506718025
48.19952687393746 62.275930703735824
34.50150197447418 60.13831866160988
31.012243140749206 91.09118572567681
24.949074606168374 69.93389885493812
57.38621717282791 72.23270457553728
71.55538298609369 14.266621562237368
90.29037702919774 90.57482043076271
0.34170267476564264 92.76721950671998
29.792533789200238 80.59658618879013
14.472664457550366 51.14881014451977
19.088442754812952 2.6914602711270885
19.623943932561527 25.542992644546214
20.846810418504667 52.73458541963425
15.751115461543941 51.63187515653285
69.67013119303573 85.00982344511986
87.27097999433212 21.045552692718484
0.4018544538762048 93.47871649203549
54.627288352083816 37.59453108864443
39.69791468519881 23.396457182117626
97.68151577430916 52.34109820178998
37.13226634277799 89.82372214224505
21.08447161347815 98.17111488149378
41.85741296448819 91.5227346009487
69.76643109672915 58.669219297539485
99.00231733486561 33.53545330884333
42.282449286623724 17.722891515877436
54.968524002287765 95.38329565071987
64.65482435388363 90.14992640316068
58.193395166952136 31.345842390227872
28.24014450292195 52.32884249678966
50.45139588139129 27.957113179203187
15.929513922377536 69.22426118483685
19.041834993220753 60.96067858165406
62.23701614106446 4.624705577712518
63.53137649702894 61.16408955837523
88.76889326222114 35.94927546520247
57.313252788632255 40.987844957258744
30.918940065061594 83.19388041219592
6.901733923020926 23.857319836502633
0.4301273357736224 75.9729599507892
25.989354955737078 67.20435567408917
63.34975830884697 18.463351222066105
3.108780737216532 40.46563757372481
36.8076116870299 99.59987146224931
68.68601920767784 34.34900943870737
36.127790466774066 58.8959906260108
71.85440837161617 50.60637642250324
69.13550350979791 46.03766849936238
55.47225720445365 1.8461320796285485
0.820589659731541 15.075319135746057
40.85691191116507 79.18553780586625
41.67912892376494 47.62613223200485
95.15004981910532 36.53386677989074
78.78446598503443 18.856140989097604
96.9019153163866 29.312361718083245
2.887395158194117 51.712928721591055
6.047709658635714 68.99316338884391
7.084824828232139 19.52754968395102
89.74229840063896 8.90303874953452
82.70177228810822 89.5776185171875
23.682479008661172 92.76397663448417
58.720796572351176 5.719957245094642
12.005890107963124 26.674134172462438
95.962254688935 96.09726904328517
18.78646135848395 89.65433531327108
94.98017686769755 36.093909989211795
31.778310369911445 84.1927136370222
20.138725327061103 20.06632902750041
54.236455201131896 52.81714637971386
29.62420020048172 66.60843057148577
46.47676815035978 90.13938784694356
8.781497790452041 95.83876105018952
51.72218267958715 84.81116286371781
62.45360968563814 48.6663326486273
52.323823321498864 61.1158672803525
22.840814577896495 40.5614937965481
28.70782367977793 89.62811506811657
17.326266849684046 57.27245145939451
25.42477812903783 77.31234480365372
0.9889228877669076 58.87828027805207
90.26460263858502 20.660584452552033
36.6059883500102 78.23585679241522
34.92491951535903 39.82131892509538
19.19691016416838 69.53357116996231
87.35022546722095 69.36038171639719
36.73940940158036 40.72995770571829
29.404234629165092 26.582912051605955
66.33202741426537 38.048793095620105
70.96144999846129 48.370543731155
27.78543552562509 29.893498711545895
89.01299292917749 32.13992987331902
87.93812793811885 60.499795564583806
79.94126419533788 6.332033798134551
99.62578267403282 16.599762770832093
1.9644433457823962 40.17589555618646
20.08314151831987 26.478310925344307
49.85410064469637 57.896392545441266
62.37026516387646 18.899325979371064
39.919974881230594 66.49360569281268
61.087766271718394 94.37862865800733
22.150802687968962 60.68873038960183
51.02179008313944 18.566137814369178
74.02321772720526 97.0402345174416
32.381057532856396 35.430422129629655
23.004670891104983 46.45529250771743
79.65099146720725 55.502482575365384
13.671538046289344 92.846801209749
58.08683410870912 50.04041049043414
56.574710008712756 49.90256348889842
91.1732388144861 42.77166055797268
6.0039196053442545 95.00170515317693
1.767929745625818 41.96975530053556
80.2533957120555 29.967607759576286
41.662628784124486 68.05949037386353
35.82629482043422 87.44734180349357
8.710285064349666 78.67761147956288
32.777775513050436 69.34969203203272
11.505395268844886 7.93750534924198
9.578102700107316 88.92417781490619
20.790031021365962 4.711817775468163
48.32916599819477 31.850433987455993
48.16116812575798 62.65603498093929
35.11024956474099 52.1738886830875
27.183569324463384 18.989016357191723
91.73951737931209 15.518843445062458
16.64174564166422 35.420346353570686
45.614791244140704 66.34963334665743
32.4527844549087 62.54796308903511
59.44001792063058 6.605888851243124
8.674749918728342 43.8033859331273
59.574348295175994 79.50350654098911
0.5248955825189361 60.50969094446839
65.11053361064585 33.44077319409209
75.75806011443028 17.199111788045496
96.74528378375285 29.9143697363901
26.614077643750722 90.48814567139368
13.140556488435006 40.167922032392255
6.927643298785591 7.672040486707621
89.8601696426364 44.06589974577213
99.2903944728641 56.97323434221917
31.217739088315998 75.32128410998529
93.3925526126402 19.398468856716576
4.334714896041369 42.494866405362785
30.93325259663854 85.30684748018288
75.00522478768008 43.68550039628044
0.12956651380666706 97.68044358893954
69.59605054419923 62.961887480882496
8.510364401466319 21.11218847877755
86.91665385780422 16.58030672843276
66.09001322965607 82.09136631173509
12.052812488685461 83.2046933073477
74.23954926605319 65.12787654295681
46.94050843104357 47.48344962471045
28.88820646511284 6.455974347399318
2.588334045627494 23.69678738680461
68.04862501267105 99.2636630209902
98.31594114759191 81.46794630914688
8.466948025345367 34.670448194166234
44.308196384478705 32.48909579651866
94.25984138834829 75.29112254387589
85.70108702168214 78.70038640164431
40.502254173450844 14.561640321467085
89.48013358025696 31.69953780944811
18.3150620477212 54.89201183038044
7.376358687877227 61.87771523519824
66.4949731086089 36.476225496664014
33.32029519449041 59.48879897484453
92.15027542287744 6.838335378299454
38.1314458321454 26.337581073670414
27.883990000430746 35.651167823875085
0.283157497584563 9.599530010582779
95.45989770927467 83.71472969425409
81.3748374025697 79.71320482466241
58.44444023491003 8.426719731100796
49.025073666727195 67.54837978421004
77.53075558233891 79.41253970991441
86.29394836092969 26.224971069702228
58.294882971401286 81.93470553081633
98.37667890923699 71.53749649284144
22.034163679394446 67.55823802692007
30.055508671791177 6.959842727887844
8.103573976633161 50.584772011904164
30.59043073699271 21.62536698862212
98.65496717138166 52.696488851262515
28.809830800408342 28.996826933244012
69.69718583045042 89.0188968120634
17.89022265702235 3.969124689690129
51.90989152268452 91.4636478239668
25.905312897627507 78.58118242072135
7.883209852300355 56.68620718407812
18.634353973270358 60.30239968838544
9.873164266419721 57.76065123541899
16.124028166757686 21.132293212023946
5.776569848292079 48.08550770500732
26.031947828427793 15.951310023917198
65.09889035964297 43.702765318007394
32.416345678934164 30.511679031954387
23.068260945942466 90.38419130948111
23.78399385234815 42.615057571307716
87.33867451237136 77.04464198138122
40.87789277680193 81.49339854150003
20.799271562767885 34.44749438834434
47.96696882936162 69.01669175596034
43.071865881415825 24.31350633238295
54.749846080141914 15.052690251496259
18.6104983262284 65.59967011216044
89.77836520767949 46.16303371232098
39.93835581828142 62.39561756166202
4.505168835492945 15.08459231030117
40.803856963581275 21.141015904565897
9.20933530484448 49.652761349002596
37.14326677080977 47.539753622547806
69.12630330772491 73.41448063193552
62.84157413425115 92.22852577667936
23.11794215480154 44.592701785526536
58.420518402424904 35.86050001134771
65.4625968906717 56.425865769485014
31.108804050785388 78.4866064184501
25.847572576120857 77.75490840875902
76.44394100242222 76.96699739759201
88.04206299159863 8.89553678429511
99.16143109259885 54.511762479463165
63.447421277595865 68.90430224633141
66.59423937657543 71.35993195605508
19.59877052079485 74.33279283618954
78.96377125796596 19.5270178136256
96.00206003414611 74.02611174185981
9.52012888489444 64.7498231741987
29.55755435795072 92.13591471432669
61.78994161845115 85.15259148810146
88.08445212713276 5.2422291425686325
48.77100458753044 68.22441392737527
77.38847040614041 1.1189527909989727
82.76956581729611 90.95673831694377
47.0361802731181 95.24490524931099
86.0381671667632 62.43134419777784
47.459635439728174 10.545842162732178
20.697168471573356 76.89155927443258
56.55928640968828 4.985732118033148
24.422950968437828 89.97550919597442
40.386833988274574 72.2731436364984
7.0357254716797435 12.140367769680138
47.567936151206744 25.521012736279157
49.48388853061838 72.15384440947837
91.9632160777087 41.1521502532848
9.364412486443252 34.49022926745643
87.99939613485074 90.33458784621004
68.5011982892113 47.08601261285404
32.01411620923641 73.41606667446506
52.2154873513033 79.27792269524936
2.1580413115213637 65.87035737573572
37.06215378478064 95.45148758658596
46.3904651149744 18.28137371897466
72.71704989150362 30.06913338706081
8.964267463941145 3.8907096830664956
50.63542967074963 99.62093898623087
54.102044567426276 9.954685539685537
27.822988780208668 75.8270600203646
25.293076363575363 51.85159362949051
47.843934385762786 35.54681833126329
91.134412503641 79.35212325398834
41.68702237865478 7.011685315364291
93.93046294771749 70.63256902271388
78.08118714098997 23.45752936937504
29.08307432690843 60.22617267878583
20.399566742624863 87.33026001783728
42.205094264925904 87.3070185508249
10.817409857272764 41.43244786315907
54.9051037342325 89.49125871751929
6.359223292857963 65.96254653362945
11.388662023916506 64.62228882515295
10.84678439501019 50.84466895233136
38.55266555030683 84.77099130290534
6.796965172324699 29.382244024905013
90.1351905734596 82.43489070979896
9.46013705340113 39.15850330729241
62.81651101213358 68.3902326398452
59.90333836205332 37.364434758846556
78.44701529861251 13.971636377791242
16.699795361971404 62.7900587936788
35.4490066154717 42.98463606807867
11.974908955014207 22.75138757936509
16.348294353211713 69.73419682430448
11.077496524368712 78.51275531494906
64.33423214399355 82.91163259923917
13.80368347853842 2.380690323611423
73.15615645154008 62.725708066179706
44.717653119548984 32.97396589823332
43.48612392268261 47.22019847793477
79.6801518305848 25.58287110916213
83.25677192160967 42.26674288614024
61.3384434293761 61.096429162791054
39.52392336739351 51.227235389713556
32.71266467235938 71.14992461740685
