385
71.4014717710448 67.89887614427369
76.38147173685329 73.81124914968736
71.942552097527 44.56971314170188
44.35878778200859 35.64533672942577
5.105007540151729 99.92720658023792
32.60411836488816 74.95958038391903
10.5631600855968 63.60974360673328
41.25106035021254 30.859594006791102
42.62940873460616 59.96775004728325
45.640655154965316 66.42916040767143
84.07511946260712 46.752228910699934
13.417136600265945 38.63281583778807
6.849507796357024 88.88494610397088
3.64660787266623 32.611027496226086
87.17827606369768 50.1021017980451
0.13497855588781027 18.2044839224185
81.87573747163725 31.352997022176552
91.59367451579465 55.606951575752774
74.3163684013644 46.04609704903346
76.80345064539146 33.063164521578116
92.66119633872842 95.87084501486835
33.84216277860408 99.47199494007769
94.52214134461893 87.03278848248655
6.685487577939742 15.59055489954595
26.586783706019833 63.691093298731715
34.08964678810277 3.603559200968609
6.0941477260143095 67.02006996122022
50.27491830784678 31.762324685688213
27.21465674329049 21.77228102958996
8.838239159241091 10.501454416297573
24.080483396461403 36.58205696708671
54.14304321143347 79.24126579096938
24.458373008519064 13.209038085818792
69.38900738668848 26.30967318722265
91.63927532214984 88.32682243529335
37.10654014669764 24.86582119430739
98.47554308530037 51.459624883657305
65.41445744058288 21.94380074847847
99.67148363350714 4.561367204288469
38.661833707577195 62.96318490303493
70.47040807255203 85.38368038005252
63.65698575446943 45.41934535896589
18.79773727168308 51.83387334388245
59.528824421135276 15.093448921604969
19.949505022096314 28.867817348103454
45.41927752256891 87.08836025176903
71.38100019065124 93.40712390562258
79.67309059277649 45.433425617336034
75.09042432358565 60.589611878767776
51.47502793262333 61.49658005851926
94.79560162010672 26.197844004604974
71.28182409571096 44.04880079075534
83.50851235552518 71.25700004617782
41.86221382854873 41.88858523582593
66.55871699098812 59.81581960738572
10.03640091773118 77.73318319644432
52.671138299630094 39.37128579081879
13.218868645596626 84.34283364216559
85.612532789323 32.89609429519551
28.911268883579332 52.471358391458644
40.330535854289906 80.49819362600023
84.21356526979244 64.5197709925684
45.03882269955102 17.869299897159905
94.52807338111549 99.01715949709188
8.328904055798358 41.48199071621897
70.04915951873866 45.97562702548894
36.69383323378449 12.182998589058258
99.72421762662157 98.37561699658004
70.58604588124827 27.94703494697054
16.84559366367946 36.14675631302695
4.323446981762402 22.99242669394197
97.4081993057665 29.221545686200677
67.39270660473463 12.078075139993249
48.58157933672679 49.889202234016025
54.6810659303654 64.23670311233032
18.0634921454376 26.778637462904562
6.910445851747893 49.469564066215256
19.014226927887034 21.79824928169758
60.464727448578934 22.275274431561066
86.042498211365 91.50859896164077
33.500685221692606 27.040278946017427
43.03078087821367 7.9319740972540025
31.353441662692518 52.681695659589266
8.7762595080078 70.15384937735688
33.01200723308651 79.60021552185695
62.94090051500291 68.93872541889763
65.09267075336486 7.444194059382914
86.22750447463723 98.12477015698914
77.23521135028466 66.14583558871404
28.86539040279613 80.16949165835351
91.5644979751267 24.962704255248312
31.423962883086375 1.4983978835937717
73.8647944234842 90.56840469676352
6.737447768855276 18.50015184635172
23.23458951687386 61.204856867020105
20.84242805895382 71.83632431891837
93.95893064191631 26.173671887097683
85.98579685597598 50.452251419866414
65.3650145147533 62.74422095871841
71.1285855328207 46.471343763485805
4.8791204292289 0.4065995515019627
42.720947127393174 68.67765162632017
16.528108467167545 96.53390454491002
92.76286667375206 69.51599708586524
32.02427607985746 50.49443785102905
18.199003537298573 86.27363307909397
82.11914336254927 90.4344643582423
14.246133681999073 6.637097699540484
2.597994969918982 11.506208329481938
65.95570343545776 61.02730597413496
83.40948783199269 47.19112843044279
67.84864181486728 30.13994099153591
78.2808657991984 80.25236401282312
22.69096506238831 42.011041610632724
86.80770425713999 21.92610720329626
40.28465227289922 73.06725253543623
17.93025126018657 58.56005483388218
27.156113651590054 63.442236141895016
43.390995684194245 99.45476538216357
94.95403376026239 95.90350802423175
15.4379607339438 87.13303629644311
34.33397078090849 27.791400854820637
58.51989317154991 67.26463206689982
44.89392508527883 19.423221962103334
95.25259607876065 41.184226561918415
22.13858409112316 66.30797995295609
85.16531331360737 82.6274775600695
79.2009787159774 55.49819487570418
65.93187882089107 13.274099657268245
89.60697553029435 65.54341271934469
93.48673339702796 51.67942378587102
74.51196426975201 33.66076606932171
40.92010994937648 27.165606319048898
91.28237642914996 2.505127916383598
91.15485412499254 58.890474640457825
91.17970841307704 15.119072286443735
39.901270569766176 86.64972738609046
45.37039233755973 6.6701043126080055
9.92463827574024 69.01228542853615
17.4178218260615 31.86485255411091
20.272408028110178 50.35905243348019
27.17804135494787 59.889611133611076
15.682784847613373 98.79989296779542
61.16683956549602 29.455696326474236
74.98293369699832 82.29701067660848
38.4928095787726 56.67077169065298
52.0378393453799 42.13364655280431
89.71079166461212 97.70384602690622
35.506573104243344 63.23047064390182
20.137532370192556 85.56477287408609
78.11346104709231 21.6140043962608
25.53747595038356 3.7073425652402903
66.37973652704713 87.7170253628272
72.97428942856423 54.63127898306319
25.72022984299722 40.18802334196725
85.8161290391946 98.66097333630087
86.18259914905666 76.88166546247626
53.83438530162232 63.85115346864918
76.41261549045261 48.60148723548474
37.29878995177815 98.25621210491965
80.25536450511531 40.234414480043
9.199714719072372 27.317937058405718
46.9267114432246 44.465695372227565
78.92675839265621 47.30037057355814
77.68802857254194 13.016253604518235
33.76993731474837 87.54118169799014
62.797021065156514 18.985142574001745
33.28561656652547 59.88490982968082
32.666954168199446 39.2291435408944
0.07481678734243546 55.77290400911449
44.12969653633873 83.42125423283586
22.70735667254139 92.11598458757184
48.57242533496732 40.215266743833325
62.47119218917483 85.27441828158291
27.24014813549186 95.91171045050395
3.083852270332499 42.68726788868911
8.89388791037069 85.89941354069184
1.4346330131576157 59.22863707736894
86.33589971706073 5.9570220080013
66.03840463833191 48.10835407846399
76.17655395660388 99.40495649868885
86.43177018883199 46.66614446363157
32.894938420203864 99.98283707721224
84.05057438549275 26.059292020733725
16.628032710017425 5.334002966804663
7.132661582103039 77.51101039348418
67.21327429390603 3.615717457859424
79.75698180574109 71.0182345919749
86.07793222492185 1.5846316399161564
94.46997909825198 55.090944041033104
1.2031184687140817 24.532371288200306
23.166483348983835 26.14158636916375
47.27378786375084 43.63822512989282
63.62211807347248 67.82886184846832
82.17865987456892 30.90143602223504
29.881138216847813 96.43934106432953
16.197883648911994 37.67386704795557
32.86206984168677 75.0572032664312
41.202634745501165 24.597553715763453
71.18451520078895 70.50795736025957
91.52248285737028 47.78347417302935
84.89052945440721 38.38436938994798
0.3842121746874261 52.2896602318709
62.82436095864116 60.43710239326327
46.444077863213565 73.85561743619749
12.024764152456902 5.395218380316235
17.6564145891674 96.11907233870586
93.70271264056957 37.24547901820385
8.275437542469632 50.23257185311248
28.515432782160786 74.680350321502
63.33119494223749 56.88665997942732
40.952044253193385 63.32063775330079
77.80213476025247 64.13959313974767
16.61730053309021 34.37480775264435
39.4290230263376 20.681917214817314
24.246924546906733 98.9136080762431
71.25810008374522 64.3017224281973
63.640463020352 58.993274367955095
53.34190766328044 45.945020442670106
96.23676187607397 36.445058954187346
74.28081411807871 93.49368932393864
99.51558152010449 32.26317873425971
21.210290974225533 25.921076730732885
77.8330401121826 26.338324608961315
53.08946304760171 8.700300531462013
11.364214891780588 41.298609951823636
56.78486593423232 69.0623486304731
1.0952716841283405 11.007315177513089
1.0620918342155283 18.214838762185337
82.06558702601116 18.374473676247373
26.32606697703762 32.79211519293237
68.45493914891317 6.120123429085023
21.699884552079862 4.05258463640058
33.29411358076694 9.738990144984728
9.533007775494918 49.06240207777306
30.97347460925385 10.48877106002416
40.04246999370176 8.196031167785844
81.19330526540611 9.177345697980854
3.084317057895747 8.344599418482723
53.42335540009371 19.983360866092458
44.737163396355896 91.28598719342045
63.2908397377576 50.552840496698536
47.94294718526573 58.17652867757799
1.924423915885709 66.42926886949354
77.63384221708199 39.13192763217981
87.90174125035608 25.128959638224035
64.48866882933683 37.999310735069024
89.80729004103019 89.53934032696485
2.4697675730175783 79.46746956231343
3.3334816316695437 23.234622273633242
26.235847284123558 98.64299687841131
73.94761896615357 70.45199476169398
90.89235947929484 72.40861170714881
78.01718869797656 16.06348069908259
59.634254832692626 1.2524823927094197
33.47409762238733 26.563284614098702
39.39716247625543 18.465361987863904
8.891176279063117 66.37765890397863
1.0006329185403673 53.752064766525244
10.278552147909437 86.57596777650816
57.71968582915855 64.28074003025209
83.68457090048013 80.79337845423717
42.4040969991858 76.65175139238681
69.48118165335332 1.996239997031679
80.52424717124406 19.179256230891596
88.97552371507048 79.2194988928798
79.09876914480503 9.153859601533076
2.326064915864323 91.03301268364557
99.56171491423606 33.29229290884468
81.30494561422785 79.07244594968134
26.29753807702403 26.97404915716869
2.568274515641733 14.92438956977904
96.94540219889409 3.0728349347088346
43.580798347173285 17.78043584318999
22.130170094587477 9.894156784743268
90.60797996207448 85.46172214754931
79.00412004713979 7.996016599548794
37.61516532869861 97.24772172100917
95.75802942580253 70.11863376757735
42.06557303169022 93.26345980759366
70.10188951228534 33.89599784015024
94.26012403417215 96.11831783892465
56.23847780342381 56.62287650051512
53.131333456786166 10.586343333396686
89.03651500884585 6.217246448355329
95.89447405357974 56.70028703111709
50.713126773131414 50.51837313134101
57.60126467989387 80.49161046955888
73.96491720129339 46.67371829695831
94.50759081239998 57.74425443061041
16.353635214715347 98.87686477172157
88.22630302156162 69.86019216570479
27.096729790926677 53.103880625273014
25.23050364113092 83.6127207330694
55.989286933635206 8.421629743418247
23.189367579260633 82.07982340403504
27.707609813675493 48.49952269791071
89.75358608679244 58.32019909945024
45.68313923034765 87.33050438266339
14.953666937888377 45.025997409268335
24.874473395546325 17.51062224808614
98.34740721399903 83.56101338529388
7.679646881559677 2.6337536486954027
95.04987344689665 73.21980110509959
85.33387929352547 55.327996438297454
54.03862457928973 14.765496605445971
51.91171852144261 83.85930268481779
15.947180651434245 4.442313139286435
77.91387021855707 66.43148817568087
39.09487781176434 46.866065323850684
57.537462243618634 27.890406225975973
50.721050162523916 10.852417931546764
43.84285244502802 85.61396993202676
7.697748285119621 58.31328779591215
34.87415925585174 61.35055524698314
69.20246597586187 25.191451974740918
82.29265583780624 90.31452151224367
82.12314706879033 41.20860118323264
84.7309751998109 36.65293723119475
6.9127260018656544 45.39101756744998
92.5919614819962 16.052137162332258
85.89413609776439 87.76301302178643
37.81497505853461 89.29591890079001
77.15200646095987 58.01636975806295
95.88639654164945 24.838078192798953
16.35976062423613 18.68858541727648
87.93014913627569 84.57055306930876
44.239984793609565 67.3513142219766
97.12613834095737 12.915980770333313
40.40375824214466 44.37697795395592
56.945254000507575 82.42506180862381
44.44226749866136 58.02755792946025
28.303366932499298 19.557554250689613
16.681410854655375 25.557897516642747
11.803158799430125 93.0301781925296
55.55578994433286 73.91425354208725
3.169684154301111 43.629280784198265
10.203798675301856 26.862571309130246
0.2842422067842132 33.9545024634903
36.51932265390558 78.06945144793018
31.58104986116773 66.73228109917822
8.678518458199402 12.802675859945289
95.99599491781416 75.28888794901442
26.99130757232906 86.49581274583181
86.59811387822465 99.66936070943238
56.66701596498326 7.351432584086703
44.46794597901192 0.24243051780790115
21.486846648145207 15.906047416969715
21.792497771253373 52.794508447657975
27.772450865547714 19.1800443111658
29.51241590540978 69.02327563522861
28.316306094957756 89.39356605207577
36.53933971617966 19.484532174678538
93.98757207662514 32.847135747602586
9.09680116351671 45.216419327282566
73.78112629399439 87.92573754169781
31.30205238116669 68.51801014634104
14.550744778001146 28.90608794489511
69.81010287314817 72.4459702607945
72.49210928093306 39.49533869575901
57.58554634705653 95.08085389008575
0.4816435677528985 93.29784230856217
53.016797886986936 18.16016315625345
29.39794366670595 4.618408467854385
13.389020616523094 49.59654109434316
2.148849669785724 81.85505787991974
2.21290343573628 48.308824176954914
97.78892165607314 86.431220324198
58.10805662603188 75.80174939958083
16.87428205748368 47.023141077882435
31.92271253804805 17.555156201748424
35.36776767484441 4.4572311434941
40.146812461076586 61.01382964728306
27.122789496588585 7.500432088836362
96.5796537218669 8.563011459257218
7.214576969407482 78.148743646481
83.12920565073397 41.254835369149966
41.4854145327092 15.120485830869779
56.061404874638974 59.92315095836657
86.76036168101112 43.361411752412515
93.10568801344965 45.28518914285584
83.5360545756813 40.89079407525092
11.209346688886235 22.620292420195764
12.162625408883176 42.13339384774291
93.9053578344285 81.04216685837729
