365
25.557073899215276 23.48938980885422
98.69125402647337 48.201909458296065
13.269550977152967 3.253869931090758
47.55000115352327 43.2199981818364
45.51351476531589 91.71845278549817
55.30621568611252 51.12484886788206
57.38984999864787 42.343646275217026
27.575838086013583 82.74425768585367
64.90485380769641 33.29226783483745
78.86676921125265 20.80106115449848
42.009137409537864 29.44798904413386
68.6024070206009 51.18856180741705
42.72288462655133 42.4046103344273
28.54965382834118 89.17809657332764
98.28918701627308 25.193865679106043
6.370587592844368 78.38915755227787
21.152669409380053 14.09633558817186
79.6743959600687 21.86071117245103
81.2891787572767 36.3597213173408
37.68278161525945 68.88151285848998
60.570764204929496 5.288317933839027
49.12463395961778 31.362353168977485
79.2452448502562 70.19285381173742
43.55075615799505 61.32480485465227
50.868366799892826 13.976051841971938
25.750749928389038 0.2781697048621634
36.96883925859409 36.35682852952993
80.33134673274188 97.19212910499677
53.00215244646552 48.37652658971866
63.40170520622137 40.806366666442486
13.02269913545474 35.37041441934339
82.8442023846148 29.155571083188548
61.89748066048776 85.5006834248887
17.437599415178017 13.308588599892468
52.26952006824288 93.89263818553627
97.01454837306974 96.9493104893599
3.686785879470289 31.048603069826484
98.71388769822603 96.84800857790982
54.12457306849332 4.845943205283543
68.3910139677656 8.862498217393478
19.298988659397175 66.80838374587769
86.3173981829871 72.87530144514061
88.0661729182997 7.420518914048369
75.63649598751725 3.319116826959556
94.26362356321013 86.4976947320092
48.63189579767035 5.44982961749203
71.76198808190134 83.544044211351
61.02548015447148 56.57988031654565
69.7491377300239 29.587500242688336
19.51594765753144 47.08196646758459
17.36834331851087 41.20553565282689
88.76382317678477 66.11518531977592
88.43080665109717 92.36139558893771
5.164969401106234 48.996420778226344
14.978170765075237 44.45603728704624
90.512090298302 35.35015791060614
88.103906874709 63.234577853696216
66.52285612529752 1.9549531584173607
71.08848827419027 77.54777649841985
14.398008606228885 66.15395147527524
6.637434941419118 20.973769904426774
69.91501596913403 51.12206513458051
44.26248878930862 42.98482373482487
28.179126601382197 3.681785179222241
72.16123688106802 29.240429009729784
79.24493224159464 87.07890446147219
95.53913143323824 69.1076828030589
20.33304726172792 46.96480621590062
38.09945140395594 68.46163786488194
75.56422983836538 48.02784046002975
38.51978877812597 96.48261397958187
52.09962513959567 93.70202173997004
26.68580527594725 49.07817825301821
91.42799598210942 69.10392026500318
83.00210419514399 88.73404906091693
80.75188536241346 6.721690093535915
67.96953859563442 74.87729078741208
15.910181606508257 6.137991634640216
51.51746913396396 14.762671079696787
98.67937827458373 7.48006844643776
82.30137071348013 19.360332448834804
49.09635865945566 79.60438007505863
18.1362250061591 74.67291888932141
44.730918304729904 68.62482876252339
82.69254342401268 42.550965317426915
51.178582424262274 32.35658896972855
14.155219043456047 17.950136754133993
66.21922757190627 53.887013924544256
41.081351157680125 40.02896471289213
31.29485884250198 68.96760660805855
15.041575101261984 55.189935508303776
89.96493231158271 52.96876734469902
35.53667283865557 99.61703551286799
5.735427157011886 95.33717468915424
45.47623629621923 7.7056397084044
42.20993394422668 57.995547373799816
0.031912968079905735 92.67070834756184
2.0586771915725777 98.57807321322608
2.115833550381485 82.59362056771286
28.2177073162281 41.05647729650826
16.755173319055537 82.49023200824745
68.47379907436549 46.19000596665178
33.933315386559926 69.84140950305466
14.861151287973506 12.454271612906497
87.27433308271814 1.3563940275783892
74.8879984534929 76.67998714796904
8.83838880830341 16.737020038244676
71.61535211022834 40.007532106368714
14.237343202643837 95.42101351171408
21.507027277822953 26.78938201747888
68.46120050206437 49.636793466995414
29.876480640820336 27.16796043555233
51.80899501426216 23.484172363870137
14.777432232561981 11.869037093633594
6.454383150938348 24.723737184270036
47.828650356329696 92.41810385885599
2.1493326490767406 15.115984992306164
56.52504933491526 56.76436957696922
14.844739539032902 67.41192277717025
75.06173564906624 74.82377750343524
13.012274902729947 65.30551508316412
77.59385344068593 84.03003861802796
26.53974531648007 64.16349370551264
46.200672412303675 87.88146375650926
98.21119823006734 80.91306320195206
15.75648198952665 43.818328296972645
63.94848907743311 45.10680806136196
19.536767795804387 78.8079540704063
32.267964565992116 38.99193556016585
16.944472401468204 83.39799011942915
3.7616709604905263 76.75668350253228
7.697954047851663 54.41574050956605
35.17485602743643 70.380812263174
15.04074744270849 0.6005864202657252
70.99439004994478 59.647025809386676
15.319041080002627 93.6367344514316
64.79327652351155 67.10589197207322
26.309747850016528 46.08169356793185
29.726198523523383 4.422296252469171
63.36897894741721 35.52408007838446
96.6368568815994 16.53048018383099
35.32168087502943 14.726881690074334
51.849715946584354 17.570331616717304
33.364011246796835 94.5746834806427
78.65059635361139 86.6668793349807
12.025476679367774 15.39346352679386
73.9803866102586 11.49650292070027
63.3044280446345 64.9178813528975
47.68559001968967 31.08035489078701
93.9119937319979 62.373957511174815
72.59722717893766 35.86549145075196
32.13849760643191 11.56638661861299
35.664181992304144 30.852339230966265
41.168047606809466 21.953010081119995
62.114127452731836 92.73895182509649
93.51914576341258 98.10187749925748
76.91485927564543 30.455048983378987
18.238327398446696 25.61693718281115
37.14477242606126 30.6304091378786
38.51767893159712 54.36716221600775
80.73212148735111 52.620279749344014
59.641262179985034 7.96619196324283
71.5759683146001 88.68977876397337
6.611360567314684 75.86935714650683
41.06078983125705 77.76393469558451
93.98186039651833 30.057045189585764
44.553084311847826 82.76730042100141
73.37590028323456 22.928254316102702
28.88352600734946 9.832381746345064
42.42672372610771 44.77425442675378
87.6239443397902 88.0225000392579
64.99698600533303 42.59996150990091
6.552242683225473 33.19183658876077
92.51029823913724 95.17129052413789
8.336750999649956 17.76159733620054
62.24985243749106 67.15852697602965
57.18003685793768 90.6644898949991
97.58150420192604 52.10758233590099
78.35554402400913 38.20794618922923
48.37331389569188 61.07516021534328
10.441630077393771 3.910362614778573
63.85363302755726 77.0418018658051
27.718157820860732 37.89225627829699
97.03512819730314 58.26142957328043
75.78530362852317 11.881454444324813
15.651577439818142 99.11221029087854
63.328128193749656 21.593473651555662
63.22737276528251 48.36750068709381
10.66087284403916 91.10766110705704
31.3346393423091 98.82372677658189
20.0201279826976 3.21715306129865
75.50119720869385 73.26907872429375
79.44781648322063 98.44382086547529
12.186389107791396 90.63922145672912
89.90041436380507 34.79645523141763
72.17090747045135 31.141022917758875
64.42895440231938 53.46651668702199
33.01885947726363 50.764450242433966
8.860494496671867 22.25540885100854
93.01405204637238 24.746461554225917
17.311718696781043 5.676731197882356
87.78682132440208 56.39113456545392
45.994367470738936 46.662416696612794
47.37075841909098 55.610467976929435
95.69181695545294 80.40742871796557
48.79169958261001 40.7122478978743
44.500470263072145 97.53309822680822
29.62501366832675 50.401808686228264
54.8116893098675 18.143025093650365
76.39765259240986 31.42183896910088
69.61249950826466 61.287156126609275
6.3242284839685965 60.98616521169661
65.8971183516984 46.20766279300042
15.88373389845501 64.93545648691153
94.09087714804242 39.46994133804051
8.859103296378123 14.929601007155247
51.419283061202684 97.6083817043884
37.579258384746964 73.6239899085034
57.69409181674836 82.854553437225
72.95324391183628 34.28180006923014
36.26278162278507 60.04727652968952
31.763182744149187 8.801224886384363
87.43030815984918 91.30998515039505
70.1837451405271 12.632523860173295
12.413789770263605 67.6106427523688
46.388237586366856 33.667537489226206
30.23731010912819 7.585702486145552
40.79768127005866 15.664784238458807
69.73936955112825 76.74558525583102
12.477543609144103 52.92936423337603
72.69545590662287 39.810941028009005
52.397515299213474 28.56098321436583
56.71002351898117 49.760280052411744
45.366513042585325 64.6904514907727
22.393488960838926 71.69899053226402
70.09989126590095 96.31724087610682
60.14347575781177 56.6134837604225
7.545419747060256 42.01456703800939
12.360180367459073 62.50428418281011
40.24865187961084 49.32405386975456
27.456167682601297 59.52934166622042
61.77932610697553 75.69153626336404
0.6564521396149048 26.155924655676998
91.67105803376242 86.10602077202044
35.99276918377635 74.39975584299178
22.077345993229038 94.6678327149518
64.6024660868885 41.248449361668996
39.8736028533336 42.80821108208366
73.9932707828172 3.555380154686627
59.285815376403725 57.30720724540728
52.62036444011038 5.818668543993699
80.74581456386906 87.16770400687133
87.28013601324433 66.25381391494425
80.96752170813106 57.31111811440389
92.3155916251714 15.673651799135035
9.79901844615908 51.7503663966149
98.8824985056823 80.99215057431852
15.242900789406978 65.27987912554232
39.81516608840799 35.81853444070764
6.918966908916547 68.61075283042943
70.2288294057767 87.08051762779525
67.54771105276421 67.85850927299202
80.10807321566756 82.3126602411845
60.26250048709787 46.71163086863568
7.273404441648356 97.94006939704738
16.361160822576103 41.28878465313015
64.0044392760824 10.825163520619885
73.65613704684377 21.36896799804948
80.51471083637318 40.325913727531415
66.94581565800915 63.94949128355344
17.673810432122917 62.32917079050152
87.31325870391021 90.17948674232873
1.2549360940768195 60.85558413906716
81.47501198449405 63.39574646591455
22.43429703828995 65.72179602613683
43.12850397225869 68.92975855034878
21.584443834906743 55.232283425828065
44.34545152762147 97.92342039311372
30.9110402707693 66.99765144865083
31.91870040094408 90.4034429266011
38.19517685762251 74.05298224761125
69.1611852061266 49.888453171108374
77.50740868741516 35.00993739369379
96.3008931713756 11.2469892144339
30.52004141684066 3.5597970251388555
9.30212211855702 37.615598617746606
92.19791822802334 38.46082632157012
64.67687603598577 11.52949872683493
45.216715848216104 25.823926106030115
18.98223216480359 25.657866845195155
88.63721788107442 19.695235145261826
7.886877841880613 16.10575016055683
48.6293570544727 42.239323238507154
59.65177770125465 82.18018584942851
50.44442445755018 55.19240313662738
21.528369010728976 54.47811122631778
54.711369257795084 97.36467570731232
99.01289276829239 64.66119913978872
21.14960250626272 78.67256555573451
50.20823432410686 66.54016118569203
26.680164555560705 8.821365272151805
49.03481846514367 40.50008405920869
84.0572798281017 42.20075573887836
38.73276941117235 1.0185684585159116
7.726764922075469 59.955566800648555
21.374459275291223 33.63815097289324
16.50333849583696 1.8674262716564027
13.500986854414588 85.79503664290947
19.716906207228213 4.9061731564183475
14.953917052141975 13.104778074086065
22.351736957677083 19.13634134077401
56.60449303703013 89.71516910636547
35.86128146004718 26.150185131167948
83.30010125190425 91.9972288808287
95.79868743243112 15.963141513603274
42.867090206121205 68.68719456388723
0.591063395085234 82.70428405767657
25.300623265351152 43.6663550402906
98.92634453528446 85.79494936276345
47.586027060105565 27.925535896466023
86.52965863861183 64.50988356481497
50.9701263575275 33.96542963842128
81.30201864421338 73.8765503315646
8.24697286995354 79.32214927749797
67.37623622602818 45.50010146979773
57.94412777282756 44.57560813055893
60.971609522674186 67.15225085442982
72.86964255221426 64.65123817566946
59.067454955274634 31.98270451038968
91.5311170496565 94.40821895966741
87.91626043969163 51.62377587385987
48.06038636716436 81.97335237503854
41.4631975796434 68.86010567116855
52.54278482380761 10.914162561422081
40.64908044405797 77.5417183046043
77.89831466757707 58.762762263783905
66.93416665449588 84.09997227983555
98.55409790745087 66.42740348705927
24.301629549961024 82.77879998323051
32.8218528916857 98.642255735052
97.85671768086426 49.609850615720376
96.16943027328949 50.1832095672027
23.787475366104694 23.125381013717384
61.39532542652514 30.650848811790066
96.49907306253822 39.53590225318505
69.75996773831163 59.986715750052625
37.800508132238065 37.77681893677139
34.74478055653619 70.9716583972007
97.24158012505477 54.13075799714158
8.660227229156181 95.32581384037859
39.41331063147404 44.8811227438784
74.27384273684275 37.237785159577065
85.71316607950814 33.110339676421276
5.756346794114386 68.41324371837383
33.479339608274586 86.73591391911773
2.403679678764803 87.77489851166024
64.97478605305304 68.01280232911158
61.47732590808484 71.24968547181791
3.596484059528715 95.84702000489999
87.21467932377485 43.89272349469556
30.057943633807227 16.14835602105915
90.26736644237305 88.62535042854023
64.58457032703748 77.22873488704838
37.507969065605316 91.9842145982976
46.16087056666518 58.55743047990052
