407
35.61889337278161 41.882569211675914
72.60930087281248 32.17469341453312
98.14696812710373 82.84474063300212
99.9943558871644 86.13399596404298
76.39881454073665 50.79208894256787
20.117784701594886 50.72940746827616
17.299950283710995 76.5457563014594
27.010108253314115 54.5632426019672
59.69503727222255 27.60242315178808
2.560622915924038 68.80333311131135
40.83602521421965 70.1842316324098
23.669425138833887 57.17237895781827
86.95556416540701 75.86658163246322
26.992691647223065 20.076417753738184
32.60932556209735 5.459863469952875
19.048338664027888 44.97517053136348
16.227749961365834 93.14035872013086
41.0214801458329 55.34726314522912
56.78956442710796 40.1319019259706
95.04337920643404 24.373566833367377
60.00315224110513 97.37793678736604
50.712120269565574 69.39781343700436
83.04877501446363 5.960754077749153
32.04113641047252 40.298029691089
99.3737575966826 38.24436975934081
66.19455048202897 68.95870216648942
86.71502052390613 63.807024423043856
57.65353712870523 91.46122882681333
77.49421632042454 36.286021762305346
90.07270486770574 0.8298284856520288
10.129147547293316 55.974533686009224
25.86182446208468 68.85966411438675
43.15845088325664 51.025303728445394
47.2624440014052 75.86496451203818
80.82791504830068 15.259159855562853
41.7859852738186 68.12129401864962
12.149443928081416 20.011005494045197
51.09259932236163 14.418149248019596
15.28519082640215 8.000394563261349
2.8033674695974176 31.09618133790606
62.93531012740456 54.034545074615316
73.1045617551436 28.700923101570165
65.19694271456606 62.21195111235499
69.35864315402492 70.7093490347592
26.973429749849675 78.05550768421857
56.20608469788505 89.17799115436029
15.941418110696404 17.436473029559718
80.5082041811154 84.2137860853758
50.73223831812202 97.17161619764713
4.629913867621449 41.88427594943101
97.01214376196673 59.20044357034596
57.91642102888511 86.22522142801459
18.265685357323292 8.589446102507559
43.39793744936177 0.7519370399362901
79.94235552317579 88.89244293578781
42.9714152098292 65.83752832585564
44.978864239843986 82.82839929472128
91.08135671966856 32.63042547865322
58.86746955263713 53.57454423878075
72.56162330054524 1.0643401398403252
57.64568867737287 65.58573082533499
1.1987387552178763 67.70241373988945
63.4049029080877 87.9262132785733
6.151425081922279 11.13414723910051
27.48869979765127 51.884010894755406
20.769450386023557 14.693789282804348
80.72886583074003 45.211682708459534
33.43737405463022 97.67995926399314
29.092378780187943 93.66919623915491
35.953328208613854 2.103632480411677
10.082892966264668 2.8855182440665206
34.26829712295232 62.12307270859176
92.44484104156385 64.46729804540104
58.52717501981359 74.96892533063757
92.13237923196795 90.16142221586021
32.73746010065038 91.93260993511903
14.06266975513244 90.28407994602198
76.18717432553953 28.638955719966873
60.893256484744725 50.60854793816381
1.8720448250303612 4.683048541644485
53.354516691555695 93.81366868673645
62.63211797340279 2.191596825360065
19.117071798730457 53.42967329949493
67.59916701501005 95.91576795016086
96.48150914758271 45.97570691474774
43.32325338181799 30.614932602945764
1.5396293541357964 19.343473560469615
91.5015994555613 95.04823958512378
52.804681766835884 36.413440911972636
77.43585396862889 7.282037008018493
42.37465686378591 44.1126984917677
62.38416769094947 19.458826876650015
5.777984486684007 84.25657322604543
32.210829409788076 82.22283911230377
50.88711128243092 17.884959732086237
44.801633104237794 37.93288189592019
17.537030796093433 55.90050726304824
66.49012768136954 52.30575368480039
21.794906135868708 14.762523235166725
13.63063178973578 52.37693828733686
0.5664465013015874 34.82930955891897
68.40230117654825 34.13750177382793
63.50316531918209 1.8747169563881116
72.92828107581664 56.34896889366258
20.440171707808986 46.39900358239115
81.53709762840963 67.52046504897984
2.812166349684475 86.81479041492392
2.8515048205236093 35.46070363933222
81.1379932657236 82.18167146800994
44.16329228886446 77.70623957226185
2.7043151832139234 35.48802435157988
25.347576092935885 99.19944702021415
98.89863286786742 87.95864880245237
77.8974808642383 58.948161262932054
15.77123671087638 41.44664349714915
95.82585304410482 35.25176908648141
71.64935662840357 91.71550625340494
5.44568572192069 47.60158636018061
11.690030902921366 56.98528293420586
11.778689151519373 29.11557096829005
81.04355075783954 7.751941934342222
76.71002503457477 96.8234485935099
84.73961299563109 2.5240438148296573
15.56641472828132 54.482553593301674
47.66260383489418 98.5742714886251
88.51734261739566 81.53076554337049
57.83562193217649 39.29546139807728
14.190331209994667 70.71077289038072
9.8165866077082 96.44574691673903
6.62282902146355 68.92259984489219
8.965947522883456 83.60014013239763
26.805507331466227 8.502616458672819
12.138785644505589 55.075492086272995
13.435709209582713 23.353456357406632
81.86594062103616 52.87163325824491
71.41842724283643 93.61070745481001
59.937821746782184 98.77417205896339
80.21968334107433 23.705267568342315
62.75422859088435 61.00990878403686
95.82367532890646 39.055502462906375
24.33290943130144 39.932671092351534
92.41913046353774 43.40565903736966
56.882121937481536 21.85997200669567
80.58713067137452 35.19679519411183
17.695427059838607 99.74725538967485
70.16187445703552 35.51477003010959
28.845210357927908 84.19457843123661
74.2619083189204 67.93552601513309
21.12790265952029 15.082696422482256
70.16648835309309 17.647566788389046
44.4195552945003 35.387695580075395
71.00650282860789 95.61778863457134
6.21208846118283 31.42249435111073
22.236098275347913 36.71405967938248
24.11817020603818 50.75813497211442
88.86571966763955 7.726434406432114
88.85271197047747 33.90356834164312
55.39827903068295 85.89879819062298
49.59436340031972 94.64482884369043
69.17454489977823 45.97101993541571
86.62481515126963 46.60015578031421
61.35576734288958 32.13830458907429
87.45469911367913 0.8191439145571855
88.0773936672304 0.6515527508860086
70.09247334014941 14.874336371902597
21.660718034256732 89.25912113369367
92.18193006377783 43.42418465448689
54.60600894630008 6.029381398921608
29.170572066172294 63.74927902581607
15.849176337527094 13.933705049286903
60.22530178695082 96.61922083614594
18.613407836457263 22.867806253451107
27.34026180829331 89.03144044543085
53.864283982508375 49.739924583336105
97.3002077404384 44.530747610433664
52.21519931228159 43.72628989314779
40.71149417722065 64.76907761040948
8.586373489154953 14.538253563838577
76.65815142459815 42.03095150128128
26.80353397215882 66.0127581717308
52.401500287936685 82.12046548813329
21.237525182927097 74.26987975576475
67.91009006439742 31.955590905556296
42.73370650137092 36.54254742983657
13.068567368160988 22.221535900530487
59.37588268271079 71.82832310177636
5.078998974702387 52.73124485793718
33.560545238694885 36.565011300909546
56.026362446848765 13.89710018425535
57.02657661830932 48.39252087945943
79.96793191815289 91.66801446966166
56.913578485687445 75.75004726281134
29.25881540547811 7.654146549105834
81.10589190665343 95.6204450731841
42.86401468862041 5.8393914706689865
5.86349015617591 6.72696358221474
33.150986133583196 16.25627383624725
25.526710061959147 96.57215155670401
81.37765165402894 76.36607793462687
29.839019640084096 27.780863253969645
84.9869958157755 62.03483938762685
69.28848960704099 28.60505666248955
17.557850883416613 6.546924587976443
93.63907241719916 70.15338514702505
32.520375653922784 9.54908149282626
74.23621941607783 85.6096581202403
81.68853476004007 58.5713052135502
14.661718210313545 76.2026149116379
78.40958643971197 6.787819877017654
64.72961782259922 64.4142549603893
18.872132081642334 24.88091668554685
86.02269275325388 55.63935616184931
62.2451274693698 41.54857757346835
79.50679506604227 94.78383767809667
55.216583996723486 39.10531801807411
22.362437617843167 31.118702095908766
0.7563025633813503 65.57095712254774
20.496137962525395 22.139618138713104
45.73681027665542 88.99899182330215
38.0129678389008 89.98541875458544
56.960491913387514 39.57286005121732
37.4262107990447 26.373713495720153
8.959138700246438 12.981746268187866
1.2235671544899351 54.47126136685851
69.6958561987227 49.90469935962677
35.60004406130837 36.91750916892671
68.20442510673675 22.979657203870964
53.103426975912086 53.100316913018744
34.57765552588188 57.40876590033549
37.134219350140675 37.190173252354384
45.323505250324644 48.48546275817358
0.31878162898419937 59.833044541102645
83.41022150113916 54.89276050638389
95.37205088856751 68.14894229099724
34.57448959164908 67.34014805168886
58.64533950902542 32.73436892843611
89.482907700398 53.09509391596243
6.306274645803722 20.754160136236678
85.30691108980926 26.457697343426144
23.61944697178304 95.59180968393383
10.378496765772061 26.785587262025256
19.033545252252072 51.87881920181759
29.43966048857244 33.926050438598885
71.57195778356137 56.57201067797127
7.882031573578441 92.04431739150488
49.15312307984808 49.217146761095265
59.59928636388315 57.673749625674134
71.3294278713133 29.55709669474699
1.3848854848830472 98.88838817221527
3.7274633743255237 53.35251071384028
24.551661248334288 72.98475845801474
75.87819140359657 68.59147261667208
61.14532098444469 93.49776448166574
6.0176190430750065 40.73263556044009
94.68412678657229 47.56038751521522
28.208391305554148 41.179127348613335
37.78583918537323 18.966501551812065
81.16296695885202 39.65116201166114
71.69574356012006 59.77511750330442
59.134038041804004 51.6638880901192
53.99596954465068 68.50842319163856
96.3684980155741 56.89003633261896
44.02186698368904 3.8513467180226746
19.749739304592428 47.70968239682417
72.85857309125832 39.36481813487991
8.156360930187034 86.88938211363707
92.24088443147667 95.24607889893922
45.76630122041596 72.49305907381547
37.448452463667046 39.037690258624025
79.65101370877927 80.3341395501617
95.62823574080464 11.603451457496018
76.5058470441661 41.62151092094337
7.864582220580873 18.407137572517573
12.619989985327107 1.3512491973180274
8.39039943890192 31.568447572167223
76.52082621397136 20.30277243569043
49.98021688977747 44.20048152941882
92.06880009370082 37.88126076830763
71.75885205459541 70.1413542392233
8.571992352333213 9.915169416167846
2.015099464905812 49.92667821220329
27.57401517650736 73.41339482706401
68.20846642409126 22.15730599313177
85.20619824196571 77.02619533696279
72.38987688482958 96.05385502504733
34.38826480591529 68.6548014192661
34.04558505819166 4.793794153292074
30.08518783599471 4.532286395019714
8.612179573782786 38.21601368308121
34.477559865631804 89.98487228517948
7.333670418513217 21.476511680063616
44.268163338118846 51.4608737896198
41.98195700171118 25.806109549582978
25.30961586608118 55.76461256605039
26.39779203500754 74.51887331164374
71.96302108545736 1.5707403018808908
21.8592884675505 8.988157617379589
79.9275871336947 13.855087271452371
28.948347518437302 2.584344978949682
47.36749614928085 60.86426357837483
82.52939754992639 41.912848939871694
13.783958987799483 33.342270367012596
39.86458329936102 27.6803107569514
46.602185643509664 31.918981841128414
72.59121108074359 77.7826403745598
30.625870044026936 50.30583534035743
57.84742551333885 29.183732305113953
5.100646719360736 82.55007356855192
2.6842228298823434 88.09169933401407
98.79887403471821 64.55772142954068
60.17098469498633 20.25097370143594
26.952205349661984 98.5563694035429
21.909907832082197 33.120887283681085
17.188180198130354 49.86698027943065
96.23102722555831 65.42806754770876
10.14348912981231 94.60255085578606
40.5026647657338 74.66866173788078
67.34269683674177 31.881906398813598
15.759820778048406 64.39352881276498
2.038568297626886 96.12849610883086
15.41412205965591 40.4941315746507
53.04963189443692 13.8568168414825
68.87656775294565 68.64701832681021
60.52822877630162 99.42697999039521
93.68421619157535 54.37659526302839
0.0220491995469696 8.362187006893862
9.286181511199077 36.41220067380443
80.72263391854106 0.5306806778828888
10.008262311674688 44.96853237150565
5.097417110811087 10.446702434662535
26.0792934251884 58.902139388988374
87.002696153181 29.606501142171247
55.122824514120715 19.85110133544179
89.08408032449114 44.75118752948859
11.944794571880168 93.98881809003605
98.93463543456014 82.8917973690772
59.696865979339165 31.83157153756313
13.46322323890099 48.177315354470615
39.224961569320335 4.171227680801747
19.109485693033868 37.66973657190489
27.051851833016826 8.470859740873637
26.288236527228403 82.00715437274842
99.26902669865115 79.67886433864439
88.61753577147465 8.344486575924892
59.61445669517528 20.512929978257255
77.33206326166464 75.70648187857456
39.59984250944105 2.908876715117792
65.67631559706203 14.684164526795595
46.79665414052634 88.20776877287196
90.74124654486062 62.79543116403221
21.790822883331106 24.209203778763367
16.93832732409569 77.95136298756138
60.0341764009233 43.67458397051143
93.17641393428151 33.04780460057002
61.089445229377446 3.737187689314203
10.956186680190715 11.415282125175297
91.7643525395321 58.570005327435815
77.12311503167182 84.82724029524562
21.829755604019287 93.63205608791635
33.44949009899195 9.51291219109789
21.717657734773177 83.0858814613345
56.002369234630365 58.087713458645595
62.689388257938624 88.27854867902307
4.325268896677137 58.58327348342992
71.59742527986327 60.82773245490707
75.902036676292 84.03080070091885
3.876094534878094 96.19478532347576
7.532966456641321 7.495656313029587
80.17743476444117 56.973387022991886
26.011405819273858 65.55320516605367
96.1035042158531 59.22904886320401
59.41620904662942 1.8132311200293794
69.73937423104049 50.75635671188464
7.887423082229916 25.87492062071509
47.63542348525469 15.601180847456497
60.486606937696465 54.35862128812198
85.44433516794177 29.8456562073541
9.203184147916499 98.2022715334242
82.89435340329462 57.6189032921664
10.87951929584834 88.50865410378455
86.55317298682381 96.06782460703866
77.58969314092462 59.84060896590005
30.658222189854513 31.12774514535783
21.93689064338954 42.497614444191825
52.76352145357005 61.981363317256175
1.519766969331826 92.77946252863796
75.8295141336555 57.87467537811442
39.86471858166394 80.12129143248976
55.648232984831026 28.844951290245866
3.968782584823316 73.76815535200703
89.56028699595494 99.19591222729004
98.05933069599587 43.7749208827808
48.74507392457551 35.57739437006732
96.53083865031198 11.240647283272354
83.91640927640827 70.14118027694862
74.33769678674135 10.693599103269369
68.93844628506531 38.920652922609946
51.927358240165475 9.455540045018939
85.94806739911861 74.4981097449981
1.6183284397725206 19.73505866235923
12.162816912323237 26.462902089300655
15.040736243973129 72.85206819395036
36.16615508613171 11.53285233974206
29.180876334016148 42.605236601799454
27.617453470502006 84.01077425466866
54.50862446434799 36.41869202359462
63.096128547182985 56.29846581367667
