453
10.105067277046176 93.55921528099252
57.34682799420956 76.98683011954701
75.33232436036398 89.63009311978749
64.78414339755236 47.85482050980827
5.895749655859561 5.418991832641784
32.15512543990099 27.545121365632973
51.42901488423555 22.573023907136157
82.94132611302672 20.484465044769053
96.25652398318223 68.1937018356687
71.9393054084844 87.61477328972217
72.81402247707398 75.90212568831713
76.23849343154528 41.71341294416201
54.782642174388954 94.53463061659015
63.86985859298239 31.718165270130385
34.86335136252631 23.358237164150186
9.308296535540439 43.159316735349115
19.681899541042547 97.93374374140427
27.960992135185826 50.48367891711215
10.9840055499412 87.11669937073444
50.37634258103052 89.13737960854164
85.92523149358225 91.40142485919198
6.778417726557007 17.440621040204686
59.547252501322056 67.48753390243081
65.1671851828185 22.266139046783962
83.52696618719823 55.36878962003428
79.61998307587726 8.88798661511856
85.09753860093073 63.083286088439394
91.18441201812001 39.78132044215188
48.98899186181793 80.97732991100641
10.36009952120186 18.428653928795203
64.13448769695691 36.25646075289831
15.808732310196516 28.674813368103123
89.2523638968785 2.826830136437841
52.0130523807111 72.32451104887927
77.32591011804874 47.49549533981272
99.82820769059784 17.330757263515128
65.60533557078412 77.43006618926754
28.737914445146938 51.52224339839031
55.53545950174564 80.67039864419525
3.1273608140778175 48.2387808935213
70.23427100324352 5.636169544806147
31.368859811215877 17.569962550227835
74.48658567681379 55.43439477260868
69.44084906108282 15.976998588736857
93.44723613555756 86.39585531996991
63.16897836204672 0.6870443301741025
73.27755489355683 6.319935595788606
12.85973750759295 30.493111004286423
18.46618338145798 28.771165200655304
91.22910465887108 15.620021358458702
6.7086749916730914 46.11584677611891
62.999071226843775 13.862899288952713
17.559960996684076 21.64241233886094
9.933471151859196 44.84411375361892
29.368389458677314 34.46384996106151
38.826498066372906 23.409384907442167
37.324393157607204 42.58509632953318
45.59319000484717 36.236164522814896
37.46660127732028 18.219166257982156
8.26108106168062 11.593745781253272
36.38169603802325 10.97655622321957
60.03988804865686 24.547613664226674
86.65179174554457 45.23428018589753
9.110825964437764 56.44116911044007
57.59100822631444 65.92495657709203
82.87392397158652 37.970440450114175
36.39265766422768 78.91406233349768
5.569260425110379 17.869737899060645
69.11700756812128 18.736190187512324
97.89162655827296 66.03571031317423
73.310829525513 44.57203701037062
83.2943822112186 56.9660543476181
83.42140098135977 39.77874034872659
35.183674234612305 65.31304341577845
95.37370832157731 21.07986103512647
84.24562490736915 67.60509910327744
42.771636196627085 22.171435116440787
71.42733846655047 40.88966861969278
9.704756071876652 53.909331889386195
20.253510435683953 59.41854609131722
73.39044828235672 69.57741243908819
77.19593842246218 68.41155335456824
42.90417148591319 18.783025478402916
2.2371538753072073 52.144613284184
14.763459344170238 69.0662911103889
94.93030774747433 26.800528583631923
74.77667770262492 11.843350353373305
40.65489931367717 89.98840484031327
76.56556236477758 41.159502551933926
78.19541850360423 63.33868138915529
48.34274956731199 82.7851025547103
96.34391016104 29.259808433862744
72.71911281008914 75.2128030110177
19.57830657589502 23.504829823932262
80.0344954625881 92.48500037273617
94.12966146130208 59.02557509230629
45.40557665440355 2.375571293046097
24.006851907921888 74.1428154179187
78.53506939205155 7.673391438231436
86.4228022272026 71.42083103065663
30.87112999861814 37.79984549614959
92.47234119804686 1.5698027033647421
89.96699631563897 12.396939264212625
95.27490469347852 78.14350420226704
23.339763665241474 39.493499781330776
28.187544291108058 63.24391313564176
70.9999751562938 52.35687293601373
47.84616623032709 6.065055639981287
96.56040561792419 37.13706469633
39.658720621561706 71.57729108234007
26.647090723973797 85.64134370869229
7.8855120755217385 14.72843547241368
56.31361653575338 2.584580783574242
66.98905210119275 99.34595952205692
57.718283246539926 83.78322441652473
71.24416944053272 69.509870066592
83.51600196396112 85.7226683189702
23.564163506840597 92.34878931662871
77.47253105132128 12.122384588424296
66.5716141344873 51.3930249120504
30.040364021342025 86.17469230172757
53.41503616938864 78.69384434337523
71.38459502742913 50.90269046159024
39.997230532922 39.56920651295442
7.648674244830755 66.51501779120429
33.0259802738404 89.5222446103051
34.89063812843494 83.09435880717987
11.816068529850787 71.84166972140194
3.594090029426733 70.84743100314853
91.75753094855023 12.159709646671303
50.798214122114416 59.193263186486554
56.65453391030236 31.090065565222158
99.33600505112204 75.90907508482307
47.77232253899992 4.099869640199383
30.991707272437985 39.86540394630128
87.50227907368236 38.32465515022787
18.534698532397886 81.66500059122643
31.359527175323965 92.61771423226509
81.0911981575645 44.38610356106002
25.940208903748164 0.39145461036000917
80.063837882938 90.16725494123023
31.851205264643422 74.5996908605094
69.54407608054544 30.629713789651447
0.9709406715907032 6.34151815430365
12.952136951975024 25.618155848552384
38.885551990229914 68.55467592130374
21.907503256767068 37.33558188203402
42.150556735410596 35.96817012548777
33.31275050179403 32.35974355603488
12.527132288466348 68.66743436248541
76.90336858726698 71.25906215718734
87.83892234638708 17.738910946059516
51.09393516334849 84.72918710311438
47.234696919109545 69.10037541440285
77.38934760354887 89.42824095029724
31.956936298199047 13.683233440646546
77.48840238050276 50.34409686246052
12.104182297159838 45.146470237553814
81.94208921007258 19.675845038644013
94.5663015595796 78.91143973640689
52.424613249635485 2.5491466799991924
84.99737121162434 74.41716586350454
39.59071833957351 49.54018140120257
99.43069851213573 58.82944483455205
25.72760718646728 24.87060556559212
44.02924014017155 62.56193233973208
48.35166900967338 36.435575539117536
84.54098521753089 10.916036486600111
0.8117641562772726 33.687647423728585
46.890926685569525 13.61055457511382
57.45869794167003 78.02677454705369
21.905090379728488 93.73424332707233
43.33712455944981 66.36008120042601
84.38613841402845 97.409882201664
17.47866906601151 45.598419073185084
49.01567667078947 67.81446286968298
36.13785917363458 14.971243427850645
48.62273120670755 86.59064369825374
32.94593209421378 83.41366686662006
30.0399217580696 73.84332937693158
49.86766078459254 54.87105012387754
20.66920491781238 38.256210715899996
83.35389110149158 59.2193614479599
3.2013137615815035 29.102923982088814
86.48459692803594 4.705262846759172
73.74867416117493 13.194040526611472
40.18184964917202 47.36130033252846
56.020713839707405 51.20912753505967
56.40470508818286 28.57178080310018
0.3842136356185466 56.503134688777656
74.74333659897819 92.46325854739361
24.446032157553798 13.029135718983165
53.559557093955966 22.66068555586218
85.06338621648527 33.55885156114494
77.26135335459267 74.83086106053757
72.3007771136174 14.436741182281809
10.944789570114978 4.839265730563902
8.003032662634425 59.00021782372511
74.87913208340458 76.88921499464551
80.84451280970711 70.90062728915404
56.925223451241926 56.96901859920217
74.28733067672397 78.74409754295043
77.29683691318759 49.54430429787451
39.9666380560238 4.719276984632225
30.727211363065678 22.79323020643018
81.31947421089025 87.33720650814435
26.503043906951763 25.255186704452882
78.4758945689857 28.573780936362446
4.242309124289056 32.14932416791958
49.414533473749934 41.46457096212535
53.99354436461461 3.979180172140784
94.96236374273059 16.95088062263509
39.68832116316627 47.36935013504442
27.151612843007733 46.89038596711846
65.58519662212657 57.12056682447661
85.54845607631293 98.80021772112948
6.949483637015996 70.97060124420626
17.689322880119075 75.34326019657027
78.55230225430601 49.36156288467727
27.2870664705147 82.1570906063944
94.51571696288116 33.82847174245816
86.28063298601796 89.30618928439281
23.201539590048547 59.54289411409679
27.52203870258367 91.20256310217289
41.62673659907977 16.672901639146687
5.115489803157713 89.24694073940708
85.60050232103461 87.10358811927533
58.09475404454915 63.711487418713475
95.23638535700776 53.283421068680425
7.699106277836298 68.27236800261737
2.807931438110811 8.172090943263266
88.32748585982156 18.275328987721217
12.643702523220146 24.261232812868695
75.07039845091755 83.15824465674979
95.33194145770176 30.15391289754191
69.76605455087147 51.857455145845556
66.11072295061416 24.14254069411721
64.7570566306298 80.67579588125946
0.9653694453201411 23.285977381482127
76.24655463132679 43.30231913631316
5.550092451457111 85.53617359459055
53.460187462223566 47.329219537114454
16.722326766243434 6.342087968320254
98.20987353195075 59.701491146571016
58.858990542883184 39.305196873457774
9.854412001372692 10.004521793250309
59.80511803994963 80.50797905575723
68.99205943657336 89.7263145950728
27.793026423186728 20.315919221301325
78.59519388083184 92.29160929869536
34.25272669819669 22.157217073693815
22.182565730953595 92.92540050328516
22.91508341605062 7.566213332649152
5.572017545864194 93.8470289315696
39.28178380530495 98.34176484138887
28.116023738688988 61.96073413217238
62.337900991091374 34.771259474067776
21.52831536076786 18.7992523222833
9.761550881359627 64.47883080714104
60.672016493064284 38.249594022347964
79.89970982730252 13.618804259223094
43.957388941447874 8.470390280117757
73.26269050282511 57.95321311371836
78.67463156414549 11.360197955466155
64.1421128963979 24.321941479065558
57.67073888487675 54.74928814712781
62.294846897552034 9.263158883586309
26.835930556637056 24.494485673276134
48.96919663761658 35.27901370780744
56.589723765522685 68.12598183609497
29.42420440511383 46.23724097141094
77.7413430824156 30.18726836056803
3.10102646594248 48.84086741297432
10.093768276673876 27.86434776394544
96.16787255453167 5.838402225444095
50.00378277900107 24.760773484754704
30.460174925990746 75.69171581067584
63.13884030411825 61.54650527773291
38.98451559624139 26.016377966151737
87.49207819361021 0.45382563931061215
44.25980122023191 62.27382290376193
42.47136292365027 83.55938636642655
28.551436645251815 13.50510708987448
87.53968967128756 72.50893058417984
97.14061737314455 75.50574362645307
78.2259037567289 65.63418838711631
81.421748534826 91.9117681610702
37.1433290394401 61.69552832868074
64.46134856496987 94.50675850294621
57.4021023794448 90.08105605500529
34.37405936488083 31.230327210140718
1.1860628047482003 25.323508599072376
16.819609123229007 14.499227666565261
28.412556422734568 59.62343438887972
92.92517856581274 24.89683204194416
24.32123911684858 50.19591435107485
91.38224342923841 55.71646197603229
24.39960747291401 33.41852271583894
33.20960756793995 92.61415966312894
51.51392447236896 18.322634662050742
64.8863698269581 90.455250142378
23.946150047830283 28.107848731974283
65.62241528789006 23.061495676693365
80.47867452021048 10.80520194679957
4.770396178793391 36.84510848138909
86.64244834163746 17.8906991847844
7.517342136649741 95.51262107547089
33.105440858419946 15.974134455936051
58.00616745533179 54.66611627751933
58.23383948844345 85.50608769827454
2.432068012927935 55.023948464645315
37.57491380602709 43.19326482038696
64.37716521464593 35.635140848909664
88.15368370588894 96.89355968588849
59.84923252929737 93.84852551818409
26.055655942897392 23.32399381754139
79.52031859625882 98.78483458339832
71.25063505987188 55.59003129961264
23.046957776461262 33.00818447691064
43.6109206483366 32.443162521489846
53.66787506348527 93.3547824224593
98.1379025107132 13.554627310676748
87.64877568708694 73.19542371780459
55.49584035934355 48.088596112776
96.00353814952993 28.601937092361453
90.60651762381002 84.67028608089493
97.8500413827268 53.21979869969981
26.132836452533937 9.124292756206543
27.159226680733227 4.316802778601614
20.159833596177545 13.196380804300645
48.515761326523666 0.4726029432187251
97.53096960616372 86.85447458164495
54.58987172587614 15.723977940061673
25.597755883196694 15.06921674739199
93.24842156968472 7.737712197515723
66.69640670331371 88.75679026689933
17.93769539843957 97.65909076817425
96.01275672599347 43.06575848163426
23.959139122007667 4.692237905758246
55.40416818625884 68.5454521034055
27.248843706820736 52.29124554294262
24.99293997433235 91.18165361807192
24.178509684144334 13.634305059567996
89.45040880362097 27.643569605100048
56.74839128562351 92.88751122525976
75.20889822021826 71.12782608999247
24.58287172414144 67.58152036152129
72.27391986869577 8.927653001012882
88.4978365830341 62.54505208841675
74.94580346242691 0.411287436188712
96.77273433503973 16.096845471583954
48.72856018580718 64.45680045964198
74.05356715228751 24.28541202895371
34.03053084606776 8.822521411197803
31.182636509161142 77.82905835695473
84.69793151890474 32.64017272081251
53.0581588408616 11.376393136499107
69.74401257952688 49.76035660353952
39.78688573940893 1.9025432580528134
3.462039968826247 23.54007498947186
37.333464815629746 19.645582561883945
53.19850345729701 12.893695432668373
89.63399314616055 96.61970249477821
68.90177130163671 10.42257738136505
30.68810073679975 98.15080916391837
71.95795136844768 30.813756072338517
79.29865581788752 1.1251738698597524
17.999309817314302 6.097895196965563
86.71218534826662 31.468163262314963
83.93841183469316 50.750135032561
57.33646411949156 84.72763842656855
43.25646964194093 11.61019520041835
7.509406493704529 47.31417097934864
34.435969165128256 91.8121581714405
15.656466290885596 51.578798664048534
28.347383087269062 80.37682895751874
55.31168494183996 63.36693374749818
43.375480132104585 79.1177932614436
91.07378308467138 15.147488724188719
96.35989479200364 76.59632134835175
64.67276739241441 85.14677110621697
32.39972190126023 89.43666968045785
44.07400715578446 60.03316116924563
32.05676166282415 3.310350902649961
19.497489777590225 60.40000631222323
29.334905200094852 39.706892656309535
92.72236990036231 12.136481072970351
16.291431346564732 0.1621899386961556
1.6488086063530694 71.42730917167769
29.523386962056808 41.00559572617456
39.42359349666508 44.11930778835349
55.66710563798253 63.309117811977586
57.377936296757284 3.0852000594691176
3.437775727518766 71.41735201719693
57.24294089166966 83.2140201428604
19.347929714733393 76.44203935210844
37.202312984250355 7.423962420653929
40.864096887239434 86.84751690190224
64.35586850590825 98.19147044659161
39.997589451937856 46.86468914754992
55.173563840528786 15.844890178166072
75.96766515390162 26.36283268678332
12.135761851715666 67.07758232222339
25.66494025727809 89.89300075085302
45.871836385048304 14.924604712330447
24.791471519085974 71.04195097033093
13.38009554807712 17.43753246222617
90.57558797702424 79.17900502426643
86.66371192624197 14.65250944296197
61.10063574068783 68.86787155826877
28.37872333773761 99.36291126439694
58.57097709000585 7.917137465936386
37.83929192397121 82.9583574382737
88.26178477399819 58.90013598689416
52.23171640458082 77.51341556084722
66.9439829047848 8.4225739467775
57.247835304925864 84.78644416504476
23.62766701252945 5.4308096650405595
95.7558096825795 53.45908998917095
76.00369523989382 59.753132696881075
72.82975932142753 42.462203195140106
72.21344822136582 7.026853066092742
67.27154389512592 73.24764133255435
24.349131447555592 90.07704832564423
12.439679757045564 35.8759867147562
40.315822180906466 89.37025335961361
4.130738516921606 9.01165223339574
91.49871607135212 63.23824939486703
80.93767400212035 99.83921286277133
44.519755984135855 44.3848543503851
0.5828120252867275 16.178420686580264
71.1728294999185 32.21334842786927
89.37774283262674 72.17700679249232
22.99588672942977 52.92994604954999
27.02325416411152 14.087293975684878
15.960541813739837 26.229262255416074
45.36387920321664 66.58967417262468
71.37394768279538 48.22798438832333
29.242203152663105 49.26822507448452
83.07283156106344 22.742001317592486
60.9529263084434 11.241760367397447
33.572566838619956 8.597986529305857
81.12151882600718 67.97690874752608
82.49338421537793 84.47731569357965
91.0742503187388 87.39771811459777
44.83332852413009 90.60316017579095
49.50649884823686 98.94729061927744
45.57927843390313 61.103256885080945
18.25959252274706 11.810976010834395
36.01221172296382 91.81125455879054
61.32382907353333 28.3074391931487
31.46350001177408 52.264096177282624
90.25606143713986 5.84034307142004
