465
40.805804054284344 62.56293082981011
32.73507912200843 74.94639485493164
30.5661243143585 96.0669449664403
85.07432870611623 60.65203249434267
64.16905034385681 48.22457721134919
78.04352572425456 29.158071872883497
73.27363935078905 74.42155095348002
26.20822673705604 74.67715466384446
45.468978558333184 42.39940537916507
26.561608441274455 22.72609561905996
78.20777704668915 62.29619432471073
46.80923806070842 65.79230052953245
42.61426847401027 56.65813090205178
47.70563098061522 63.979900830355206
16.353903918996505 3.9292242329599048
48.32824629825938 96.7971147461725
32.857988557322585 26.87049931133545
35.8912212698766 2.9836378324579638
87.45325206835416 69.89390915822854
57.847785974484076 93.10154973982935
30.29029849848458 69.19905337488049
2.494855185355238 88.8266492297217
16.692485923737966 15.106780121472374
32.885992297212255 1.0425898342621753
70.59686124384963 58.432995159006175
11.388180024468786 13.478410024152643
43.386376855361895 74.65273522956504
2.2513335448827276 10.247393565103957
3.713020310265569 74.00732942546634
35.184416809504015 77.2082190421917
9.734209133396888 80.08897061435525
29.140662522301042 96.03018856278588
79.01095664935556 31.864132754032692
93.1132204465566 92.04934281808478
90.27617722449347 21.156140993056084
99.59162017347339 41.45928117790385
66.21691402383101 43.69414748404594
72.80447166110385 69.13123452665543
67.70830231818569 40.426605361869214
74.88371722766081 81.63322948859384
53.498669055477365 46.968724008577425
92.87963027834658 24.11343259379539
24.131254904065802 44.163227187562605
32.149032024640455 0.8893166093476901
37.28878334611204 10.551967836234565
5.741420755351601 12.927913926112266
8.499429498234445 28.74400585852458
79.54631317657386 6.722449081694037
2.7426853319372446 1.8204483637941582
4.2881412861203945 30.954273795375453
1.795021809570796 12.027613785672242
99.69912420854091 60.15150271372281
83.21245935647126 32.7337823160582
58.5667641411853 25.184714265583587
75.8867389112577 32.68777055227746
67.12712411020223 50.15065600256028
55.57535221044265 94.72376289814824
26.862740043780285 39.23644132583942
19.985495766624204 64.52963791371317
67.1377355849341 13.161526970780068
90.84619755624608 18.376402034627105
57.25742687486619 94.91718396269249
56.653780066874816 90.35364687861077
72.63389262832848 14.842688047844355
72.37499916305727 19.96670612983451
65.52096439022003 2.7788996195895033
60.51753950449229 50.507403609571654
40.78008328235011 53.8280723756635
60.15102192754593 91.30571014951941
87.04884531983372 99.41745288442951
97.76196919189229 0.5795324895242149
16.95987710790783 22.509347753069108
77.02726017584322 90.97487623392827
81.17493236548273 4.961668721679036
32.53113038778821 34.85796949779127
12.66903764933499 24.136972358076115
86.4376577104248 43.24380549753487
40.375620254003906 9.272970217315923
80.32608119234044 70.26307772974619
13.870569904452257 10.88824696562648
51.06023172279832 72.00225745867942
75.59936473550081 25.18421433608118
96.31012230633459 29.931374529819387
40.694301661041465 22.25072037864996
67.93435757185341 9.255994878585572
73.68345219051882 21.455776338146915
60.64877306454831 53.23700655000725
27.24485562730544 54.10624125812487
69.49302965828323 46.70700045388131
68.52094243610088 84.26626633229047
51.89581129026305 61.844199228416585
9.811287051157969 93.28156568653085
52.561118472057345 92.3054967429368
71.33470204334039 78.27057766078043
87.63358869926134 62.03513618445756
81.29355799298055 8.922772596329997
86.95620597753401 64.36742826696086
36.74234053023966 60.96332139013169
2.099247057359499 11.584297945135146
8.94915766526564 8.151996909135084
32.55321441053681 53.55099909837021
11.918338865774992 37.54306408291508
11.014884867067543 73.01863207025742
58.89026260772826 97.35409621975808
7.881322709358773 25.66547648434191
62.036702113077794 97.38692554465992
82.9535033011119 77.17950007400546
62.321457119379296 47.52076732824222
26.109671955066773 46.21979529801732
19.388549917837295 43.146611448760076
22.486530704837236 37.082499266895084
73.77297363615305 77.99088996202399
32.97329804596609 32.73455518104751
73.52445231602066 5.127746537984823
43.01803486989638 97.9228520979557
21.170601925899067 88.61227645406206
97.91712214418204 70.71361850331114
70.74832248522453 82.43371264982551
55.292072470323774 36.474855835610455
54.324590519324076 54.387730945594726
91.74733379967928 41.47709571890602
69.4364354184257 46.38736272289298
42.452966473782475 79.9967305270394
3.3956911463290274 29.393519340013075
49.627415487235425 88.9781172861454
66.80690960801444 76.16466297750706
66.30662458783156 55.28978749800294
80.93425827929576 63.42407552139905
28.336161120384496 56.1014832305038
50.53625736733303 69.91687275658836
72.01167670375965 93.35918833534559
29.53459309590255 22.986928612343828
1.61810340234112 71.98245779618024
95.5294943388653 75.27034369226918
95.41326559047842 68.7468660683777
94.52517983580717 28.003026950652675
95.55665380870693 24.187020643827275
84.8044813424292 74.19700089843147
79.68278950209758 60.56224328795503
36.97033983354861 89.17033626322512
10.13782114724069 79.61025052542662
74.56103167248122 5.991353148728418
36.535791550417194 11.267173466625291
93.2219883572645 83.43343708010255
6.794234880901307 64.84068825397007
13.875070439063542 30.54535326515492
2.6890255512398764 1.2759180351885613
35.42532805461362 17.84480226325924
88.11084774084426 52.28865987215626
78.80058235708111 56.54282512213261
28.40191000547071 95.44661795442615
84.66826017172744 35.246715621084604
90.93337364997939 85.58170351053262
81.22147819746321 10.028111236863424
54.621699190635184 58.47562613715678
53.51431206594336 68.09996707077651
23.38002210100423 55.67735583024921
57.79763332206961 7.345818583875518
58.210161761254575 70.34848794771946
89.61047558218684 64.61028872978507
58.51731096990267 62.171114386421166
13.142310345477625 1.8101882180969198
91.56744315797938 99.82100323433576
22.0505287655274 84.32666228876563
82.4573353025962 34.48387776252779
33.9181954646127 62.875384579117366
7.687192576846746 30.5948685215061
54.10221605049361 41.58733463003682
54.072989177542986 6.660969964782327
97.55739955838646 12.796283694748567
18.4928428865204 53.81549940382676
63.84036364867317 4.334555267947882
49.4880771749435 48.55834702681578
39.66551252007524 15.622979429391426
1.0160788504757212 67.96897027606967
27.311023680490266 45.72496459706839
98.2048212175493 31.974510610953068
41.790819057107406 26.4270676489308
11.38799848120733 84.33084965509092
3.076150459737237 76.63444704330213
54.251796889002 34.17014703650981
48.18749923752813 20.994836145460805
70.59561266846777 29.704024772266024
80.36483409902245 39.80389481131459
97.32858643279862 51.47352956288164
36.9131392195181 66.52588968191344
34.92719402353407 49.42773080734825
47.396283191818846 26.8895480567098
60.6830499697069 14.754289457259496
67.39883672118472 62.920176392474204
35.029943573826216 35.59550395466411
83.1478605066107 36.031709747223594
46.0082452497628 27.093889214151556
90.99096002354257 63.15329422552117
10.473773887246352 44.51068429799988
85.17462892026414 91.43930930789524
65.28433241695552 99.89501320270962
93.02346169441198 58.55982697637868
8.10460572681695 42.07197564384716
63.024820289438864 5.516283495408669
7.539910556597951 57.36758113302237
31.030246730356815 66.21766692926306
35.59134205039827 93.52547212681714
61.198215174337335 15.933508784743623
65.80137264619698 39.979336876789006
77.41062361726367 37.13654083345662
99.88336243920475 52.95762158615578
62.21350952735102 43.17540922958716
35.80401599654245 73.65142026792081
44.72612415720418 26.020568187184335
8.103573500245698 50.96504998208676
68.61496585563214 98.16021962653244
68.00806287960596 74.36360286795876
18.923214825736355 75.98526989420516
13.128219913474592 48.664607495325285
38.40862797459316 14.056668326978649
20.672437616054886 96.63906447080089
75.33837550799034 17.156850201308394
33.23977256832279 45.55974895009262
37.93396670406418 12.65409161280494
85.72568978790636 94.84476235496965
77.18169751700287 43.169605961656245
51.93846073005229 88.88680966512293
95.98380368692513 29.04436008430782
73.86742355559392 45.203270582852575
66.12218245366823 14.200898293536445
47.847137049411884 19.165727123603048
15.502254058881038 91.60320581276227
67.86134867839553 45.99756031277719
34.633272936505676 27.10566690052394
65.91572956074073 3.8169267178797317
40.82963499048591 11.295704810153573
39.07398436519943 23.99723529029113
52.572483435230424 67.31648599678554
7.870574226616145 28.05273406801976
65.24446758747796 6.524598487364031
5.401524970791749 30.140669887339165
7.550767196334574 2.10141320512528
24.976059755887047 3.3722037423669304
21.743921108015694 92.26370420788447
42.21909969382247 95.32763360204882
38.464992375987435 30.105751240542023
74.02086211887315 45.98362265157942
93.01570897095564 40.10513861569167
25.662693875643306 99.59806419750025
18.39720456521142 9.655012013931874
0.4760787528428123 81.75967308032062
5.3476361485013335 24.518232034162356
62.7142404487532 6.4954456475201265
30.12482144213542 6.761231805135481
67.02403311745697 45.19194272807051
0.6231751675052632 87.89815037294402
87.88666511249812 65.42096090268087
45.75709422597465 74.47306057489416
61.45103017152644 19.136032703511386
22.71708638444162 25.66883889606162
82.83448955600429 69.66864031866126
65.09312450712628 51.1488264828873
10.727246903008004 2.7868447729395895
42.54613643212778 56.75781007091825
25.75058920575716 44.614469947699874
65.38663186617694 86.20470259217448
51.833766225481185 88.56423010213231
50.81651509598928 53.3154472440486
74.11849540822713 96.91734689920031
84.9083734151148 8.926681283589744
8.725604386699072 32.8910358344173
77.53564237666644 48.41281472869109
95.34750215882055 14.354373869561343
36.898412156398805 23.964838712698956
4.424253389456778 42.42820192907567
49.543970075033805 77.15780810411411
80.90933593193593 32.59446652645668
29.899925626426736 2.849411480171371
58.83061783632826 37.34269947104538
45.78521604251405 76.26478324209029
8.78308387745771 34.485824664634144
67.20661127037825 21.592315700738663
37.78583963655468 87.08490128393784
36.971880636493204 64.12046064092787
46.71704887689455 81.87129705153158
49.400871838245465 31.984438539917825
92.23943569657906 92.15906168182393
94.43471866739283 71.5351170025613
44.10468566083694 28.99996822257551
97.91160464099657 37.03153652315064
51.91786854306194 10.15281456630449
0.041968710192530345 18.20610129990795
31.213114758454573 71.53975698308106
25.76962270870171 68.3021031633304
26.594179665559647 16.18805897653045
87.53536783813394 5.267682900082004
56.17725153242726 6.700023340261152
33.84654768633539 46.275565121683684
10.903103595944597 61.59170939447365
60.23005717391431 62.689616159049635
72.11539379294265 75.26772271913184
51.646683968529274 31.57383404252615
87.40568389174216 57.07056011360648
4.731779459601837 12.791084765228078
25.464926539255927 5.687265517792117
22.951573407507542 52.499843622105736
46.25675224559668 44.62449806364441
94.59311335957979 32.41041120040528
92.63600968709336 45.50403259503663
55.34981931681774 39.84541927607849
0.18372637661132618 96.54479925380616
23.832140610136342 69.37483643353895
71.55142397564528 26.365285874243494
87.15460423639966 32.77842952679888
80.25113134373761 80.77528866009807
88.09302207877529 40.43081001394895
77.91440655197103 67.23898663541439
25.579106655430806 59.90275207868023
69.28746418165964 51.41159557340706
50.42155028740791 74.97401815069234
21.959280565721684 70.34821268957957
91.65268997520238 37.166272007683055
58.11398536738499 2.2156249178322263
5.629375433407279 86.29864630756637
54.07892246492673 47.62077432078152
59.908650692336515 78.52968931255754
64.87953195873419 83.16518730231417
95.82101289048629 68.64555098265585
30.377379603885203 95.7147532644648
46.556177420298305 78.13373392630689
80.54487835292802 83.01794356785915
14.30197857761739 83.57796798864572
33.806565505121654 66.3740502425478
35.89881788821826 5.739862259346484
37.30575626274263 82.6416279321766
77.75577185563802 41.848076078608756
29.55480511393195 47.9201587900961
70.44380841880528 14.19929462427011
9.87222164660121 25.77007852464973
31.39334603934244 67.75203229101012
33.89451986615656 87.16195387138015
63.601204985030954 65.98353349054244
93.96103939598584 5.678477282847028
19.759452023274026 61.02055459950259
47.25260501607976 38.33292016787302
51.261271304857246 72.59344816951126
54.084794352998955 90.02725038970911
3.1805406766883704 15.302292844322062
6.883086041457743 81.89443445256782
83.56580681966658 91.02171790278524
57.22931707924157 93.11255383665379
38.03102622753154 3.567780437668444
2.368045632766236 86.32927837962616
51.92218788229302 40.06520384957856
88.00716520571476 92.18558053570173
0.10641400265661849 15.206118403590363
32.86487227995456 82.93767943649303
97.07347359035263 83.71840113074215
61.43418314442036 87.15909960175225
54.33165193050971 58.37210456091013
60.800772812597515 23.028593062842273
46.77468305401984 8.392387110939769
80.46071171518808 71.45262888439947
20.171237445325907 86.39969878917516
39.90095901740499 81.25116943128889
86.54576318756769 56.99538333334597
99.50671891869378 53.441718239171365
12.856565335776182 79.17487907212126
72.53077815228963 75.2801152284407
63.64157198483548 68.47328345822204
33.634115626279026 51.6432353870104
36.838470508630714 53.9004887116866
79.09816838922058 4.5440598559910566
72.92835507397163 78.12431553591952
98.24113368869986 20.20660848626996
53.93878306929718 8.032339069070726
63.66705360270437 32.61582081418706
72.31888227906956 49.93983963541909
21.401394764547177 40.22902978286772
40.33733742542683 6.410732746510773
95.95170924608497 71.6394626632728
56.95585437422619 89.75901234892495
50.69117436171072 96.46441854241594
2.330922456369189 41.03672522955715
52.70963653492453 25.289423052427694
88.08965667061722 3.083915819443672
80.91050970333653 44.319683725297786
17.449870671040145 89.18404750843195
85.54928510688485 87.70504031640927
46.84932578793822 44.479599060524954
37.88663823536561 74.35677585398967
77.72081353731282 86.71913981484593
75.9739016277974 14.475560220261574
79.75226446133267 45.74352000520221
21.3498062462244 3.5155848143348267
99.93610872406596 35.85468922534809
26.971187132660646 34.73257676155059
93.24877878023479 85.10168163282215
87.06103605898848 19.614174783988393
21.072424438534497 9.057426930839775
39.291608366045075 89.98713663461842
48.69683195238039 50.5408881417748
96.92277594452999 71.70461538330525
42.8301235827903 36.39816231973154
60.61855647530536 73.47075489859523
90.33213399765631 77.13417073708163
80.90068657350132 48.780533502522616
7.15408692751317 92.57925128898204
88.42078016300047 89.03010804633438
41.142936032516864 40.82621302838789
64.79616231655683 80.30380803793338
44.95713045517942 23.405537174433867
57.47573897608318 57.43532980415477
12.923949752485953 86.7099212418887
87.3944472206692 5.295481218245168
75.18547900621927 36.05581898909932
37.21261345776464 65.14667910742527
41.055816569166524 67.14468218918779
42.666976844296954 5.2834415257527745
64.83937990253384 20.849706545765002
55.68424514892811 43.29138868002841
58.74644012016326 25.865997358858316
82.70367581534354 48.95602722005091
81.91640418422539 97.43582089404079
10.712897766641593 92.28254827945948
82.39146169512343 38.76413719978212
22.678511210918806 37.63982389326785
45.96785488348826 8.460333462146718
58.384335137815654 45.061840865007966
96.01895377000311 92.77187492045863
87.7938801484505 6.596480521197112
15.724321272751196 57.644418323836845
39.86325651944254 0.9324177836751213
28.72685000434647 72.98167236798085
5.827882250197858 98.39762274061754
17.697070616824284 59.013264572921145
58.133166322528304 64.0240682364922
51.83014376489046 84.67616659675821
21.472103707051993 53.221876704056584
80.47090650760086 73.47644444979434
73.29381033371907 62.87717236149094
55.06912593924781 26.341953060461766
46.44295014982573 20.466388401463075
15.65113918204415 62.605879883062464
10.100806424297804 89.342642773071
55.21287578033517 54.305232547928796
70.04129841698584 65.52532985181458
19.31879203970074 72.41898762702273
54.57391360833548 84.7699159407269
3.4867453645871405 21.493540536815292
1.2268390820007524 93.15269518641533
74.27498274679853 49.40185726651005
83.50496380578242 66.42653877061743
42.23888366562829 35.91758957746468
5.873494019729264 18.572603711773983
27.054887748435842 63.93346355497962
68.17673226299392 79.72215485487692
57.15011180569611 59.45717696808374
80.89091822821715 85.29647739621458
72.39637136313331 86.3703407119835
56.85793942228838 42.17472103661709
83.66084063838736 83.61861652419216
82.62486598979669 23.08622304668194
59.84463591026089 53.333010371677894
50.4399149758521 84.108506198995
57.35890315643171 22.689247217928642
12.153034233732985 63.5924438697255
40.36057195787286 95.44202301527432
21.538795981830127 51.81744991030213
