418
12.204189193417003 4.408842687815939
48.65370253205536 4.48485012334946
10.520692061706615 40.4791025511989
73.24814330788378 10.187542197193899
58.7402600370102 67.34440788093417
3.1385751769402503 94.57261142086195
47.33868003002314 39.92071251550976
70.49082636658765 78.47193462345923
75.10988343540421 36.44635241213039
98.04985151423658 49.163727435673735
65.35911827673486 60.5621750597851
63.336331062597615 83.66535780211322
2.0887858908997248 25.96714166948647
93.46612601363671 45.53773082983854
54.18381007480607 92.60505282306039
2.537931266799265 38.62337715382746
48.931050519098044 26.819528214690813
51.44341126939332 3.3381075408532745
1.6787707153988252 66.18159907223261
15.522874725856251 53.98088068150544
26.5448110065434 17.049392758678195
66.27903012362569 46.67639885174817
68.46908483232629 27.175749955517624
11.25375339337371 7.012510009853945
89.83177721283236 0.46761170188243106
44.05262566735734 27.927237701290252
72.21130852214807 25.462510070415522
3.626580657874423 37.12150007687893
99.02911133107169 92.12239110267353
88.08768237934686 33.29720003374321
83.6564914851873 95.22490300721473
40.10442916072725 71.06864361112156
80.284131870703 44.530565580715056
13.522878221067014 39.434696813141166
79.95028032423312 9.988654862980672
8.164960948256194 89.24742414523378
76.37350725199873 37.23904883913208
49.28783404829408 50.81644562100433
47.108646962965416 98.53012005747223
24.90067647444718 28.918563843076427
88.2852677285927 49.9896160943871
33.9769532572449 23.53870109181767
45.195632194964155 47.95163131354001
36.49327844784695 20.109852452913834
27.72233144971351 75.83938383177396
60.17308127113454 82.41829940892015
98.29748500004334 88.5639797561816
50.9366369621095 8.135778459788234
56.59304760012902 9.296345442322451
28.088621962850635 31.816444932261412
49.19726878468404 30.796382112009503
19.015091389070825 72.03929488091016
8.364023216011862 95.97096306435199
91.50190782312441 53.714469116434174
38.465773250024185 29.06967770766985
17.822130555363447 14.176385763159793
31.47885177661959 45.91256016843441
93.7935700680156 81.93676462053119
44.299522206641804 54.71129017512101
53.40031106061246 15.956353642532795
72.12295367761169 44.99059334571385
11.481824724611577 85.3211094345457
13.113631583307772 77.41452887425329
70.14345016851856 15.1610184584682
4.7724817812752836 50.68794898263438
98.06776152888914 49.76200568311434
53.44697088111013 9.84878473510996
59.80439240240371 4.096505243878445
53.376072056646294 44.067143478481185
71.69556663570859 83.67536353613292
41.36569713422838 65.35139949980405
12.854081088547142 94.91028417314146
57.65518340483769 12.825518299031845
86.83176585640709 2.9791287782999887
55.08578478561448 1.9385904200191595
29.211929472343666 47.61968642019486
86.29595099989469 58.62407452533704
86.40205531673274 98.19187032468123
22.950522017397212 52.18687194841344
24.886631859714146 1.4189186854509428
60.4900481264214 2.707894765358654
72.60934475133904 76.55766384620365
19.033058055720698 24.489030118284163
55.48877695549418 90.09359948653642
98.43901430673596 18.953322555764828
56.712360185958 32.97583651877112
58.97894022400737 81.81488539891497
6.98279992769727 89.55372048011809
24.6716578246875 47.08101502748552
52.877996919673045 99.88839840565551
66.74749460196313 86.19380008178751
92.28752683343032 47.165727257726516
33.628573234915024 49.773656453105694
95.32606533081702 4.255964433402948
86.49513681165392 75.16988794165611
41.60809459873158 82.22069735077062
80.1493851186431 43.59053321120656
24.328575414696896 45.632219475604174
2.4707809441498196 16.96036782386584
84.2681538307858 1.8208657159865527
3.976116413108055 72.11355050193563
9.196707928381498 26.525864894579286
12.237544570500003 51.83983513916471
28.675622238603072 49.69705605510709
81.92803673366888 93.00443703841181
30.30646363684547 1.4484131147316837
3.324570623145684 69.32100737826597
61.765775919734324 33.134279518153264
34.68415857076032 21.262948753052136
47.68666001340176 51.31804482148096
56.095097620776556 54.25754428555059
30.74995909084621 10.382953021566955
16.831487393206544 60.785918690908645
73.13599613528122 59.800526747320504
63.12533928101606 43.296302065451776
51.44929734345284 94.02930762003106
81.05522785667677 70.11556583730756
46.08595608738696 27.201204919230314
2.3102796559983374 38.18906529723591
50.28025509295524 85.57840016157544
43.85581292697678 66.48641905830819
47.3853738707589 81.64820203729666
54.892129876390996 53.19530930029386
46.61848878563091 8.592190385494636
75.09305732010695 40.96149090031255
5.270869300041103 90.56008322262315
7.219608490284957 13.933322924217407
31.478799629277642 6.693811903629299
52.4162048057252 49.57033546656079
13.913834852960727 15.098251958789321
10.69088639790885 90.2325680297937
21.25800739213003 27.226858161862044
90.26667410875132 91.44969143354211
88.6058474604098 21.76478149368434
27.98573563993221 6.564320997545248
72.64329065537109 36.57702794065533
98.65981582260208 52.38459379855497
78.48567396076929 78.56907707576303
80.65299577534462 48.23484137134489
92.57607649556181 54.555829128525716
97.41644855830049 66.41984518136985
59.709285557875766 37.95199226785756
68.36812095814291 16.042905685588536
49.11103144113095 84.26410168004
80.29271378672877 30.12878257730548
20.77458734883535 43.49942004053361
91.4738607525854 6.111315079829238
29.411593313012585 95.32352865169248
37.4114620725509 98.46975743048397
19.8895895847676 40.67585434324753
11.78826066333174 21.781515841650357
88.84683855108844 18.24871954270585
93.74719722175038 54.008158712876984
92.61846347846323 53.90160028169285
27.37818557872561 88.5866782778738
69.76226683917501 86.59010289857137
81.30326173379365 63.87963091611315
71.56192073885869 24.956871074332366
42.913833541596944 32.40808739378419
74.2394148564899 26.096578965772455
86.96817911864247 62.32405826123549
56.47377176713362 26.98631514302362
72.70497687366492 4.866375417248625
79.10324718319494 66.13505982277607
73.76488518610243 67.68400166847731
19.260877555112522 16.07663264917746
4.569890744037597 62.90711919036806
37.80179416226761 33.48265693169179
91.47391913623737 94.73459747612571
9.314682824941256 95.0244949187357
73.41372542449479 75.22327483386404
83.32820645160733 26.328344715216733
59.80549691505864 61.772972726665955
87.53692864525289 85.13656179242544
92.81191794662378 87.67896709250904
18.726108950771913 58.957037493379325
13.863026457686656 54.538524393681755
45.208028251445775 91.58450599848297
64.02831360461802 48.96398219658431
25.47561140895941 19.702903803111084
55.57350871016418 63.26372512560554
28.1867246096702 56.02745640436261
65.48418550253392 66.78110869071998
77.60302673617664 73.98035896706256
79.1630136797542 76.0612842963473
5.700279095170702 70.21572386574472
43.02051128224809 65.90475971791648
78.600680431146 97.74676937931402
80.90094251454063 5.1936654160045
50.44471173171107 88.45551668059315
44.134826793460704 92.47937986267459
42.45396651737791 74.16060906563803
23.777657595071855 80.92598685735085
97.38879391985941 29.64290708236299
47.12936930084742 52.6599211456711
33.00407383345152 27.364460348726627
96.50844067907742 8.826069985671525
80.42795508551347 72.2515838375375
66.48291500282478 83.42198491872185
32.61971537156161 52.92646636700854
30.081228503171896 51.546532359674465
13.344823466038003 77.60766168161678
34.25974019839564 7.162007519205749
31.58715088343227 64.49906234257466
57.49102778908056 41.15429053996855
54.28934622760995 54.16412955883839
77.66937786644954 41.821667975447994
79.09031323013421 87.29541418014662
80.40525295141788 61.74305929330981
72.29321061603274 93.33550426326059
63.3917471439141 19.16676477388275
57.96530389244305 83.01946047600194
11.687943494064267 68.28381503272722
11.08555375413285 53.41399848164256
12.491509874977558 45.28035823865739
68.21661003113879 53.451661028257014
2.1884769273177507 34.856348344607646
97.27337241267267 77.78361723687289
57.12995095036937 67.61575416148331
18.811957169105032 27.74862845709738
98.8642394686845 26.3048920010273
55.08570756755543 72.26655097873754
13.251061699252531 16.17840911489472
61.56117699597357 47.252345309327005
11.28100852383268 21.68660248166674
85.0381545481991 73.17691452236774
63.40324926898212 0.11521736728918874
67.02938543192973 35.6874024667438
97.93367760793387 57.967356423368344
57.35213320193508 84.53008171293853
95.26857938319344 20.882222835462038
74.66155386487013 56.93765701358499
21.971877477417333 50.3496882657115
43.78724896109627 19.12866396000742
63.937342345113905 29.832673304948386
54.42188969857915 42.894533414312555
91.13690198821658 68.36297344127547
7.918584712445109 60.02680173346299
73.07417670529587 3.8764831506559627
33.008648966091435 25.08603841658671
89.44499357256551 78.72028287955237
12.810945660079787 26.501597318635962
42.44674407142004 29.843127444820915
22.693464774631444 29.489337772682212
50.77329971547224 70.00400112941779
84.35160658135952 41.57388377793458
97.74455017034842 31.42561406424582
31.83717813938378 38.3070667012289
67.66139000927575 75.91678255446855
29.896722947673172 52.96620466327977
43.22032691519119 48.69570231858313
94.6521392612376 77.18349028297273
9.502076793761438 96.00803115839476
98.16207428749311 94.3674606865049
78.45639391757462 32.3150585773148
14.43372520480224 74.87289987178383
69.74177027352651 52.3290580008086
38.473037811478896 78.43630485463935
82.4468296823182 71.86091326646343
61.2409166879121 24.730978421367865
47.67138203023479 31.387282134985295
74.92467493345781 88.05703694916302
79.75234936196304 62.02292603812648
68.81542660327672 62.330542359814764
31.121931143545357 43.06560195882528
56.61769925423763 89.70568133180169
76.5383260169844 45.02890204669628
60.22366814319775 77.54949831738178
44.62559753291026 53.64841561466673
6.561848888778943 33.11274315609465
44.48174698565636 72.81763416548166
81.61878155368181 69.51882483381344
48.14328051305489 69.26400506949687
63.10060411816051 45.99478919999854
94.86653177095648 28.85463103854341
92.12891031365128 4.985078238749107
50.89566517814282 63.7020547563761
57.812018755487316 38.80198206930843
6.698707720987618 91.25253651354171
75.43501597081892 10.240016767545557
42.85507322380896 31.201754005668302
40.739044808134814 21.416505323266232
84.24958413749083 73.83477104221848
79.7016116033593 19.179281743809508
62.38603791359299 76.17133020942582
20.515760090092606 36.16249939986859
71.73900805772041 59.1996449838668
31.91972209487377 77.8644859256235
21.405990289343592 37.17870152475966
17.37882587682982 5.0044721387193185
33.05727485678908 13.472402966223118
12.97466730454786 17.793357292620094
47.44773137603525 85.06475546712167
70.88088502194636 55.400213802127
87.30994617658206 53.320696725493676
40.54239002274743 57.55433247877937
73.24100010520301 97.36375103570182
10.948377814606324 12.644540782081526
48.64544022594842 38.059876377013424
82.8846531426622 29.54764500384194
11.339384933761131 77.14596058002088
83.09165411376519 85.8947452561416
80.901554588307 85.82526069614744
10.662385643648564 39.644191258685005
30.90243246022757 32.283180238624745
1.4249569596137102 20.163777694425498
53.709528954054285 52.19162305013908
26.113521971452002 46.526560140443216
65.66997473098681 75.76625076954502
89.6245166665824 42.29720922685276
62.28910252701052 30.099335185430785
22.96164091216799 72.6404666178752
88.59019689906269 68.92772916356579
45.54332251600466 49.36663416581517
57.5260643908148 68.12622690980398
75.80503202340107 34.73998156895818
36.21882235067775 35.21012635035733
72.41096852201817 68.21965967342543
31.530192257413802 94.82153404748978
84.58909016574361 91.51377852237938
20.67176366436223 36.20599768157775
28.432699106247718 51.299721642666604
63.52193973381874 41.064722927207356
31.94512348848606 17.475036695102165
59.82470491043581 41.021714899038805
33.52961317767058 72.0871753847539
8.40148814333601 18.276982070579006
44.03849355392114 72.22268917596486
47.15367471717143 48.213041575350466
45.0870732348275 81.97612556088991
65.96792879183663 88.19215658508585
53.22105504450012 81.3013128149977
5.930122134736715 87.27202449002867
40.2698127485606 53.47447801570551
75.19522624622948 45.97168062062046
30.967068112470198 49.03517947608926
7.90125568829847 63.30781474637437
33.86116174344317 36.27207696485533
63.28919326572945 3.300555774172831
62.744709155001786 30.577060497394694
74.60995506385207 93.77769406612705
84.45904732926144 65.75699721230032
70.73061918681957 63.04317589725223
57.865683889743295 23.316231594466508
5.467566669098356 7.3350639541341796
16.28215670627967 14.751329401908508
83.07521393003546 40.214572824075056
27.705651975707003 83.12562421592587
87.84742281347746 42.7875527621024
83.09541664811556 18.38878782032034
34.8942955815568 14.30464916919474
25.763037454177617 87.6886042116451
17.567051466328987 16.437565311653767
74.41340580149833 70.4298939039045
98.38400473949334 66.4382618135233
77.83992333992236 6.326626944380143
62.27730368726954 5.252056442863651
2.551424959516524 3.2530253431951706
41.4435754016557 64.64404295972915
89.4497567328892 6.559115697833729
69.72539772010103 57.785609283726636
85.69832953325076 94.91761922961072
23.00648400219182 66.25067664270343
95.75283243316507 32.699663324062875
94.7375632337061 52.12788672450246
47.81155934232545 19.038992696600644
79.13707380711178 65.71749996101514
77.94647476517376 42.479619883442524
50.36055298616523 69.7980480657983
71.07912906825086 30.636400536484054
80.37675777153514 80.73430925503541
74.63701004003084 7.92387225798814
34.04499215765411 49.915066431296076
37.12265476938995 64.13282461718921
16.811743891596432 70.16932786691345
70.98804016932796 44.21600040712589
98.15047616627001 42.438851887736185
72.81257727672433 54.60610655644793
41.28785157663045 33.57735049802189
19.83419780760195 3.85804888701603
49.56869200669375 0.6074239148714522
16.156764589198424 70.31307822654789
18.660160256318402 53.47667163156499
43.92560728049509 21.475485024732887
37.766095795606894 25.13630837907862
19.510469934697305 0.8986335742097062
11.241354281223925 70.48014547049387
94.25171313465043 90.62236238459015
22.69563862282191 50.64562743570914
56.6054182550505 87.67981007292651
14.110154167653622 11.855285538801185
2.0815407733484004 93.05396569406919
69.98125893111718 0.07049658854278995
50.449183866657386 15.925433072407703
73.17970368998208 16.515689996584403
20.860536086785796 28.729030416466127
98.76535783759603 51.110367231065965
78.57998620031405 88.76965970673555
51.45131770907021 90.43937423945653
38.55757882064672 75.62876126359703
39.67508369579939 39.6457451752837
13.91619946503967 6.21880417862255
88.32688257936636 52.42919783445794
8.601084693897986 45.860471181046336
88.23472691877406 75.60276228632696
39.2910263090123 8.309960522026694
26.903039107455772 58.1221560981743
61.42311719332122 40.417021104039684
77.00435731900224 44.174572953322546
70.65984721951908 71.55492876175806
81.79971907918919 54.750253897220404
78.71865961153624 12.45721823585656
73.92999243918341 39.7635721040843
73.88622369344317 16.227399952342125
84.73936527040026 33.522356164399895
97.90029594002829 91.43963085589354
66.70795805357909 30.180005112071516
66.55359536818644 91.38897214456418
