430
40.65399703934981 25.67031568237511
28.455019413741944 43.89814429828767
65.7035538887989 71.96539517744718
71.97985660414858 58.37379455101448
44.302156977436844 38.754150469889325
2.6270385669888263 55.91936183079547
56.75007265204244 8.835877212093735
42.300538142475084 64.33475834527827
68.47482336153794 21.951335717793828
89.27202163479137 47.18157319939944
12.740693958066373 38.96626436468599
41.55049336306992 97.37731591020452
40.97429526130715 8.805157840194532
76.1453333805489 55.11153340568819
27.008368605708498 68.96407293853261
16.010641250229483 58.585212276434106
74.43729478537175 33.90765036696193
95.8652029002801 94.1420902437241
10.594535175715425 11.66851834138052
53.12251379772894 70.82864098189499
61.178495776983645 68.98910828670452
33.26427877345136 4.379616976868384
41.47992594920933 62.1811389236129
63.50660006357198 94.32205698831335
1.5210306812830199 89.15393982798108
38.36498199429571 79.24049882370913
78.72700044743922 98.62061009172027
41.95880268106605 41.75070661685771
43.12792624218895 80.96292586208376
85.12572706986829 37.936144327194
90.39075649495385 94.76402586873743
74.5186053272337 33.99251799931557
65.7233242215732 48.92163478278305
23.865357728659987 56.093731414591815
61.21531964627964 22.577780113277445
27.42353017341098 66.96980013521082
86.73653980826447 41.72322526619878
53.17689646826362 52.56683368796619
76.25871286365886 76.17672818883263
77.3357430893601 26.406697306001504
71.39159078689433 95.7117961003117
48.630546725457 84.24916055544564
55.7234002741964 3.085091776651505
67.42590057027691 56.92871830501976
22.8620695689429 26.400471321492645
62.78580264024613 47.428895825334095
66.97619117237191 97.14827331178645
85.29423055501842 98.68912447076676
21.898860469656988 52.46777012324559
60.45027604853388 16.073986435911923
64.63870041847696 16.25750705967983
44.65689180822592 43.29597790408432
5.051179915956006 51.82139064796526
11.15851378209256 99.67181307603971
66.09384985719699 61.75895944986206
98.49826023372745 34.78379812281952
63.25329636647452 1.169019635213131
58.80713918587199 30.528703633294807
81.54296963678345 73.57756124049911
42.55354751930776 54.39045648615962
47.63266501595198 64.42742043625668
43.810896679392755 43.269983653941004
61.69523784811022 27.517451048432463
48.71727390564049 80.19532940850034
73.20928314453768 77.46570313212892
17.788011476939523 63.64630175452087
37.798015014474494 72.51273887591285
17.346408370181454 70.2515100471157
39.97931513463801 54.36214438360649
7.623359465151546 45.15825495056932
42.37017271038375 53.42006484001685
5.040148086854068 20.90344664184802
83.04495708378124 95.77315181910552
95.95076982283584 73.12153891645984
5.630781673225139 31.87334280910611
7.012528574860766 97.74259383372785
79.10920046675567 31.31223167227709
18.157075743072504 32.002249541336646
56.312752398262845 70.99180508196373
30.061357529731815 3.0381097251576783
54.9559637598467 26.930325958136347
87.16415643271553 28.049121845066548
60.595577301973634 51.54094973994469
19.634070662467273 39.74893396332359
20.49669027943638 16.33479095089958
93.9334655100962 6.450507974219121
79.23291829765546 6.696776645120883
74.38600920971659 46.06664667745988
22.394192293453095 81.13899198081398
59.466235877916816 76.63762893148149
86.12030370920411 91.57556233196989
2.412422154746241 90.31513098099808
16.89881503113937 43.04626881687575
37.686712633876326 46.522012967747415
99.11229583106949 0.24980753366157238
51.170285496288145 81.7277886341904
57.55840470572099 60.73775943590453
83.07889917467757 82.12449940956525
46.952173430738284 82.23652723978437
69.08007673838628 52.64388582081009
98.13862052083428 10.89946656541876
34.36456729529904 23.043705375588665
34.064523559267315 44.47862648001378
90.5966532889866 63.609706041576906
99.02304536800008 42.460040984533784
51.166109223205325 38.63513888597995
18.75389047818463 35.483995574005625
82.56364834809484 32.83608046705303
72.58184387167836 75.2954548838134
30.413667536656565 55.14009893301678
33.2638515131233 38.472459160956916
32.52714346694279 39.993642422601326
29.715537852546138 74.04333678066162
90.03536717140601 2.376576033912392
31.88796819489982 71.76709487624439
78.23914669762425 6.4184185632831126
94.83824493599478 49.86088298761786
94.30543690478939 34.01658116781452
1.2597646490406955 34.441149636742
34.986175840125966 4.206064313640512
89.68866161174523 77.23816293242014
96.26290803528265 63.577040264558306
53.86416306250692 45.075219129103225
66.99767757991776 19.396488697019485
0.49759708661359925 45.40500841369859
40.74700266748359 94.74521981155627
94.5180706203404 63.8584972374334
13.845048471799315 50.43328426169435
4.814347939498531 15.485432502561059
11.891749642370797 96.14027255212929
49.58166006680889 43.806191057010665
87.70206950723248 29.936743094054506
91.89196538111437 16.40046729983009
18.939593262216125 93.89889819588628
69.375643016671 12.954685381838239
27.10057020383457 79.5069949763421
18.03855865888302 75.09318892736026
92.0091835578352 50.4568462806703
24.8738659831499 69.0721315853403
30.459743769398717 22.10460329208247
82.79815005461137 3.07862023457941
76.61940899737786 75.5420972876776
97.57227268606322 29.708650019582873
40.14403906340719 60.26735522941606
46.7659210625343 23.026602028711785
31.094115086431906 22.788166615556637
66.14317149639484 43.172941182997704
53.84511218843815 74.02857528672736
74.73101908646159 47.183146097190686
4.479821286730024 38.32066706219442
71.1199470102856 70.80421042679971
48.902666418417326 16.912636536559965
13.342288508076482 12.575499008833502
26.364900116010116 84.86502174253235
90.0581123306725 35.22436652468368
42.40038634238614 94.40396867762523
61.7221586109869 15.065317154288117
76.00538935385697 72.56142455587191
95.12457783498304 80.55771245827921
73.9061888867086 26.40992159612522
79.02473871934063 28.16672472699191
70.64755424311866 2.803926651529942
98.16429590779448 54.06845277394663
35.894914964182654 11.815889392576462
22.825191226137974 99.64161090610652
49.31064618436826 10.821467350157477
12.188738658131848 62.2063304344085
35.31326888255782 65.68655832405393
20.785026693832187 92.41162816288741
63.669238525378724 56.18960360926755
25.256177899460873 89.24814082430505
38.27161723277823 71.41483940953005
5.718567311752665 53.450673416744145
6.75467427900206 97.57321053946781
36.771746128260304 6.968241129889819
31.62770278821482 45.69216420611669
31.70023698788319 42.21833601450856
60.4891395725789 92.29491588157708
9.752049205761947 12.214244228825644
81.8135260427378 40.87394763430604
68.63821284873087 61.613611163603935
62.06594736025265 80.58954316156266
2.6004674440248676 81.56628024986166
36.6341293567483 15.205370236033955
56.53260055192305 99.69616851914836
88.7413936329423 5.8859138550146906
5.902872061705033 7.939557993943569
25.915343467468453 10.811595642571326
4.659857415135549 44.28532501498425
23.49232292754806 30.506372751937285
33.14135442052299 47.712706525764325
45.119960162756676 66.17284860728718
61.09093222146136 64.75479676328814
66.69397068430757 93.99162483593146
40.324081659048204 23.464227958362272
69.08640992305567 2.437325829538739
4.224433907358671 62.49714634331903
63.87865753456013 45.33255324903514
74.22095225597339 86.22798776394339
69.48788364009431 7.504997723759999
7.29363992679507 41.342128395984915
62.0478405974947 64.80785901561428
24.342850580407173 27.964387089186737
5.522088385949564 22.311824952710946
68.25376964347754 56.791597907343316
21.185258939934247 35.74273597608183
37.404650926136675 35.46496516445856
98.69162015673044 43.669004516539054
91.40689514695997 53.12666566168937
91.10497284926568 67.89019795837999
78.82509232850595 92.87904471950311
13.08243219588695 8.7707179774549
33.72159721925107 27.98897895446215
30.995396750291647 24.453661188851495
54.92320023121881 33.16201733951317
79.97499593726498 68.79570429298177
38.39618877372568 10.557301498368476
91.02429703560185 82.6288067643444
55.88958865879597 50.31752586447462
39.21163397487851 46.11897592140485
12.32045909799826 11.946046467431104
58.691260483362115 22.544406437937724
31.03860635715283 79.47562242123217
65.36405667232134 31.700764138089355
61.944614422645195 79.10362840194624
38.705584084939495 24.823814445467065
95.28302106278092 91.06749288397434
59.11515295642356 7.009962045466134
40.25700921210764 94.20434533621722
71.21705119344858 1.157805178082938
71.31319126869224 43.91591873422617
17.392217392161935 6.290909820730429
58.16958480263057 45.29879318895954
3.930856347691092 0.03422430170909596
4.467720403857866 82.71123120200558
89.12151005649025 92.46030788991693
48.89471354833642 27.474160086719046
52.50284018284466 5.393022504159129
52.50378913542689 87.19967011487113
61.62608034183157 0.1643743237607742
6.2942666834238326 51.10187440104612
48.12895534124916 89.26125488669898
93.78824274099422 2.1345235887495706
88.01956809142924 73.69168637710845
77.76867205080801 8.683164972785418
43.6820139110181 34.69119264602982
71.43531336511877 71.83053832246917
53.44384017007743 71.61101004104165
20.436898309383622 89.62269607020578
33.497153800764664 63.89266531709236
85.99460763959333 72.0442564016227
46.30226705117628 4.984053889853568
23.683329426156806 57.14556370915709
67.47513954829141 6.202039555527772
95.98345494867038 43.28832355407941
69.59845308606758 99.75605375013127
90.6076388149417 41.88163622128137
83.78869486734737 43.349451678470686
2.1189399875111703 44.658921986588396
71.5818425215551 32.966012363357
2.215311081856175 31.955580782311543
49.55045848176787 10.63193453808855
5.347558079177839 19.182892818462104
14.601625724261325 10.670677079087088
41.11397526815277 82.99746067098296
85.25597814153127 96.22499572144325
17.4010109315612 40.612952278661005
36.465906952572716 32.52120518392858
8.114555846534433 90.9415395541795
78.30650296059393 68.29500589622381
61.48644308444599 69.51708815439311
40.91308217229594 59.77656070677154
79.28242042478196 94.03819409730492
37.27756078290522 1.6917849673420027
78.3905174061737 28.574258738471002
82.20684242564771 90.29161487985833
73.27788195452567 74.13894915795566
24.45963416893805 95.3133560941626
62.432561297620325 40.75008804209119
99.90251142929519 43.59114495113317
82.9240683882226 44.70981001328289
53.370505827985525 30.215444408706205
50.242598180412536 59.14734134160587
35.586589896724675 51.63986839907162
43.679629054260495 84.98594796675386
41.83637187182833 96.39724214133184
72.25847784217402 57.87220567720246
76.75650667861824 20.788222488981333
68.79675345207409 2.198840682900971
51.556185587265865 35.91164705801009
71.8695793034256 12.884916343849273
70.702049031247 33.79241224711696
32.28724736186835 99.28355218615515
80.66804287469465 56.21559095617985
26.86035587571557 39.712027085849655
23.012536029041208 61.263521745411886
29.877289343005685 49.64159613129523
28.732125632253446 83.59104499979088
39.62482309193576 20.13577648089089
53.09800105698569 17.31603263095772
75.72757232321733 71.43508468698462
2.427741745637235 52.814998436787576
84.14738828991842 32.174035797298174
92.7169223507278 60.05740915172177
93.64738329835264 57.87026922965007
89.25015699394014 19.171305087731515
87.02343261437886 33.5741846934985
53.626368583109894 60.39895050645813
61.23221584836237 84.16956470173932
21.55667141833678 24.16515089503115
41.954542867458336 25.141664353715242
24.87377758172171 79.33722303349764
74.68501996682113 2.5949515021022718
1.0783926987446013 83.27946277735032
77.91458242008325 45.01607710649702
79.18521855424414 34.20469795310602
51.42057530441919 7.299877713417535
63.546210485194585 82.28785440017539
83.30881864951714 64.84685634927561
50.552324323772666 49.699769919792466
22.594481457532112 2.591699843806594
11.61200178855999 35.97024173123503
83.01680181793446 73.19438106189882
55.02549347599726 27.308818495679212
29.407742352177635 51.885864264949625
26.218977613820527 67.40637013204281
21.08694593502902 3.146453776599034
44.550696273977564 42.45379539703018
4.909773164632214 67.68981097328631
12.428885576787907 81.84775270977669
75.18226595903104 38.30615825336358
23.264999357738347 62.56737273910205
8.935568718806275 88.28327079018078
22.071605557568375 26.04874981166526
22.346829896351338 60.53739167364005
30.537427878443037 15.395357682037025
1.686299525998225 47.44107513900786
30.307205028846194 10.73855705982779
60.982599329772526 82.87030063031182
25.10717006806924 19.770050064546062
91.26978133583674 63.35505090626553
8.712373329518442 94.41790553682388
7.762618942186195 25.88704888073803
93.5076523592978 7.016305541105805
86.18546364529371 77.80473331615165
78.86136014043387 68.7726635130128
84.71343344149207 82.57306338841906
21.24430356770435 50.823964136532474
66.88248010254642 81.03664493424841
42.47648463956422 0.5727757686558199
75.18160508137662 52.31628112492099
50.61314285710663 22.822243005293075
68.71198965546151 81.85111655601825
83.22749388984228 39.72584912955433
74.32402038185525 25.089011052950948
75.78684282158609 88.14654987596671
87.20741262692677 38.681227654130524
81.22800552055133 89.46698678862332
90.14652994682662 41.928481732611836
44.38638943936202 98.72661223011889
4.040897472950378 50.64676792712582
5.210922991863864 28.640177108209087
63.91086296639816 25.388247505115046
65.29376075143858 21.89154291698149
25.665908299865947 12.803323625754913
42.187389037839964 7.186698032252048
57.82925352936768 16.717682835949933
36.88157089039174 20.77240348539442
56.51221989403239 48.48452476516676
38.9135263657151 93.46857855624248
31.48836837645419 23.970838578839114
38.478664682692084 10.168493431470027
13.541261475066502 94.9414032392607
89.93292583218758 84.25219460298581
38.379417385374936 61.23469562416225
65.00774945468221 87.21766184632571
87.13136176719372 43.705192097555425
85.22618200194381 12.504491246054194
92.74955025604437 83.93824185276178
7.969534179180937 92.90562625124561
22.370802421616233 30.613873126993784
84.81464294012598 28.965565007039316
33.521348615706124 70.42616435110168
86.33166286075382 83.82307422664174
22.848473888966858 4.993883901845608
51.8693913268541 50.94008284384268
73.14750616623343 62.46363875054007
10.636669423164413 5.039138583453539
75.56414722987064 21.11044953065685
53.85469908037523 75.46223658856329
9.143242088940596 79.5877726276352
20.753843810208494 64.76581180521616
25.14973777775601 67.58460320235532
15.483669346757178 62.660129160691625
6.982364757604575 49.24521120662221
62.4068563039087 10.054599566883871
54.85656278902077 84.27377063644309
57.154830247080504 42.270893678062
88.09599995803484 54.65526984068764
6.338661058226913 98.5516195091189
16.88247545679953 99.17494907731539
38.13340776848083 61.6837924088037
7.746881387902915 67.10141633943
14.720908339685401 27.122492011551657
86.89669530183843 44.6936810753455
3.831595973070523 9.272841865983816
46.22906630188419 36.14623086153394
60.84929365479235 52.0032602633311
94.20360591163328 37.08236919376604
8.308878753605653 40.309569012641745
62.42795669197917 38.499387250522965
12.679121836891415 43.773829957832156
68.54834938017537 57.32465161472968
61.86621502525125 79.70462061906746
17.027649043639727 75.50922995465172
99.83524350393803 59.93643198497821
79.91105508599871 84.14306498757915
67.57860485103119 62.68288775725599
55.216111818001544 89.25399991406286
83.05089150018287 60.73564336277136
13.997654770771351 21.51498051474099
10.379550501283575 91.37206051458604
31.19947845044265 21.92125045937826
78.1252520665762 32.55359332405102
22.048320128645138 22.889148751688793
95.9987981084926 41.891702365792305
69.62372914433422 51.906937402210865
74.28668060789563 74.41118962314101
30.651977949383635 41.367162359144636
59.35288033082452 46.25464509634434
