419
51.845839102781795 67.3164841281623
98.19612970070159 8.75595333474639
47.730429403925335 64.81329449126392
66.65596558655717 51.275122073197025
88.41933257563683 70.25684772696064
88.01838570216533 9.77943700199706
57.108529598667324 37.048229968637195
91.7900253499993 87.6289829240979
14.960845777904396 26.55096437477945
80.98338285403148 75.01263408605953
53.609227193019585 60.42434641687663
45.84161845720961 2.996974606825731
69.73814119740211 5.7537828986777395
17.82745128034894 89.46513657469303
73.97047258482638 86.56463858489658
50.085105041126134 60.088749350237
40.17403557523333 49.984812939730226
63.5042904864993 14.836431597747668
61.95064714870099 52.948720681402776
37.89023427931312 83.43536988075182
12.057830010809 90.60170306902768
27.972857286685393 58.27261984849306
56.90142325463714 65.70327410868215
15.763209392441313 96.34832867429539
88.67486066053351 73.54211327362606
45.546568369970664 24.19820550181333
17.06191323549876 28.475847009308087
13.794991114050514 29.79117784919393
65.74128169519811 26.662957281146614
96.66985228973415 44.984362462597275
74.23751117744861 56.01838333044734
54.99471798606896 44.38062331564332
1.2913700377237824 84.25944223112755
88.39392094340357 13.404675779195486
82.49592793667779 75.49062652248149
18.85663621985255 34.203248718464444
74.45413928720804 65.02763742951572
29.97012042821624 70.21291199683512
80.65401503097598 66.3721234005681
35.167562364793255 56.97607037369066
54.52379434148226 17.33883284070201
33.918614463373785 79.1283300242082
41.01533019038045 38.0810049717329
92.69980652655451 21.30811082931563
58.78925245207059 49.73943237221936
10.761007696632829 0.9034015785743477
27.564689193606906 19.44085783944778
80.81312230432044 34.517362807019424
59.97678064766505 44.80268975942745
86.95649378667419 11.610281103400277
22.581934185484233 37.68307660338325
81.65205812062491 63.97646933688518
7.620262086332563 54.90466866845362
45.03023276155055 75.50591185145782
59.38359042573297 33.29549198787111
84.50739529370414 28.707726502334218
18.680351646310488 34.43894478533163
8.691415938196045 94.01061086697162
83.00106075775088 70.84304926439904
52.93775790516164 10.914942224586689
53.73794932188566 40.252877326036206
89.19347695740362 54.51027331083176
90.7853231251538 1.6337755385547492
52.42019730381896 69.89938269469522
10.93290748821001 47.76141046109396
73.06027133673325 59.67593808774442
95.98114999357476 97.47328691755709
55.900992450551456 57.75690746659347
68.289047256472 95.42848278836611
15.502881255613143 77.68760403288988
21.063003002087367 70.55899363973617
11.669713508430412 57.67180160852763
9.453174685331023 14.92567856708833
3.4512939830616096 5.156745457331525
93.09786806234582 98.4851424923354
56.15627346718923 24.747803961316215
2.1391632527434035 55.69985134891829
60.361977796925025 10.128926946202842
80.9324256041841 58.87613190241859
63.830019393155325 28.67164950627957
11.757002449647613 46.72640781518634
12.37061017572959 21.525422052741206
76.96552948944225 20.962010460732127
17.408704159744694 59.31191244915402
57.60699001167939 35.952613148636814
59.29520719312591 26.439800917660218
52.608774581756876 64.42868462674163
43.80199097687686 21.474741036650723
57.42916889148639 92.36456029582936
73.85121534420475 21.287254015783574
83.88038340824478 3.3568794960911474
8.795902558810765 22.02291858650679
89.64068279884951 66.65544232998099
2.5536644484311366 80.23899301773395
4.5276939516031405 4.522994354259269
26.410768199060808 32.311604283784234
76.40362540356705 33.21567936848027
51.67117422009858 55.02956274493057
52.94702021801208 54.39452926818738
85.34607653896711 52.45489571195733
70.05862482984773 5.3901294021025725
10.824196845972711 93.21421088058905
99.39058258248429 45.797286194293484
56.45372545401859 42.82823717500921
99.09684275416079 90.71530530174272
82.38654468308992 32.592123772551815
28.6068539046048 84.49406226856631
95.05289508263098 35.808512205616886
87.68912634454435 39.357747348295824
96.87907028884445 59.58444594401479
67.5500083117091 77.38743461269182
67.26781407952335 70.88628602139264
68.77228898718383 98.42206593326127
70.37803228919172 46.796404668445625
67.51216235124178 36.24314550464497
64.87212326666034 99.32962775646523
27.03179266515199 9.574477327683262
48.49022067542933 47.086893745247785
11.601276969098818 51.50073593545893
14.367710459607386 80.51073760985484
14.899170491101899 82.12666246698049
90.47558039364252 25.52075537122772
84.30838667936192 57.528093902479725
58.12146153793858 79.45180607167342
43.01689740394479 11.361793973196377
58.985562717316384 95.79365996078326
79.58472280566765 9.752234885330747
63.75063663117403 10.945643474662281
70.51138801504344 92.7428117028823
13.360197955194952 38.78199700044719
57.85858151919109 54.61388446627413
3.5826288644057014 28.912971194131842
26.87695136930056 0.5729758786483963
45.884776587616386 64.18977313968827
72.41386550656422 59.813835543617756
79.7707687410879 15.505948974862616
83.16062705227375 20.386211725900804
35.5417730409564 28.198472546206588
80.66013509070098 11.475846480879992
19.560965628226313 66.48207724051328
48.54154062891859 91.27117158080533
12.570958445282143 2.4150752279032184
30.563682544754222 97.52091749255861
72.8830724295611 89.60369399329863
49.500025677252914 84.14735033306839
24.96253933109819 95.02622845966374
25.63832569390536 67.88801298289454
44.21053326225702 20.246028554039142
20.676187547983695 1.3666612788155508
75.37600461967935 95.75181217070906
38.662546940982544 94.22910892124597
88.90870845220927 35.08996863989565
76.95510682179426 28.52680029493587
40.29468496752122 52.34227893948662
88.80982207282324 49.39080351824907
20.536308782152325 78.46409209092691
22.46796984963344 65.58735259927056
82.64112366026043 53.944539975549276
92.15128234006295 94.75640518423803
28.41758260826718 50.71205141144575
78.2263801186729 7.497519983031353
39.996268583300306 28.590299673599382
16.12117629985782 1.63289432431597
43.01193916816173 73.91282908915548
15.343925178804573 74.75411086184917
5.5870442337872195 39.9708359893298
88.63251646868243 30.148198770589484
54.00896675521426 8.021879175217439
85.89048532668215 26.6415826325067
59.28464874598471 27.543525001742054
61.76334950370861 60.77394243827487
79.41675707057783 23.890581557975665
84.04599310964606 44.597171985468975
87.48077450345917 99.7777925324756
83.59544430251347 25.553898161151867
64.07615972302384 8.667935418720996
58.37914368163637 14.041516166983214
61.96071220930149 3.603240740082436
61.87817058847974 15.338782852548782
51.651989772948085 10.571596619801337
81.07619728822395 29.61810038270093
22.172783210616398 97.61354600209245
6.695083218649689 38.99153969833288
82.15177366793408 97.83840666055397
74.82085571654537 58.10426579419518
11.924206761213508 46.56409258133799
4.105717816265031 93.13221473812393
97.34681245935064 93.73261345426221
83.31778229928655 38.35273575084079
60.69296754651956 89.32920735956446
44.08774319109462 14.791044206843873
94.63235434890865 50.93201772244454
29.324002743108224 21.728545128545328
36.48888843606864 86.2300604610398
22.42867083991782 14.976887837675868
83.76829203957674 93.10242810952333
17.624139655014858 81.35405737527341
78.31036370869721 27.6839526394425
25.821250532000228 75.58595604730604
67.2490575872913 57.72245746792996
66.28636345702155 72.78989140656712
41.50100489353514 76.15717562704349
48.1730524063574 69.83509117572106
63.25041751222804 73.46180946250509
47.85126298897578 17.631900063190574
89.62134328796483 52.02213569208747
92.56713210870198 14.384921881599732
63.23817341983536 19.50205511114226
55.827490046474836 69.56115093863305
37.034446558789504 71.2328869574206
22.65493287406941 46.820172125684465
69.5856688214283 58.40522275539034
4.209614352816482 1.372293270008762
34.67092654917094 82.23458370783149
56.477613359551405 93.30439917436897
20.16085428506852 32.499099530762685
50.066439266572246 33.8555931138803
30.45271158693342 3.7465472145297496
14.140988815856382 13.049493845097782
48.48830610983097 50.409501022963234
47.98764715591468 96.24525274827963
58.2675544675456 14.227180192095934
29.446127339631666 52.59851718469963
99.70928888166462 67.32251387293431
12.434371538434686 96.43943372245639
36.04786453856511 26.910772241447223
84.14696392969164 49.193224984755105
10.5887953392773 48.17011244568077
88.68164624264108 40.99054612497631
5.022038214059998 25.72567254845255
40.76649563337577 74.28916905251322
9.115399540896806 20.93248030083229
89.83203416942786 66.30931718297501
78.2205881237434 1.6522060174736342
33.98618641276977 99.22489915731593
63.2543303867635 75.55363770139587
87.30885307251066 51.37794330177372
73.95880192191558 95.22536539158119
83.07556566359305 44.2338425815462
18.774399574769596 76.58260942429327
60.90869465386554 88.74932582354805
25.921773164804428 88.32346826721587
78.4574929239511 46.616665910986995
99.36909426508885 53.02458964076548
83.84044441477633 59.92470261180256
37.79848506720956 56.919228086251515
67.42713422495162 51.627773712429814
4.635471001367386 70.27145638552913
22.861211513807454 71.10827805871595
27.51865823814287 51.866853633541766
31.683263456871135 5.214635063382245
63.15178060464215 74.567282267173
9.64979114516833 1.281763836947758
82.68552240862857 62.486373139105964
98.93826006206965 43.11155376106668
66.2667573500086 52.42297524667261
79.56713697239049 13.212962689651276
10.683133572277336 59.67021292810601
51.33360898606363 99.20224403678233
0.23464165875715093 6.512869019920586
98.77041495779574 67.87023608399775
45.27358128404513 75.59355173794687
92.31176216148093 15.865462869825208
83.61937560903561 69.65771367226657
22.67570691706393 29.73230308032576
89.07832896019661 88.14037094194407
62.84327114574999 62.007936668239225
95.6285156003563 86.22440859052725
65.73444053804506 49.21621349847193
43.519350356321915 98.7252403505145
79.34789043164538 21.867113390486047
21.743848030441015 60.03846062586583
76.89293604096491 39.742749932612206
18.430422436217953 98.12306928836419
19.274966973999476 46.48355116644907
22.903697417160306 57.62370244368521
80.46460354291551 88.5726518609751
23.348146628508083 87.97250747068442
82.3442364209857 12.609998314520377
83.03996940115104 69.93749700686462
82.13002002723664 60.81911351436261
51.788344517260974 31.84690644917374
69.2281912239864 95.61951910276849
79.5509083252973 91.51022749492206
13.283912758730231 11.635148135533747
25.743553265739514 20.832659884320513
52.500317997998195 53.61017337606756
47.26466805357947 7.219534933887351
82.65157135122156 89.67658365613266
70.88298351747585 39.31850798813965
67.84206499004512 28.699842390753993
29.954401311071166 58.683667163209364
52.92186584864197 9.55023599158389
8.354521170905615 83.20407349697399
92.84652646719327 64.74742708617647
66.57665425915911 20.632562662524244
57.93979940480026 78.75483656076044
64.24275575392512 84.8554801099233
97.08858362341932 93.54550675348709
68.72264691732917 40.177743992773664
33.49523652640147 48.51501107815539
14.929342046011362 7.884576958259826
61.83048999511481 60.37462195095939
60.00982397024828 58.29801846636461
32.42064491690386 59.34907922754849
94.44607609399128 24.522673741195543
36.62693146956136 58.7461849729903
7.027329513192148 90.17878416454823
72.19079296065807 98.51846219891752
93.50689996703487 49.126074691862534
38.29109263665031 7.2221984570521975
13.297327535727455 44.02673912897451
97.43307203569162 43.85766069261009
71.39992136967385 46.92593258722607
77.33086806008004 36.10333840625012
70.53670002762246 22.867814266943356
91.16915568662023 83.2919729952034
30.622159570556363 41.62863465668249
41.99808395880361 20.695723238296292
98.3528819193112 20.879846572528404
43.564017719802315 33.55483145551966
14.994879720528454 71.23995571510797
67.40248015370412 25.833673677438938
82.70784376533264 79.34783317765971
98.98919876056964 63.76187419320153
61.39036908452348 27.996605067060777
21.159131465100465 5.482511806587064
68.54308067513298 34.65507622652106
78.53413725082223 27.75625967415689
56.74077203374024 85.24816506137
43.82291988861836 62.212329438178735
24.937972638740224 10.841736415880089
87.3689237335043 83.39673379264849
43.09808750517939 17.72351249103622
14.644880345724943 97.50993733136524
93.89171846787893 65.49492881535637
58.22831862123493 0.16534300746645636
79.94881337738043 25.956413230652853
83.6638358010581 82.67838984665747
24.358000966212188 15.259909295271079
27.721738637397774 28.060231104289635
59.91605455329329 59.00986251858322
68.61708798720514 31.302471403048138
14.356328168192245 28.990871174852284
30.088222725949144 7.824624251835965
25.311889921325548 8.394367470906229
93.66924055454665 8.22856313885839
92.1560587316908 68.31137348122807
60.672576048709324 42.79896314462225
10.808990047291777 11.833363336615266
53.87300146248384 61.851452392695904
11.37639985741934 29.13885591439518
44.69571109734195 88.98341723281375
45.461983402095626 84.65908151395296
97.78516787178297 2.604157382871508
63.043135905334445 72.54860991133259
99.68377716423612 98.74464416802654
61.591225312717626 19.7314532497897
29.343912225700063 61.66695510280995
60.64694337097307 49.74091558678444
20.105504690714536 67.18437441549597
50.20252018712059 17.024281351752634
50.08340991084371 91.23086141815821
57.126734399411596 94.36202305094673
84.39948444282003 30.14465733625076
16.60648318331377 13.188876782276482
65.06275404830497 99.39916363717836
22.15397146549394 26.286704438483245
78.60146803560632 62.637422146219635
95.85550138397848 37.44700301353657
32.238947277473386 69.25074813540112
34.54554552628392 22.94758880925495
34.773323606118254 57.18729437520545
74.80059768108102 92.24004551054264
83.78996449995455 29.193375908326868
0.3185391406425486 83.07994913939481
83.28873611043583 90.39636973402632
40.32405481666361 71.59493689051793
23.008845709262303 47.25376426548319
21.20928132030031 5.918322866748193
17.830538663277718 76.40799075967367
38.69018085324275 2.16773903507943
71.13547373644838 47.07208041524129
77.50732612723623 71.36458123448882
12.795628383655512 32.92001805721362
40.59147067297526 86.15756212553106
38.72529118631599 17.579843882623415
85.65488861311863 14.157064358655235
89.4402146882789 60.8042272515401
44.09696094820872 33.31186191146097
18.880253019706828 47.057087726533744
78.27511558748066 92.70263669582386
52.438767175709614 85.0255117219651
60.082003107848735 1.5244625899712205
2.194852285754767 73.33053825269093
49.73182999918261 3.0209773395699524
51.61172238518935 82.31774187018016
85.56868042455555 36.41365942073838
18.10546472142335 30.575211944229117
16.25803435874139 38.343064645677906
7.841137869064029 23.252940341873863
93.45150227043099 41.03641046367282
80.04740852225206 39.48740931893827
77.17914194094244 80.32037845383364
90.16806009162084 78.81044746848676
28.44056335653342 16.372214315133384
67.80655545456817 42.767839114133196
7.624225163526099 90.56979186064467
25.07121709003911 0.5666123959999103
42.43600278678489 27.18815526456819
69.60241216608529 33.974484584046685
41.142513317986094 58.32405823904714
14.014962375332274 70.74427574454504
48.48331242569422 35.72590874991499
62.83458762637664 83.73681442583413
1.4985868689106785 42.56911377631697
91.92294520407664 64.19067211614382
49.76004530571172 92.04470582045761
84.89283278337183 51.557648493892984
