414
87.3434310763751 59.78225786330439
87.32118428646537 92.40913215325897
13.673037983453007 89.06688307893646
87.58003652267284 44.452574481197914
24.43768645893558 36.5386676596802
50.512365723542686 20.56455277347502
19.00484260456452 75.65891829992766
91.2209520459732 55.7401033284922
99.65758392042237 41.429637156062704
99.42652214540907 78.861060735722
99.59819760049527 97.27419605175629
19.67715885634962 67.33453719336289
80.43870235316514 96.36422181474603
41.55120810374476 33.459758700060775
68.19611645681324 75.95544775386533
56.55915040372008 85.02794271669998
54.53590118500061 27.86486530108776
71.9111860222978 53.346745546183605
9.442216926694169 60.57966900851359
58.427119167309094 5.5617479787199775
87.79068796967698 36.02020761194687
19.942127174335912 53.906296141430666
32.70323334788829 73.31045037122
3.12229614215509 23.27251629675424
21.899264934581808 31.06823071587571
37.221424244713184 24.830904824519983
28.30680751993494 61.9309983989516
23.44495505438051 69.32173701164704
53.75370123997663 39.4236457914769
49.12855515615748 62.75664890495825
72.93595420161625 68.46523834542937
73.58455478196902 26.666127380325445
17.919851974395286 30.314558987684993
86.19694103148 6.862689416488898
26.97038787050322 3.993469754213397
8.889723289035079 31.720165215494735
64.6963046435094 24.773010067705425
94.76757468739694 88.47853190147606
72.83671560895436 46.52423444890709
60.09275921435928 69.97106320677608
23.61611927597321 56.87453311999497
26.080845899165585 34.28335265441801
59.099576261461515 63.91093187981999
6.373353534684512 79.12277568759951
69.69509312567023 78.22854215660475
82.35105344840056 41.59084948831566
2.7408472224152103 53.45444508272396
30.69719211409627 11.088392262441749
79.89035386906008 38.277910152049266
66.24985042063426 11.05656931277592
80.62582540370924 22.433407717053555
74.71209758761549 43.77836613313004
21.598498896407992 75.24415127571423
76.43644059607661 50.321759772109345
17.797999385890286 88.04854887010298
38.48473369290514 53.15455862179227
85.45276183624112 44.055000619255466
95.1323356627539 41.31716474965217
90.1942153645986 11.66135825256851
5.4702087940108 36.6601901962988
39.37022351115884 68.78331193123968
45.73224029410314 36.63129349741102
27.041400820075513 6.693746419585478
90.6046275557226 80.23707370271022
19.710440991408994 93.95287835031286
0.08866965967675444 42.917349061693834
68.06766771933947 76.63285358496614
9.869318005619709 14.931433145620288
18.131932241782167 58.757129698108834
80.20095535087988 18.859362691337502
53.83934521255714 69.28985948933403
95.35926658600216 26.09811989923041
10.707577324934292 40.27843782014758
2.815603209967865 32.174630306736255
22.505203233151207 5.557905671375507
63.29958927829929 34.15798916309477
22.993091864498318 52.48489908087485
75.39748782359933 62.64511855389937
26.58867144056677 68.31309148111816
41.856574626606715 54.22163233013918
95.20782110010272 81.91025639591238
2.1356792436208916 97.79641929292858
8.094593695130259 28.1477726172512
73.16930239599083 97.15343012510718
49.08876903628985 59.05563662766714
77.37562217078083 90.7011042887476
58.31232625453128 94.7755405016015
73.70225008298064 13.175033890465993
50.65267915195014 29.50934014779394
74.13613207356204 63.241540223585076
68.786794627267 17.461214669629467
11.637286732647889 62.280993115123174
63.296098323371034 2.3522501378612004
44.279355348145714 31.27529410344828
81.7587096916113 32.35184960538932
90.84201175831252 46.71414962821297
73.38368128836453 26.730671812744145
31.0359136934226 55.72500842346909
46.33698501315908 21.380319927011115
40.12768300367281 97.7878790690502
25.80218583063513 21.10233820840368
88.96126593931474 31.43367488528649
5.452399992408563 51.51030075473404
53.38618195655969 85.03262997783996
82.88676826286259 26.830502714327544
28.82395292153713 27.084446767864435
47.6656446059564 64.44212927336486
85.21041656815555 58.69482988594963
2.3004906980398143 98.12875418378718
63.38403090878351 67.91701366455557
9.085604403610692 24.177769208211586
7.951888225449344 67.06213335303212
66.28630575017588 28.18308070567248
54.92575014255691 60.74078918805695
76.16720557299074 96.65442918036995
31.743781756843504 78.79405356002192
52.26818743907411 48.442327223427796
86.19284746607649 46.87173536059276
98.68346840414664 67.95422685089812
78.12609055704722 46.86104595700118
16.288803761005443 55.778828231710605
56.34830924337179 92.08767028812684
9.243293050187152 47.605363216740585
67.70910411963183 19.039007113973703
47.789521240694434 73.2018676157159
25.74946156376382 10.051648997132446
95.83929708535179 16.4988185571329
66.60013382316392 14.82925129416911
81.49799311999888 8.500923773266877
78.67276165243544 50.70342094291546
94.19773249834154 64.24785012049435
39.57980846115229 74.11818171194616
42.540996824666124 63.479071248110216
8.4759892381157 9.039862051149194
41.15783394380065 83.9362749728748
14.923966145855694 41.026252077450565
86.96206554098234 0.4485838226402361
47.08458821832484 41.21234972103527
51.559077684075916 77.52161575931343
77.75561077705375 77.54122811656782
79.60120720762892 34.63454718172976
7.2792755597325005 14.477511014056777
86.1749600855509 56.08969565493433
94.59380032783162 83.08378088482317
2.6483041380993444 4.590738887597501
58.09830924214322 95.89136849666053
17.965132440131182 60.0479845685142
59.11016228944156 73.89131822014934
46.127023945421264 90.86917243477906
23.195402156489365 40.82304579059923
64.83159050628208 23.06976243676332
87.52484163060983 54.582282124706424
47.02078323274962 79.91394175586784
98.78684209017773 56.20880460768392
76.20799423817797 43.6490498786844
23.186154549591244 33.74177431990976
59.67868939189873 15.43688327547078
65.58362706540287 14.768748067439642
57.67422520307265 75.15317381189529
37.88076264150838 85.97344725591857
11.210891318613136 88.62934112124489
49.62867993520985 86.47142016716481
69.6830746192769 95.37120849123176
82.09396879497297 76.79795926502274
40.49159723663119 56.33203275941522
26.484309969244023 84.66068276919006
53.271577017213836 83.14144712406919
67.69210850748652 93.17789974700372
60.669601683158405 55.94688525871595
29.158273546759915 15.492568261269435
5.545598801139128 20.463882717927127
48.67425024201702 67.05560289234
23.23257966246328 50.94981564678599
97.53013163777135 15.862461714723054
66.9697452698658 45.884252329851506
97.06625654419608 68.57188967080332
51.01819208555818 16.77863746869006
56.275185120506 69.2040801264579
68.61222160598321 64.9144720169361
47.86705194378227 53.7431445237858
83.8451079628782 68.5626601390768
51.63901801614281 56.66646473622847
86.31794973846462 68.66237655731545
25.442353545241392 3.674190119169196
73.94124368865594 47.01850585279486
99.19484972174565 74.45098400460822
4.011239521786147 97.0492381172374
24.02968133540818 44.99933320491265
88.14918749636186 97.28265613335049
79.96190312108327 99.37514144887881
0.3886773491398321 40.44214572838206
15.963411841532926 9.38939459164676
37.16716730201066 88.93019765600675
65.9948127777021 81.48986986429888
66.47591108522674 95.43845301048933
65.83633829730272 12.69057656003616
39.879984935517754 98.68300908756021
31.829795590742883 72.20014662920973
74.1781664606515 97.55980464281882
24.36470876904172 67.12746604212859
23.666934168957788 2.1764685376380877
87.1871551793226 45.73537286831054
57.02492743537467 53.63122667984067
3.310853458349583 20.510376317314037
81.35755903819289 26.534968090866727
94.24198342789732 9.166586730024717
20.810423517272124 62.82119077953493
41.47116941810732 85.8603702060409
10.858651334347291 40.72450382101477
74.93435687504355 68.05832508401092
96.57226862871997 40.86260416957052
42.36746556118529 43.189233338677965
51.115260991558245 29.064876384249217
62.963048884401005 26.512806657482745
27.99814092548898 6.262837769732332
38.72496187362492 56.11738583153751
51.17694437101052 25.83551918656766
78.21451472167055 76.29347882679113
66.73868967257587 10.451925107376692
12.474109453220084 89.73617609429715
76.59003698420585 34.507558749979985
51.05183682333493 24.035588393786288
50.23013295565466 93.67020771911525
59.41990872234382 64.18054052671887
6.555596259303931 97.9261304354439
50.760114522977176 33.57924991238015
29.099508685604736 18.082302318435218
32.40714940747708 57.2745068028184
26.641875947217073 53.4292770846579
68.27627016480028 60.7221359463351
71.86598943664649 41.17201657841505
55.07118148855527 77.66978937840051
47.25793403005514 96.41282887857626
37.397953487910726 68.29416956379309
82.16458045391221 15.529909724039248
69.73600476008026 59.787225747539395
25.12052134482714 19.345000319352103
82.91224471761058 20.207795817301733
33.59980268673232 88.18400368986701
99.27341445843943 53.47762675737467
96.37332674561333 58.078909726651126
68.16310480464784 30.44179296126788
48.0033671581914 83.17468962867322
6.741135567442291 69.24769942104969
18.102842718874324 62.91481370174512
7.500363585696645 99.41071104171422
50.661761601279345 21.542024884073207
69.33522241784821 76.66599131516257
85.99511789587943 14.414253999418891
93.80190635036654 21.117457083463588
96.05480492531869 20.19756943486428
21.6412833256973 58.86107229485917
39.14258175926339 20.751775938630313
74.51519296933849 82.38579815747417
65.94212580550384 92.66158246917999
84.14733658122942 80.39191947040611
31.489051812000966 88.13267507848772
85.65356704457244 34.53962945784592
19.299377820844132 97.47406929445907
83.11541157227433 15.405994654792455
14.611852967839646 57.791032601634804
46.864636537355175 96.79994913585321
70.74094772149276 55.55757085784829
1.470530197809372 97.18223488790659
19.061182907410345 59.624219436599354
37.09740846305164 68.3804771814163
51.07078761991926 54.79837658724476
62.805564798867195 74.17826412790588
80.66860845079445 21.337878199822335
34.46430773742378 41.568318369445336
42.290652775631585 25.400999498459274
63.13574930234813 22.309691572267255
88.92813540310853 38.23063156409749
55.017956569964824 53.40112092265489
40.97406423371165 16.035880025635883
69.57517212312999 0.5945924546833847
16.61705751362492 52.644615453921304
63.1764071647453 48.60183958224582
58.54263604755643 23.253847556425
2.920242028942588 29.093006692124924
87.99207793701757 68.34871714850368
46.78342136194657 35.458546857655385
48.58650905271163 34.46300581092393
41.809018202497185 50.16324483087652
87.10335933052036 33.442237261581006
65.53498168234212 97.24120473928747
78.71388085008202 43.82896982626306
35.17541102521904 40.73422689718663
68.91782105925905 50.13027252298756
58.87489304776579 54.21875553140871
78.59902328442469 7.087650554111303
5.10370648134092 6.629787716000745
85.32396203760834 12.311570372856096
97.8888687105794 15.397959562914288
50.49604131404916 73.36910406196797
21.93443007528465 69.7979343761143
38.31299301981237 4.002596496459832
47.00994033947213 75.58055049820891
35.727740606568545 53.14780248779437
11.91697313425335 56.08800423898398
98.43252151606812 75.84718539550191
53.53034381902081 79.54061614257776
85.7703543819683 72.90327550949361
48.166177932261256 69.31688964583655
83.61406685217723 93.51014771464861
17.088338104674495 96.032434829796
20.96449105662952 49.689303204784416
85.82827508469587 55.81047156432428
81.09543224293999 53.67260295488357
59.22550840101866 91.61066376397073
43.405594376809866 44.37160545011077
96.6252335674141 23.26434372208068
76.35982799640834 80.41151046738331
6.113173060138499 26.354837086294935
57.639435159570084 36.205778263337685
43.82015495026638 86.12061152979246
61.86545836775653 47.53829077038695
46.46755236973847 51.11335906419765
65.65471661359697 30.86882769923358
70.30256233371375 39.18598413040031
93.95970073251556 88.64552133388516
30.815249330052197 76.58398277892809
36.911829759863856 55.52958195542875
29.407911515171627 22.71977871011589
76.44287599964473 9.819124896019071
99.15099787850137 74.99652215193002
27.031197246053416 10.624660179081658
32.161449585185956 5.1540121329650805
33.12651981676882 83.48858908438626
71.2171533100368 18.047985874420746
42.77092609089749 63.489198990057524
95.43311996143963 89.6810632468003
13.211521758917332 59.98987668979271
91.217607705491 45.640125046669446
17.54104095309337 50.66926452575091
71.96383240323466 3.3573411400794395
11.738788658101784 53.44678347085339
3.6172878910188833 44.63939436789223
62.599352787711446 84.61322421838607
85.64054612758535 28.898430391375385
94.01625497519011 71.54209390237826
2.7050502216739436 9.987364702753842
14.6104640490889 0.21284152527314415
99.25115530905911 98.5351204653575
63.74928469524084 42.42444538107283
60.471798072170394 11.013792515268117
68.26630509944475 6.51855105811191
45.62492288290648 29.083327357159337
28.52422375677942 5.279839744140014
28.085795898387943 88.61124392599258
26.31520186248907 46.43775946567074
21.59307836939015 28.183594956284164
51.12842261500349 63.52050396739614
42.25656678157181 22.706266066925906
61.6309414580011 75.2150601436646
10.84354525682041 42.559662731916795
80.94121801978461 59.758542041904185
92.15173157059651 31.361239872217094
43.86027316928372 60.27218195628073
66.40110261651316 90.98295236237387
52.908876081785095 57.8322421691021
69.73012840939064 73.54734589938589
51.10173279566463 67.68280223293873
79.88861739825916 68.92816599790805
54.06387401844729 59.24668576292724
9.804047948750828 86.860076780505
45.7098225022424 19.549115060666256
1.4666300027671664 57.8579869814838
19.23061226839148 69.91612081199877
36.206758668916365 47.34119021629253
65.42243130999786 71.9861398524561
99.65894020955763 75.17105732357227
18.39528329162482 46.231734203383404
52.82392862762677 96.24900874650793
48.74257511831418 75.9310465240613
45.020871870344514 54.437446028902514
40.12029711282412 2.2009220798186013
83.95547688094358 97.04349308375406
20.30544374987475 3.548062383127537
29.240266014490413 97.31250977132511
45.53544445060454 43.209406992008624
3.4102033687211653 34.627650856970845
41.192799096664466 86.33168146909215
0.9140240827133161 0.5195842627729874
24.81149744855132 11.108453738311253
31.355028372322856 46.41388022306079
39.580983964720204 61.73178354884096
2.6578979039412087 42.70126668162927
24.079496862878514 70.05730018557603
7.905880162503309 37.06737138580303
18.517604801046904 7.0002690877729705
27.2709792251287 31.756462225557737
26.8020637666451 16.476638178495982
79.21178369375738 74.05750722410421
35.77469949551384 9.545823321560453
72.7789734346119 35.83009574434537
17.26889281362799 75.2207472489879
17.785866236531746 87.81340015005439
37.204278047975556 48.41243196964439
98.24089964808579 15.028608374050878
78.055792303517 90.1055468765314
18.251262118480803 4.6125060295788
95.53206307883353 10.451827836391658
58.82382171407087 8.819933944484681
1.7192870227084045 86.9191169973124
33.282255904591864 3.534363885714753
99.4147182126926 15.13605806195356
47.3793170803091 35.79532044614283
14.796192880099424 46.17899694014873
89.84856607091271 31.250802185532102
34.9811577460777 94.08850766959014
50.45423329854623 70.23139112348832
10.621945380308928 79.05191798904697
71.6030476844642 35.57666120121261
