454
26.444111439094797 49.089531275622946
32.50500562081003 68.54970315067261
63.12974807888065 42.57735338683661
43.58200248559535 91.60029857540655
68.27803310262478 42.386320917654515
22.872072929806674 59.43842985162616
4.109540821942181 15.560994662872762
18.28124721684884 86.36404957090001
31.452484407641023 72.41121792988965
20.868283146161204 23.200414069229513
48.5371437919073 94.53065801013074
68.4918469911603 64.45148724993679
29.51500113358987 9.750270181190924
56.35675265978877 48.40618591979297
81.27416961182432 19.339181880940494
59.266910797285874 14.47330876593469
26.495040450366858 30.622350532325626
65.62529805718117 1.1217588030140058
45.19754137835685 28.06338336355063
48.205881185549885 43.53753949628841
7.438624923646852 1.2142708393892199
8.440826090932795 88.11275817904945
0.7385836639011267 62.53126667740451
37.813346974879316 92.19233572101919
68.84844227609001 82.48725916201748
14.74484943503639 43.63107505608792
1.9321331908431882 87.3207346054031
16.091256342886705 95.88271171659834
72.96655826192429 4.1002144753539245
58.758439163472055 33.19873921811764
42.64354001987329 3.056571360392879
11.94624645612784 58.56087787930766
65.21195320426799 69.207512943076
44.61148103415178 69.35489154505647
73.13838980021914 15.752832847695597
16.32829713947046 73.1961435648551
53.90703795647905 34.65720357766955
7.448777323904121 40.87627922962087
78.5432137420583 19.45144127571351
53.69859980730026 34.11965978678047
61.94011979893953 98.66371559872957
46.43923191847045 26.161806603222924
10.168012969143103 32.32180621191044
89.38511622236388 76.5731217011801
85.89395846356518 11.539798893621523
54.00776935676532 69.93848664366982
46.641541743514956 82.87818562373147
5.40909858203793 22.538971858368264
42.46044665371663 89.89390780103068
67.72181106385388 61.13884489767902
76.70780082266266 23.716028684072445
9.660633428116938 74.47507184986584
16.771642291660893 83.31321079550727
46.7769121219585 9.412717117455715
62.28260401854905 61.420497280167716
20.572724843891365 26.91290457467108
38.76908553065116 28.573387794382388
6.755914758963321 93.20084680222618
22.03372145403415 24.46029388569989
83.07580369098692 13.36612758538166
5.4276422094830306 0.15709730065545102
38.75663668502721 91.2094394201564
44.92051649529968 32.37467740046668
51.30972798672234 86.6730550824586
48.62962374034181 62.90959473894534
44.91803434425869 10.635726304946635
4.464300044879865 48.725619279854115
23.35173068911204 62.05459110050495
95.40066463786465 67.26901705792076
38.47892016355604 69.63667864828547
17.454081985064217 48.82476045142613
11.490975348735887 33.928199195867315
39.43534379051572 2.5466701330038033
52.56677429989842 18.939325768139568
57.56414923096763 62.59462136309415
49.81554749061446 30.745992553887614
91.62755965384999 21.45780988258561
87.60878009162496 16.010284759324943
94.75987356948697 60.85190175883668
39.509138813375635 90.92019491766672
32.45544824025161 43.314898131427135
77.20018738576536 58.85190232875125
60.673952006273815 8.544497868402246
93.8707861871417 73.5599668274459
70.46206619717174 19.196136423693723
62.813360765594965 69.08527825716494
79.00398184557875 49.12646466725137
14.827071265364712 13.880300194757279
59.22729075294465 15.600446489788943
54.816453246405004 79.81846326112966
62.40509958161906 96.7515924233815
64.99963969764005 42.003979554963735
14.641895193560561 26.98107702261997
61.15236692766671 1.9423033043695748
64.40614005049153 12.405691341229675
15.101467010502079 97.57129837199989
1.96825045082627 23.47621899586736
11.633503084884357 69.77313324813558
44.27950906930547 39.65057404816974
88.71799888610214 67.52834442458297
75.41615659544007 30.93753812965243
47.324366736525334 8.903402680165096
87.20183882121455 57.947794287410645
44.97208042205 31.994980930191584
86.57442520473107 39.187830369940926
60.578568910192274 93.72126411907392
74.64634989975866 67.50516734330637
23.8657397355592 6.4129940571088895
28.318950641470998 74.31382734283163
45.01237161062694 57.39767372509553
10.969130053692332 92.97003810105667
49.10920966016224 74.15155810824928
2.906080322991378 28.177994596226284
62.88940608256215 53.90790419888588
2.1436736025485126 56.218237818048024
52.35037696224016 35.874904289903895
91.71577484023436 66.39183790595926
30.101385603150067 14.732443913832372
65.04996906085134 37.72156264248103
38.53284877882048 67.5630752402609
50.38929840572736 99.2601731824782
74.85325431680376 77.5975159527831
24.29622943785853 85.05984463433536
59.89459801455948 50.66551534481245
63.698365558022296 0.11384993468082083
14.500693230742979 61.092086285129334
1.9792534634327397 69.61885741118903
79.61171971688097 38.2531042005598
75.28191441267225 15.122264878801916
8.912203364474768 94.46388478759043
1.738009108142391 42.88881395184744
43.688162464672395 0.7082173318097129
49.14286872963869 55.59834624473648
10.532516331501618 51.87815521815479
86.66029326903303 36.644857104464336
50.5764694456831 16.848700906627514
22.189113330940312 86.39417014013719
22.865481042570845 47.2153527242537
97.54465029331297 8.2639912450448
58.471413263918706 3.0375936586881203
69.3813533650585 13.293260088714087
51.67096626296554 41.13981935044628
42.04144489436498 96.13638327813719
6.209091969181257 10.799830370643704
80.84683691475267 84.59821056169906
41.36544950798875 53.069416838134096
67.23051457698588 84.05489175399141
55.63011520865322 98.03879282060109
98.21399416544439 36.78232232260235
62.53563922009357 48.781198018975104
30.846313083733502 50.26153003039309
26.73211052752187 43.63809758267716
44.72811691082218 52.715268684536824
38.98642543446533 41.035695370788225
24.40712666143411 57.60587487138101
26.204204458247137 47.878389280261445
35.86196638682736 38.406480875367
85.27083157602463 41.67062629518185
75.3555000987467 69.65198880958397
11.497007583084585 18.876292454666377
57.533560857970244 22.285716114212274
88.46802962657003 1.4653162523094898
97.20699703132003 48.417316309459835
25.975001623383875 65.50342348551217
13.113301592280923 45.333880004031
56.50668919400582 98.55405354268089
22.608397016621595 48.990426685964515
72.24722841953553 24.211774613432357
55.8846475425131 67.0193951904299
75.40900004953403 36.65806951877286
21.596561442345973 45.68106942382955
71.04936425494999 82.19945857767503
40.32407229472628 16.782035871064693
49.26545832714099 69.42499616293419
71.32177435302599 32.35557320799556
25.4735914633731 92.46527137487023
52.84103600881673 26.383462712420368
57.602713977458045 62.72946567918982
73.51500313922233 63.752185863844616
52.67589100926141 32.488299606364315
14.732759902223991 86.76304756959318
16.90391899783734 7.351403981403937
13.023422069494718 20.7899432827938
50.639278249699075 92.47572912869819
55.56046116865419 70.17297990856434
62.16969177511032 62.07573618904267
10.827412738334907 28.868950004672477
93.02276626723513 63.68043011536151
12.437021014287131 3.8345368656697243
98.22715442550806 61.728565785937995
43.537770735518045 14.56677989900127
65.26349245299257 5.908361905275095
73.92276663635033 23.342425606248995
89.79274617000024 86.12091948201619
82.58493727076791 5.966054485871098
34.96421890678961 28.056142729183986
16.67862168887867 85.10979914291977
13.348344914848765 39.758036838027266
69.08177578188909 84.90289058766294
99.91800885594598 27.004574694221695
28.400009812227722 64.26056661617345
28.564613008894256 61.95777004540366
63.63912838517918 81.35865315782725
56.63750186519078 36.916028450528174
79.6514140579792 83.61974449858498
33.98841961783074 71.83382258503777
66.75815495716196 11.17531091266234
88.14194838052515 59.62747215600503
38.51675703058841 21.323960314168332
90.49957209337617 32.93464264107999
17.69305547103045 21.454019316371152
83.46354753581345 24.04753657705705
30.894595099521126 74.14178942722958
83.80462303094596 43.93335465934422
86.21527057282722 22.278573076055295
19.68740038646698 9.214748101135338
9.701141274644542 67.24301422786984
32.1522529748824 21.179193369584937
75.79477474770924 34.039869856396834
58.44726866904282 23.71949315901205
4.2011818136592165 34.835466775777824
56.58534154294878 77.27268579497559
33.07237085827588 80.58013939081005
21.901332763866087 13.670188526554227
97.41825672892493 93.81578499224142
49.797171905707714 64.94439177591069
56.529631794364256 12.174519481673018
97.43536553280443 41.21749717730368
0.6819719846808292 45.17841339419534
21.919505905477788 1.668218196555693
0.5463234828131269 21.472437470113835
64.32765611717265 57.34575883687655
82.24767554796027 93.99294148149254
69.53439747840223 7.518583504444154
69.15523869925566 90.89942861164317
20.498134379231992 17.002365481627248
67.48580648300543 17.632237457314826
86.79808005855692 92.01965391747285
88.68443496464165 77.21667502120879
97.31780352061226 28.197863307550165
83.06953389370099 38.88584807533729
27.655189817464098 18.36172574115007
21.92699108978656 8.128037827287981
11.982458834555299 45.064028396570286
10.191488405209515 12.323107563652513
96.02349942785152 52.70099096537136
18.34800738540587 73.90290733855822
27.386620126500194 54.28110383229227
32.53479013601608 30.75959654353486
30.641169560234683 31.155258698393485
70.72084641273749 92.0138138393136
37.14858916062622 51.38038221783905
94.36838193033172 12.909700598907781
37.85705394830911 39.082490920979836
32.39174453928797 89.941766791805
12.44832755446874 6.6954202839998755
91.81196606408807 50.112324416731035
11.158269805214205 5.87360724824495
90.26006631461755 44.51892935539351
81.80856627648755 67.1320698825283
54.146022375824664 35.32317871358136
67.78426461528537 45.008887089095396
59.199167116366624 87.33245691031995
3.9960640130647596 88.16008784188448
35.5649627805117 24.462932508562385
31.060805770488564 97.47595295847489
54.89855516575255 32.86253360493018
14.664497149986556 57.14551962159901
95.5575720906153 48.936016769299606
28.623228393659396 49.37319613154486
50.179677818763814 39.709009269939536
13.802271521750875 76.25385082544338
57.59173841684772 53.57844724350549
89.58536354067625 93.2219600016223
9.818341982161538 90.3751786291879
21.355729042447102 81.0603639679819
73.96888399782998 5.95364480471976
0.9698229375035949 75.27641118402052
84.75463825225745 58.87576544191555
10.096769869269506 64.85397078330449
13.462155618227333 73.31187081593869
18.036067291628612 45.01291877756476
2.145884914003393 35.14739787776021
68.53368974922273 97.17889042737986
83.30650676586033 98.3679856411123
63.38972676621041 83.95552486284083
21.13722568748172 42.85668066271923
66.64304865418494 32.146874691783054
17.760850891099523 14.886293167772347
55.001361766491996 30.87142459334776
76.95901272605697 85.53615028185084
63.644075860169266 30.14499710612599
97.7118362657022 31.786611114891972
70.88812697613267 28.83755686690972
80.84636300949374 93.48812267529605
81.03734415914339 21.92110754086123
70.12173847797236 72.44904886532503
63.71257295389433 6.082203030747058
85.91044125257565 92.87923706511769
41.96680656792985 49.87921700308442
3.8710835148573874 23.291596410313463
88.70735665501088 1.3244905776257143
94.21270488369008 2.4349292934420452
20.946083587495423 78.56547907737877
92.69636148547538 74.01771493712327
76.8138494915921 3.131636056900966
1.8995247374868351 62.39776152010735
3.4627810664948244 56.240325741260236
9.95212103024784 24.56083772847841
56.78409426642935 30.555334279562217
61.88951111377351 40.55773160929943
24.115227592026834 23.89314316793074
8.144910701026188 6.0248833367380294
93.1204584698667 61.67130218127156
76.10550800288858 23.025446282309424
35.76137301478619 83.7787519582411
72.13510004134986 79.8789101522737
18.660629419728846 13.816262992297347
87.05562157695394 96.17988909123659
82.24061656731737 17.092213653519483
26.207842399321603 85.99576277489992
98.2239878280182 68.7322868461802
40.99383716199757 24.709509592967116
78.56001731470657 49.094699462301286
1.2389588530354878 29.81945502494482
65.90381741997696 35.14020778675838
48.33411445516552 10.788486802273367
94.88536685552732 31.691417794280184
71.5136668149802 38.90386472018537
22.323182084888582 35.269549953164734
68.70171647758927 35.22878237849725
11.856995564469152 85.294948416823
62.3432765409125 51.76426097051423
87.40519728631482 31.056739397129885
93.48791431001372 40.40131084283773
47.7033511793597 84.52548521206636
50.278833839626614 38.60033632586431
19.204958880121183 45.14265613951389
75.6892314709402 68.45818535532067
78.83008029791667 38.05149479152726
78.0553415637382 72.18631973111358
67.59756966539669 7.724906192256009
94.79577957597634 45.13955363122763
62.572372890189676 68.72005629068433
59.18179049861351 94.52041322741186
80.37918513249132 24.66585193139076
57.718387989411234 80.13904617528476
97.10501770297711 56.36428213664719
14.654208390886836 14.135839513669657
33.89558410813278 55.81237740136774
46.35177032991024 86.30411218070545
67.52662511802512 46.20296006599959
68.12424670322434 37.95630279467078
77.61534707550486 25.169650413889045
40.13855011824654 43.462812837149364
25.033843466627037 17.881062349724118
81.4621136903901 44.71430109920396
18.964937215085875 28.87195442592517
87.26305226658373 40.636690515224636
97.07927533741551 43.08314826907389
2.7332384025521073 1.7670045727452122
59.8514734280155 67.56475558548316
46.942480136717975 81.65666729761115
35.47523058913631 1.452579322686387
84.16975481305144 97.66067053445124
30.69592371032722 60.74294739861343
58.47070278905102 24.083001677134032
32.25092728225463 50.03666281036045
32.78725401080408 1.039535475437714
81.73606251772439 24.002578916836804
62.7231959966238 55.320335902728566
38.39137677712379 27.866238645220676
75.07857495003405 12.327727571708458
80.0013870902572 47.7151076441648
15.26637575496812 96.82052032407472
18.461286321523584 78.71914871751392
1.6481104009684833 27.617425007266217
87.13315315208857 72.58270273416697
8.693913108090989 52.31071163172647
70.58536659439744 56.35703890623631
3.5671987972917596 45.0140202758975
73.89474366139164 14.304075430013174
76.56430195174957 62.63049406114574
27.677875652155336 97.93861591302
13.399990254440365 84.76802410358943
63.49516951308082 32.09983771513131
31.885922371364718 30.065295488014176
25.034315618585744 51.958696352088154
68.16322355773909 40.11937222646361
33.013078698438115 9.58935300394016
37.29738403607152 98.82597085122107
54.91172433920911 93.25640907590426
1.4675853084702761 84.8901330556315
9.986986416722521 76.83484202136235
69.65381245449115 53.155356790486266
93.75651660204716 62.91148313044782
14.500758307785599 41.45781257159618
39.767056443946416 18.81709592680191
82.5963214413305 11.286759388678579
4.1032786512047 79.54874616722417
85.1207873494131 16.979940047889862
30.006740066528938 73.24069301467145
68.94623614613444 84.19486866254417
98.67574848923134 11.64143930877427
62.206152081901855 76.42017464139899
30.22613121664636 91.88717916590467
43.71249913167631 11.416183739893127
12.635691796066128 84.14857624255528
94.28517975380942 86.40854739591822
56.15950894282674 67.72610667048853
37.77201298708627 70.56153627625459
83.58837584300547 59.031491145871165
73.68932837675433 25.390715021029298
22.895796297616243 40.513675966336095
76.25533374834207 96.10539515034499
85.49024946245567 85.04514225465952
7.618902329556221 71.93088570259417
49.29865179708129 66.20322506398196
87.87451620649273 25.679275418048576
16.123579134548738 37.833810470147235
24.660569770119256 83.91211981380447
11.98860447955834 6.41830084512004
91.09022748815983 71.5897771336098
6.919162323287919 66.17778301500566
18.713796444551956 60.47140809567932
6.331336433072277 59.32364594482651
23.69303900145281 45.97475120290295
58.876138097752595 12.199029183346088
1.7887482840532654 77.4771426302776
47.97569866636844 98.37519453993667
97.22577400270643 81.03247312813271
16.40200455164078 83.11099119962452
58.03220261413473 34.67544918551445
97.95021554285832 18.698697476542037
14.151748876656223 90.15907708631194
6.0910818904110435 43.42002662444365
3.9218398267828802 99.52861300334742
16.22034662518004 16.34822405246362
94.50771082651323 81.74005048876943
67.09929222681957 0.9835443457897441
61.09708532509981 25.929051322011976
72.90468727552265 69.45900928822768
96.1568397949409 93.40455406949579
43.87628370962228 70.13032748457992
82.7053072241286 83.50692451608003
63.428686129290554 35.43945869609302
84.65744241332057 47.48352753242422
56.249631903716626 9.76856000957863
92.61208519670032 72.27468556707224
87.4420967804744 45.61725320074661
49.71311056618821 43.732572019342975
75.02744279163711 21.328616940369237
17.91244172412495 33.96593580321375
82.84967942695765 0.2460420622663162
