485
14.546562954812037 42.64328540153725
69.16686735104989 41.193037454822324
74.67881724959263 29.366232277320737
74.56405514692506 18.87391217946289
87.57315544241814 52.39883187971278
34.35530461072989 7.050916193880408
37.20563836885773 6.7874605959381
71.11083134972887 14.058851756720658
27.541284312941492 95.30441340722865
28.215479499224116 68.77255737974166
28.485004327246045 16.701095510727914
16.479671609284384 3.032263401726276
91.10383964204121 59.982914417863974
4.066274952220517 15.820902634758871
15.190415048999295 78.96888131895395
91.36854886678039 33.34385620803065
79.26378724063461 4.76575835532147
37.31937292902866 11.030780480478564
31.718157537305657 27.139774754862167
74.08029454734655 58.458018702107374
23.00682228645957 30.037090751606566
51.615761977829166 49.10215781561801
19.042207019097457 87.0560688719662
36.581217745068095 76.79210416895063
60.875040817510865 64.1777486530279
0.9281579887927771 67.39698191956786
41.981564211476666 68.79323703445243
67.46185402914675 96.00865522495045
1.9127103631165099 51.65699166684845
58.93406952786672 93.52440259702239
13.880361854375368 99.23572670748536
23.990835274427134 14.351121332235062
26.406411195441503 31.31955302981617
88.1999369805053 84.4824080357294
81.91396253773101 4.5523001444034765
14.815204516653079 66.08503582554839
33.71789023336657 20.25379359796039
19.53314838619561 37.20524757592359
11.020208859623127 44.422315753651695
6.06348684932696 94.10131502513217
94.31181916367501 29.0837416419077
70.27862207042695 47.57856298913888
68.62469203371407 73.269430499886
81.25303748726203 91.62838403862553
21.368572401082233 14.986076714376429
84.49010639450114 26.035678495834446
84.62813964497037 60.19674066511701
29.82981158710668 41.621345369001396
32.271114473487415 5.6955734017755555
71.63600081679051 91.47399325375186
90.10427403661261 91.89686760074594
62.53578233294855 45.25004437726249
45.6843599211408 26.166286906003712
55.41053809201373 26.014641111080316
30.634789453357094 6.410978550160107
10.992167109306894 39.80883575033902
62.32919626966223 79.88696163826955
17.313106666805243 22.071233033905802
12.016870540422097 18.818926880627394
60.0339108885234 46.97061122042625
46.5896343093432 98.43459519874934
72.89358349877905 49.41954340849344
76.81709777819617 40.14636542897505
39.462340375952145 71.27653166341656
61.16809782197765 88.2801272680486
58.71980183981853 42.779224448435606
26.384476153864476 24.12451113211751
84.44288537597811 50.22871861964021
94.13749772299632 88.06354248495725
25.769914707916097 32.10634871099056
67.4292921195203 0.00634906363410348
25.902785617927414 68.55150935746788
68.7027031692077 41.654269719541425
56.38824101348226 5.708579753277765
51.87008551323118 37.95666303576218
82.10548354840199 95.92004151926217
59.38626440311355 22.811289150590063
4.703844510643663 53.79712142794322
85.10689722285613 8.885718622924465
42.57017137909179 16.33249793437479
85.2879607033724 53.52537791642258
67.22806845082249 24.7223395914428
24.20836354556061 59.76893703229157
25.299942349654504 5.231240325106434
22.513577001723384 71.14488598394972
95.47642201920449 19.570547072287603
41.76544461822712 89.46002936713694
63.50839672677987 17.417855553589657
82.22960992371283 69.41580311476613
49.22046042616819 73.8083502547545
34.89854647088493 87.64582080999618
14.496002425682708 49.39848137966505
2.3497303506262113 92.53148009556828
44.00758697911809 88.116520830611
52.8382863031162 7.019048226433866
42.885618170104486 49.538632693723564
44.661376513917105 4.69553468340933
45.861343463518935 83.3326789304066
53.425915997426486 93.87243197822237
47.19548891487868 50.56453678570818
47.90356161100584 77.79339399265255
28.81168361531318 49.37373125618176
48.41468474406603 78.64931523822018
30.750989853402455 71.55035470123588
39.03218199721472 94.41597449331206
35.40496731162148 55.20765471857625
87.33437217691005 55.43196071162453
83.49311179837191 53.04613404511135
50.256770805349014 35.81816884193879
68.44791906224286 0.3365497384552607
47.25651961725591 42.699823774099876
99.70563359812607 72.96838107288859
95.74185449680382 99.35109027639612
36.60422996380526 40.72013346541497
63.813504389025965 42.76579180627552
63.34153224238048 92.50485944153068
55.54278645413455 83.49636679527525
29.893935288160534 25.34582601970773
59.861162515071484 40.51399318292446
92.38281918392116 78.19290810679016
30.23120648506805 43.36685168157124
52.970892017770886 87.68530974139948
87.01046877695386 70.60568237103972
97.45836666124316 46.85662520585164
87.20114111169603 4.744414925630291
31.75621109270853 20.402761853868846
4.3676613293847755 18.58875777547764
4.4767859944085835 14.872264760755938
61.726468390096926 27.496946719199055
76.36985924713152 0.5881070145487666
75.80836698759602 63.207992772834444
12.061884431800951 60.96169369980334
87.5985129596523 68.69036758567599
21.15586475847504 44.577572727775085
63.376145437279405 31.76389561036781
54.76157602904016 83.09879613985103
27.348162007966327 26.724876897888027
9.012341538758273 63.20971894738604
49.81655829704641 0.5788841395729549
45.118763246925276 72.63253090870421
14.368475744380405 36.516101123472865
59.73227221819878 17.88977781962401
7.179876829676424 24.74562230888391
58.112838801893254 32.550807136909334
3.406189236550583 22.166558537414737
95.1570963687373 90.6130421962536
90.497204814834 29.241889154514723
62.977583897305564 78.56917631133973
42.27951794181758 34.37539425699144
40.08720355956138 54.51590682370333
76.66718240143015 49.260732902184465
51.450316941000516 3.1978957069317415
22.462204379231242 84.71840919660326
56.660296490670035 59.105085596159
3.9630830840293285 52.91928367720605
4.248947707665273 95.98454124210494
68.51250560963624 33.93816781925205
86.81477003232838 67.52478803914879
93.81048949010177 75.3930688138587
74.83210203191089 43.248790679473444
59.364672799095096 91.35613446639522
14.510204723494613 37.172819665498636
5.342500628570668 1.4568257626486836
40.33012991694248 98.9341257216765
56.60411520363565 88.61313540946516
58.00444916644207 7.278749040755949
93.91279182786741 72.47761450637442
7.636101450174437 12.168237115059888
12.679895905070493 59.87884751109086
95.40452393579486 95.56478861133895
58.78663608076856 33.63196779482015
73.58652384341077 63.90594522036388
47.21191687631634 38.590500988395895
99.75764569457783 27.106916517729253
53.86240716379789 93.66253403755773
53.15616954162237 47.78454801599912
62.599817423189045 87.53012493804397
76.28712105981617 3.0670090693097896
13.527229017957321 74.14050181078169
6.414955491347552 36.500578311486834
74.48645413769704 92.64729893525879
90.26522969928766 45.260536559034
7.195864661746631 79.04273905273928
64.41655121869128 84.48673304544774
57.58274760410947 17.30258876067601
64.55959006481568 98.12461065616324
41.42764878543258 50.523346202771556
49.79425982785233 88.81015258024053
53.82217676512138 22.311033280670323
87.7518625775929 11.73539468274164
41.433478939787236 93.79797634506868
92.26685648558497 27.727740998422266
26.411770231727104 91.39125052651534
28.676649055710733 36.77096575938524
57.60597561602566 62.78156591747145
1.2430533532598598 87.88509080293704
64.92038029578825 30.966722540930903
30.035288859122645 95.02644614136098
14.64340510199229 92.82882725000076
96.99899074882059 56.7694861073178
11.981837250706873 23.68202296166112
19.028340484413153 21.392482864231553
9.722510219299163 21.8532563118922
63.5492383825771 96.01098282285514
15.115066147823985 90.96582650455203
65.21552987743632 61.48853913236532
51.66920516931174 89.23321659617955
55.83620798048008 69.77580267278513
8.09677954810024 43.266810801175914
70.97946452446897 75.07882908716928
22.92947088357151 14.94929269439157
80.81426045339349 60.17418778702098
42.40019372739782 33.933256352865804
49.1346202864064 43.403458693445785
16.313156655937156 26.440987947484096
98.70228984972103 25.541469064324396
37.5256549759411 3.588273126953201
81.91492310336493 7.876722851022744
22.406332323431045 69.45629523877352
92.0112870135618 56.679993504868
64.3888132473499 79.65584959727427
72.04911425578887 59.21531194734035
36.491039263992334 84.5789580729045
89.06193338361828 37.435024047737386
3.3292174278929942 4.856534623006825
0.4846706999938388 52.808485789497304
36.5558219053265 10.630705615204072
28.272310910102483 6.80931744593255
20.06308016754057 73.87556802480795
24.09971391703829 69.29608244012536
1.3506293091364197 99.74625425456009
25.863370997581093 1.6221982169716487
69.04937491267789 60.62439174110833
37.494596589466425 91.40060137503085
40.41229994298825 94.95474306773188
62.953584981363456 66.03954940709859
27.178072332535308 92.26152353688435
2.6754871541476377 50.81256024622728
6.425048021270364 91.34849150169525
49.71935855556061 77.26312258799398
93.28113281597946 65.28236193405512
67.33510413073995 35.11147288705513
24.199220055744362 16.540173942364156
0.2755591243895794 20.539812571148698
25.76184760199336 12.96406956249988
64.9837563992014 71.81772532397127
8.286376773857096 71.52792988549444
34.975929371367485 41.05591712571983
42.01993558312238 70.11859347868614
72.1936372929633 46.8568276662796
45.73681125517367 86.31078860295158
90.887438778321 47.38255970031913
0.6424506595858026 58.20405948327981
97.97454251940009 85.43002677567081
24.034177357869645 37.01185440371728
81.54714623101434 88.74946521521446
56.70216621794189 25.196311856685018
85.45671230375932 61.20001954030755
6.926551609311171 14.023862339124094
29.888052576082323 57.04572254966232
90.11094787911708 5.955403283677951
3.342027451785634 82.19354979011734
4.555574774178794 69.6637336277739
7.61909978507862 91.52071348672482
63.76976380161009 6.781979229237534
20.4189547988869 68.70452989920773
45.58927410402392 26.70122141855129
78.50587187228454 2.0277729360605568
85.33684490749484 73.19657550414782
51.46541230413607 22.105693506282943
12.449193609934516 42.15816385004209
39.6814736260676 4.501843130710115
49.83742764505044 14.508317818670735
12.032176152631092 20.144370351004028
46.412700072311374 64.69543724822145
25.688115883372365 54.038978732931774
12.995060206161103 73.13114519301966
29.150502580530123 8.150740017529223
10.238039293821444 25.362587676940585
81.65399006736159 79.69120706377099
27.350256970832852 2.1636276106136387
77.22316614418135 82.65873434273561
91.83227754581351 12.742457870605794
96.59882061704006 17.52892199713979
71.902586000042 7.998783952751087
36.591258336440916 64.13517277736183
28.23152670435546 12.239480187431273
33.9069298816005 79.85124728528751
23.692111874132248 55.831367365472914
86.8969241641203 54.9941036674648
16.829712803546094 93.21469221017782
36.6403608977185 90.58309695594117
26.465455945955995 29.136082787327865
58.48414168288683 1.3739331770184382
18.16884881487998 13.783249271646248
82.48565433633675 67.22907133524866
80.71959073907462 94.08784359892833
67.78199685231596 1.0901217756273618
71.03427952325293 99.0354704437453
25.298933543051493 78.4933889986756
86.75687815369693 28.305485348849224
52.77796944824199 4.341461428876148
1.6334466048685492 63.83279447213383
50.00723144572498 55.81961731082102
65.53381313873791 64.83791190099386
74.93317105499592 23.454177941928698
58.23610701642383 86.29391796646348
44.100983587693065 82.70215578926651
7.710939185525978 93.71680084466735
12.712546444267492 40.23738669124728
68.87585439041804 92.53096104560038
62.75301901604023 35.68035762032843
32.19919265974488 89.4909701825452
54.817018546819284 65.54510010006571
52.370780714605125 55.06788160766446
39.48268144646986 0.5078332312568601
99.51880387737842 66.29965077935445
34.457882024973976 80.56744907860313
96.82976537457193 18.44803563574482
81.3012608285059 83.17509505074318
83.53043351284354 77.41406229228176
99.0844349627986 2.7278286242356065
22.341277138890693 56.135206379431516
45.44039081022518 81.6339333464701
12.08988286938829 39.24738841223677
69.49355109169653 29.832420579395514
3.9755550207326684 70.22277597815277
41.286358067027415 22.278860924036348
19.268828273451376 69.02760352530922
34.193039062833286 76.68649156179458
43.7146173034463 29.23874691656978
68.10438857863731 5.390717068913286
57.13755657549152 29.793604749247738
42.854757343268176 5.933054395513803
84.21561788431586 1.0766822136974108
20.395106100992923 39.926205926071354
37.66658781554345 78.62729978445564
25.37715633400933 42.90282284691492
37.61304877217692 68.05952658919449
86.45334703779959 61.27153551175187
80.1619356624445 41.561625862731745
18.32621740404379 28.4136314108264
74.95543413496935 37.836201508993796
8.979199427671091 41.41669402788155
29.23275625962204 68.81805674512442
25.507103075535976 83.70923930824638
44.045520387695035 84.01835397658675
29.84375803327478 5.575980706036265
44.01257037510477 25.144512261770736
97.62656234887717 42.111415764367834
56.71527256134936 2.569336233125308
93.74101602318848 37.251917816644294
88.44256943597395 55.408125620719275
96.93438414585903 56.660163016077966
69.3498500481509 94.22472099081773
6.417110326291297 73.69552929036858
41.625696697633394 84.96585327722418
46.17934153295323 20.73586265147166
21.812605437931122 96.37948413308916
58.45926851279317 8.667785010918315
76.16142467889188 59.28103353430285
68.9347331917089 34.77261654701918
36.933378497008086 39.98977042554029
89.22526433048176 83.26396666289277
35.81586974596276 92.74255658279259
31.22038104787984 87.59816609622516
52.21385342176288 85.44113504785338
29.21340464303398 17.49171843368749
51.301324905664934 58.53535575562962
40.762500245373566 59.28467915060599
7.406517122833078 20.583668256382904
48.61278425664057 70.51951084932972
14.971014119205773 43.647536593209715
33.76942716286759 23.902541800583442
83.73309705332314 87.45045501625724
87.16761774114998 54.9955901724275
7.590793528929862 53.549647239059915
80.25816862686855 76.12718161977986
24.20913900715137 34.13932388104275
0.041123269452125744 55.31879189884046
49.597529957472794 67.84886023249565
68.22631314212721 6.535633355029969
20.64498287099159 23.580280808836708
38.94504189228199 1.0134998244558102
44.24536528816785 16.01724586718033
7.8503755524560015 11.559382508562432
9.112531872518915 46.03284225451627
59.601850883931476 30.15100433069511
31.14134084789678 40.137934208513435
83.07867930044827 85.62583879818722
93.34329205222883 34.28784121623264
21.783886575022017 14.362501796467575
99.16506605986466 14.977821385309298
42.268868016051975 40.83910478267732
35.19474401641997 25.77090316263455
96.37061196539608 51.938146046854726
91.78607316895238 7.992508882655047
71.37349628259328 99.77798548818386
66.10114695046089 66.33972607838733
69.8003080935982 62.833411518486706
81.47608058682486 27.38559785844852
91.10380283480936 9.069598502266574
24.46245724796482 86.18280317663086
53.639999250983564 41.09683183930778
51.194316790425134 61.47139999010827
47.512641897806965 36.36585071673867
13.39573887968678 62.10225824307231
14.186245485582283 67.52445867891588
46.45451126053292 18.139412822322488
81.44723334085107 60.553954957180586
43.69095062561996 61.326684868008904
49.29586598284431 91.29795066112032
24.042456896509236 56.56101743366224
29.154900524181095 67.29308201063736
26.124884685401874 46.18466883423977
0.8188650110129592 23.50425471909048
96.07688517504074 51.185253878517
80.1965565988993 76.57008636692568
60.95065101614534 83.12491958739633
96.9426731505168 69.80301353797756
1.5102560441759283 31.055910399732845
39.2066696825518 90.85634828474718
13.09581426611457 71.98407783758226
10.361108674647301 28.034263023940397
0.6371278145459014 29.82106896105874
81.4251393056951 72.2764467854641
35.887218078013674 62.88238236938387
49.67033585975011 60.227222759407304
92.2654003048863 59.3092839605727
35.92132696457138 84.54560743077775
39.58254175754104 21.86067577265226
46.993579862875876 7.92648446251305
1.1001261415720442 41.04106092918845
98.10979323101833 32.16273343667305
13.260093337652313 13.244373501973339
76.17218065068421 71.25153425228969
8.024073730908022 23.65216813857095
85.67478724959489 95.02914377368641
85.34548288067573 13.042904658434662
78.62417804646402 40.27818903683883
28.896373260065957 41.68400102941201
82.01378150387498 66.86673160678694
35.44719412129269 62.906684564211766
17.444324864172913 17.96607500617242
77.51955225539896 22.717986112354517
26.0408237139757 11.577351996494867
28.577287069500635 31.460902453357377
98.37535880949794 31.337004474774442
43.91675282308248 68.42313558289015
14.224704412010636 73.09597237839294
5.820877220761977 99.45188983337833
43.72487729086904 6.685888734035306
19.552334477912392 71.90288688453474
15.683407010225103 15.1374851906374
10.390885087361102 32.21190753103191
44.293138314237 96.141546334893
80.00507948077401 67.75733016395729
65.67300734426253 52.95687126939962
58.99527342729589 4.444420802334726
85.39950190525893 27.97084476554361
77.09134302488522 22.58536725620005
68.0710358389416 60.244447009972525
32.053900006106936 93.71490936536412
24.90780147337737 9.327531203868123
74.2694597424997 22.843711182923553
95.27251770921306 46.921216637595684
21.292739699834517 31.204423800387694
17.49492942778108 98.35979690018821
57.60228372982582 9.860906244794732
75.36401224323157 2.4996583194824895
84.58944265994761 78.68744909740387
26.92541408245246 62.976658757822115
95.17635008899194 96.23881533974128
8.681789152763663 65.92816366085192
18.547814299674194 90.96259194896312
64.90207454934615 53.976161066271814
78.65856559227113 78.20866328510253
77.39869231959563 38.8488516247262
25.44410569300607 13.356923754304418
0.45550085435365206 29.59299085990823
55.36570972664103 53.999959127630405
72.93882253779877 40.26176187472614
73.89927409726155 81.66546740645992
77.32287260801294 34.23505341832934
4.390354336060698 29.363726872326666
