46
33.01367623983352 84.2661710321525
50.75769135190916 71.31567935336456
24.60551056207345 13.251311963380186
95.05429665828689 79.23523812192295
12.256334428402448 51.994121004343086
50.47585235782843 86.54581422666364
58.88426741713223 89.16784680575647
8.619100688226744 63.30566266187104
16.430577793413235 74.20682636424041
99.40333712692518 17.720348249173668
37.97423972009318 29.44962832991286
29.56090958474632 43.11393844328879
27.39116895277711 50.18372866736757
88.93573399987541 40.97741990182884
18.529786441868602 70.76048754625317
89.4960220082042 68.12425818703221
40.636884310371755 60.09823909370269
49.30643961605702 74.5118366333747
24.272286444505518 16.187032845777594
4.823741107548707 36.05324503200974
60.363509933864115 47.69840429052002
44.4182816288028 17.162092288964594
23.31604036714627 8.59034899868143
77.3126580818523 47.896939450429045
55.116870174540026 71.92772266790942
53.4558254991462 91.74664609478607
89.3057209851554 82.77998166897986
9.071515299402154 59.69161901701662
73.01543336567559 82.17877044640323
0.9728625007380365 8.375225657178454
70.64493018065893 15.856497052452811
93.89274553208566 0.08447885260940424
74.87651756697522 24.703877495432515
62.67540949197241 84.49475888371845
54.99058207028921 71.83327728181274
15.174417339655333 42.012544422966755
11.24851029663555 4.856156358135211
9.723355592833549 81.89785929575402
75.20695132577711 2.81037418910689
14.132844271248546 9.987346358549665
3.9384872592573394 79.05890016682852
39.26707229888168 45.50621605003398
63.68062739009843 10.105314679612754
97.83604151473591 64.09293471433205
44.36820160249837 22.982711896857268
8.227343849433044 17.87630319405701
