50
11.575935476838882 95.07889110106082
15.777865682257552 80.56512951089442
21.601393116898137 91.77304984967876
5.87747582949989 32.16638514498897
79.00644479643508 81.37497343446067
50.68379759992404 45.813788881812116
29.82705412576244 58.20282452692048
42.24613293632912 31.52343967324581
98.49903776597392 8.088995287458056
2.107391699043659 35.151355174929655
77.3386079937242 23.045894630674578
48.194265880910514 82.65974263285766
99.56898577408926 83.62516065095735
71.5778944995368 0.04916204190279494
72.01153653915064 82.22542237188422
85.48118060735347 65.40727879375395
90.64130151620043 35.76515286667126
60.97267774633504 93.57788713452257
34.375306588737075 79.8587858679366
57.22041564930068 81.99124618958395
42.2689747250252 2.8752834508770975
72.64077374451716 27.137496964370612
16.62769438954671 40.21599155927761
17.911000807421974 97.07849035749322
79.77079675800223 59.691829141296374
57.15681162581304 94.4176207314338
66.80598739498251 56.059331638522146
94.72898704922682 60.34041531158412
55.177752110000256 66.34023742134289
10.020342346002408 26.927712018155304
68.57611262642781 74.13691757255746
24.769804149102768 59.811110024465904
78.54286030905226 33.540994805659466
41.41982861615432 1.0278428916331017
47.56680308093848 21.84649854165823
48.549289705346425 73.86008536358108
41.044116447057846 56.0247373633172
87.03601265538354 23.154736583421897
56.996672317752285 11.215365217771167
86.42115631635093 86.8319148374662
20.15900444616291 84.45885277017454
54.236271955045964 61.73888113045869
34.25694291234889 39.873366840431544
99.8572980083845 2.402084977411445
88.4121404640038 43.00579420360479
8.255400961781845 66.49300615357625
37.255836987179734 41.35094245804994
80.35619672381434 10.34037204923357
33.22338879049445 34.22817064624441
41.72470530665934 52.2303787773728
