489
21.021359190320887 38.548246952783494
38.39329041727021 28.42996709812252
98.28059123557236 9.615391744944201
23.899408386822685 96.1638354427703
32.760256966965194 81.9185979849845
47.46180673878764 22.421768727073765
76.58804751840196 89.11796423147565
51.68810442332976 55.1932531530131
90.15095208222756 57.38915157402638
36.4663676335652 74.97267597327675
41.56612920723517 65.64571004460254
61.26889610309717 96.91561461568456
87.33709958290923 55.58340476150042
9.073330853417927 11.216170045367113
45.055736997812446 44.305407358823736
38.546732210061876 48.94885600028094
88.15252737381569 23.32459074343508
23.03792961949319 31.97165805609865
5.792983871291146 17.471903219642847
70.5474701863538 99.60431388920729
70.84761317906171 51.51984523916684
23.099894346896267 21.513397507669396
73.94553670714834 17.1374661654471
54.33817073027518 59.42871726047753
71.76363476060399 25.93517997888457
75.18101536257751 55.27216295056091
35.79460615197848 3.602446869869358
64.91609973112872 84.76014007203388
9.988259076014083 28.411259019628243
50.8965258965616 4.022573688087194
84.19686804427229 81.59362883924608
75.21466149548492 36.64484580863224
10.989151303202993 23.890513478503316
97.64818650307727 6.19000863450232
28.568270791030503 0.7510936255217149
93.96081102118302 93.55032497787697
52.38540716995954 66.167716520813
68.59441596943546 42.22771953367751
30.536917777288497 62.50086651800652
91.66450229943607 25.935985998652246
72.16721716777896 57.43717537927906
84.22591594647884 30.574081769238425
49.73421402996062 98.70047274876313
79.95845637860924 59.72470997593785
68.4758031488291 3.526585460427134
94.84149649496872 20.50436064466814
97.67916889775209 48.35360893027405
99.65723114287918 40.8199285276703
82.98292643765073 48.216870102325096
76.92575864752766 77.68001237897394
91.61842862828698 63.38345558343771
78.51092813987066 38.72001302144379
40.51400699711712 51.550450570594776
3.0850982753520273 7.568095882284398
40.82295857519343 85.55703301666043
57.16303121030744 98.23987707631319
73.50025485405152 89.2361784719885
20.58884789198341 95.34223526546452
33.08770241817719 11.485096118298156
4.145119802835795 24.404053181997977
22.722262203419984 69.10552192941563
91.61503848406272 65.10459930763226
60.85476059553066 46.151475230147454
6.183107315294234 17.95328323441354
93.62487383159636 41.35036477728477
12.827591436236352 50.84979258600174
98.41337599617533 59.6121833945895
20.709958859631183 37.28331058379541
93.57417934568973 30.203213675044648
65.58408570626757 64.41558465669162
24.130343633445538 14.017560322569068
67.82357053301351 18.983600449259686
31.93501425341979 4.661334239241677
78.80741558950608 64.97149301552507
77.68382356566711 49.645375737189646
91.67278415864268 1.3480866908222366
16.826856555998827 48.889765566616326
2.7659604685234873 96.8006208912591
52.65769001221429 76.42596632140395
14.610765015139782 26.509872845595027
50.86098466873691 47.232177648957055
87.2836499214924 92.70326045179627
56.37281366966322 23.103715530653812
13.586983674859688 71.44469676858904
27.30972225513526 62.681170798743565
23.300215398894586 62.546167756125605
32.057412544240904 50.383361091907034
0.7674184062626321 12.521531638997018
8.061050190741891 65.43845546647059
5.286552460790173 57.38888869819944
51.219790331253634 86.09334397194014
2.151007400762228 64.54446721997063
96.26932907118369 8.682502011523907
86.54059791688307 89.88318533596275
89.66691593024794 17.358966445949854
10.954909414784165 59.4037554670503
1.34113120006083 0.04805307600861397
38.72348919448403 0.1785053373108081
93.33508825796073 32.32375172489193
9.492978048136369 26.69134128158538
75.64986479102177 70.59922899328767
39.80944159258279 28.996904425867363
79.23839973726609 29.02502110240458
55.05236838009513 50.62457726004932
52.305474528654074 96.33705365078966
18.866105788400333 78.2847165690604
71.08585442664923 70.38858469592681
49.25496367558567 60.586725598007554
45.88342493420896 45.66621346346149
40.06088990341509 3.689878056085205
57.24963719416321 2.1320466181365183
45.9841549974748 21.988691872492396
46.96185708596949 82.55009898377061
2.5535946901532602 29.91165804738849
17.435125483575785 87.7154003424072
75.302206637099 50.939922195010055
0.4316226601578266 62.8598669006834
47.15046765677957 52.998115012644
60.07286143475762 19.025289106693588
62.601234121290595 93.89273639354934
32.76082834240286 63.826179007046846
20.673786719020892 60.61376298452059
45.36562106810537 97.10323452021802
13.294006936350634 60.133148671270675
56.54284357767793 74.07985838522949
35.73542137210286 53.70568947256197
26.14439633687835 11.763575318215446
44.46826419829216 23.678097661533172
64.77315879066883 10.095458251067658
87.63448650630333 64.30190826612161
19.175919457565115 46.169581407827145
68.95161469924022 94.56236471692809
88.47720956727545 30.684325081215057
87.7649786357335 99.18572196350254
79.60732676669636 59.536606377762745
57.38512799174864 45.805822267879
7.033635749632328 64.0692062735888
39.68903806882691 7.824713568341634
26.165367685517115 92.91026587289825
31.405782128410753 92.0020240230332
28.50402547605515 28.98600128903277
98.9937887837122 36.53619503256353
25.939264253313976 57.973047592608765
58.387571368274834 40.6359961565815
49.20824761708419 14.569693779356163
66.20594125235111 10.701258624527998
40.33308597814297 34.553598236782115
93.87556273479525 72.75952502077394
5.1830697309292795 17.490731665015446
89.7949941634274 40.65956002766477
27.46691963623413 30.6097403589521
30.291104565308157 62.968480239562496
70.26863638965052 67.54933309134178
20.75838977824095 46.02479630559897
87.92310861808981 1.5576632724978445
85.41835768313257 9.120074021364722
32.41223883884311 24.636400885824827
22.685124199223804 72.48995592827269
76.08466196193113 13.537899516747043
52.96718746039165 75.01197616377728
7.878322435366503 67.68042932523917
45.32009899806418 24.861382544588274
45.88730265656164 30.941037473423904
95.7338433314862 42.232921190225966
87.03737380498174 68.94333271839346
13.488502572953621 69.21760240855441
74.60367063155304 31.894275882022693
95.09293067417134 58.708193043783986
79.87511017779254 9.645311850969895
0.35085813619096795 77.43114831461656
34.25810164814822 2.4592794450137734
48.07558156529274 91.9749742542152
98.63868775625104 80.29193564229112
66.84914830384224 82.38611375025197
49.59745682820728 45.29533656454255
44.33689636346545 11.561080332521534
32.085972076790334 36.738974240152885
63.46621017975629 39.91551382988362
35.53611916870487 0.9219773595489755
69.2664928654387 44.61423527944177
97.12802378798949 32.85273942963276
96.8001548421872 97.92071285355026
90.12870634636651 66.80657658949907
15.35031886175836 95.30983413430747
42.47991400768214 7.333278217838213
37.75896267173566 9.995694182371196
20.93469819868483 83.94405362309271
35.54148358673255 45.79034874281981
93.08621248317212 79.39610957277367
8.078196987139163 47.9818087204642
94.52829567219003 62.42800350972225
67.79043023411764 23.789331786715174
62.515776664581054 6.906479123933917
63.72677398748701 64.14986861917377
82.12118697320852 68.24648375455436
73.17197296750813 19.475962044457418
58.089924851136566 82.05167928814838
19.76828650376775 55.04666057226002
93.36212514299795 91.09383535603558
32.92819524057271 65.21756639329979
56.905215938464025 24.22953002028876
29.679810354494094 91.99282669439238
96.76192327871331 41.000647753007925
75.75245817309619 9.79304875217034
80.75693819518838 33.61194024200318
4.800258490528753 91.4200914969202
41.441938826716054 25.078833739071726
11.406759653204457 37.72853174216721
14.128362999087397 71.8081239557195
61.934181508406475 37.567204452060935
19.629807188907222 2.2764716844010824
67.9900644991005 17.175714452699232
44.721295146363694 14.184351279051766
71.46024283847171 95.22911146717439
24.06633604730746 91.23093232698379
80.63684901586714 82.43347797364886
16.300101912159846 20.453330165805582
88.54001831441909 52.4405639706284
17.66383745441855 52.02868843173728
63.00736138193249 68.70358658511844
21.20590891469789 94.81573979349373
95.94942685307255 45.44331300407086
23.64627424990572 58.885318981061666
6.399755357799131 25.56507912295053
26.118737759161846 86.87083962167364
37.518318423073524 32.07301041829941
37.052500570632105 33.854669769023296
66.30944690545752 38.90352723479575
65.62544763386549 62.207862082258146
20.037941412877124 46.67851130422679
88.29090080419903 34.70508454523825
99.71409444027793 91.16810974407544
53.945313838374275 51.668112555873
45.22349068452955 46.20088081312191
87.20230160825216 1.4525308686270444
3.935841076689106 13.474345266060983
79.9742524098441 4.11650859290813
45.9137472665463 50.018978372361936
77.10629541428675 46.54353900285605
11.92459436276292 55.05287765279515
32.77284065756808 70.69914804619816
16.024581584171305 84.81790982195542
63.290776200833854 96.93421973588653
53.902070819214366 48.87908579539586
29.2838975968276 39.08924092242956
30.758221325955237 95.52377442436575
6.261050200428775 10.61928809591307
73.28474304034269 10.915955032007185
6.83889124418341 38.10053317236055
81.74069427823676 96.57624119032263
88.9231475093262 49.557104352786865
62.08720186070088 49.876421411881026
97.19483362201679 97.55084832481121
85.06223457383142 21.374654030084617
48.803038561458855 63.79480117367382
92.61145954481455 87.00606633829673
57.32347883773691 9.565482570101679
71.71739415632776 29.917567615727258
73.1540537792201 10.984448668431924
21.820535831085564 27.609886894436297
58.97490546514602 3.3276869576007617
27.977668759399066 91.70307002512563
51.214153567077695 55.574276776889
99.33968309599004 94.00794673152566
40.657726171947374 93.26279030302994
11.501313914291334 42.239166505149214
2.677632341042402 26.876464156768233
89.29736373640418 84.24622476793051
27.66348368659558 13.094177284620468
41.899686426634815 77.32373122079927
91.48113766209221 84.6131807420825
92.96174617495527 99.21695190282158
40.18645787919296 80.87719106543669
90.31323356989208 8.062089497245095
79.85893468740046 42.28910394981536
82.31772760242146 36.12868146948895
63.742364935905314 40.645631442555604
8.618701451984201 55.821315766259126
19.385445166505555 79.09517687864994
38.507472653095256 24.377404036099083
92.63253277311968 52.94872076587106
60.03074478390275 88.31232309611771
16.34868534724011 98.00705379135418
60.100614706983265 92.83378299210295
83.09898385362122 93.38522845689671
35.56261060995888 38.170198186262915
86.21611220947575 50.629828189472384
64.9095003658705 88.43488965015216
86.46819014716695 67.42052658645736
9.079060510232317 2.5253710614414504
12.07889792946859 19.525096833117328
96.64790416645096 31.451341055404935
30.663927361324184 79.62428994855713
46.90846836977165 45.86804551142901
77.03523954905192 63.306143710839414
53.45503838407056 95.05909455202078
46.119781458443654 11.735826988633935
90.95850991213982 86.33008936576688
47.494344629510884 96.99772960004604
0.009350959835063843 43.24651307454286
84.95539924037823 46.207637881348276
35.2321297040852 53.991295972031836
10.44884246548099 89.3030506429039
12.80019948964457 75.56245193981354
37.6269381822411 33.65624689803677
57.84683089580117 10.62578602694144
30.394437819569287 3.7012929745166567
63.730556768021984 38.02379292339045
55.05713051455506 95.0459569640962
14.87300637001443 96.93957531845345
41.999381421619496 86.99262073326342
61.74531768933368 18.292669467854438
6.334099585786146 97.37648539721509
18.714120269241697 12.527166516894727
19.431539011783038 95.83920619926101
50.608171299081995 80.91517989168078
21.00281781232556 26.548212549506765
83.82586605674342 13.739073133001177
69.13989138547322 49.564590773417635
0.47910699550737235 18.65945136927687
86.28563545594001 66.78974359549595
71.6365739528515 25.669147540847703
75.39333871252786 23.797669848331225
78.14035924337693 58.796302879383
18.970736328108273 79.51193746485568
29.32846561715422 76.41795924214486
13.460822387131987 18.389772901609657
87.67640841175216 24.172185655030454
45.802925947327765 11.561742282632148
17.77017422623447 96.94879948340166
56.943091558182914 15.825720758378592
9.8596831112993 72.96327399467883
40.83775892231634 86.13356133130135
42.861923256760214 56.73160381751945
42.75297428285854 72.3475271757577
45.3079026837847 74.34179489393463
2.875990816128504 58.07827136912911
23.48981815557054 30.087507207134156
54.217675701637866 6.422181654384773
51.463537847326215 14.961651821988564
49.065163009744204 35.98839863534771
59.58668336223637 93.11800073919918
72.17873261708787 28.084439978203356
70.78580862619879 76.1451479103808
73.44746375762186 50.2972361286364
15.885425136985576 92.32428573025379
70.80944971663475 2.239838052853327
85.65650035829536 67.26818598558746
14.905980218976378 87.35900780549072
78.15957731654973 12.148607305270376
38.477553317067304 44.26272808629348
17.114707790582393 17.153533555257983
46.387608197732 86.38311451550851
78.28779025350458 61.49761950806042
58.89809415452313 24.41749332896994
12.789448071397691 41.13514586768445
34.11396448831273 95.14967960980702
53.75629725595007 53.770088464900425
51.665045132111196 72.6242388968315
92.50122616457772 13.234759445891942
99.78578591792837 66.94248264166266
1.426615543032328 81.525071036805
5.283973212119008 45.71120479971803
92.0364553039096 45.34015386775309
30.216072817061203 4.957498510516523
4.161817299677184 62.82868969780192
42.700788600198116 43.03104550103487
19.065155643643607 53.99085550362658
79.04889196098964 57.75910412628706
84.58863281525352 8.431921882985694
90.19679483820336 36.28520984034335
61.682830668487554 42.42530514252264
81.95968709343839 69.64051230539168
2.4712488374874386 25.82557061326243
17.184275713563657 58.72396684274758
55.74026877460037 83.56405655096985
6.706039437826838 55.614844871958205
93.49278859309567 3.818432773349345
54.842296115523226 44.758720471953175
51.797667526172916 64.80006762438767
86.50974340109835 31.51758885303423
56.72044130387104 98.76784696894282
32.2606387539257 97.64234348957972
61.31514492936676 67.707330706311
12.71531880058605 78.30906290955252
54.25253410776527 16.24016777964844
47.20334575015992 75.34523279369505
26.23917515872489 51.55209676814817
24.597588428422867 84.15531666648354
43.92794334175454 16.04595305390245
12.32130261683524 11.858095272745961
45.875304245601924 42.02345481402531
94.75675426867663 0.909819102352416
37.39618824470055 80.97257185202876
10.267269715607553 1.2227545972339993
58.50124493018563 95.61554032102211
51.223105574224306 73.41058170358636
25.65527364352922 77.17289059345889
12.50246846757631 24.485992361059928
92.76981162943227 94.48888494465079
23.032024201868985 66.88598955329745
4.036735213402542 98.37042657344891
35.103624867292716 57.22508081937584
39.06779844259491 47.97479860646142
81.21886921695658 79.13462204693383
98.89706240179696 3.863362941421422
81.61934258206331 60.14671335275546
51.62633000314815 79.05959548372967
90.02697234583317 9.767721991518973
82.3006891075922 61.80037174320559
3.022434760952575 59.2453019820468
95.4391959801885 59.41497818000724
17.39424461474647 89.77073509014663
78.03482134415455 48.85340395085366
96.01693834258357 49.11940662430542
94.3019634092965 77.50362253396656
31.4453860223857 8.330800405804839
67.50250899772074 49.014450252089915
79.44752219187464 1.0822116778786972
6.564982261964047 14.564586755185172
34.53491358913765 46.77634111750654
35.85521004162374 87.19506394265538
4.891201788517529 3.597901114044144
67.07480611043013 38.29619326619205
83.95483288765286 88.73342781417055
51.96125399679372 94.64978038495559
79.2243510041995 50.32438887133477
77.82910034043434 61.34790940025785
92.67058060731931 12.372007100993743
3.1308271936013155 59.03986931177393
89.12096808734509 42.56611853153203
71.03057729283952 75.3690350882694
58.22619761694533 71.3538147699458
32.661622236363165 26.618820140839794
34.62110690481235 9.116908725038753
28.293886327534967 56.66115684545397
39.30954013278969 86.84077499117974
78.35206932746962 28.060158354517938
59.06317441616869 44.12050728849193
13.848243394083948 85.98017614163084
60.789618365709785 38.580293011994826
77.78771824598535 42.9770016171639
18.87234882174418 0.1859106434891178
68.83475835160213 1.12232075543921
76.50016292684947 87.36136367653447
37.85363523520318 49.470486845860606
42.88857260542728 73.23560174956557
40.75273163443964 91.78522603721322
30.4703683938357 87.90585755018084
47.92638671759401 6.066812852774605
79.70241186958513 72.47683406736023
68.43498734058619 37.67692616721939
96.62202327503059 5.31610949838397
41.731370551202254 15.201177778154296
43.08970714791959 10.757749870066846
21.95010175555242 6.7882533176148785
48.30191562519472 40.23659333504763
19.28796672644475 83.94375492199102
39.47061810333624 49.06951445389874
24.9113789630087 55.12103240623597
68.48318269801926 33.44798296538449
51.893789161190625 93.86609027306831
85.16009700422983 5.603996530461264
55.0939199307796 71.46120594106829
95.52490596321802 95.36118155467581
22.25201631806367 31.48155801833251
78.77419101681456 46.38135486781615
7.5493707482605865 71.01903338910746
99.68867475869335 16.484637554377592
70.50806609564397 97.42647022688013
44.45101010005295 34.52062274560649
36.23098747341302 39.07755841364408
30.455779112177307 25.992627949344094
89.10750701776321 83.44368471876292
74.98907919521017 4.15784960196407
3.891783572158569 21.72741692100675
97.6731560204966 12.820483908278424
7.43687083544482 8.641809393807875
4.5329544522070275 55.51047341775144
44.02284204044066 20.042148181048336
32.41475399222602 9.663997507401845
78.99619021998308 80.07467201799531
11.83671502581467 97.48683746109066
76.33386365722332 80.58873517922532
10.65099162109403 73.07968067409789
23.57100166973092 67.70677177898226
96.47165102298831 3.6482672428250096
65.61141326369255 45.32595032732642
29.857580617226997 83.20179617989926
