492
38.76679620448018 70.46285811312654
1.0936409947808423 6.33562623349987
71.880730648816 74.23864621881617
21.436116905519143 13.494503031105365
84.09325124508132 76.47917036959745
90.63695797570708 40.87111356750391
89.76455121299621 92.45520657703035
82.05657583917426 84.59505525867473
6.55911482556224 19.087798530173515
72.64035302825621 82.70655420253995
9.771488627801006 3.9276640870759993
99.21891596940671 90.23527489181598
34.721010492880275 72.01223727747953
79.16997956660282 13.023580890608821
10.608194640085733 98.46453322060236
93.4960003217205 90.88951438794862
98.57801833537187 66.87374959480127
67.26394826496448 30.000312064381575
43.19262494396514 94.36101711574241
60.080081803486564 76.55554448141349
78.4238992535049 94.35158237170549
95.83346699677756 7.909676801561583
43.148740699133256 32.44230504219207
44.165745509684015 66.62795474562083
46.45560290751486 21.87620575250204
21.051627758053115 94.28911568899782
81.99228513635335 37.771415819715884
41.46943954854091 5.706623207393358
75.39810130013277 40.41155203680646
21.001488190834294 25.53258761809767
85.50479602290739 40.49609879925736
91.93970922425571 48.55784231822239
21.943035263130316 75.95177472841485
16.394314749954596 49.63070619830449
55.71663992383783 44.35847939560011
38.89542430821159 32.675344294057126
36.82656116990633 90.93834428056375
1.9935641663125225 78.09383584638023
95.53561185999133 42.19648811056055
43.67966223267399 0.4353577363935712
94.44579704872218 72.30215347405777
82.57141589456131 54.329292018470774
15.709706998763927 17.190877166322117
85.46244192383256 91.16198407839063
65.23455273642871 61.111537648012785
39.49075921480022 37.85764617658604
77.86605641117663 23.497272097863785
85.7903932326128 58.39840740272305
44.04248039346673 94.77183155152818
61.19741428498606 29.28798581750849
92.09859130255172 44.06996317961281
11.367331839427786 4.459781857014766
13.842353395775264 44.80362034498193
19.11541541206072 66.04946001144569
33.97342657880088 55.70774439532471
77.70154913980119 36.96119333371516
49.88418544070227 97.33925345016134
95.91811029781186 88.07792887406521
39.03615944856268 88.62261007559991
25.5531288070011 96.61785252242365
7.989004916694331 8.098483561334612
37.061631106847656 37.82086505565253
60.64795305376038 26.706369463441582
31.866461518207213 11.12898227559177
37.432002656000996 0.5298814723047496
39.92760358053026 11.454670305181091
58.49303788086969 67.80163914392882
57.825030180033565 89.30712786692723
87.97863071251594 60.61039064343312
62.815025785899856 14.618284897723122
10.444484969112866 15.881345610186582
76.63253596107276 79.29389496142382
28.10911247373572 36.35385737740052
33.44238223233557 99.85564448529726
71.30080488502394 27.262697631309273
56.34557018512537 33.38196138535029
35.33494703019748 35.49390236015479
54.19543191765821 50.3138273129164
69.93491531203021 29.37222890791391
31.27622914097794 42.21361636449632
77.07830058294319 87.0537747930233
63.85077553456174 42.80084448856933
4.051774431529942 8.050179059956818
2.5364392818330583 11.22940794323929
67.55193595349557 40.03718555365704
87.11073307270712 18.36288773712781
68.36438705623463 80.33429303003503
78.47082666672101 79.51632109559054
94.89260234215566 74.14270932610464
7.690965837630593 74.9628138309204
26.04705341051052 63.77248636988255
47.024376558535366 16.938334089569228
76.40772279389867 9.712849114196354
54.051648877596456 88.91730178397746
99.52433621497133 89.10540786815643
49.086983423975184 3.0330310970896113
73.96284413688664 32.17949178004371
37.37762836986506 14.20364128984285
30.359052616512006 55.36437530953051
83.81946097383289 10.417297827767491
86.0670473719981 31.88717380300775
48.29015964822025 52.5091559472445
80.85498462142566 62.81428142327511
11.53272741069038 75.60532250475828
17.40961958669296 20.345763034620713
27.148512690161887 39.77767501695383
19.902664146249837 29.715882424975128
2.0157638251617205 96.91727537224307
37.73613354312108 10.148452160154275
45.800783364364094 59.61410475135296
28.670591326542528 76.691129310434
43.79094652937816 34.09536123999673
12.83196903542192 77.7061237891827
14.795234271574731 14.614147302491675
92.41864988177282 62.855829018904906
9.6423872049632 86.97589290819519
49.319657166311515 81.73195206242822
35.15940396427016 46.57571472050963
65.48228506487665 11.043605232115628
39.696247592920976 67.32070107237124
62.31876708190796 67.02236401619082
46.1289285390046 21.52408813744524
89.58578061505415 7.410257055765202
79.31544150208313 68.71433495407487
89.74327384148899 59.00526520299907
79.8846527658932 17.169340565105795
19.665567878880708 94.876047120477
99.65408246287265 63.27344667998316
19.33499789217383 50.09282813436061
1.7548817617634827 58.47398439064291
4.565402300409582 70.97258722545696
13.145652102692562 66.22956493334712
25.36378518656064 47.858386355298464
27.987171100620532 12.74879222629589
76.95220664774763 26.65452734470336
31.248004383040453 25.773437212604243
62.736561717350185 95.64113280168127
4.846833207621637 30.455468941359975
70.04509841362326 36.727547841349605
39.54847706150676 94.74868558176767
29.304783886366693 17.590449520040195
33.69025146225086 68.14800659633681
25.004735206950713 34.153048783353654
88.64102967566815 16.57570684355537
18.604186101023146 80.17677923832164
43.21768206443926 27.873868172222636
16.539501447197292 79.53334842631102
3.768123661295397 38.801043240609104
50.27910325579856 32.33000324765892
98.74624229411128 74.18874826726942
32.65399072807593 69.9496379875215
2.8826391353897085 90.80369929795447
38.531911040240466 85.21981671177107
7.152227426501955 53.53483851188925
20.78610660156447 74.85037983831089
82.21021180611332 73.19906124100143
79.32010181338417 79.58089951383135
84.4546009350803 81.02172599526315
31.395008328430272 51.966617316897334
84.46403813118776 37.45595940300993
26.37471933099189 49.699660222466434
77.1610742771702 71.05011002523243
35.890550409069945 27.19205888869102
50.44926181031998 17.610788883969818
30.61590439883084 56.14030215630198
4.643593369516552 4.949170827915472
19.59209244606297 16.68939408744223
70.50614162923995 64.58064634834417
3.8582698637326773 66.00522025942345
5.898865271763998 66.98783706211334
81.4856411419618 33.4137741536162
11.379586688161137 62.56568991244629
84.48692827693301 62.59596459988115
37.710109441908244 76.95972335928253
98.31943167532276 93.87571151050676
2.132497915139042 40.79545988262766
55.01988988830312 9.233221755898114
59.22563967782405 81.35642937331772
32.98485694771429 24.725488486571113
14.758399353461037 72.25157562563868
22.505901067393452 86.7865204784952
6.171499377606294 98.0997417510235
52.538285423438246 96.41808877770357
49.27829370020087 42.28117593848708
84.32415823187934 60.801767396848625
84.61351233945624 65.1971803518697
97.36478842850651 42.80753138137191
86.83396050617557 36.54190913006596
17.3108350717173 62.54486277949602
84.19584705406955 69.12651807376302
91.93507191713252 73.41948505750511
75.02564830388143 30.78693261247506
39.17935878508241 67.16295303662116
3.6239962852208985 22.7344814043847
46.83637730776709 2.176723701667349
80.88874209709353 12.847074290731209
17.851626506823447 60.04156416074578
22.356314883172335 5.7895551037456805
82.66597017442197 11.445685203676426
0.46993844809373186 1.9897121992158762
75.55777707382867 73.69856984633067
33.34229595393358 7.949109343399529
12.118621312420707 61.9339582472438
96.19520339468247 33.45097322186689
34.76209225405614 5.075207891679168
42.16993539145955 59.101700441840535
32.41903425746676 3.689848254944461
23.156274149119007 61.96629899026996
20.54244095256109 98.31632963385971
78.24707882770542 95.38353427111441
94.57979065308221 80.83489422151709
72.01398655979038 3.315201139449653
66.54868215877559 19.417751312787036
35.08368969411786 83.6232434703504
77.31593618489877 26.72030311102055
30.491222249501693 93.8097830869785
40.960681496597985 76.275519655045
11.451973794046877 40.407174057391835
34.46298156076466 98.0020957916898
93.1610979575924 89.58034673371472
86.27588380615666 91.40590848316236
23.32767341651928 9.01368142473391
81.3871391436728 13.630774712208126
19.793127983624682 31.10817714167704
22.786021560915415 29.424199612450806
18.254421531593156 50.906660923509314
65.3399244582908 67.63147134835091
98.37932177649546 49.69405141507865
16.032580220186222 14.888134862899328
20.367752626104796 45.05741953417155
9.774061074631513 87.69085355900206
72.23764068504475 34.124483634164314
69.74278462749677 97.07256929798551
41.114894995948035 23.41960547416634
46.25027868575257 77.09397665476318
2.9856759179834658 33.26292825010585
48.83456381353588 55.102748266563374
43.35300538750671 13.305738742823959
59.38305054206185 16.129035838260798
37.10564544891694 5.940119558170009
54.0225846950779 15.817995436157394
35.456752751199204 25.187420808671522
37.01901937728892 89.57875012722936
52.377501992024236 60.10590802778566
68.66034273768491 32.13333716201494
1.8872740209926353 21.40661599036593
47.25844878614204 71.58806121028641
11.801279562356125 98.78291739206173
48.2314010958394 69.19409243192057
63.068428750020935 34.831138466685616
57.70427550473614 89.65728194167994
37.174657636828414 67.323467360821
84.9544066041315 11.523024910047997
84.55837748400575 62.91293318741318
45.05093176374518 83.57025485994834
1.8070292239562247 54.227042567743176
40.955488494127856 5.292308356170617
52.7363282529828 77.31763660571781
38.867447178017734 64.39023432876124
97.93662486745966 47.95617491833622
30.84540354456188 23.888239655388265
34.665303311966554 80.46678923935849
61.666755136304786 69.90440552527517
15.483196562558078 64.32644310488169
97.28246432520073 22.558501715660974
26.891574701807496 87.07518962622022
52.995551417099364 39.90033299738661
32.75294524066897 18.759824231650114
88.6959391478321 28.891858647366696
83.12437107930043 64.38668094455818
83.41014957381051 36.00081426824913
61.08221075326309 41.778051140890405
93.13798401878834 2.477215193295901
17.999839862198776 9.613694313824118
80.51403717278158 82.43024689131737
75.72142879803273 55.94124428691655
75.94095529915715 16.667662314538422
48.670100850412425 9.882528244821865
69.77293033899097 34.03938111297048
49.46141907587208 62.54183312279221
28.361095395810963 99.58754026804398
91.13436194414759 50.665711859969676
59.42198260371925 6.070407798961053
14.374582345936403 65.49262838510217
59.0720347237898 92.29904314383586
85.68756159371041 72.06010751389879
42.26156564303831 24.911095955862848
23.214372164313758 31.238680476383042
82.87298196749174 21.296017352302155
91.65919859258429 89.94176587763523
14.17960104155731 26.32846464409696
77.03893950398862 94.47644471480393
15.929008215751095 81.01851894768997
49.12537559026327 44.39591024718017
35.02487584055949 45.25248354918563
28.638488322347467 73.60915632276753
29.528855710806866 30.94880071118976
33.50297900291616 59.58900418729145
87.16088094628056 16.97587115773368
28.474453118806274 69.37191952350217
40.01359256663507 0.7139728376807875
71.91322267347634 67.21469928356541
68.23783505067036 3.8636581452446417
23.554860338485994 70.13272640150703
19.974179337694675 92.23508119915212
37.10663010323807 54.29346541751898
35.37907290955599 96.0882204738927
98.59294432329058 4.232616415534141
43.588831098803716 54.34510850475287
85.64632780128589 4.212094685221968
60.70041556647927 19.490645747190825
71.55470296267427 54.61450602076556
14.552965099327707 45.20114184979982
85.27574682363338 56.21320106773855
94.40245050045985 24.984248115263973
16.041760482240065 77.23415909514834
76.53814116406508 26.171483184458733
5.829950220576386 99.42322479526506
79.27012292165398 46.29840773605611
15.092975031958833 91.27219957137535
30.969852819284093 80.36221008938884
33.29869776984814 64.34161930796776
34.84609711181205 34.2662230542644
92.83062082687927 12.276601066783421
53.40060776911565 86.1793263562593
29.159000648779898 13.299541495635857
24.09766280482345 74.17243011960028
88.72765888984098 29.50994711035868
41.96356156398652 19.503628288613363
10.869666232652275 4.265373337846546
69.37354711927362 96.43787570583432
81.76385241485427 18.586515566766472
37.767526469302304 44.17913458268543
87.46647457245412 18.51358594045068
42.31625703170189 53.23816963017131
37.81012862621617 14.770191153321155
24.132523558448348 9.485389188419413
84.10560034920461 37.912785773794255
67.10492835779979 9.356989950455151
83.62087254599295 48.826799621422104
70.16784306881448 26.636296941628245
83.55114298757394 83.58975329534147
52.26257514854231 51.65205388992252
89.23264249927338 97.50411525806231
70.73307045162734 58.010400407917714
91.34258427377209 80.3644827963894
88.72111237061813 56.76157213292426
65.49550091839028 52.8027536780272
64.94300369102739 9.29262227753197
21.210942757518836 85.63090197417455
53.95563176275385 34.361857620231426
28.179181159709167 73.61182721548445
54.43154314763178 63.299021212492825
80.69820396110482 40.596761752507504
12.98749373350583 28.581321896330646
92.50496600755046 71.35871076158735
43.97680483529498 26.87836299475128
53.5306570179824 17.548373636021818
59.31441514703987 37.73299231761167
45.3253644880618 47.57184562861904
46.46364314397281 23.726283602306843
41.70627695310414 1.5409323021271182
83.2351074391824 47.415201575345
25.3392163387555 21.24341670850638
94.8206557134803 27.404125969417148
91.26483040753499 5.9423842713988595
82.585518266785 74.98428423215263
9.858409948103198 77.20822284435938
87.13424045243879 62.817415989926694
15.92661454427472 76.3515669327345
62.34602938908284 77.69364758483172
44.76756488806372 12.195685270344047
61.038699326035804 88.15084524794439
25.94146881410061 53.642629234438324
88.57119972586892 18.45185385974687
49.94556483359287 6.139139244287783
65.67970678741013 8.327701830941592
99.69307412530046 76.95119605047583
0.7257973041695176 70.45066194858671
50.06387069765198 12.74359751906876
89.85901987693536 80.89456936426166
4.169065999458876 8.808153134232576
27.281925491090497 89.36667798510555
61.73739576932199 98.32652521736408
15.369604515790314 71.5853380970781
55.44018503919321 60.78845452269513
15.891787143303738 51.42653238897549
19.50641801248366 98.31790966891317
64.62131781927754 1.7884277816849314
19.843160203771294 17.15146554298146
67.30952472266479 59.47233777343387
58.61045630548878 68.7816089303817
93.43881302341882 15.271504536694813
30.168022552410388 85.77427561025604
79.24692473824439 90.51871908583665
49.32784560164778 43.98093494302881
77.24883516656993 89.03671893632736
98.35314537720792 91.29938899405022
30.346356288702047 14.766606825509887
6.761668178692637 46.98098385042935
85.13850747322556 23.495202751050048
76.90018056840104 64.01516092135876
30.140580721259912 51.078301370160986
83.98250420996864 7.491830177915126
47.00982705827893 65.3254170246181
47.017757210993985 12.660118532542807
32.76469453757045 38.76974759793412
23.218907184219418 21.849694450751144
4.103296167309911 21.45455796643565
92.73053714076947 90.10304526962322
8.755078147707652 74.79790396452803
44.168992555581 60.99610595482886
97.7372692574949 20.036400934747
69.80448209286399 23.609566781706913
48.96636587227102 30.35159734507665
50.982221790494364 63.668437746935204
33.41254320533638 74.6202121229696
30.4709320946018 99.63055576722711
12.900157243209886 39.67234392759711
83.04235072213007 78.51571690866356
62.93843301532556 98.96559815775085
62.90280682646796 6.988914616698139
87.89330857053993 44.777501462778076
24.903583329985757 82.24446216624357
0.7022850646097312 34.36605577790648
24.708162639688226 82.89606549328859
11.179494408552927 28.281234795212917
83.44170561371399 5.8608828601577905
15.045207119203274 49.01142912680183
90.80926699369358 50.90153639122018
41.619119605805444 75.19652959466342
27.257503776271864 25.524629549706734
85.30477298009612 61.63901581116957
94.93084166923018 60.44756973952287
28.453458390367892 11.182596589740735
25.69920700058068 54.56436121484904
3.179649760704739 69.96219552229228
46.59014854172 43.07783680865539
45.84346295778708 75.92864294040785
3.226643819926256 39.33509988509157
69.91082166241782 11.600773905990724
54.16516244178111 29.403868034811065
81.59139931714012 76.01006942720132
48.17857736675432 83.92784624191584
11.193069669646905 36.58530979173936
30.03624390197066 84.81123881013536
19.080247120614445 69.47652832537602
85.49846416743388 3.7283417782386863
18.589180424800734 9.50916760903182
14.657395152488217 67.27402794594384
61.67259254015809 55.13977097082808
75.96580682014029 11.391450629334088
31.856525543356128 36.202943106976335
97.66252016226552 38.624380419153894
96.99606209916978 65.17927802163439
98.33061125631771 49.07858013529517
80.68407766466727 93.93823938040468
45.80954462010324 72.83779986128009
20.857164105259507 60.76662559362016
93.36140296083222 90.39327863510387
61.892279143003215 18.607424145257824
32.2085336007718 64.37506557477761
44.85485517073281 93.60037456420326
73.74128391137016 41.19780074135999
68.47333171301061 60.79584638220275
48.02357846529455 6.154190107022717
55.77637594292454 44.05169293616494
54.414687503070866 9.213190740993715
93.92761599379233 18.10597855285606
57.08570383430121 16.42748708724946
88.7250539412082 76.55313559570043
54.21943045313622 7.314013909056327
70.47507577228173 1.6684424740381898
65.16041654751731 62.772082508865445
99.45761713551938 7.615936885084407
37.04268793674699 71.31793545593943
82.21806701005632 44.51309935505744
60.868726247224444 10.587688294634079
63.17943537999906 67.94951198149502
10.659044849823596 86.27298597250784
93.61747781056981 0.24782170862365227
92.35723571260013 1.3328449073523707
74.87421171989291 32.41020244866082
9.710955022467848 60.49507765663598
27.72183691756037 77.75399539935461
67.1306555823624 59.70303473849182
86.93510442266916 16.99097493346915
43.88981461887166 11.430809788967943
35.58211729390786 52.270085543220276
75.16535980138715 49.424484865667026
88.38083978552318 30.38405234487822
3.854298609858997 62.05996681608508
