501
23.82691206115829 23.73592939565721
56.65462195141304 82.55800782937168
56.09987815859465 31.89597442449339
38.804864930705975 18.3592801982281
95.29765366514111 38.90886416244032
86.43468261648938 28.935493991257665
59.33004871223835 66.69609554564641
20.00036478878079 60.247595077223146
89.48051427361506 32.53759960127272
44.71038077325383 43.59102279782816
40.70477691428387 95.71834107082408
44.26276110293743 11.630119501314052
66.67226564024693 71.11640748524897
52.76038264708425 82.19665098830632
8.599351542300838 77.93175677145796
92.62887213124327 50.019366902543695
14.505480001009586 28.23183826625567
78.96995379555285 50.46678007719453
67.68775111838676 74.85904778603451
74.47183675124644 84.610318191463
27.779859040819655 22.48167759943981
42.260808655763704 98.16138750463845
51.033849218069925 6.167754622703525
83.07461415106053 40.31625690947275
24.227329207631342 4.7840643888114265
66.72039090472116 70.03586128342572
21.103974058517526 59.76599659936507
18.48181732889056 64.87511699971985
1.1772606666896612 23.364502063607652
76.06674531595436 22.659017320903352
41.4567478883807 45.32819735178849
25.974614967401443 10.229696016161116
6.361146379388016 29.73914713483331
24.32146517344472 49.786905116676714
10.84401587697238 74.23468124115871
88.51061209075003 92.5419266074442
97.63290613165039 98.12043899553959
4.369791191104633 96.92768468206955
75.07879117257953 52.72596214209355
84.02002107335007 15.832112220330508
92.50874326916463 41.13534805480165
68.26410121333727 77.53729922805164
86.09634515188192 78.50675620264168
71.28641833616466 35.82774418281636
77.88159767169783 75.26028159445893
97.1223372714914 47.159723236031844
16.882672688472734 53.9934359501498
48.244795009164086 87.0057710253373
99.49817145428965 35.62296640854024
53.35815180654134 32.62178875161521
85.37989060521454 88.72399939005635
58.25214884193852 54.07645431641031
85.00837903944097 77.45307492164963
93.78316929704118 7.2197889509928554
80.10093503993258 49.810860233698214
61.780934844937796 25.52796885194244
93.22896521069654 19.887844758441332
71.42244637478458 41.319535143505526
30.300806140937265 56.22581454374958
39.668951006700624 61.42436491700495
25.307140749398382 77.06199263844525
81.21608488445564 75.79107900550133
19.058871244027277 81.90581143482116
7.315133122425454 68.26930256119755
45.1200227770718 14.217737408769937
2.8895493829034447 22.323520869977543
10.30941716136451 85.69646532622623
27.92854158507253 67.9183592820026
41.749980191032634 60.88137129865255
49.43501802128024 13.836668654846317
18.636298602911094 72.82854603862732
5.732206333302314 24.71757026066077
57.33458026821432 41.59559041726949
49.99183534476822 99.80293356653156
13.211948094900826 66.16409430641845
48.5058285150872 92.94308921604585
1.68702816748999 29.36981679126055
58.889001238194695 94.45134594206952
95.67784243075258 13.913466894074567
26.869954819500506 9.517394922925849
98.60788906314122 98.76411080129517
57.73437521054926 30.171050189294935
47.65265892108845 37.12839696839046
65.60442059237997 72.63277244880368
48.66435814799065 82.55063869631168
96.41075068141683 77.34606761471957
41.82991284224661 87.99532063244706
75.6108044939025 44.56257500275175
62.520690785578225 44.27754099696026
8.193106500108138 84.00901841788186
3.87925368954386 58.68840055532609
19.93111462284415 22.357296956480898
1.65053639340198 17.67943563110641
33.97148667028871 85.37722978157703
70.58416575113259 54.474486638240585
52.02095989700918 27.8084474290777
26.377425725443647 70.22189948264752
18.726323487003903 53.977278534648974
96.69959994034546 93.77517337258587
11.63800807788624 96.30399073934763
49.629350249010194 50.38600063141081
77.03433120682563 78.98323396300141
55.40518336368331 93.64688598140448
36.36436344987754 95.99428359617536
85.24020800769574 77.05275961696879
3.8579823648019484 7.017659205563476
42.87607519744836 65.6283695546898
75.89979797558303 86.58477701867193
82.28644120600292 91.36920145431459
37.452506386425455 82.36782377445645
84.40625059613515 52.000273392369266
12.581113061991866 46.528633713680776
40.88970401478219 31.543052329889875
27.994705493610184 34.924172438928444
27.28417378035537 3.2280340447345957
36.67976336530383 49.01544927379883
46.22604323002499 50.714333028050596
50.707943344297725 32.202376849009276
92.10002123727136 20.754194499785438
67.31282543782167 28.275457958894933
8.095722350897638 62.26211422556972
21.66380553526658 59.376895458579995
1.0033490861475647 27.57378789838878
13.877312408843057 31.022097457958942
10.873971509518798 90.5771412804698
50.900645159104954 78.83137474596194
43.65652948422216 28.30346525590456
60.73028290666649 30.54323559847979
85.14177328101702 41.563155226806984
99.10639566735703 45.93019490067489
8.348034081999145 72.22583212320805
47.87260266088613 11.351658485040527
64.75551545632358 19.380918568130888
37.602408241792176 69.2880695691437
40.19238186791768 14.477899748162738
39.54215916031066 17.506677469832177
65.8267572501457 40.79417021694768
73.85131758974511 53.13265778646428
33.14657340881049 90.44922682604643
2.6847651085885715 77.26323986519895
55.62644526402438 58.911158508483375
18.551977841896814 67.37062546444787
80.8669722159505 95.96138618430071
93.70853952202765 98.94716039777269
16.513142524205836 78.93543009560567
93.11490264327253 98.3745439059042
73.64978021787307 94.84911253471978
45.11670645201866 56.35955224213796
60.62996692386241 58.98934181192244
9.772816264195793 62.27412250353036
40.05687492055162 38.04470823499301
61.27513911145211 15.58641397467605
76.40638736316397 81.85217530711712
67.04353542938513 3.216958609859899
29.82238473676262 14.140024769368997
54.712177962862576 17.15858248817417
2.1481738534987582 10.426838296913388
25.63163195200365 78.11632192540455
97.6025903103484 22.117303479272344
16.714012259964882 12.525616160112019
43.27118505710342 19.829704224650403
32.00193825459577 65.02178316028142
39.29152247413751 15.249095842465898
17.122511156394527 73.82010233680292
7.698337555549517 41.56801600802436
69.52796581069747 87.60427867135725
36.998024372722384 77.03078249872756
72.88227091642578 10.058716507807741
20.564863525358458 84.96842307313183
98.11874674549574 78.0575107539165
85.09387186436948 43.55307462436123
58.45580411384566 3.047614189000525
57.90494456384915 90.02063588468503
70.1472090915082 93.99790023170061
63.46910430785644 8.623794471716762
86.51788990101895 99.23221784910652
6.1110200891203785 79.69996191790683
47.38280819799151 26.834999422101447
49.922409088025596 15.740192848868551
45.10912413792092 43.110641534470076
3.5918346681609425 56.185121933700785
54.410501399783406 42.928605853667214
11.719566006229865 83.46848475434726
41.242735240245885 31.545094627283298
1.897430021223423 44.00172762938115
16.955187524354866 26.846531686182374
0.8547452909425157 7.475837933120177
37.47848128657739 77.46441598950715
10.297621538054058 8.828199746379784
61.517841257237926 16.82316946980995
12.812873973323114 83.79356856656496
12.991073634073146 82.9354463465576
82.84626040643089 3.9691874323402265
30.718492706384527 41.332614782960874
97.10300551429901 17.971097809569958
21.777245818637823 91.31903239458491
91.40306893599734 16.468907328049543
0.8807064528682074 90.71932230477985
43.297840732987105 22.493555097156005
15.625669063188107 83.21299324967447
9.68571971013329 90.42679989901342
25.655397101372714 55.03657339690997
90.1370179079947 6.73693807936565
42.1197772855056 80.71660951912693
23.728618064612693 77.06648369088465
21.829482436472958 34.32154750455572
47.24716239975678 85.60202613138948
85.44804613401931 99.3822426748496
47.32002528686971 50.30526658044444
48.50630543027018 59.96745575893738
52.32506117168566 50.03166847511078
61.608298173210926 73.31717729290582
41.94846122177339 44.172356036099224
57.168407329087614 53.55681058023032
44.265243125083146 16.998750746931723
72.69049593234132 88.92591706484492
17.9556016046709 39.70614542798667
87.07356214498758 23.893827741638873
23.868897164887738 87.68591344157096
2.3290895221035557 31.11878881444692
66.0367730927961 24.701192274311122
7.796938112931939 82.80226382303601
88.82268009282558 20.328142798138316
60.40722911965849 63.113956101965925
33.13150795749923 10.7699107095105
12.806546786592431 49.516069659229146
8.633712287431273 87.21166088504164
45.67684680251766 17.932719701174427
75.17372056630111 98.2934521096953
21.874773784366674 55.24897511954159
30.280779475611464 87.61377082677608
98.0853321156276 61.66543095958931
36.9141438087524 44.560956712146314
68.0876911575542 35.18834796761933
31.410059450313877 46.41668161187666
98.85232401221297 5.707696886656278
68.4380613744046 85.83039842318772
2.7637859244432628 75.37539011309295
19.135094085092106 68.27663388456703
30.00352011847567 43.06221471545994
84.99554599155029 94.9144658481073
49.08153604196428 49.89513611539229
86.51298435330634 5.025222676541374
24.68861347368173 25.84982806837719
74.50089568510657 59.79235738485854
81.87111284416635 47.967006987068814
63.54493820691438 29.910304137401877
67.26852282750095 25.46439677672029
26.796513961431668 66.53574940799923
93.66262379185716 34.9819455443549
90.88487921499808 91.57182286141696
42.56139184585748 16.764198459248004
77.163140265691 58.78960844363633
84.00992333128488 28.146071419313003
20.361564996365743 47.25544014447538
28.463726686996093 7.984700416263757
67.53758459324285 55.68417601899199
27.72576697168798 91.73078477988943
43.85564913112261 72.72454449505312
43.854396350217414 46.319938164510944
17.14904919629018 76.53069462856067
87.70809197685003 4.8046120543675634
38.539412293951926 85.01432109274374
24.810921939037513 41.68382279449593
58.66538125885388 90.6913960953352
57.81986793976001 71.0686798222353
43.708524938718554 52.71758999589703
54.01443789641752 65.47866355855928
41.03137423183082 81.17198576118807
45.138466087967174 24.13935583670157
83.57538886714563 16.230651465337164
18.05396022807402 31.26125785628394
53.67338816161914 94.10487171764727
36.62566490494289 17.645973368368306
74.3672608133222 16.97662687073769
90.1771413351832 45.44621944656739
74.15474797873904 8.232688135331712
88.02150205704636 36.14830096757049
97.21319029783784 23.656794660478454
29.843428753207768 84.34768655888483
52.949294697493166 29.819375794845993
86.09570585906266 92.62291561460589
8.385046297064191 11.603583409919638
8.140467444604393 96.70683157430622
0.5280278493027257 77.84224299163367
7.900611700534044 14.679789483769524
32.09188827490471 21.290032342196163
27.439673569569443 42.136174452792474
24.758855647481436 57.95443660233459
64.46741993577702 14.712390908156415
36.00841497809946 11.7711747521552
6.529500351245366 70.5206994382656
64.3558895078848 30.583669228170073
78.66492900454399 51.11128574668249
36.8614020304114 78.13743776504603
46.7619347269857 80.44217502301505
23.863012896389467 89.91738630974608
51.19366407825366 35.344825423978754
4.046559381468661 88.10660996200842
85.28070330524858 84.27620464801201
4.638159873810832 22.413875894147317
63.52287668858742 7.104885984804222
72.42323248096248 14.3649496488781
10.248107128067929 50.62762087176298
26.760230039574353 49.55448378895008
70.30274727280013 95.26318447475202
99.21375174657867 92.33415126512206
61.911863960487125 52.776823205531144
2.08026187692828 23.02415159261395
76.2209905530132 14.585127573347012
84.99717329740551 56.317020864532495
49.52125059639848 46.89432169372899
66.52180365441805 32.798742266702305
71.60252900815311 40.0266499692464
57.893003431733966 49.32940448203892
81.85947112858496 26.554940326649767
96.78409667584467 87.09506800479754
5.086561610399043 32.32798131126003
88.1236369844004 69.07476518320782
0.7570258985972855 65.73786526875773
42.057371408876676 56.959421069036445
37.397997665085015 25.065601441691754
83.58604259607836 98.23785043138112
1.538242760295827 21.734881288869122
43.90579952142583 29.816387953794077
32.627929954921676 75.77911270138294
97.0843511398762 74.50734346340013
96.5562001321025 91.63251684851205
80.71593234657097 69.73536324377893
77.35605947042762 70.43678830347702
92.25290936095863 26.662635162969195
26.643866717798794 93.20752258652215
79.76870494073705 11.08283255923076
20.331681575827798 58.483849982667735
85.34640801775129 27.515637044128617
51.42781855148352 19.524952882586334
30.404364519092695 18.09411901501411
38.05129087307838 51.61371754614178
39.91163352649595 63.85936599397698
79.28816352779464 34.26644168661896
83.4195025609414 37.81435770928076
37.436349031472815 16.289783267999923
93.39381554140478 13.015305647396236
13.13064169689222 75.42381805995426
50.06396129425899 71.22100465154602
24.13929532914212 74.23295130089704
59.34494263367791 49.35313310473079
62.96454308277985 40.082215630475524
10.5426436571477 46.27504946959726
93.72535210669245 37.48248369548308
8.413609027678536 42.24375573967869
7.541082296850721 5.461654808151961
59.812281320910365 83.27194298714711
88.7368519962647 56.942567485223584
39.48072745175687 97.2551634173912
46.508061689307546 74.3639024230257
61.37468717880063 54.025057676107465
96.17102261144103 22.806960942034017
1.6695076413958398 28.515377641754224
89.94006972019248 11.23146172815761
74.55562598093012 57.29657312052073
18.379329226204245 95.94422631122951
44.4624141842654 32.315937555147926
4.851843253341137 28.02617775655143
99.04130751447781 32.0295834366782
98.14651565549856 73.02978781318309
72.37098652528344 56.01467405425987
91.11817811136834 14.831705438407795
27.759151099129564 38.945620012669465
54.57255358412812 81.96806818407609
68.11750465287453 49.20670631897398
73.19102203809774 52.312211769097686
23.050512150473168 54.523333926137276
50.41788931669212 1.3212191025383069
87.51620132099815 74.16136232172892
42.40986526460112 43.13561542594747
30.699500023017933 26.268988756201615
49.43484981478733 49.79379520869537
92.98293672672202 96.06678222643879
86.10405916192607 63.18462767278725
73.92713536192626 81.23332889874051
84.81816555678404 92.31294452779947
19.980291938903218 14.795043091176542
67.65172661137314 69.33219970488317
94.48742091604522 52.67453366637629
95.78233316423407 49.84649670739737
63.914152291312966 87.99925225485292
7.630532176113691 56.01947729923329
25.928829352274374 29.263705532664417
24.498532895553883 79.84051548253015
47.38864534433933 46.94247289923522
84.11869321283069 53.00293877784913
21.15053699349452 73.29516944193071
13.43766083506427 4.368719297959678
80.3215098628154 54.925956834778
88.75041274552564 11.705521578618761
84.46953757970003 99.39152212839514
86.48664013182679 78.20941339884284
42.345648086771725 20.55304596758689
5.056667980075846 76.85454085836075
89.88640127228152 34.54438669641594
72.7492922485492 69.72318564492082
57.31596893242361 63.22994159627208
80.39215162040027 72.80377603382044
27.647163451083635 79.35369374065714
30.268427482677495 71.66906852505753
18.45947676096301 44.4331685154684
5.042393122814937 61.988053998463414
72.36145036366185 51.04732143168539
25.380389392440517 88.28070339445124
71.69162014730405 55.643546516968755
78.2779867614776 86.64108554800588
78.98361515599166 86.69789158000752
80.09301609954699 46.79024178376318
42.265950574300106 18.419756989940105
23.47207810125057 9.877718774122258
68.73339810008886 22.844896384323675
63.32630853104454 43.71156992905013
72.97018583895269 35.012558053937546
70.48721224735638 7.093521892262611
99.30953872490907 64.17913823532048
46.21822407874788 73.69836324950099
22.153384957216883 99.8148102016146
28.65839565991338 83.08173768318555
1.094981208776269 30.132848791899335
54.11134038518684 16.167037365918958
17.6906842721286 52.3661974056335
6.555138025711694 0.5429847061571125
56.71981430961542 21.845560759478964
56.328880201257725 35.08130319672059
86.1878643818644 77.84533642239303
6.263381208827301 50.67003275075995
21.858406160887988 0.11928954024085225
18.525042315333895 62.1817754890833
36.43058352285935 59.1574168568713
66.38243201545477 51.30422119633893
47.66725335200961 82.65366856785153
79.76375100350674 37.67605352648792
61.510041174553976 63.006446386429005
20.89318817075585 6.667562409959549
45.83088915034232 54.60672343581242
64.13871815702505 15.51654891440405
28.518401613593735 34.31596180971251
72.22654403958909 63.0486481583595
82.36603018039439 35.719704580519526
95.59218260962301 0.9049541179985465
81.61635328310007 44.518087963253706
88.19498258065245 41.754356565154524
60.934763272164794 84.22198503726987
85.50524151319958 64.90186837820352
41.70765595643067 58.458177406078185
18.352076825496578 65.29507163801456
0.5365723962325153 88.61516727605095
67.21250127804555 63.430605277313845
83.716402548017 19.476189882423967
52.43883419712536 51.25177860269392
36.93346528048278 27.832406927722896
47.877267494333445 48.89424118754794
11.064223060345002 61.03233500773467
14.147366865807031 19.776081500592834
4.866048505277587 80.03016308300244
76.99866760982643 24.576214233697378
14.516324717885176 90.42334774774152
48.939404745877965 27.5577935442054
65.41447325528733 84.72264836897398
15.909977531937313 79.87100254479431
39.35017941261736 95.17903477928698
16.622626192727807 83.92652538597872
31.655647888726346 75.1599040293015
59.131230101484576 11.302969807470287
10.623278456550144 2.0155723634742495
47.096472766422806 87.59057942575939
11.727401744021437 89.14664604338613
36.40724598002401 88.46896737600234
7.983617617295424 75.59531077598612
74.8361747524825 40.562709488336914
43.53573374682889 60.93667986762746
1.3411422193618794 50.76817473211164
29.157651956878993 91.6958401006878
46.264590191575564 21.507470694966536
73.26576235272351 88.09005747011807
44.675697439377856 9.677064902137111
31.31297174094847 82.29415335349599
50.97163462486651 29.656582225610826
5.9096375299872435 18.214399877239774
87.57899866646606 27.83696995307001
82.78367702997915 85.02202207215993
40.87866563923357 54.09506304418461
55.253213521032066 16.807728590525674
5.541120622650286 41.46027726926085
86.745123682001 98.31773842015616
79.75252062684454 14.989107203454799
86.79329878438502 18.479236082841243
41.85136583192557 64.68473303683177
32.051612365838544 57.44378105877066
78.75309139633629 60.28662281046383
92.11393911383213 17.68452895485484
91.96446640545514 49.750461712141444
74.72392536179477 57.172018300690134
87.04761417103927 96.36326317838136
73.27817085706415 37.09970090855329
