479
98.29300688321831 82.43687359703927
13.5522223061049 37.54686340526578
8.08272405490107 25.693607836480005
69.39170940334186 31.870876153955564
11.00022547900913 73.73333308654088
81.32058199501151 66.7896031108393
69.49701233852029 64.10257056403023
76.12668012980302 41.12175539839073
54.03166583038226 48.48742114560309
7.170342440230626 12.883587917215667
58.324066971124665 15.902404180890272
67.94409434780066 70.45836813904232
55.999968966889455 18.61546901972305
81.55330684154683 18.477150081100046
56.10427789476052 14.701650205488493
40.684253341291786 13.836974477200004
98.91471192587129 41.1368874900471
55.08381076205128 45.694483994377435
83.496074031915 96.87048847776771
34.64211903454748 9.968295299462627
47.19754305936594 73.19752610555685
82.6885014081783 97.91177773359232
73.65293236399665 57.82722444839678
40.75141077208559 45.87540046763138
72.43824194527913 36.15754717372375
15.113252680278212 38.15557152442193
35.624080240674736 43.10959114701687
39.502196846635925 83.99111098623897
92.57748804960606 11.277107903817052
38.86696217961572 44.39505015521601
55.769243169121786 97.69190952609164
97.55028559076389 68.11889969122296
66.88763621476541 62.23310815363339
52.43621893607803 39.00869443046082
45.594366619285445 93.30053593887901
37.58009157451316 26.37287186825733
39.38512116394127 39.724060251067804
57.020222085484505 95.6409736765562
74.14241395878416 96.35846141989137
99.98917700504497 47.95973619889149
47.51442471361273 48.19483853271639
45.36108236461778 58.886158649541834
29.281959125032607 31.543879193845804
74.61281235946828 41.577079928212314
19.110199841249575 91.9207811677266
65.81939359331443 61.45698161062869
81.74805104897499 23.32397198548656
13.785609221418715 51.78571455172087
58.60089432535486 89.67030326696414
91.92715805664966 41.70134034944092
90.43538096819262 8.4274222648421
18.325495673007573 56.24496814145438
13.359156494626967 45.66775161751217
49.37130482236317 96.03918443328185
84.9148887041435 90.84987953862691
4.2580689598123005 48.25356659552508
59.70848749293567 61.35250235071303
85.78133124236224 39.508196978016365
86.11364613512568 52.68163989833283
12.499382535355352 82.15796923981719
80.82476242022082 87.81348016479423
80.10637319300795 59.40675812139693
17.429021169789426 72.71665606163815
30.073415310725913 74.25523269802929
53.112119329018526 61.11655158423028
1.7104890293390351 91.44126063330346
93.55460400088934 86.8112429559783
75.25774692775849 44.412171900999596
96.11700977472918 95.98943426897326
63.30610592807252 98.77903531825534
51.58426944520541 18.61581156849541
51.02329174609471 40.788764104117746
31.50548990814602 60.854681875760285
52.037571535405846 12.951382932632317
30.958302095883816 72.58160645863775
45.6730796219808 9.078698605336665
57.117356300573654 13.942945180551348
61.89558177676149 65.81550227923003
13.19898097756087 0.07249030241889276
63.655363264931644 81.56862958174304
38.671137081455306 51.253924022740215
68.4054747976833 24.060759749947014
36.34597453039075 90.3168717278391
69.16378303688631 32.50504769525967
49.03460532236926 12.19908371710513
67.68080757826948 95.26164653903164
12.51823110261242 91.0818381266424
39.808358218237096 73.52768526913029
35.38133415669523 71.47494527049372
15.189944195246053 4.873811788041349
29.41040075255582 97.98827147250425
1.8299019318266052 87.67831583892486
4.599216171164722 79.94190627971614
18.48367924220873 77.84064186907787
90.87828725449725 2.118278703924703
89.07684865652756 72.93368529627693
61.27238109864659 17.864413019797297
55.41282330818703 31.869500186740616
95.05280058042975 18.942220592391312
11.296994600748489 67.55847021252835
99.67239569821238 10.54053157996342
92.24420516720912 16.14214205458675
83.82920805241615 65.40584632219387
32.90944278635711 82.97282478123094
5.03263599126067 39.44696694089671
31.27767588691903 50.03904600680838
77.92324173540285 24.09253565946977
15.080866700635964 62.98013320846064
14.588227714823176 79.84816649489161
87.72789575919923 88.27091064577873
39.43954558642693 10.779778258803185
6.5540172572118305 93.61365388681314
97.39253858033716 1.0317748741343502
40.45442528981654 83.9592687405773
35.527086168727465 97.78999399248808
82.32889303024858 23.640717074621488
46.15398083795916 87.08848712093405
45.716471491172804 67.61346755158671
40.77624588482701 94.05786801469628
65.88574610368114 20.840990667383043
6.259481461476146 22.56176788713694
25.146658494963802 20.000655249733956
71.20228906214774 69.08853310641223
79.43608623268956 66.03107556081723
68.88561824583644 17.735797008776622
93.73087563086035 24.634068078810543
69.90126956697483 67.65068583189833
50.23332993361601 65.95360966469063
55.90189713442971 88.3742435003928
91.22937652716955 2.2383289834345566
6.897212148563048 1.7460601853836244
90.95668366779725 23.058339248221504
33.055477643038465 3.5952258812878
36.071870500628954 88.97112048227565
44.37421162070192 44.29136614768595
67.62955178275682 50.992635921948924
34.46757181995677 30.315496798056664
53.3559379481482 73.48052144852761
43.428909779779765 41.624021385507014
12.932226856666507 34.68167965269614
71.36479564238684 92.94760819250435
8.785450418296747 28.898624925364047
52.558282504766474 3.832194271621525
38.18532194479075 50.50256402132
19.810709077086475 86.949339790573
1.3463867938712126 6.860622355076195
11.632811241017361 4.881417093612795
71.27425737004575 81.72331934733415
26.676527790673354 98.81991321954486
99.68898608046274 17.236544177918457
6.186155397171467 64.45203656212965
38.78842735956303 18.715923101975683
68.40282116664203 95.2279967579034
2.7973564720535693 69.17615814231152
4.1640274064183025 45.38023728511781
37.16026837155035 7.454993091969875
18.804323815598302 14.386650893005704
27.49211018680866 58.280133831917944
72.38388539920436 66.15225127546799
96.44777034665805 51.66743978362555
89.32339603882893 55.94051315284175
79.29853662673094 44.42833037812035
90.95795231173844 47.16609659387021
37.42616538899257 72.55600016667199
82.54010444682244 36.261428986240595
90.52014404969357 33.3331311924183
24.828716526734752 91.45019929551171
15.742292129071455 64.59509805263333
54.86489014717372 16.361276676177916
59.05045336677812 67.09628853287572
30.65962061338272 95.14473982283181
51.46873410206992 7.297067453655826
51.42788273781819 63.76555068049342
19.979189486411876 48.54751921905992
74.71361259477712 96.4173334786203
54.71020980608353 66.67338484834112
1.7300292921666127 67.30142564346444
52.290562501596895 24.699886912304848
46.58681968158983 21.52605446254652
86.00755523179639 46.52984292958474
36.35139013618753 77.88084052236445
21.472666816846242 30.007757608323114
2.652938025322238 57.75539949043177
70.58151333191259 1.3682463556971558
96.31942917748876 58.19349130514283
91.63259476131432 70.07706468558688
56.77330783851655 68.12193797905418
96.1883306709385 94.81530550106784
78.13195358391671 46.85086131793808
85.85629789420496 46.420706895646916
85.29373922456142 40.27788713970636
9.37066279398503 87.32762752741267
87.22033075455904 78.89747819219288
22.178264304256746 74.08321788236908
32.51978958356182 42.623638425986734
66.99841145550639 60.18372056607239
61.494767631638744 20.479402418882152
69.52375813385387 59.288348790177324
79.89375357901271 35.43490569296721
44.084522652777544 2.702402022424233
95.96958532865546 71.77157037211668
20.078987578975614 88.72743193151207
24.544966738945085 10.549053484870964
10.546852700474718 54.73019302093468
20.909753176164735 47.10642931524648
12.637046034918997 54.3164386761765
13.469565434683107 58.79379237235219
84.14481315259209 47.255984291688044
95.57299101401058 95.41679015866174
68.1659280190468 89.13364123068956
98.91344306951378 91.63555828714854
41.8249833690161 7.370129640919698
66.39171440292148 61.1737915362713
67.94599608105796 19.094756072783714
30.730965217963558 52.62201751306964
4.383560232137917 83.69383256962418
31.644840964783516 43.95912777548254
96.73323490719095 57.85347650157065
35.853141905516075 12.325476026861148
95.91312901176585 96.49466209332259
61.6793769459713 14.335553390374345
66.44446687778867 37.614997900513124
77.01544430091815 2.2638427787336823
71.36796750389867 39.45563690412095
61.0506567051002 27.02370987329582
60.01791766750751 23.71591303290348
13.212498918669379 56.42907252558674
41.5106990227644 12.299759844019242
4.402169390386712 37.63869997145056
15.367518734344143 20.452345007708107
57.52108501920391 20.236875307402936
35.05631645304433 74.30190220530673
69.23720878820632 12.99034704664801
53.41039275582401 41.39150733206491
82.41426384819448 5.109697465115371
15.031314867026834 50.52822332180475
30.23946882448684 63.21902963535761
42.648040217885686 40.27558149457254
98.27110515577426 50.722036513781966
55.57095660117229 32.313429178180954
33.44040529321609 63.47340246924635
98.91686804697669 52.89751480627763
63.39169885278309 69.63819139503862
61.80685141324943 81.03660368824436
78.83793120985325 30.64855771594892
45.36484593961592 35.399046997238536
22.802003085482358 6.243966065798768
61.29777587270658 87.74593483287714
39.76470722531234 60.283318449312475
3.045641938332855 96.07502319428576
60.057048160142465 49.368600172735185
66.65265671599239 39.47376326043164
36.16396059859339 23.552770432691496
76.74452854444773 39.733482464244474
4.2304928752118 83.18353579403382
0.5226377480164524 9.269771749615497
89.48789173728542 96.49711357001232
3.129474724103276 31.42555029699958
49.93048214071189 32.21622669079446
35.41430120142692 61.22875760940332
23.50840880666918 71.93986918795251
25.792736320310404 41.375004581000695
44.0382793644966 57.034233345597876
29.032354921406977 31.011739514954172
19.031413557477595 69.56821006059475
3.3580217776303933 88.54338315650601
25.75075687205005 37.563282907578674
71.45526744844265 47.162275111716035
21.590467474735973 29.712122036393463
79.40512068537406 80.12000693153121
17.932047987856848 76.43818543570802
49.60996485602325 84.83077455999369
25.064137350031267 70.1161739785185
99.66497951615358 58.40789988480307
83.39080376284466 44.76734315055013
96.39017370546739 99.87715267248511
93.97625279611317 75.44404961768443
86.62693553837396 51.76072245432821
39.75119741461967 69.23581070530135
93.13007639755449 3.693877387729838
1.1999998199224038 91.96884279598746
60.87808855570391 2.3277828908871867
7.169693915458453 80.3674377573124
53.83335166326874 6.485163266368299
74.53534983289714 67.42294695851922
49.38329848638055 94.2828231923656
51.40528000987461 61.969876457931875
89.12231932063361 5.0873199544912655
93.75568711058796 87.20984617824132
82.36062896787665 80.42221504185778
18.74984939829757 84.79744692657566
83.48738961184252 64.85116734394785
47.7369984399539 67.6243826318446
58.870998849054615 18.153280297504004
81.66867956951135 61.80588788179173
95.72869645360699 23.186602922612188
66.13437402458302 86.83729092611787
47.01989997104832 49.225218097287915
86.38182689646861 46.30103481907392
79.57245892890353 30.14273286350393
28.389493338626693 7.40903603392603
10.888839560735219 61.822979685708276
86.11337715793393 96.20265968706973
36.07464090748227 10.104687200669371
12.895876865298185 37.06792839099723
85.39278499684036 66.37247163137823
15.155549989319228 53.29499392655374
73.74215418281376 51.38235933511097
89.47125174982969 20.714879293728007
64.12688690652013 34.00705199605516
5.320918315360446 31.136114874715016
50.24018175530692 93.81287779658253
41.402274356002756 58.114489359727486
69.70648786491014 53.654382085802744
68.71800769695429 84.06944177892251
57.43601993124666 31.047463783869144
62.865741703617516 34.29975672370463
92.87336735793306 69.57730008544483
71.03395050866766 1.551840195137022
16.972841888216927 92.94101330866258
23.89718000229918 32.249468647472256
10.468941012181931 89.81920793618843
81.15950082203828 34.10480478759496
56.678975447280536 81.31887669691139
34.07336985402261 71.74740612304771
90.53372423443872 86.79377057613912
75.91471408108373 20.150393068371166
3.4247500435348632 60.82051239336237
81.26040456288784 43.74426789893604
76.84190122320358 50.500933328262754
62.933541986486055 74.65338007330314
32.66337236376935 65.53276836256117
69.2990386192625 79.7745616364463
70.39474163136123 83.55668796148697
25.32091651898837 79.65198544607549
23.44495455656673 97.76771905888863
21.779503149814495 81.84630432283797
53.91487063963125 23.800246473970944
27.765807551724265 76.28265668531587
17.186994987669824 70.61881831237417
14.190723107892012 39.16716739232292
55.09493364673623 61.34465136168977
3.0902043028207093 51.614113796986985
26.090545301050525 24.13510725730611
54.00130481650096 33.4678386137257
96.80416406723364 18.54530187769303
76.26862300593639 78.11065722973886
83.81121412912678 8.84266177612526
17.334083867089912 30.62874102814419
26.676271637561744 19.69613428137823
48.23084819131462 62.434524351959766
56.841061772091706 96.6113621161562
79.23065310776803 9.88872201558275
66.23031978114565 78.37366056013957
21.87453149290083 34.43960326831067
87.72932414778384 68.97918672614638
93.61726790389922 63.856711333942215
49.3650390264457 63.14728822036687
86.82722077765278 1.1000137801000842
92.46890047957986 26.81874203269742
94.86536010502333 48.778786057545744
7.119883492789391 81.82204172996207
38.041492680967046 76.78296604509318
59.57873070814889 7.2595412119536356
18.95448730294219 19.01302829881084
38.66504625723108 71.5574805651061
11.130596786263137 17.58591830163889
82.62945604523439 35.62752376573406
43.83998765191892 16.379036827615113
22.490012992123077 9.21851936767003
63.69413652005369 59.43211581758335
2.3292578328241165 23.07161394052517
97.19326649018873 89.6248544235867
91.0896481547041 34.45655899107278
31.955725910394463 29.9079220814925
12.18719406410237 80.82268157704627
17.762108058936178 59.51405001739703
57.34537296995165 5.886867185990319
79.93890265892183 93.63889534290469
73.59909252985302 2.240888781235595
22.61278689601699 69.47926879836767
60.94820635874506 84.86168282203093
86.0470824223631 48.59566956345258
8.001858497841885 94.71595143433456
31.451841742224584 30.677030228907164
54.53774933260658 40.48566937943458
92.4622507608505 62.60857487008228
4.777796125068168 2.130583757581961
66.58197504891852 89.84821688216842
73.71334743057837 27.940715516068927
5.3059131457121484 24.892311861575156
4.4897582673573915 51.64647535300576
9.355458371977432 76.76564177120002
63.32923133655064 52.76251151777159
62.91795137645396 85.02891800940463
20.89341180175722 44.19961978306451
82.73502062384959 55.51930341212553
33.45108018668916 95.81545847931805
0.23114844787770483 0.635397176753072
12.951007439929363 57.16260522509648
13.399575088529092 86.83371467696772
69.91941521408862 13.63760457162747
51.63528674104253 13.280463204900705
30.5440570553003 22.158336795849465
64.6719983350467 60.24028833990117
60.6356538568286 92.53920858640005
31.699579803723744 19.049994962827544
82.22002493434267 75.34134146818273
41.16797335741749 57.4700559881546
61.85850964359173 36.948497660969956
27.46296508593811 90.65496852020081
74.84031291950467 31.858970969238808
17.130097587937765 90.4279374427638
85.10028565375835 52.95941170808973
71.6505248095448 32.75245920241313
19.802801394884597 44.84595534848086
46.991559902405676 23.229923735453994
47.6514154431721 75.3566325615815
2.795966190867427 89.69587118840869
74.55922919721233 73.4039582662515
80.34274465498368 87.49229847320908
69.46699833654702 81.62174792407266
55.80632965546922 25.646016836747766
48.9863111868863 4.404952596598022
36.51889708011446 57.038751526071785
44.79320245918629 42.02340414589882
29.508532062066916 95.14824514701753
1.1696112876069198 98.23054945511124
25.330832080975043 1.9975569463237086
10.030553529444896 26.739536599040882
99.33013412332421 85.63210339838719
0.4498769182192497 77.4178608162994
72.05153196761093 51.28247151215073
58.516951767484805 85.9626518393135
20.396795100969378 83.63016666200413
94.47727642491176 71.06593003313596
17.34349796543404 2.9790584112662555
16.280438873992697 62.33921068742574
37.57423109113288 26.6695910766509
78.78073010531092 20.651835696832887
55.25683905766709 47.69463516072562
88.78769834129773 12.956457878072547
93.54631720037328 68.63379219647658
38.35608819037296 87.36147008708042
58.86123336030094 15.224874604368821
2.282301804897502 29.12244197858085
21.464257423341603 2.513055432467437
29.040798883598562 96.57152058859373
43.82550161273847 75.75851529409768
89.60533473139871 23.410449582687853
39.690163618670184 76.2400235506432
1.0010708065416707 4.767898635330936
39.436296731236396 8.270776752276143
18.91671964492594 19.267478139499005
65.49791580967039 81.24322716273124
54.06394083738279 14.383244140559015
7.005915708870236 51.77395467066733
35.40405888483179 54.96809269971236
29.030111741957032 17.863835983441156
48.03736200641223 66.23459284372382
63.43980810488977 60.742635905050136
32.74296881216826 62.26675447735207
24.167669426971983 77.87765709131489
88.17145633101762 2.1870924024081972
19.31953633578608 62.6604067645716
53.22021059393253 22.24239635801376
58.276862808658 59.82000263318047
67.33865137318034 56.1483574444546
69.01662150520377 3.759970824992054
86.78840854641795 33.316082131200076
29.869449375034442 55.867658449472714
54.4831287574346 72.26395614031175
91.12059432950453 75.53810331635292
40.72430222943648 15.905517474955067
26.309609610366124 26.50864592123864
88.10263339170496 53.56091496700586
36.05278981129978 45.899867246623415
32.12825141241993 21.575495486605966
27.138683997096223 81.1501410151397
