435
22.54513538613361 67.83804071734536
83.86686101337088 69.97201299491907
63.14915105291128 88.65134234795781
78.71153352239094 75.48959020874425
75.5192879930316 55.54039358731432
28.791939319030636 21.43281545846071
88.51199889278372 81.02899015427138
50.29712140751139 31.206919549492508
7.082520529141045 24.57741056654007
41.099590752744106 82.22793492227063
78.45044982325166 60.78093799870082
13.420109156287175 9.154825784657417
19.844835010591066 36.628565935688364
88.9084826861276 4.284317958966066
69.98198865608029 23.33357582364006
21.057315278833265 53.17250178720268
68.15327458972351 36.39994603698027
59.09892732167622 2.458647356994237
54.09499647462299 54.04001141611864
16.02148395083137 8.062949425295841
22.33591637517791 70.71012179923132
65.67859418952698 12.630478842041981
94.49649503443212 78.7257969646506
61.042225508749624 14.709746822115054
90.91421300193355 44.42388198244068
53.475234493239235 61.202738656669275
46.51838527978928 45.310693503619724
96.48258810122748 63.80633076476663
16.102480065624658 75.47139580947403
94.26481476962479 94.69003530341575
96.36967823030072 52.93707844606814
97.72108000557643 88.53481322964343
88.07666704065477 16.21701725719209
98.23802744847715 28.966297613629465
29.998972293309134 31.30537295304937
65.58942677168157 75.86295469395213
77.56246796741418 42.764059542119234
90.29771836927918 1.813155502870989
87.4418288266319 70.4525095176778
6.450151202281662 81.79331259363198
1.9942303143903217 34.632120902157084
72.01252186496399 31.155144907546784
29.911698638614016 73.02495544700896
88.87244763613708 87.05753573781001
88.27804638257452 63.60792688982282
46.60855948221143 90.5347897913056
97.19596593267164 29.412839533476987
11.152605256561321 85.0915497117598
70.36434458964102 63.65605188375216
8.596110222691067 58.82664130623495
29.106560415637183 15.420445046992647
44.7843948737553 75.66342829803789
33.604577204875106 60.69216129472014
91.13440811335234 76.66947210667607
41.13485873982321 22.934245277137332
3.139709552827852 85.97465426567878
76.86437431766615 65.77170222485918
48.62341076265441 30.84971778274841
32.88541820338664 22.256544972058677
68.92841906512388 77.09575790976957
7.469730891370774 25.038724212080588
32.654094459209716 13.765649161988714
47.03417796042893 37.34021823902566
88.3635011581138 16.02867422047648
90.76019438968052 19.25632313350244
89.92952262197669 2.048932629806488
82.26937281438387 23.41264744861975
56.1869049465314 7.908422794332493
97.54798285291221 62.70078593961157
93.1247859545285 43.00853203016026
45.33468392716621 1.0481935630898276
6.261520370332507 48.465559514316666
11.328786589595197 44.496680253309115
28.15690429288655 50.61725639922052
13.764862978847193 90.43782758525657
56.79974291477917 19.676770285241574
27.968311385263988 2.529761249304363
70.82287866058383 67.27469718381171
53.72190620690063 19.988292916815865
90.72632327204218 92.4162198032226
86.46481566618857 75.49159051638983
59.69699221801865 27.932101890897886
92.34114815763994 33.4792765972415
84.65267847207477 49.45597047040721
29.7044144415475 15.780518241183383
12.955461540292612 24.019766306207046
34.20066867872369 81.00391235582099
95.01039451560831 37.692773049170434
26.19682714171604 18.385007555851807
58.33908818959441 36.03816166565738
39.47651396338148 93.90240211205926
92.03210113988067 27.803691832008703
28.93539942381853 16.84253647939491
80.34013940498082 52.80781547765382
26.54845208569555 2.818502439453796
11.34598467931941 13.581022710371482
61.45512982719693 8.701065791913287
64.64178511904116 85.03300042065321
19.163855284297238 72.54232603655689
94.24076608230132 93.38881530316155
25.759031610387563 88.77554094035914
8.150602382784244 17.584256278487366
55.060052690790805 4.6133523183733764
11.063401389944039 58.795476570162755
72.1684406454958 26.116963317028265
81.7830105141749 36.165611708634714
23.931575156985808 63.116140503399684
72.40499378456656 8.34639575036652
84.445885895269 16.668806701881934
68.67019814319005 54.4776162662074
43.37795612931308 55.506476489730325
32.24295414877347 98.79392846267837
9.813112507043375 98.43669434107741
77.77884484878635 86.69250986795335
67.36910294374997 82.87800813466478
15.056291966669678 13.61214768525828
89.66748152150888 62.087510516436126
12.853826071872831 78.45047494311608
7.002696460280989 13.074989395995251
76.84908609197993 63.65827258989004
2.64100732013256 31.207819971693983
58.34964429968892 68.93772042277698
25.312566421536154 83.8380634931317
84.96063532631885 19.30710204322906
8.529410217825273 6.626873499087072
17.338562055790906 23.10499485845122
85.64941628801263 17.771912587762962
26.543872770673072 8.201979131981641
96.7639193768566 96.48427322503318
56.56020626976396 35.88240143370122
64.46536595961618 85.14118891790326
92.0384965721743 92.56279475166683
76.74924465626098 32.31208832113308
36.93908660438626 86.3822925910013
59.06401859068765 1.8807178634004718
32.90307654926266 25.6766375568114
89.71131226978142 77.84865419956719
62.420997369323516 4.000775972020176
66.8355587606176 99.79817553137433
40.82800855788208 38.42108484455578
19.466441214366615 77.18486255574754
22.65399258037093 55.700053577443576
53.4727056300618 98.59236998458928
16.94086500202454 29.705080979729416
47.21844297205515 49.75605978963692
70.91567200569332 51.34054767372276
55.42165014650401 14.54639235846209
24.917896195451295 83.8949916743896
73.95921345773726 58.131128855225654
3.950665758553862 72.23573214594182
16.933032617896725 28.261751138461864
92.60432807054241 53.62127547101836
58.756162722117125 5.601846698938829
30.463196349833865 91.29397599308558
60.038507749774226 34.621683507617504
3.7277628111482053 69.19188916164958
13.533167083185981 44.87462194054436
41.93959774970647 6.188491132530682
47.48741930857039 47.23873531913206
18.8231724116277 83.49168820638793
27.57403120022649 88.29849542879298
58.540173229128875 49.2335109613416
39.31974825661126 73.321395739567
61.53115465183024 42.8892863215324
65.77938590731148 29.82020191825905
89.46932084653227 1.3202051944792403
55.0981367990817 94.85391521196225
70.20274401835259 30.41334873784859
55.27980979469723 78.80820335015302
18.97206435904778 11.412096376236324
99.37738474532 47.60639451884546
81.67747592934911 87.25987634517952
60.597029769796706 46.84660837291742
65.98943899743139 6.171658872392283
91.00614852851406 16.15513098563207
45.360725789700275 37.92709407594022
36.78766720077756 45.35214013810557
16.142422633257503 36.66872443216034
65.37624243503181 65.62703775149524
78.34896753737165 68.81402757540378
48.87840572752271 9.040014263810948
42.66147601297461 26.923146286540423
19.97993456794257 58.05626241180056
83.14601909894805 65.20888486846584
8.284217518792191 51.267610719913684
16.316798705752678 54.41888022717314
8.244046009752337 30.612904618601846
1.5375728570223068 0.18727516544881917
0.33971784013112627 5.02735911562624
74.78609585674181 90.06686456530181
31.3264667208214 14.986258441744749
92.13336819939292 56.46755360613186
56.97568156483521 30.935463907039484
85.95174723969782 91.47123134152359
79.66420541787514 63.22481141875686
76.25069791381229 88.65679328513293
6.2262941124420434 29.03142518762816
70.89454969343385 83.12045528321465
33.33230876525444 36.39769281844012
3.3254344899995125 83.06319378892229
73.61546495826605 50.70888782824906
59.573731146834454 7.893378546234809
87.46364879107162 18.58804921262145
17.186120890910782 69.05850047677997
51.60384370012792 97.23369831971344
32.93901216959736 27.464387369406772
12.066749901821439 25.084376562665256
64.36911121359167 18.831736139064915
36.05200113159482 80.4682699379174
25.128016843739033 61.277113044530815
53.02505237451922 91.12053936399175
1.307924751467271 49.23098682569744
20.361132063958998 27.35915767858028
60.83454414093817 10.510531438225513
11.123548007497641 50.15590144723474
49.32536145120368 44.15480295698006
72.50059262965507 51.78125165270341
61.98503870650563 55.8004473404873
79.2847099761707 99.17870386554061
39.78203035180543 66.12884640702487
47.635803286506885 3.0621879610920777
24.282554687083003 70.33487381263139
62.38600039015382 72.04900471913439
83.0019940888079 3.9679922528890077
92.73088099195553 62.67098146720983
94.4976382024605 54.02291616429695
98.38116739080199 99.28736642971373
51.40857543082822 56.40639033063752
15.632406122641463 80.56247348702621
55.176403176426525 74.42483055382982
96.57739804038349 43.953485908176674
30.354662860454795 22.755203197849806
4.1317633674006204 48.67367928537585
41.5066244629167 54.48456898905489
72.7685792440221 87.1943151960459
65.02862761488184 97.21693772711765
69.70836917976648 18.10614111926724
80.6774366061825 58.393959753571465
79.24708328781202 50.78741469914977
60.46954066937372 73.55320596392454
21.543042587528692 42.16033970181664
94.52840097131701 83.145895092653
36.23561716137128 16.755941584287193
78.60898003444919 49.97407971901235
1.879824168787092 49.90517488650163
60.288614178079804 51.55432749881894
52.258626386731045 83.4020387035606
87.95700069288401 41.942827169644644
30.852459800331467 18.27752251708501
26.864372852458118 99.97415224177672
28.637335369690575 82.47769684856885
51.14788982070313 67.73737859466802
90.02040739384609 33.80420496041051
72.81424993805773 35.72354150599863
85.58263198641032 26.451638661085052
46.75577402763247 26.877790431750704
49.38773310373649 51.48101428618459
24.687465958799837 81.21322984015823
53.68187707246758 75.7574470258558
22.178272960293157 92.62521110463855
87.74439003197324 3.2196349609033836
19.700819289665528 70.80832559620016
49.35720033971081 53.78490574471869
6.449000687527651 19.42204830088754
18.04136486372201 1.1740998966406124
94.28142234001977 44.68510926524216
36.65928579005335 43.53115108725794
57.968407844444855 96.98133178911979
71.3710164868602 92.26621075671181
89.20422287235876 31.34579879386905
78.40960941419078 79.3624786847404
61.754403518863796 39.21912381283842
11.399867442576038 66.88525145241186
73.33703515932466 31.74386893060114
9.721688774444514 29.451395341594942
19.52522459934032 30.743821803547988
36.53331631656117 67.70498008609457
59.25152596000316 99.3023061376647
87.43877224517662 79.17077123268221
61.67809868013304 65.72133602416905
76.25594572683863 5.148038672163635
20.2443705790763 64.77656914157912
81.50345318130672 62.00053609607051
36.14105958099285 98.00743589184701
78.2787321222024 29.518598744767477
84.79957267834321 3.312943543133584
48.91883482533167 94.69302012306254
24.90915517492902 94.61203023069554
99.46733571132303 57.543289834351576
53.358364035825765 88.34119652183388
78.92143354897443 40.82665433340622
54.29012034393131 34.053703891764265
14.949533901154277 60.30324894777576
32.91617707499308 3.3005076263212807
87.6396090486442 73.91573628003235
49.101072954775084 22.357027959281716
30.2531160767468 18.625974554734704
57.82242911777149 82.82660381070795
9.590430132941986 96.60860495399392
1.607040618341704 69.9274065687461
8.563646167988615 81.80199284281943
19.012752855152637 78.52610935972329
62.226296003243476 95.43538943769265
95.60097322964646 28.72020475854098
41.215871204892984 1.6714317110618104
45.98571168859642 23.217157447200332
48.07082726012754 1.838808271052672
78.52355155127606 25.56606571287071
98.43773750261798 27.471798740832632
86.324280535104 98.78941038560063
15.869568411200973 93.33913955989878
31.15174357335929 30.16966961259582
97.9854218357019 86.04437272069548
53.008156411943666 6.375287675548169
18.821506133631715 73.83608780965271
77.28774907610166 37.074684958861766
88.54841588083909 29.914610695887035
84.76593607695867 34.345906609876245
44.60977296730656 66.56401695555272
62.715292240918394 89.1994768019862
87.85888437662189 54.93567278764565
28.383841897183782 37.17805333377364
25.214576448214622 11.31003399406051
56.14961206776224 34.887923025120635
51.59785653753133 99.97607364592292
68.78172163618906 50.0990002640873
84.6237682284387 81.11007625284947
81.9111511391539 79.05640488433899
64.65257573961148 26.167341631077946
28.360507170803785 55.02366254554598
37.433047298437096 71.78865045831978
18.482978358398917 32.16158175816906
28.85337908420327 96.34284616025323
78.15593617598971 17.89253900075639
61.78287989637155 79.64401387876096
77.08876859650857 85.27176762640062
4.504875214338345 35.12408294968239
60.414080507409395 95.17715288020979
41.112912642045984 87.87891707974488
40.58583423442524 75.56490501401845
3.8295685161984117 90.80090731072312
79.550793430736 88.23970926652743
79.48498871027326 34.09013319078451
53.85594880520907 22.45927974251475
47.92135697963311 80.57491719786849
13.085642357860007 6.0979077642182915
84.09062797180191 94.00230200097317
47.44884183935324 83.08835964755653
0.9581430417759385 38.584833238865215
82.54523896141426 42.542066998042486
91.5768993416908 59.787102360397384
47.906430474016524 9.28550226308672
69.6448791542261 12.762748983286954
3.0205889464577806 16.25750410466771
16.788119192856843 84.61017749008028
67.44798872097535 40.059511815767515
62.908329949145305 55.623063313690835
97.06931795801124 79.0715270537387
86.8690866397627 26.919064250760638
54.12377975016101 82.66296764598842
29.210683446922424 32.826900700732374
10.13756166774823 78.78494296262116
58.318437782064336 47.273481569554185
22.82571045745393 44.7721143584214
1.578831085307264 61.75945538611014
96.81943340590036 43.81091707002132
75.71348360542792 94.52353921704642
57.95972123052919 33.5940152217823
16.35527777887582 6.747390683151155
61.319936779044916 53.581201162404824
1.7077872741610323 4.5495786115196335
10.027853818525479 66.74872274287247
11.724558042311696 81.63600353319039
97.23563004581183 82.02091329805377
24.928014072565873 37.57745857549731
97.91489015565026 13.521355431748539
68.47049418524446 32.17107259655825
93.67132503940464 0.5188985941033342
32.06229376533406 87.02885537514406
86.89936512002066 53.734052512511234
23.58588048114588 89.4453108838347
23.629569265030913 15.663872526002676
38.91923771210839 27.82743906705959
35.576010500290046 21.63234277215732
96.01314294008696 19.978830221839406
88.68093066471573 88.53420990175634
25.952979397863107 70.36321923975177
23.168561452660807 36.530499941547355
58.246666702821045 6.5514158966302976
2.7310313337359227 58.29202742469327
42.82251459270244 4.06977424031203
75.18113581455665 58.31748645836561
22.31626465095251 29.25363425892814
6.799964968753514 21.54780285256307
47.16832387092025 95.92446764137425
72.36046611627665 93.30839181124263
18.122737748256135 69.540869134647
12.910036614809595 10.799335115620002
6.238021644850034 38.06884144502369
84.78905553080142 3.0013949395567896
94.82144516146622 8.634413347343262
84.108827917351 83.70310232326429
88.26206320174894 58.683732540297896
75.46130505918822 30.39340499980622
33.548082310856465 73.33251441692838
9.903181662272676 63.03843467387947
10.472781948037824 34.23885625262982
45.05392488932271 75.56868657499459
25.309382099761002 84.58518151461203
62.47680996737513 70.68843019980594
73.09162734179856 47.128468278193466
47.75776405117581 46.122251319768324
10.5853771610672 39.10638904122731
74.4674075131615 50.46231540519743
59.854679218502206 93.75210304093657
12.22987420111641 86.41997108989189
38.32116745700866 81.87606299648644
93.27114175448548 20.767324817459542
75.37879361270794 80.84495896600029
40.516857555123075 27.2338239696017
80.66044163319653 36.5974277064766
93.08559253682151 6.19405893531736
37.458527789833354 74.2528756361007
70.02387332689338 85.07408017846517
80.81382300560854 44.55049587275989
76.86800371648894 80.18523884652083
41.375832509941546 81.49512664563515
19.49906860235191 23.881665653560614
16.661051341745768 88.04688418491524
55.57618792874456 73.8743131867634
30.97072965001294 95.73794296504057
55.77240377567815 62.12995185533836
92.19725423700251 50.54359782873217
34.80061680685706 39.50749245875179
87.57924234784903 6.281008395590182
