406
43.972440571040124 27.1735365798594
93.37898220185096 56.75833390477263
23.087851360439792 37.04182626517544
96.5829215798037 78.59740531233687
16.04718322484797 63.85090593740139
26.557691434796137 48.73359587785485
88.73560260734563 54.48144905180472
24.299173462341116 58.356492159596286
21.801535427404428 98.74537160679837
48.909920891024505 64.59895871421139
76.0057346853431 13.167889307310576
33.09836489104484 46.286327079649745
98.13739512704848 42.57642967401624
75.09956435898502 70.8441223618576
17.156840775245954 75.80168503573455
79.57628592543323 13.299716686913388
78.45539479575598 12.943082676947714
31.451738092273473 39.439755639276484
24.917081021917376 84.4046473228953
85.0084843785248 32.023873900870214
66.27430274673297 51.60929447479386
37.5416884551979 83.87600880649504
40.5024476611127 6.800165792888723
12.623364450185026 61.919725564354
15.833585371963677 86.79625971166153
7.096721585884147 96.16861632374699
38.5339304700288 78.9704409826912
38.24335623376592 52.616798005809265
7.854312538707109 7.36987753173366
76.23247003996694 79.01753670768429
40.248139637442414 40.942397149477436
23.875122291492012 22.13659179965739
69.68731792329622 77.98428370757802
87.13462584595679 72.92165618921757
52.67623647956307 94.67738232604476
49.441776300567554 30.052720044910842
88.4161361712728 54.71149862347183
75.31999151807896 0.346072876638448
59.603408260245125 85.27889359770028
95.9687135569619 0.9917958574087504
22.29149233898623 37.34743920447728
43.47619627227568 90.4208416293698
73.94030900253988 30.936289057654665
44.50813519207104 22.19007795353941
10.477263662007186 93.16534297655868
96.8118246142796 81.89312001389854
4.570995624473195 23.02644252845457
5.749760625111955 90.96744326213815
95.0127352143652 1.8218798778461331
58.602211535145344 3.3992755120915596
27.59309309653061 92.47234131444132
11.565119718939288 28.477448847494458
59.884703453174296 21.741966191008387
31.597755829840292 82.09823517190206
33.637314197807214 94.12940375694704
77.9885961451711 0.41621509769282916
13.654325862724125 1.5217711197201833
31.97240790709648 8.44607277059286
81.92220487478198 88.5016836294359
63.9258837769246 77.61441523898527
36.676247694621864 51.02778143830099
97.69411862250517 4.46816218259748
21.981597776937544 96.53538876147424
35.92171626249821 6.685339313174932
74.42749056050259 10.81260825423791
63.587242696212954 44.93425787881464
61.40149188182381 62.07036945834068
34.693160511268694 90.14811578917828
92.94613352747857 10.365409809161319
98.69325152002608 66.87054687115875
11.930540435253201 12.924927400477493
99.2404858935478 7.081669717602668
1.272878933701227 70.61329950227649
13.309615125624031 28.13894449386314
26.189834448664662 5.974381214265634
57.33165335540732 69.14468552134076
14.295750747003122 64.04964973076233
11.831175398409133 73.67949713207166
89.68255207053078 85.67925363944549
18.834696540717033 63.97472684247365
86.66951907632755 64.35733606660821
9.251684353541911 42.7386158082392
96.68128430811407 22.559227886078393
75.1618678143119 62.696358996103655
2.8944391920999513 36.89525047594383
81.19123248606745 85.18731356132749
73.07544244386686 49.06317905536803
40.710286502154815 76.08908095171878
35.67976278565761 90.2190431639714
93.6758068163275 81.3968994706625
21.06960400379918 32.7876387097049
4.0381833857261356 69.68309307878341
2.986017222223236 19.58638117248824
95.49125023884342 43.85049321531071
63.19534992639658 85.01328008964639
61.42945704000643 36.9117474562103
15.245189212587784 41.84928164740129
14.983873397854342 79.63773269757161
63.18727136821717 14.78775385113199
29.275382708520116 41.876571771981396
64.28097087867961 95.4431734127107
21.069167215507722 93.43481219469065
84.71631110040147 85.83689142634363
4.674764701070977 63.684582490207355
35.41418178996825 72.74516371950196
62.96688585442504 78.22978087495355
43.89343903052448 98.17804559490469
96.00541332582159 1.4140690152485313
21.73763397321783 49.789652924898085
66.59132122121409 22.25503811929812
17.91123422056601 29.383776678598128
38.09993681453264 68.33293930097012
31.286098212210433 2.8295965195933026
42.63360051847987 8.621608799054359
1.5872134775184232 48.002078962592
93.45379380914693 67.00201154485742
39.68886503639416 36.546555614469725
38.859735272203636 84.16485777313291
46.88363397211949 96.97166440417236
17.72722496717818 23.053367417559624
79.58905460440651 65.07637326202656
43.36790411334223 90.1311255852745
44.50300563430301 23.962461030000593
16.917816669113872 70.92314975764944
37.27931048027244 74.20815408518995
6.038119496024297 47.5019514438437
85.430029980955 47.42374212094228
95.83674101095113 32.699408935294095
0.2862517995420255 63.460066753427434
87.4456516133565 4.268368802316102
49.79296852266712 70.62195899290924
98.91735586028604 81.03780801907159
63.01051806733297 38.500286670904174
82.90472478286092 22.167737992308602
53.17410707755996 86.90719915533712
91.67104136724359 15.684115832048262
7.4215420616554955 1.7370966958760836
77.56976003450372 4.398325035557926
39.80352189166967 83.27417568776598
82.54957047718476 1.6022297521576467
34.03684292531906 23.6319367586461
73.42927488312544 67.53391264088143
77.35042335990204 29.618171835664963
11.716341806330611 88.91475034845034
98.47577823645456 26.900036039439502
46.276841299503516 30.890180911118414
48.814877479692996 95.81101327815537
10.989939601528409 61.31328384237804
84.12636571526542 95.00590130804547
63.11694090043349 58.99010673952995
24.203162718048976 3.4851283996912064
51.97352394742024 94.45929777991623
56.00490415704339 44.77358462078048
52.87565071336314 47.63232782593062
19.678027085530616 81.38214066242408
18.192764043734712 19.609311561606756
21.28055833033399 26.68927646504402
41.21935279729287 33.22147897076187
22.457809779991845 73.03688780068367
62.33867309959978 70.50692534604579
7.184153558147277 51.708651357423655
23.432989700530904 8.796929472061565
27.333160216790155 57.613680849247515
7.715820460682132 72.92336373068848
35.77431206214406 96.49532994322712
31.271747879140012 96.77928175369979
18.067013241209963 75.90500808877772
80.94117956622974 0.5860570981273017
75.89327079188888 69.19273620068446
60.18689656573635 18.953270525883426
23.646834289341612 68.47066460961909
89.38169273180495 81.30378838943935
42.83080178861031 39.022960900517255
52.97423988170259 71.00096230102807
11.039894309416443 37.31986860031421
14.144173121949411 54.78001617053378
25.79392864172054 46.50497727632206
70.95236875983414 46.14728617329175
64.51727513205012 10.240021902140095
92.14655740030024 75.8276776711356
6.278651421408899 71.70035472078162
37.880075021851376 69.91607191174474
53.822124689424214 23.958050609836825
41.703769479588395 1.7100329638726541
35.87179056712597 64.46018108229704
8.254091293648758 39.893223512308
44.324438164046 43.85441281600957
90.98613358918438 50.55126885080223
68.10119430329009 93.7411250993867
40.362109074034144 60.429868768487374
66.24150948821577 60.13279052464306
44.25925732132158 68.36779847712533
45.96786872673465 41.88361292196652
90.07991733361962 69.79689867839384
31.06978184806194 0.5503308361339276
26.608754748381035 79.61530882126519
82.42866897806528 55.032607077250105
31.362519141245127 98.18129242548352
76.80439117051091 42.308623684795286
28.269295434417863 7.179281729463549
80.91888977414783 42.38399284747704
72.30288366817122 94.9881614325649
40.3164793976727 56.467769124715815
75.93672420472735 8.457387271059535
22.052791381147017 18.773805030399714
43.75584052388105 88.4914827999135
44.61027573841946 61.044544607735865
25.977114587748773 8.152806651563782
24.114193081686352 75.49872034763779
70.51660522285796 50.649075970074385
91.67290089078011 44.9608472987906
90.98906320105503 97.13937187456546
42.3064385020139 95.00649320732128
52.802522054747655 33.1602492752453
37.25471287628027 24.326418777952153
98.93382245673567 49.915588521873666
13.261614031032787 17.111397745363167
90.03794824761447 18.722914619821417
90.23898629682392 92.18594649484456
10.004937667220615 54.39464395603216
15.926614616771106 97.94016265990234
51.99792785076214 24.767296318783682
41.462614530988205 48.8028866460671
82.48967008789677 14.467950387097495
86.61316335317431 68.5832432102456
17.648758081632465 38.59135088624548
79.8440700875836 23.016450625533736
33.33981179940692 72.56824492911097
72.78094570110858 77.89265981651955
28.37276745159485 90.71374102875684
33.6882955044277 91.06511370548485
58.3994645120228 86.94827865663555
3.602872128308976 12.073806037476531
48.594104917443595 52.357636298818846
23.02410461274942 78.44969199250549
78.59894750359705 63.538103950659874
53.46031428094952 8.324393219635473
8.876290704333634 51.84302418191935
20.451261200196324 29.290038230227456
66.72776555166236 93.49093022679084
64.15689121271622 95.92538099907219
26.668261203474398 14.248820606886149
10.736463041443333 59.01408880644421
22.027618995113997 71.58163798468178
22.33483608481852 62.10427762496331
6.023354824475069 36.04837252022427
60.49625272481444 4.750136566771768
68.31032677010592 17.990340487366808
24.449226815103287 10.023291170669745
4.034747417924045 43.38448914890098
29.49079480625567 10.354047253573695
30.780369681580954 0.8440685609404031
90.74472671473707 69.04685261352186
91.1228625035356 45.78124371585065
97.11333202925988 50.96573775075151
4.884925052084988 92.5477002480902
45.36721349978542 84.10273099661983
23.203120775642503 40.1415760927127
60.080575662066416 0.6889326878805058
89.5822884319932 18.464637535156637
45.371835192271526 48.13844673371624
40.75707414088712 74.94459467319014
56.88049208506396 32.268068416089065
10.430457179098562 22.772545538239974
35.99590566629768 43.53736976785937
0.10086841509711064 68.53030974792148
1.2845146070670665 57.16315194444249
40.25743201453387 53.85199187682647
62.590202925283975 2.3863876093988767
78.46483599180938 79.24772253141951
65.61934794100942 67.38493416161745
76.50327038329007 27.45159740720692
37.22041405895341 87.1390638374008
10.225674108958426 0.672916322064665
47.926085242362696 47.47316974968007
25.56203333101107 11.06568240066027
71.59780807567337 45.83151450552895
95.89977269828515 39.13446696365397
85.40789101736638 23.52346438948747
75.53321759684476 35.8275678456899
71.37648799294317 89.29999847891828
59.2176726810287 88.02287963698303
25.292756260504923 5.008627768648466
42.60735259781365 96.6508192562064
70.81490242581027 79.01840160469101
19.60632336766358 49.47082621226151
14.636305504573578 15.789518767958356
17.542328841572008 44.87889985146097
83.38870913383187 4.262108331222181
68.28197520377184 9.699556687046096
32.994195578241346 29.23174834663923
24.360787243664838 39.874654007378076
33.57260246705223 35.47002491813722
77.64399612820412 98.25171364937589
51.484217321659045 32.61941754194165
69.98495634472455 74.99470838773539
9.708642394043476 6.691011230207577
41.29763258585712 4.357885021632468
90.15776375865254 58.272835757815834
30.7919016430414 76.89239638042284
0.5368782615741585 28.001906324748315
33.61575304476291 49.95481110466766
73.90819784167678 22.00905762776855
17.64294963963223 36.715452459813946
45.76836289758286 47.770978478189754
32.81377647831668 60.75663536444586
39.68601696858607 11.35451480655637
1.1686408340776722 86.34703852217855
69.7587267558431 88.65180851270898
95.48669445504943 50.100473772363365
4.492137790849238 79.81239342342985
90.16022893957118 68.58206636775797
30.389623935453102 22.336533699007976
11.795195390735635 40.95737695723626
84.4894540358764 46.031867368917034
30.018061684610263 29.965176994181707
11.869497226341775 77.10278466594394
94.33217473982427 26.700194667214472
76.91922190447468 77.68229981756942
13.870282604128759 90.38659438352475
77.0189037547258 6.069511881108902
85.29145476907324 17.91911950331524
10.357404800730885 23.583584454576545
51.935189854332755 34.0075898311276
56.30660634776946 69.0717550123902
60.52709926742725 13.818378025537303
54.203784064024106 27.107803643255192
29.352876629149982 66.09403350569819
2.308020396792787 84.43722014348027
99.64109538076859 15.912667660854641
98.44715823507741 82.07559549951297
99.3870938817133 50.674342549802354
13.150697324617422 98.50527390753655
80.71501479016118 88.88416637635461
45.629669577641664 72.60157727220812
60.86372097070263 92.6116798291912
38.55453925779017 78.98569298489272
77.91346593300266 35.69579399128856
60.23925061555101 58.844371519397896
75.54840293354299 54.906621149007975
60.993361477102596 76.29640484206593
7.355200578241772 58.37994730814964
2.420176739946023 44.92537434772097
80.58315225560047 76.48169792672225
60.11360545354679 55.011917464742965
52.22783757900481 0.9933928908847922
9.409041489040215 58.00831476196519
12.000868238129215 76.74939612576915
81.95532700732323 20.94923184918357
37.667860230263464 10.395558148894812
50.55285126751781 54.145207743752366
43.61468893111875 46.06645280492775
73.07227579953694 25.711701338061065
27.620805718578744 69.97439064422488
1.0097977155579252 5.919215979480208
97.21486704019843 85.1982891450893
23.968004077313765 12.108850389372861
81.21745302150232 21.668609286789632
53.674352538321145 99.96391816537938
35.78705689263907 76.99076396090886
79.07112708181475 1.907428817987522
80.32669134717344 57.98059117087393
55.845317048643714 74.48895119620681
99.99603936098532 39.602034441439095
0.9877361859512601 81.91902920732646
6.4027288086810685 50.7760916765095
65.8842464349741 54.508942130055836
19.716319321136144 12.064825314871353
85.84056964761373 12.772202438083191
96.52422194439816 78.60229675371009
36.10822403879328 17.381863784154394
97.35087074845367 33.63380694724618
15.383613783287075 54.47399165399575
74.47592359181053 13.651055476466368
44.570240004893655 64.06332249640924
51.9156928120286 58.169591442060934
97.96732111624247 98.7440657847261
78.75750067015149 39.79342845790605
93.86874626824103 15.542177310955541
44.871718338021594 33.08456589268691
11.046311001520692 29.453192874379365
82.11165089088166 91.03041683091739
75.07060594944849 96.89896637753029
42.568107863510086 37.825211054855664
94.29120600076863 61.50555092583894
36.9990060993023 26.15116035913899
0.3087299981337943 83.0501532762408
3.1503719927360674 53.42143052121814
71.48566578031111 77.03562108321374
35.26293899041315 63.36307214616308
26.977998741014197 67.84110643760377
98.75197781005011 96.26747008447579
7.762653500429706 13.467871859356384
1.8455013866887748 97.78603909629166
46.643992801243996 15.037699113823354
71.01722555503565 37.27903248015968
77.21657766857962 73.4704543987979
5.358105867200413 19.756430634696443
43.64940258340907 70.07440992542094
51.70361367159922 98.69290050246462
24.846643918352918 32.03545264976173
94.6516551399328 64.80806343678816
45.0939379186574 46.884504952976705
93.33253684595823 76.93414537267977
14.593211418952768 90.63414118387689
26.91224257885647 79.66337688682881
