472
72.51271864189303 91.85472750689394
38.5590471235149 95.96417182741284
96.53877159401256 48.74839483322246
48.76486728989524 65.28653416288854
35.25442168750522 9.127406707813424
37.15022196159899 0.6671196549293379
8.082478527013192 99.98045290425952
68.1641049804491 24.489090671945036
36.04153293021045 39.862392831533064
78.65782025343638 98.86658093692692
56.23723986539905 10.425472385984758
7.3201208578175025 31.94137959468083
4.875613283385071 75.50051815575053
92.95086106973473 28.186843382215887
22.389568260579995 30.11899521192972
81.81405315018284 42.33250267398881
32.72780694072548 54.94926038897107
84.56313955121817 88.7020993156043
59.22898715534277 49.43517930106693
26.175032703203193 94.9561223519353
56.20591572065836 85.98654802156065
80.59625367958307 94.15459258839114
46.4868307019641 73.42125847883045
39.4731918929623 86.3046756451324
63.18422776394465 63.54513322428447
42.844887819898666 11.469502914653551
80.89578357466539 13.186570934089248
81.39674869346162 59.65532448482735
3.1321592691322286 61.11833991060013
96.46489469976116 20.38005857339367
8.374506502091483 68.7740711399427
92.28044104078008 96.89591525759646
69.65580190249676 47.39756751307894
61.393979845267864 69.16975360723286
27.062095270183605 36.00606562225094
53.40214775379314 8.238782781761312
84.98619319115173 41.222113570870455
79.62693332454592 76.24424952761386
95.1852234078077 73.21791432959245
65.59842163837834 84.8383420142806
41.76486521214397 69.28174799256833
73.39352990928667 8.493720090340684
8.619355855047084 36.82927767861636
45.79903361723255 19.356137972739607
39.34633629128452 67.37878772876938
3.3990207551617524 65.73786041293297
27.34393184120791 25.23007938880637
62.68606393978925 36.909482046700695
66.53318974940147 8.555059469285474
51.151673524036326 91.62927726556599
40.914138642863506 43.94721801383047
14.487280238247646 31.761662643445053
77.14903448877318 78.31839284168953
69.99092710393163 88.33638560168441
9.716030893506744 4.507844160416097
74.46513048346327 21.355735321514857
34.9011266505977 3.3527480540518018
15.895569396804344 68.26258300800679
79.69069481643942 75.4073972225486
47.79201798991368 19.0796092377564
20.20019486052316 10.008576043061613
71.94396206260359 46.187145910037145
17.406138930404914 54.012532714329474
78.9925768853296 82.20017432344824
44.439756346435644 41.58620203953206
85.38094802921098 13.129735345465399
8.914954620211656 32.589754778791026
13.668520453122357 66.08426742094224
19.060368254200732 35.52357611100578
19.051080964232703 1.729522304587805
71.77951132078941 71.41090908850927
82.32154375435952 36.69719743394493
92.5415444031026 84.42451616442477
68.98549940450779 72.71969144462346
1.2367265880105838 55.43343725680076
88.35214724102525 98.77514957441353
66.68906993985605 14.590719975054188
36.989277673939554 88.88697034932846
62.86618406364426 44.523455546268075
7.970043903316714 76.75917449095252
64.53679824756307 60.946078228590295
89.74852532559709 37.83577468051319
75.72563641370027 49.79877866811879
10.562687541321536 37.244682348889214
72.69751088825073 24.20772732881551
22.551414252080406 68.36792435147233
97.07729283705521 58.78351871384532
13.883753365664475 71.55454611687608
45.74780849887708 11.31298986168423
78.9941105174894 79.66128604782483
75.7661348927612 35.362536580642676
1.1626356047328423 99.61124528310785
27.978368812217447 24.826569886946114
24.30534647034951 65.65525369183503
42.11034356204391 84.89014125917602
95.78964148467138 56.299301195932635
97.93959893608199 56.35724196153876
25.89542437593365 38.383416606432284
31.452305394269885 66.54384378502233
23.69443533418929 27.050731721571076
58.293107053641236 79.10416562862716
51.46600223611303 27.54854190699233
67.6573962277435 33.71218796643538
87.48905594087823 47.99605549416294
91.19386529287254 52.31526327813095
81.71435803676565 92.694121430589
18.991884977557316 69.29872704703371
69.9339974591429 3.0237685917359314
19.537360540303027 80.68674200430858
66.23354666901741 92.76954741280943
19.143320094494808 99.43522701290142
40.589564510027856 32.964966844203246
27.655434980116013 34.69374016474448
33.56223659729929 89.84577131313574
85.2821550485298 87.51688896629246
86.02446803347435 34.80840974203221
40.41898768364287 17.526059476271637
39.210251782536474 45.28894605853645
87.44231319015444 44.60557262110717
6.481392192482804 24.721785749298764
8.22917286110304 32.32877634582172
56.70642959244364 76.07878349926524
53.70030621884917 80.44999780333308
25.249673935362626 35.143366126315534
79.54349605312643 70.96950065794184
3.2885671502509317 87.61995244241201
46.10590309309236 3.450594320108702
24.444138852980924 47.04767197119488
74.98061530381887 7.505342074340726
73.48173818896908 66.44462949265385
42.167873110195856 96.48273905192507
57.63706095084458 87.86009652338947
38.237799453235674 65.9872556575766
60.53658210491727 75.43680256131246
14.165743687663134 28.265441327309702
69.52392512901929 87.71831542825612
35.439125588456776 14.228754993681282
81.42204487519655 77.81683774940441
25.903261225853214 62.30218524701232
32.59196463027981 72.3526169484584
97.9409354195156 17.766047931995953
9.771995690478708 23.49366318906636
52.38824998035375 20.881472025226554
68.9898881130146 2.771708511705917
23.937581025003507 29.210085888781922
59.18666935346783 22.125819875321373
91.65644540393194 83.92613559438064
73.90155162427355 76.19270030940916
44.071264148160395 65.41420403538638
44.95301500546892 38.13068057383432
18.170507133997106 8.512098719387373
25.55825891263881 49.493857169000655
18.853427801565193 1.4425093663371968
92.11723911193556 62.12204058180132
68.7309879646889 32.53884320420804
12.401831356257775 16.505858612869574
29.252793263594878 22.968204798700786
54.9420394783562 14.630277812883996
24.544255378259216 46.91993502688728
51.04049025705801 36.59426396982142
52.59183144475208 3.0684373960174427
76.26805381287298 80.19256965464558
74.37645190073974 35.049523034475015
53.00956527787734 88.96212140839637
0.008612870222723945 98.05558638241075
96.91571976650569 22.254240981159825
28.865946152865785 9.650379559565126
93.22054327316845 31.257642253446562
73.1321284354228 66.64595416086547
51.464666958897276 61.71575200155617
50.65656461170646 65.48357129012888
31.858342544394425 75.86025353536124
44.11648998571369 75.82374023764598
68.91152634455986 12.296782867907542
58.922971075206576 77.23211005305393
82.40790666007021 87.46815580646891
34.48645199740756 63.975226078343304
34.7033269967143 1.7122496393438769
36.49923330622349 19.679518932471108
79.73453276823744 29.139778445944675
34.326220699266806 66.9312378860821
9.910867450471695 28.105141790394917
62.65724979699732 95.2863391560734
53.49499271840865 53.869367253225896
25.79743474013415 25.477118358277973
50.14619718096157 64.07644133403096
99.98179643938644 93.95583752772245
86.9090606011702 65.20331055402202
36.3832193748661 62.05459286001877
89.12136485769257 51.58438693632088
80.01221455396237 28.914957738938984
12.627008339972633 20.0848124937554
78.3777542943882 33.02408587702047
27.043531101895635 17.752204137996475
74.74238848591673 92.1542231599253
28.27490865568287 56.49967795940981
19.228334905326694 63.37735463231093
68.23524839668238 28.70575118937858
17.188823037427415 57.18294967980564
92.02019519791797 77.77015575618606
17.758804084739445 84.32163644235895
2.7216177214324455 78.2114987671782
39.619331673532386 38.94982166726908
46.760312131235196 58.55053939039349
54.43160187828987 56.8798129943271
56.650973676714614 51.520265596203316
0.6297611746230336 58.22935383198157
4.601432270352934 54.19326711268582
39.11939314935336 29.283056924587736
5.884334924000189 70.24683283930399
47.251646551315694 63.73073079712475
17.25716668782239 40.78480756545051
2.62208003691331 82.65450965107291
57.66329850677672 26.950629432310947
13.703019458523713 79.89665947662884
91.01857365520873 16.28819132335807
37.61983748551354 62.72614888879956
18.282947412063567 87.96435159531961
80.10312181200506 58.40500285840626
53.3473712130073 3.3483424083222246
85.62801485802292 56.047239820284
71.71587138425237 84.68493506411741
74.98907041758868 78.23016618092609
79.00867286908583 31.748442274886422
0.9784403662923213 7.794524716937823
50.336819469699954 19.84703173614336
39.12539859260663 55.11893473382947
37.17980353603914 85.77515913235385
15.75230868023395 50.75031441373393
26.481820311068425 4.0230554491970105
72.07162831201353 76.5760485396324
28.10459665370475 85.31038417302246
75.05242253670946 91.22307035494839
96.7522617598227 58.61843925817166
60.151704991398915 55.279294412419965
6.459444987500573 7.736112043280253
12.820791608499626 92.1170274313361
37.45929766674484 23.59196442116015
56.2806752990747 9.60444937568392
80.92725808716031 90.99636340214312
81.48953462457474 1.5511695863178687
72.48934744260596 58.247303339626185
92.4329249730696 53.413651737096615
49.541235052088794 72.17110857678243
7.194174793848718 9.42053289064486
79.39700396206844 50.99727665387546
53.92078017941534 92.24105669135997
68.92313215143787 1.8784351196477922
10.710828069672873 2.4250913236593785
11.193874781022151 88.73065769931591
7.575910237766614 54.17910289891946
49.00542299648524 93.06810077366826
25.700078408040905 51.46990535531247
5.638653329188569 79.76656675762516
6.772191195094546 55.37354545447993
23.901873305831923 45.14831969322203
66.31139337834301 81.87063787220039
53.03534845208636 53.90597628034298
48.600867639334766 65.70906509583327
9.48718847855583 66.37355161664046
55.07881762085379 3.4638797656662446
91.81272422381832 44.95411069457524
96.36580566842547 5.729282889556364
15.079741623303578 40.379440499875145
41.458168516238004 55.92839717445018
89.56524709973823 97.85637578955388
50.32227004173421 89.04811902676697
49.589274130315545 58.29743910836677
30.22186010503578 53.07598833235648
62.44299237355331 17.301888501662376
72.6529727433068 53.35332553527894
13.636690255485217 28.24881322547006
75.63535238372346 57.00158688903768
66.66544891100563 9.100222332768649
53.37028061836394 93.99765530898951
98.76032509910937 94.63647299958767
57.805648192970835 98.76552234908887
89.69183507191457 49.54816499279011
47.61879762060273 72.23872959443844
7.971047755803495 75.55703964847889
77.39961158194498 23.21164354326163
39.18559314489032 13.956071592826092
96.44497555936918 55.90404477280857
64.38377544795065 65.13186770119633
69.00906891913387 31.166170701329843
73.27885396831874 50.53862233284184
33.49394392889862 25.26837765015465
45.943070607970114 63.134160029282825
55.52261043661372 73.00042327470277
34.67856425302529 87.5859953920174
29.73708500129286 0.2915075034577108
82.93053403139363 63.59920419214144
89.5383910855443 12.285088781248755
60.35971987181144 23.72401403339096
54.391459185530266 28.63441753457484
31.167010334264546 2.5311252957736396
22.281718279767905 21.078287798106743
35.14901977097734 42.885418079842594
56.66853403808365 2.7536486044778874
49.794895293236365 0.0979415254459326
87.73299195090905 29.65286055518056
14.630312446104366 24.406195799256793
26.25677347649202 20.18059685214155
55.955796620419505 90.1733266340623
75.34665440673203 57.74213938014526
61.7412690220822 59.42349819895174
74.69403415050535 74.21736751540547
19.863040744769222 52.50160177951155
38.04438041793635 30.55925084759278
74.52437670218782 6.708352307760879
47.62083730265182 47.43719907088831
15.953536719297967 42.7127030355211
55.7770584717647 88.18109592184736
47.92723110579681 63.90324944362808
48.08666300110222 94.53921721616732
81.38382891492591 46.53812310520158
19.82312749566486 21.894680725768357
1.4324602016568155 79.1907157457192
1.9083411770450587 11.595478266900406
97.91529462618065 58.96345920941184
82.72931665599921 69.75238929133052
74.53206367476487 35.437684392065016
46.53964343764642 67.02263320431055
24.466788557765017 64.4068781177285
6.893915438936881 31.839280235237013
32.60313916084756 51.24148455217019
45.35545139433294 63.50572645440526
93.95554843413707 91.79778929144663
25.233199296748786 47.47589128271418
13.57310124142147 52.73803780952003
17.12949908188095 55.67756355929004
56.79866455884463 53.78905204365787
62.89297345883613 13.256072538458197
74.72936472945533 80.0499255912942
61.34883630540943 57.18522610897331
15.931868932912796 19.47737459984642
17.364345938280902 70.70796253954803
65.80376058134155 37.14232158962465
40.33638692899451 59.778592559483876
60.19933388317176 72.38839529894983
23.90690046909132 86.65903338936232
76.10067586929186 51.471805655196704
59.534643828122434 78.48912702955388
78.69661358084468 77.89212550149513
83.58558443756326 2.5871202884555133
49.212640316990694 58.60957982755771
31.157148803610458 33.411144987236284
74.22545313536902 61.06863139283125
19.93477167906551 98.47869253593073
18.81633529533141 98.46534512460967
99.37454211146525 56.55252541636169
13.327412967072194 9.839872408480144
46.12818800334042 85.73907056135369
53.29806688607454 73.92657137366771
45.494943601612626 83.27734341888488
47.64178718826246 29.02867482088014
19.28330032419987 6.557725739758102
76.37022050729296 96.44455412933351
84.74810408367227 3.0930442896943355
94.1085532684499 68.73479005701871
97.46387367896257 35.8420762198338
39.91907181263272 88.98518210681074
8.98933582095417 64.90427295680497
7.59231091685294 77.61204198492612
0.5890265536124484 54.80621048236658
10.875544086375255 92.8500711151493
82.83280776645643 58.470021363799695
49.66282601664484 17.828761425780893
2.129606536738282 22.768095425157853
85.9167894614009 42.16145143959804
92.44539723616938 56.161527693632976
29.061330470457982 69.14814829885444
52.9329122704966 83.41468429774082
99.36340932857375 12.851353287475842
79.33581499593893 55.38959189566165
49.87503597670598 41.977562138356994
93.86277792992254 80.77897325054157
71.35752435634173 69.80418554640583
63.84456326709685 24.276723407833355
48.023984573823455 76.67408475122465
14.971653675417373 76.83243743976399
95.93740291659364 13.798807637135956
50.01345070326726 24.490019983224485
89.57882704965564 11.497754004926808
33.162788698223466 64.88472309367104
34.53027935690356 36.356715097350275
67.8152564461834 30.30773826996991
52.73410903036062 91.24408219346238
54.657386868299604 29.037843878852698
91.07827441349882 1.5175537829634322
93.8885253547458 79.93805549722765
28.589764758372148 58.956774766879406
54.66063375866417 21.81019796825704
1.6978505577185499 87.84619672200947
64.79776157318422 99.13261565560065
0.7124976304101693 42.49548316643197
30.382656550369735 42.808471743273756
62.39722663528099 0.41847871440207074
24.875279178769773 56.06078667960392
91.27131528135108 71.78898670319062
36.76366547178019 94.2188770188715
7.07448407592004 85.54843247208676
48.06042491572844 76.3995278198694
23.025842215132 34.031089974383434
15.912010799444243 43.212996462400596
73.77883483234882 39.06485546828225
67.81876752240782 19.20095121368791
65.76459298338074 85.75564827588487
75.33664957588223 63.02658571684378
11.3723699762878 47.51418062756046
85.09635727766192 85.50182174814076
2.5762181389182293 7.65156306739756
57.879626797512174 26.731382861892328
75.9286408635115 19.19318929756374
96.287928956145 47.46734554699443
37.32061554612037 87.44769595202146
83.64478716440804 36.21310412459415
8.790597483878315 8.825497782757651
7.046391919046535 15.807082794007298
9.991164484390014 29.06322238643806
87.09141145200873 70.27759552673628
65.93664779677698 90.27903083930833
64.24803470592916 1.971094928033601
66.45493395647264 94.66162174703975
26.53441340158179 61.3665206828834
35.99380023841885 24.334842149055824
19.60252002507763 50.83886124812701
66.07195826871406 44.760738678968735
81.4286988340084 78.6511902312099
78.87027307179223 60.607880028531966
31.096706570733122 8.359455180705666
81.98091725563646 28.504407607398285
64.69022879811254 27.14293013523973
10.176869020735758 75.49017973625921
9.723148817730065 19.27574837756214
38.54156007063041 9.034832117877212
71.70577680249745 44.470692141141136
7.3707118143952695 29.899277973057046
20.810948840267585 12.051290688733374
71.07016780835185 12.811518053317128
78.38732418907166 76.98486869485099
85.58172634283225 13.5807878900167
53.953348343096465 76.95255750388118
66.38078740579016 1.6960510264678041
39.95498935355838 33.160220901600546
95.37885352029521 6.58277632570311
40.55160237631819 61.712912220573756
41.72851945200385 63.99510011552054
77.18176319911815 25.810209400924933
96.86172809286279 67.2263943522515
62.238605906828695 9.808464893686553
48.24722559761221 42.491511194991915
3.562649441880894 19.302415132062666
76.59773815082012 23.2337547014288
97.03009053913307 67.16884209923424
0.11013379561761738 63.305273327515856
47.825362521097404 22.840124491503065
93.51157015487097 35.25265032417091
43.314090233898185 7.4987863265155275
23.9513816169032 67.5771761217139
52.080616106822234 79.76225498606257
39.44177706984131 87.40737148685638
62.80048561650033 46.90833217839254
88.55588019346344 19.40206164213786
2.8925555520975754 99.73186920249533
67.12625574507345 33.021539275550694
12.38696059307911 5.658242923489354
58.56828936745187 32.499848202763104
75.68467097442452 61.16913323676564
82.10996852714845 29.440734562647286
87.93386421647459 85.19868968725945
29.78299791064166 83.3659398311372
