432
30.107851119181806 79.43807130438377
94.32346095278871 29.3167231857143
70.86305881303521 2.1068380583395885
47.625608654524044 11.375258891453788
85.88590891032423 2.6809493078226554
39.51650792552803 1.6425624955624052
55.224345904091656 44.47409957526689
69.00225615984945 96.63154678710177
58.227393389478664 9.211127321867242
36.63211693435458 72.31769125509824
78.00461672225421 6.3101585386853065
74.09794080797111 47.79943876277514
91.35840170820114 96.88185170240291
5.243511004364166 28.932607432783676
88.71951554533484 54.58852382798306
56.0019436862583 2.876150396408561
69.97282422027192 1.1418620197006124
2.2603748118323996 90.88825983355507
91.43695043978592 37.58713286554817
10.660771285243865 36.31727512602693
32.066852800957626 1.2349154411283592
41.564181570522216 85.93780788236202
15.177949001944446 36.187417206202134
56.774763365586445 55.469289027335556
92.8163064223251 35.824970241701756
44.774449242180225 58.05431722642579
0.18608760762653942 21.23396155267041
81.34108936654324 73.72401409054584
30.655529757789445 29.109011455786472
89.34177245157312 44.566825697865845
44.051442255164744 13.752541874014867
65.92947031461811 24.950524835801314
20.092840640178277 10.091885661169275
91.03030791938326 25.607864848288507
63.221600277135536 18.801514236990812
24.7139959027737 97.9962367002942
35.83184641977621 95.61885104598416
75.20270496685949 65.04669091278649
52.874745159013884 98.09225541794162
74.09931804166682 86.14010730706218
50.119144180908215 54.62204525940989
5.114810827814575 92.86192161326665
75.91614320481729 64.265617060774
77.10452366525024 64.95259881457328
52.57381781464366 65.32018386518394
92.13569332315433 62.16851280889173
12.771335709613762 85.81514941606247
30.54806772081755 86.77948054111191
67.49588755375164 11.192115357988474
75.23037610594986 88.82631331508283
8.110021998632577 61.02999258041072
9.30355601905266 68.44084502512993
26.674867653437694 0.5065026963784525
24.443911889850845 29.11476804718752
38.71720205487736 56.21522864977969
50.59185152051354 34.20417091076906
14.802958281364354 95.32764949527567
78.8684895290205 25.433602659579513
96.88080689078541 38.51013422900329
29.910570991830355 45.78202099501173
81.02036735578226 23.36721991317834
13.782663968920584 96.1395515720762
33.28270299742384 22.47357352082089
40.64920268560975 27.635728838969964
52.960887528980216 54.09468491406463
75.38734911077248 93.24471341119789
26.131919181087028 75.74620610722349
79.9866651551103 19.502969959328965
38.27405533653446 17.93497979896714
88.0058384072183 53.70657163291407
19.54763516178122 47.77903923968996
57.47156161563587 59.97331594652985
72.2160575663349 16.80616126310108
82.35272208966855 72.31674947073509
16.894587110851088 15.209384801180581
11.84478427332538 78.12746608980652
50.81072173880394 15.705059723556413
96.12663172031216 18.289962508935908
96.80040355909482 15.657163857794476
9.537285620979418 81.19881092224516
44.86538134778573 3.94199674706307
82.33922779677953 45.47074827019575
69.23288331640396 88.19758914272884
55.59832277328544 17.810753853948004
21.050448382572327 90.26003061946626
66.64794387979975 69.76193497017967
33.99082258531473 36.732880168729984
36.39415559388528 36.97667474718175
92.59963109669474 56.07334500240088
80.35656212981952 49.154801048166505
62.1843050669781 98.17339879062386
88.02481604935673 4.107509953291966
23.317793981785464 68.84837594096831
80.14481679095321 67.04321241251793
32.2481554946481 39.76136493410034
95.1156486902115 13.339143260388486
17.833377494978475 63.3815375335259
16.39547272574884 16.133575372483776
41.16449345275518 65.76609290084909
87.23301668179757 23.99044253049715
7.052471188960774 65.78865302764002
27.62739428997164 88.85059001093416
75.29665152900479 67.93532061123221
56.6528281209955 86.73623223563918
37.30310991719583 82.15247490807384
76.30548829724552 71.5650948500503
64.80604152895289 2.7669750671701854
36.994870769982924 32.29468410315606
41.68820846964228 74.8109691889228
50.27823850806155 8.280795810455476
77.94035364187685 69.64756900929639
91.69699880415706 2.475270099571869
83.74179141451562 13.325393455943368
39.9804082534151 19.334234369337587
59.00253386095419 26.012044133921197
56.6171589431856 40.444383879109516
10.975047268926275 94.24118659939298
49.72584720518203 41.93958248332608
83.28284197377656 62.276011863881806
49.368901337321184 98.72557498790265
13.735511648733901 69.16852269234474
24.983289828116163 73.21523921594024
17.307647911399783 40.65886146043295
55.38000835631289 52.17079353249081
78.17815714846611 79.37510571619893
64.32464541853365 54.044374182563004
39.01306376464561 8.979664017268707
23.924204427266847 60.820516107802256
9.730830263837742 53.656685774797744
22.686044048571862 45.869412670279466
33.14093875510934 91.7012389206445
19.291597222565184 21.662924570431652
44.196227202090824 55.140565430275615
72.4001819167879 25.673607237227237
4.534295333338989 53.68520788655834
3.547631060431522 25.611987422610717
93.62260018204765 98.45984544391324
52.45854124933147 19.95047361140061
85.82997001385179 38.367196176235375
76.09124286846696 19.117654265877025
42.60231870099166 86.3854157997745
47.48391185873968 93.64675847547078
2.602941544962356 80.40312154446826
44.71393585830332 14.305163718084957
4.551806815202363 94.05823273238198
23.564938056489126 16.554523970467184
48.68394139956875 94.44034864427579
71.88967801211582 14.328397702122842
22.216245194985774 49.437574134025866
59.83702764905841 7.397292936612598
68.44872914689502 16.312668516061144
29.66548290988036 89.50097839240075
51.536423007134516 4.127333829258872
65.33934647124218 13.976222680084094
88.91318547918256 79.0837624242733
64.92281202097897 14.490292899785285
45.70289215014173 23.442028863471464
44.67204469153432 9.374616634100441
94.45159841279556 97.35215708806491
13.496440509965634 98.66317307412503
86.69071696444155 94.92560493429417
89.1185064649774 12.767601098136073
75.82859889524953 76.3348500654655
11.822333509410242 39.84014028071745
25.283551055637 54.1503974246068
34.32530186143449 26.56890437605256
54.083630547536096 5.713033385355548
86.63879783114544 72.29944099136642
5.54585371398163 70.2591246505909
11.908079131994164 33.874922932066596
90.1264446027607 62.65639907453971
9.413978049323868 37.73944379610781
19.542175978044497 32.874718904475095
4.539512835036197 52.10863111801015
12.886213830824056 85.56134325890147
37.7164362656746 6.133098296704831
70.5319847957924 66.49439669402703
56.18876178910486 29.92118737382303
14.761365209604893 44.10658571650035
0.4915790908111006 67.10217398370602
47.65742454771529 6.6436350223546
43.61746408824128 96.04096792533994
65.08572016551173 74.86796786734813
99.8786170589377 73.82333999254
80.87738752154226 82.30723382696632
7.733505692351406 98.73396165757929
80.26312672157977 49.326313975014166
32.95519952410266 87.92599752824101
73.57738771814311 69.33737521904804
25.15606557797042 77.27805425111492
96.13275442647608 66.69794633707605
24.644479784383975 56.95198170530651
53.887686733068385 15.300922357049318
60.135037979316095 88.1095535833264
76.7125145706492 12.898130692838805
69.61045714599733 63.701426432084105
61.51947109121225 7.9998719578643795
69.66346945201222 99.10412590483314
6.876713423039282 74.04299820292243
20.717502676183695 49.937645323533175
29.171255807551468 45.51936783309171
95.51214097412543 42.56355644626311
68.30736593200237 68.26029856223876
74.21091119238027 32.09095525331601
57.49863978152386 14.309867194563019
61.189249749018146 21.18063457771354
90.25079755861437 81.52168173422551
88.6848292333713 86.24234639623849
96.55842876335295 9.265543398250397
30.19692524825612 38.90602675446625
50.65764504403649 23.274501983998576
7.71714555639006 24.395274126672895
46.64067744831281 50.903006990617286
85.80829208829967 98.24858153119068
57.86321236023171 52.71159923437542
50.20173243681286 39.03723925145002
83.18444522747369 54.85475069898836
64.16448283476699 41.75557385347083
34.650865667378426 48.20865359804445
88.50181737272744 78.20840814810424
74.77189045453984 25.374788153398764
77.18043871798363 90.24505487548497
12.301818012514953 0.3946202806549448
51.815148620617975 4.60878033578378
66.71927456045987 62.57217422045373
96.36537609065718 20.012670946212697
3.57397562649433 62.04897294061443
62.65292505584858 44.28888661987106
12.37288365237541 54.68990253993664
50.36273963208219 17.83852987147959
1.4217412812632668 89.6304806201721
65.4882181496628 78.57601624150105
22.165900459493383 46.96851344027344
87.61466644710077 42.945855139726284
16.166222728607416 80.79515046603606
60.21452553034887 27.145653292997807
78.68820667112028 8.905510952626305
47.98488088122343 90.00136528111496
10.837034971721959 96.18358462773067
86.45270544306092 39.27430996334782
95.98014699354046 13.044829796885383
42.100529400231345 95.74157634005765
15.380062625902935 40.72777804172903
16.52270254564575 78.5985289143682
63.66283716527389 3.057751530802244
34.361762613636806 16.73218989686761
75.86925681155259 56.34136458807131
68.99732138991041 8.87144027557335
92.0378564668353 16.092660021263725
53.07257801964765 38.96200209043283
85.7929535739334 99.70331760336806
53.04586619378407 40.957940497115054
48.719830731488834 16.701023883872658
11.339141187574697 73.13657168262944
76.57222913997359 1.4101451812262855
29.48873467445673 99.87770503518874
89.16198262881448 84.44829455778147
53.00982526613899 24.148048403283685
36.58896916908253 90.62057504046965
59.02715419660534 81.3106287017296
89.68491188474327 80.70385482545164
56.69784658550873 75.7453226425165
0.8534047362035002 60.50399451721288
35.408318967580485 8.793261233027405
5.783513960499153 96.46821654607393
77.1680416843379 41.680597828344204
98.82569675540034 43.655142086458795
3.9628313630379552 48.85514039347283
18.6190295248003 91.68671310358683
36.46373195809615 52.7262801772077
47.24091088608793 15.850967247354175
13.01763352024522 18.98686324839848
8.924592829008438 96.44990137612128
25.03734695133606 3.32452306835731
4.369206098400302 17.46063177034841
10.765049867584809 93.95918262329471
9.099315435381428 95.56624981454078
82.0592202852903 82.18305541103771
49.69398045891909 55.30062350761923
9.96158046765132 35.046974905091986
57.42553952964921 65.24510657985053
81.23234937767812 35.786622050845985
70.72991688096276 99.02563936219036
83.328067146015 40.23870880198008
84.95541998209983 25.610818347450394
20.10150747253818 89.83256162299118
38.666502280332324 93.5502460204976
91.85095775902354 37.18475617885968
78.96859475439712 59.14602026361234
19.71080388195806 22.237807948684164
87.15276915779509 94.06742766769014
19.90132747909619 61.1555005534055
35.38600131621208 41.830028365289586
22.612613903859735 36.80372448435622
53.1870154557057 53.13739983173947
88.31126587091727 73.1829788110928
32.61323585108856 58.63885752248946
39.91044102569221 88.08327416872098
50.106939246456236 83.52358965368992
55.47928466711952 38.10394292295091
8.732331387678126 51.86546212228751
82.58372293747084 13.246970098691325
53.72901779545517 23.90359118644769
32.13570381091495 60.232461328663945
9.000890447860321 34.171634428342415
31.00926579173766 99.62124621830364
26.80655711453501 54.93683177994196
67.41274349095066 14.227118712371157
13.088291459711886 62.40356475424911
2.7139691260585685 72.13631353660338
52.80700993390043 23.57653358446864
64.37774348869185 88.06550535751772
31.72625218762073 1.892979515327553
72.50532395157846 66.4328153699155
20.80834715034555 57.740266634872825
8.30161805770404 42.13447804855204
66.49166093895839 38.31078073635537
60.64377596794277 13.517187028292966
70.73871076544526 52.78498845150106
56.61218551604894 88.23912932385488
2.372391091143533 15.91432658277152
15.200009424700012 63.90357144105726
47.91277989898061 54.85851862820434
99.50635407887341 15.932304041284528
90.61641042604226 11.176454081335208
26.28616447326113 69.61184072185972
94.6888902989576 89.68520973236734
98.10221792408166 78.33347951949506
12.982759065460748 70.33527925183148
75.67704946632976 34.23154706942731
21.83061035360637 13.042560826349625
26.650373956718944 78.49261487474614
80.03570789210059 10.47607128374015
3.35248839452823 50.439918773054615
57.205004002730874 34.07467770047988
59.942991311243 65.01727123845107
99.68662885721288 47.11937053630816
78.66680983877608 94.0873547502628
34.01648773607122 6.629577612105397
62.29259179920105 5.296519077794937
24.097662767887908 39.53254071046226
45.44820240692884 65.9018951804507
15.592280878613284 0.23635112641561262
48.081717060509675 26.356678016448342
22.569230757854765 36.49147229619673
89.6946572913313 77.28956848251703
79.69716968798775 18.839462693003718
66.95323739436219 93.2630580145332
98.06100888235375 93.07378653576156
80.21922372297739 31.713276917672918
5.572069830058712 44.130221530379885
36.65671691080835 88.92671161242505
66.47839354035841 73.08073814779335
76.20202897138397 30.28890039953761
51.19956341352423 27.71081938367206
19.454234366911514 57.89179571199904
23.23996896698839 97.31277593076622
74.34716496289481 10.740448150461756
19.269333613647078 24.523081508882193
11.354307134524689 78.69131415746682
57.56086148877445 20.66085058425944
69.35845427669216 95.67376374434777
31.957376418380168 38.37640235560203
33.80378085371547 22.275724932246142
29.975266383732258 58.4427850259044
31.9051725183529 84.25424122155937
33.636445466418664 52.72617528643663
98.67152425595125 11.725294925035534
9.759912330800645 69.5378409210284
28.675415334892275 81.67312530672669
14.489215127033594 22.33150811305854
41.80235262742475 79.01440939346126
11.505204194817441 11.857732148298549
9.267601432714024 93.28451581580778
66.08050645929549 90.7938026082843
90.45098485913825 7.131337074623567
75.66172198267914 73.11844582528828
49.221611553504765 96.36935175907134
19.9200990840099 34.792326213494476
5.964370634860716 21.221678373172313
36.18157561631833 66.28573682640479
17.230428767980598 16.405213215142624
23.00778194818789 12.51515306265304
97.32471942182312 73.0785449383581
30.428879910702523 71.61164061109191
39.362821852014875 91.24140620499006
13.062931929105325 93.87923068609089
96.80645652687004 90.8738616394094
40.078963718653206 62.4984293561859
37.465012760086005 15.128086668183204
85.94246353894849 9.359966340101977
72.79046520247114 90.12753449584852
29.49213253628201 55.44118132076409
45.83969424412836 48.65689646874027
97.5625016266954 23.529324009167574
0.527196434760191 33.55184005460355
30.95496719813491 88.28874073254723
61.34743734708671 42.51535991023925
9.824387589052275 54.07041948040874
69.56706630733288 5.216459875081725
14.228650369932062 35.11772823144014
60.752623890546786 65.36950360557563
95.59486850118437 17.96623789755327
45.9760727171875 55.03661414076121
25.79218901826237 31.5829495331445
40.436107429942126 60.33848205547058
73.29264918373715 45.45943470287044
27.862615775917032 34.85954690934412
2.105698819245827 52.01380813444626
33.03415164105824 3.258522858284252
38.487228542150355 37.29657135485108
7.774332477775159 98.82269743156196
32.535021871694326 85.12015207173145
67.1595541237096 65.1774017663224
78.62031740463293 29.916084253405696
85.87173116831205 46.66147997984379
80.35927699478955 59.608788338426486
29.416476438442807 55.48885297715853
98.84303962885924 17.78458290573216
54.35786062056802 27.560480842531053
41.14193512388281 4.881279562904373
5.9349636525167675 64.03206615278665
2.4161177063196315 58.46710009650013
50.57997213020644 66.14806019511092
66.91171311216404 41.7111748906432
42.96199033573068 83.34516806096336
88.40594820367083 34.55972025304832
3.3267509450961574 26.726674419268047
36.472662948905786 96.37893617574093
98.60394448241328 29.97450881983208
2.243848136317894 98.16824080641355
26.51846092761222 14.310998032674027
