498
41.93405983086465 87.70340728616925
52.62665455986265 95.9852169092295
4.7875105397255595 9.278068391823602
51.94967128989557 25.708365383454947
17.805919758140764 71.62762530675799
31.561296631046588 15.541940325985093
52.653676196447094 59.06363307891631
90.0142461476631 93.69944623509487
22.64311807626894 4.879956607159053
85.12014281604918 46.78056913702604
24.40163552590694 73.88011816229735
87.85053934859054 17.71492228382805
9.901716722155406 14.612616118963906
2.3817278292509125 86.0177329213727
43.370489093121 4.877199666157949
16.394788263111913 24.67188237321579
80.94690037223404 86.36755205091752
78.17268574065879 66.68624739014504
92.98583386574222 31.840488526114253
31.129069812311783 69.97361781569722
16.558275502942543 87.59251651338501
96.28155627453582 71.21876436947466
31.073122031370904 48.59533098906464
0.5729223084680601 52.51477547190905
93.10458084243872 13.780413206954156
45.74035426741335 28.023203781221806
67.17716279629408 51.36674309430872
4.010200688255717 22.133289911744903
36.80181852750387 93.37029082982843
70.40150302468258 2.314807717368683
48.35863463877773 28.194162870176886
11.851477172040015 77.68694030780854
94.68586522084478 36.92538373435036
39.56706844558702 15.924568816130446
8.240338794757896 40.76859517470701
59.31837265131388 15.8475873149029
80.14187994018064 10.01591280160713
95.7768097282995 89.82241917542963
8.214786228937122 98.47660418950576
32.910967376476265 30.83483591885282
33.91230706285203 32.29478031530522
39.94284578514164 97.26922726724567
11.857513982625301 58.57548944199146
97.45615917393403 29.572265243363503
0.28575739423671864 80.5552872297557
16.162832417519603 91.25821284341995
17.406624871589884 23.67872414453406
4.013468930461428 96.67825331940327
93.9012110657262 84.25936755188576
40.739633575646515 3.242407842275874
89.02544975062416 19.01156721533772
30.094767723212136 27.264760521554944
88.343254219165 58.93141210520291
42.11104880918245 99.5497399016718
85.40058761828608 84.0738686874409
55.68488629742963 97.70460107828993
79.43709146101516 82.43949576990697
10.033705212060518 87.77782056651893
78.41110341121296 74.94090115929758
87.8353876439122 62.76649592589691
27.007493217245624 46.060272238511736
90.65231781810574 70.36832772329635
6.629946106666395 21.368578100825165
93.70885583500117 47.243500232329595
59.551346638369374 98.61382809061531
36.42877426498791 48.94043633927444
27.8659404999389 16.956681469799328
37.963328530818444 94.83906628856228
34.589806468274865 30.100382631153145
41.34772579814121 60.39608934521515
22.31519704672148 12.455284904626119
89.01898185657285 88.94301505967445
4.506598596009526 34.06571687175901
13.490221845781647 82.41685830843359
16.314758863028022 66.48781576650578
35.06907994772911 69.04222394445357
70.30164857373363 94.7661728686388
96.0560365964738 1.6323071540862655
63.577863540141564 51.60754228714469
76.18527294869483 77.83873030649609
90.76597097630209 53.31844998074402
43.361736933671814 98.09813829116031
90.07914804464522 74.97423969583946
22.08782476086989 50.38857322439942
98.36384216570244 30.20651945289051
51.207033416701286 14.545866790339801
93.21475639903912 24.424451342670128
86.96503829619807 93.09899283957178
29.467196377937512 20.119848504636373
57.30110153657988 14.33113311923636
8.178550552440434 66.95902868721183
73.83114403997554 96.22754249812232
67.04144973109662 58.68921734731515
76.30278702265223 34.62763911052489
39.78793325617107 50.85315089626437
82.33219722838263 69.06229778806744
43.195660084901554 54.505874240526666
62.8635934785242 87.35887501672487
23.712805928840154 97.00322298927126
34.556034999626725 10.21622022774804
4.411294070875449 10.076415854380027
64.3371418591203 67.08873393616864
75.3079836270454 25.996919926367735
57.36830843559419 9.262152588330109
29.618409143280733 20.483804875978308
83.87907220318354 7.6256444099342175
4.1251340780296575 57.04581565892482
20.513025885757173 38.76456139728889
43.45770130730211 15.501837749309999
13.795235970318254 84.69600994995437
80.47836758828241 43.70009975596902
21.660151456902412 90.49751959560969
87.87203541376647 73.95884184972725
58.75105374172488 71.24763789377923
60.172100052942355 73.39651020336399
45.01788751175457 20.61590479950821
60.770009943926794 59.34480300262628
35.048822089426245 41.9095651939915
91.07485004094646 13.91542913074122
49.9920540087403 29.797460204146574
30.088375415655143 23.16477071893206
16.10759106354418 0.1385664302320344
62.92249579997586 79.75283947084347
48.526802076716805 83.22955618966888
96.4064483206308 47.333033021566116
31.804145369286196 26.0224487854929
22.30856178876347 36.64390011735546
92.07725792996112 80.54048690151848
50.189692292461544 21.657174214632946
67.95591407667766 27.21455289601963
77.74612210888014 57.515263355091385
66.90894843976082 33.65527537027655
47.34158629699854 63.78673464564159
51.509382023497785 33.28751123954966
0.9812546716591153 83.21868957684158
3.1460641706070214 87.12025949089704
26.212060468858322 1.2965090165240833
6.446214037073005 16.33391014398149
19.716422222918062 5.7250715644243
16.088027144802098 87.00117095843227
48.396786073648116 38.84759735450874
56.717295916954356 26.630684231594405
12.052839447251074 9.833332399256523
23.700571163628524 36.18158832356579
10.596911320356828 42.93444898627586
0.09828139555853044 75.69275642986128
61.34505253643948 25.760675268669118
15.179841977296249 7.883975312391501
47.78427363454013 6.620924235870818
75.947101339866 24.58999440177164
29.626084289704835 68.07054556074563
44.64269757157035 94.3516639298551
35.723773899914455 86.50460581869778
85.58714813969287 0.9684675235072993
64.84307463497724 14.366557717869588
92.86269768085612 47.976008440823094
42.66043867609331 33.54733336179325
24.270130538571465 34.9061481308527
69.96167050037478 72.96435695299606
94.54752986437141 45.39622623962671
39.1952653299515 7.672908852108174
86.18558174121182 42.62654680951715
46.48144515598144 22.045104347571044
38.145716962542245 62.47338927513448
41.0135686572035 82.43260066805867
36.916623021416726 6.66024605142349
11.617996743284575 64.49139302250747
36.63815775347582 18.335663825593716
95.58079128324528 46.71628122243291
1.688649966733069 48.67537626762163
87.6064888305835 67.602238868778
0.45031020879261474 94.20060833298021
87.961399901888 51.8041970696155
91.76257828711188 60.589523876279294
20.50102679143996 52.606079300761536
47.517818342315046 64.51047440106433
5.247273627296767 47.462108127359706
11.34309370620179 19.834246608639226
3.647900470290555 6.670262228651403
60.146904896523665 93.86123309922839
79.49213438028562 15.245786320308753
68.06743040961689 17.72071382882643
94.84923061161525 76.64887703956529
25.741176002246746 77.04791315758666
47.14205109080047 80.27115791018359
47.551416225258706 43.66437318241597
48.77583720531806 20.02982475129582
42.39789359558807 98.44911989578301
58.14820432722044 93.4869856959375
73.30096040379615 26.711784926147942
53.16481673654814 78.08955291125797
65.00716482718863 87.7691431516087
47.79696256037287 49.73787798319441
32.93208486771033 77.98579767811361
24.65502593488649 54.1166306115051
68.35254490294791 93.88667581598358
24.85428268739861 17.701514249992613
65.54108522948516 0.7987968236442544
54.354031898591906 83.09265864599455
94.84708226441954 82.58084182285663
43.15722950018631 63.08933581922943
56.25679859834357 17.69453112844357
15.928799968097307 33.117776900371446
59.169025938033 94.29719327742565
25.776861615334578 52.26994130997209
57.42673882441435 15.867621265338638
68.32736287645636 92.57211565417526
96.75355108274175 60.81450900281206
85.59650037745551 21.11275906480029
17.261971128669163 53.09079680275698
94.756890482069 63.86872745808165
19.836393778430008 5.9370200145117735
50.09760833347298 70.66698533101581
30.23371270250391 59.12239818308485
16.582757364539535 91.68718934010984
73.46663307555934 46.03071723320743
82.03561279975983 17.91703914558812
98.15643124904422 80.21615374534659
6.841307263699914 21.945942567077914
27.38871996042932 66.4947344446438
48.19100739780365 57.42946669409047
25.683772569613406 77.42827479385544
85.39200228746115 33.61935122951187
84.77854280542557 74.11738296174539
41.315209972793 93.04778819182047
62.76896178222017 15.127591178957534
58.39669561528179 39.46935044581992
22.618712499794913 63.70191743330942
21.289211833933198 66.6150441009406
58.64776288276483 34.78900293953831
75.9367497642227 57.06776099222742
67.860108395716 11.988608790163868
9.936978796795648 31.29682616046342
85.16038682805407 64.08973506577665
85.03740912797129 64.712971953592
63.237898571893226 94.24536411836766
83.61989374011418 63.279170763307356
97.32731663884464 51.47007021190213
58.218999330988694 94.65404838634754
72.88545618740095 83.74793920556041
45.9481254547762 12.608042155620636
26.683847565541207 59.09559883528881
38.609658893881495 68.4309752670014
77.84434714705101 36.40006808770402
57.99545142810557 34.65798339723341
33.21016841742108 3.973184354102821
24.195316549742564 6.742805632590354
88.11966680788757 64.29160621750053
48.38337688936074 78.20079654240432
46.56834477429267 66.64826400537878
79.16644309990784 59.436424639674854
56.149871386746554 78.68074348269609
3.03044241044107 92.70988440692459
33.85651414951227 86.68452432005282
34.70131893395251 8.223141857231141
62.606394891926584 50.658372293393626
32.77164588329177 96.47581812348996
30.904962354860032 9.515414285965429
34.18727915555254 13.509591728963233
15.792628517861452 52.304483972983626
12.493167672175609 81.69179416409763
59.66990232100886 67.787653995375
9.436795333540838 33.45876269195139
18.267778466332974 51.62328629343268
47.06567080105922 23.663733549322053
19.541193770435505 68.03084691556332
20.888673471718377 97.72197978895812
79.6755402850675 31.52988417215622
27.969343027603532 79.45608962610832
29.567834121844616 18.771507872879646
88.72363500997236 31.547588344219847
78.23200750868993 28.634975539278894
9.546863043859178 44.75747468178768
72.31152954695777 20.576549188894788
90.39334428522248 83.2166697367187
55.580786351801635 70.45896627554434
28.418685017097665 85.1165552406433
82.80388592682931 34.20521679417854
41.5953244121797 90.37467163491661
21.98516036158873 36.21079798079244
65.03348732267155 29.672617142101842
13.188111467215702 39.57213278701115
29.202825861251092 11.522581477411464
29.195418698405728 18.070694179502777
13.095988909325907 2.734333535290645
36.16587688169306 82.60889847808932
17.24157629015204 0.8228019421430588
94.62679243207978 51.76076253372902
95.16991743627875 2.0577996216632033
4.321447424921477 87.97292286304422
3.3898024153672157 58.85269496416502
79.04230155417477 62.83497452409896
5.807675271041823 55.05023527651883
24.481853458455817 31.0764788689191
31.45646779141139 84.44137782158006
18.149576015086456 0.7790914113706138
42.653184167808256 51.362756023900246
82.36262557741797 76.02367693478566
9.491502248609663 31.57793132804233
30.63424221203368 38.698741304681626
54.48166575217582 25.965551860666146
99.77955833030552 72.07678500534354
37.33661849073925 8.756618217897394
30.602911208670815 76.19886093178853
89.2039454552846 27.734123366750662
98.57165621325896 23.338379554047084
7.005986440988055 72.88827035542485
57.335280262424746 98.57490352212174
83.44778439821462 70.52340504267298
51.12543583109829 20.374758626774604
69.60807451564108 40.95441101196528
73.1709165449708 89.32499671462566
25.989051887304182 37.189559614370616
66.16947593990079 70.23828166506884
72.20227500022733 59.64931647468901
63.163261329753475 84.75140584418943
57.011842453994035 80.38867153672994
38.16148304578889 3.813180487075074
38.197150532052234 36.58550586474624
74.7601515260609 42.76805157240832
61.07802452757001 2.6153787091155123
94.87671399504659 84.90395078611984
85.07385781775136 81.008529708853
3.9299330347576156 39.7245290103706
77.86733181899719 47.834965798620246
4.768414297829127 4.091660156917721
28.311355895412394 40.85841841446033
88.87000527518238 73.46361848201622
32.19800406476002 32.541271381139545
86.5166642572257 17.105029062665434
50.68633955920841 73.74073964087007
4.750720531760666 66.12980539433171
43.44800869646854 87.86430663424979
25.82149725221081 94.93218605899872
34.26515998240524 18.15772645840188
22.760154959926048 25.773461088733484
40.44801628884893 30.122777020429005
17.575397130121438 57.775075544737675
3.643096152522096 27.468375062639005
2.3094491854066534 6.021750345309663
66.3761167210125 47.48572336513406
95.44893687207995 43.26753646871961
35.27324764984249 70.91922600968866
62.821600564948135 60.41754112205221
2.6699177389919004 68.3802987940779
10.94601695576407 48.42499717203604
91.6779258031309 70.73214462484937
45.470190143834884 68.05877541034154
14.908842485198148 53.9226588922143
21.629720939518016 21.174107217950745
58.36264420249486 25.37689066292853
92.17647467057235 65.34083567626942
49.810332491221985 26.757027927618804
5.4304230695710665 90.44703522085756
30.494479358758618 11.887964645692072
80.34704089457348 29.395612950445702
10.710871776571961 44.22361367909608
7.883489169657409 60.7869685695122
39.06121475908266 84.23150431799937
20.38424200672332 90.31914543972987
29.327213116291652 78.83465192626568
22.085498602782426 12.32551126604805
42.683589490390496 64.84274421021682
83.45466967402878 27.706918371348788
51.892542406701814 9.221539793409772
9.186524419113685 2.795503305703295
24.88448564360618 43.63526172160819
76.9564292436951 77.49269840452551
15.137785824852546 38.3913464243827
74.09658849921982 84.46713077938148
17.320813871151298 8.284868112023203
65.2653127591316 71.83065207597686
36.16934919493624 30.612516435477023
92.59636164970847 87.48646286679337
14.584345340824466 67.41267779146881
60.04048822192177 39.354069712755404
55.38488187763103 78.90691003043587
50.7757388883074 81.36269948096076
78.32507115749422 21.94655049122093
90.03983725488352 43.467303016830314
42.785013246478954 6.924042857293678
32.79148007857491 39.61020698208475
61.39400145771593 44.07694053025427
77.27323168294565 74.31439743489989
80.3053137743869 94.40581647258044
98.26642545914092 18.526029412084675
57.59077067163747 32.33546150888865
30.96729532762189 84.81800444877078
64.73900374016264 66.00255438298204
67.40464968860394 22.752737201469408
58.62292139795324 47.62154256169621
66.71267690396004 17.053923642186774
27.635788044803256 31.933749665134126
70.23932043271056 12.816072784098576
0.19488500518435314 73.34717775419874
96.25034802930355 83.20518724369082
23.275344867320324 7.339546591900891
54.67811302279579 2.860053784840122
78.04139628540516 38.49474185005898
58.41035004372463 35.30626144714325
64.0371585258734 48.117585327582866
39.382317016826406 51.771777392394526
36.39540958596292 34.073205302742885
21.199266571491282 78.25502513480396
45.66572186440878 11.669734591541992
83.43651528635915 47.9557619743373
32.27056001777767 82.41513326580005
48.96301277002715 11.888324267794948
15.824690854922052 46.421519304057334
50.679490247654094 8.774391181915087
84.28512071071222 29.886179747709196
47.430465500935384 43.725398084653776
87.93063483262571 85.2362791744876
58.06567156958957 59.81323463571545
35.9031965956446 69.99777674987527
74.12979343239739 44.25545659869523
72.9680234055617 69.35153361471612
52.613869087843334 40.929185860292314
99.18064904788046 48.592474629714
63.314879759329955 89.39058578587111
84.12072892540358 48.15850164677352
22.549317193946205 97.15818591905969
95.06529806944903 38.45358772569835
75.5766060269416 42.03263771854853
12.935757047284923 39.614718063500334
59.36304389339205 48.52362721651692
95.78779751187304 79.68668527118484
16.99761736144638 88.28429062410021
12.2409293022111 9.424412845331553
79.98627495255586 62.19863881821599
80.15511112475004 60.68309620353678
52.43017427478595 6.66236936532375
95.5745877253446 38.869796814630284
54.030516022860034 92.87905750468288
82.02338211224529 80.82784119264471
64.51443727722351 81.17775218990127
52.12101707606755 96.67200762621971
7.95720052918808 71.25238998455096
93.73678435546462 86.42591879172417
18.550177867165264 15.99222186101411
10.750056543694908 67.63755687914859
82.33734131221159 59.892786381807404
25.704944392313845 73.25248763001669
61.051953034009564 28.135022931294806
29.045966981140158 24.533843383429353
7.7597977101265485 63.53489246652764
44.2888522471084 21.377194096555773
65.29635925380643 41.21630914672123
89.9128788852762 95.59786160495351
5.8996043367086966 74.27820338694858
20.568743575756088 19.560953063498843
55.747502377639144 67.19397323183107
42.36785619357513 3.805620338965754
30.82440363161244 29.35192582845899
82.97093014306769 39.41894302681229
27.141466627719268 9.128736128236392
26.117741702625196 2.282636251893766
97.19069067579244 78.13818843158293
4.305600370096318 10.684245326281626
90.34656992346778 66.75527922543392
49.042745947420386 97.94324832268437
40.47029768600405 28.89567405407082
49.50454695369051 17.866988760045288
74.98749263701296 22.40046840690163
43.60851973278801 37.19940111929822
96.60063836559323 60.767629143402935
73.43271034478836 85.78235559670563
4.905461235157538 31.060020372743992
23.096975555393517 56.33673310642035
44.32020106384027 95.75661813407098
10.03497794172329 76.5984944168745
32.64591862358489 24.751229246173978
27.024437682333257 28.086333872959212
38.8288310796286 69.42104584643687
48.65176804863624 25.512279143174332
52.92854168325387 7.4241317137615725
84.35832422491333 86.56687764480382
5.546930569392194 55.68385768905285
53.457671902425034 62.25410628710893
3.777861848581243 91.80812631219794
76.00527025629471 31.19350327034397
97.67527017802485 76.69087966812032
30.913553157068684 10.550802506773937
72.26829322785564 81.67337028754574
28.5218917721912 23.130201705873464
73.12446733397904 40.60229761377096
94.00507521394051 16.055068079177847
41.85824448801163 31.170708692933356
54.69303484682227 18.488305553501604
32.09182553736455 20.63413698710528
55.192938565180725 59.07212605938202
80.24735912692411 27.580416171622257
99.48977845787343 44.28141220367353
72.78452106240914 65.05417876423788
62.827627427562796 27.431226501934347
4.293019564655054 29.479259414406844
70.84140394069323 93.50068324546524
91.45781534930057 44.28467121996662
