44
19.932831471678004 3.413365843159555
40.69356607186697 44.34425045705195
62.37109686520387 74.93723944847285
59.720782537004744 55.110777601586335
71.41400129192307 40.58926162190335
95.3627604008725 75.16303867858724
39.605127799940185 47.77369224472837
85.39838037052544 48.518614675181894
29.381457656762898 46.57550133837821
82.05592169610738 68.21534458243367
73.50965592937166 7.440961612255947
60.48996191109368 66.3873293540726
40.540701047493364 37.266923291626696
34.90183647644343 39.0355247824652
7.000693659396107 52.924096273760505
87.77899424194644 37.91181446462698
29.271518557325916 7.980568019302359
92.91475309196638 96.72845491370772
12.660802962733019 40.10608096938524
10.49808954952699 57.07106700957699
34.00619898966375 92.51592542476538
49.99240984701291 66.69503596713216
49.63488166046378 70.59370422607122
46.47921986296934 88.89751935189403
91.57715662108747 57.61757335934542
20.405181938518357 58.22017077446792
37.49826593570417 93.302766877223
47.413755403234546 33.49249849257505
36.87903269857507 19.57586367913352
29.300983061582066 69.72447210858064
30.50064286378903 74.48611357121597
69.0949554650579 24.552792724176044
47.43569657415379 86.64792730469706
17.62000461396913 51.326544761579505
78.70974845603993 49.77734985987012
0.7237676010438121 4.583129295420907
10.958183461342097 27.592476956808397
84.1597106240869 61.103344768069014
94.91472035299442 37.54547022452205
38.281218968040044 10.182837163045766
85.99818851121283 85.71013710252012
86.4961344731134 93.3880732769448
82.08919627176338 73.33568938598933
64.45301369775301 87.37846260464873
