561
25.781082566676496 62.28383701703297
41.101413832737265 81.56404027405311
24.996301389451403 37.3252582960365
85.97494138339403 12.228284424208624
71.02448238327949 4.527834408254461
84.77073577603956 86.68496347722707
59.059068671215165 8.473528588553735
28.837536978263334 50.72609837623715
63.32727882391037 76.39639457716841
10.091206642581085 9.031389613333985
57.12503714197585 70.26705006737632
26.367325377881844 26.655129153777924
79.40555185621727 42.44403318140756
37.77312387036588 73.84804817781763
24.402747680541136 72.68220570463757
51.55463870168467 60.37698649094394
6.732440304456944 83.97346393741586
91.45791688554536 43.09616579568625
6.890925613344489 79.45898297842793
50.229925661676674 81.45786363953992
84.53889673706298 92.9264672666043
97.73128016200182 56.341872774986314
61.08010161884313 91.03416915745596
83.52882276492359 93.15156606155267
76.99747722363959 65.89105015499187
2.859540452033593 27.251808001717347
79.66922522204092 20.904504372823396
23.049412433212602 18.33839003402008
32.63686617881589 58.3376079574228
9.378558812135084 91.06135340503498
71.27741664429837 95.4088410919561
56.20241227258068 33.426278295922195
84.40374973529384 82.1659849562159
21.852230763469283 26.29554782377429
60.65857958908176 54.357963259441156
68.14910950028354 59.08731426315086
55.455609089378264 73.77526477763078
51.90688319082154 33.8592934190731
97.12507785336174 14.816208248227024
35.236720572845456 4.6009537725521295
32.20309784249504 10.750532827737313
91.82440745993668 21.168923768788105
32.13210923431382 70.63431220410708
46.37980643535924 52.81936473364238
93.56729810465066 11.470020877176534
24.234730119700686 37.85742968481248
37.00470216053985 55.24314943370779
75.10578427665145 13.805237420645744
19.451846993380826 57.21368218326288
89.3673697107739 49.337245131708684
31.996620859193726 81.17780778638878
59.03028746952844 15.506317307448736
98.10687905256039 94.9266658310069
50.07628143113764 52.08411825635633
81.58546227687141 37.66586511036449
1.700617599207388 89.88457778742746
4.1191241423238045 34.25072338825584
43.26565893929452 45.63591645887208
11.080379269821583 5.122451696315311
33.75187303644188 96.59251592942525
57.05456191311197 45.58721486360109
8.81905828203523 30.064635853952492
70.47187812486496 86.48522632560281
6.38081952825853 33.94647073115385
38.01311634669704 63.88603451537074
34.72112850453779 39.409343263828724
98.69544506991093 27.38996001353633
80.4687954147285 76.9610833195159
63.70636449060388 62.603036727599445
57.11036466266012 9.81415070874091
39.90401927053247 17.364814977786825
33.366663814589145 23.1387375803922
7.944219117058804 81.8015980113343
61.19988831196497 68.61783097450281
89.07707618674326 26.458435607777954
66.54378078483685 32.37802769551183
54.25568986203098 30.201636904670593
63.30194098566157 88.31436327094877
30.63372159930351 99.54003160689761
22.70741214494514 77.68773907307468
3.000113526143622 13.072641072038227
55.80967192852806 58.39212876381381
22.095229091976787 45.51135993756586
86.72594619938025 7.985103318639553
71.84519484555437 58.003844407668424
97.77227921378584 91.14467985463104
79.58600338272116 13.022868855585724
79.02967524896488 81.86200174100328
19.660290734629616 97.93092116030904
18.120133658803507 26.59881814723535
36.782284405777574 69.14372073239943
89.50191341726861 57.506562749869985
93.60201232465741 89.02927018503685
42.33884304497052 78.97268646797492
92.50965184200906 18.07760920216941
48.14975603012069 4.169896426946529
47.62605009198412 60.104188747198506
5.173490497652377 10.824112048895007
54.73328704569054 31.643506973698464
66.3226559749985 25.20760668116554
70.99583852510406 5.690916923677214
17.788461700827586 79.78043780767534
64.8978130960383 8.352811033081075
81.71890425623644 48.17350190620767
9.173185401618877 56.120128219327015
36.75824903354782 68.3561760440492
77.39842062696412 94.33152759326374
16.8641343200725 13.987181819200101
11.624693749086035 1.300222361770964
96.40785649417116 90.67445343982669
31.508681933130724 71.70213983113347
40.252941218476245 35.254012989110485
74.27305446306846 19.490064825969444
60.036251227022795 43.745099171266986
71.38993100728116 67.82389294798934
66.18282746932695 30.680754733557226
6.487955646033328 51.24088242102252
3.7202857378808907 23.547365698869317
97.15286250330635 46.07253262603327
93.3255501391916 15.75249380312298
71.32852837879298 10.082768081454418
86.8686569754205 15.215240841776701
44.30828305077584 38.79173368923235
89.23528049721278 88.00720644295025
76.4995886294426 73.79321839022562
7.340000522537649 67.5647215078645
0.25029965193943404 28.285589619790528
47.2123710416427 10.870947438365686
50.70322326470213 19.502442109658567
41.97088407784412 54.68631234624728
52.29244113695511 99.55256049110709
82.14837899465246 3.1155221924531573
15.383835940019154 13.326164431235455
84.9033509129747 45.01453658276253
49.04983870487042 73.42245903648595
19.011803107981873 94.1852183733823
32.96865008705887 68.00368813311201
27.398621995084582 97.77781894645764
87.48026162508334 42.32077674942335
76.29188441494541 10.503441921056467
67.91361970151254 54.35247881544046
17.770774693236703 23.360796303765685
10.319620676565188 70.40587160469308
93.07300628589373 59.20657647473395
73.75212530226041 36.771617156434374
34.94210312145466 99.48241951043435
9.913067204298166 5.047468332610283
37.00653937950431 70.57318266198756
48.327485037692384 8.75426825822444
28.71661141146764 42.16901438876391
35.09536919368864 88.15092196361209
1.4395174346613415 91.9296408426412
36.7045240857217 12.178848478117244
93.00135492463244 81.78718351704164
51.16561064957794 87.5065498306143
86.67611665576587 17.86523086179541
65.80147167839043 10.56866598095173
54.142043699709085 76.32684350970821
69.0117428896398 98.22140832182968
64.55488361229921 74.74868102957913
56.60568914926538 77.34714410247004
45.57755779769634 51.41435970576126
52.414995038031186 36.80487006432816
66.12193031596286 58.70825565882814
27.32776023155987 82.65852935024157
70.89555381526672 39.471080600248484
55.187877339820126 56.25029898671797
72.93533874935008 64.23072065193126
79.09342138542638 79.27368043145825
81.78318207295628 25.154273533301453
94.1987795548728 25.583895287580404
50.36072700962868 26.369016171162485
62.36857135050511 40.249583407001566
92.93764796937754 92.94003128397165
28.38681082823229 10.303591655419787
63.73043668219706 33.92298655677261
7.250070178654577 86.73097072328628
94.57073166547102 84.08065298624237
85.443877451064 43.81004287288989
60.61970722723099 25.749814490578693
95.43569510684483 87.38060593104944
58.73604490919357 15.84494844373372
76.44147147776769 28.17034311379547
10.266186777685393 60.67764267538958
63.5188411081466 96.07151186234593
99.41279468737883 47.42252151737082
58.20595808536903 69.81395776432777
81.61608452541506 78.91523282661382
74.45913354827101 63.85092964366669
88.73771342835934 17.2105325434572
29.67819682075422 60.30640872865418
38.23608811127423 27.23235641415024
65.98247945540075 56.906757769441654
57.92511781631239 69.536803156595
65.0990241425735 24.69623705580657
26.99115029752609 48.07542526534295
83.4767832021753 82.41000710326884
42.672194755373916 50.795283474008436
13.863355758270856 31.971627493612374
89.08598783690034 33.48757769274088
29.84424626791331 65.74761015650613
91.681458370107 5.522165843234217
54.966693688543636 34.97213421485076
96.13985392807743 76.03474367388813
41.37160084089473 72.4244167624114
71.56298497305474 18.55326623305029
98.35097649047665 6.195791628312863
73.93690741977171 47.15804670871167
49.7304331904959 25.60658794294549
79.30628052634628 43.25949023049045
57.51116818311432 46.985567194181066
16.384601595634997 84.5058342475774
44.54643035449647 16.84626387463033
61.825137397217944 93.4531121355738
80.52172079789361 14.925703706467797
77.08096220120385 75.0036772295803
36.277960377351505 74.70013393537195
12.112075854699544 30.42302155300167
99.01746020047472 96.51503556314248
59.012701877593145 27.033909040148853
91.15533884454211 75.62973053076269
96.44990717151698 34.19876944354914
41.327516916573536 14.179035568017717
79.52137644319505 14.452388540568018
5.747801233528261 13.322817025436184
54.41193359837981 69.80722585673482
58.466633962797154 12.249042664422339
28.037786823447696 39.278334536835224
42.77563227369983 30.750749215164962
53.0823150142901 3.244118498032722
8.627702760986477 45.403049429441985
35.328147884395946 6.673613076135876
77.06752052105747 22.430253170772662
41.333043633773634 93.17898841661732
81.04736991379285 33.52990567906578
51.36424571975127 49.89508751670688
87.36788425250825 74.17573526116645
60.76433117952722 40.23804249473668
49.457481151626226 21.474820786455783
83.65173300020889 27.218492188467813
86.98387348976475 63.56064276057618
90.64281868804213 65.6795873478924
50.412877757079364 95.32888620714309
91.85609408989225 13.601723776913644
35.70193680389985 23.19137325876873
33.560735416728996 80.53915005146737
26.528466752841815 2.311311972233143
85.27735957523691 74.37555370921855
16.564883962780208 26.170454912847596
14.605755488227201 78.20249037157647
42.666887940708456 54.504693761586864
2.557852617661871 18.83175819293015
58.62318020003923 44.18396217299209
22.324940268377947 46.72030339678016
2.0998203838559326 9.44200870539511
54.143899975812936 67.48001979197562
90.49201071221307 38.654906144049974
42.3689218643577 22.69270723356368
11.610582400588154 18.550465198255182
20.627679688560928 67.59834719899865
17.41587057453359 34.730977778543895
52.028787737867944 11.664718761153914
21.04494553814802 15.139167157466272
38.574906121615214 75.82412314831888
34.29339001798959 14.19810507194602
81.1182329552967 31.086356128393643
85.06047291449795 87.595081670521
67.21519461929007 57.39125075082549
20.543188848763393 60.14788213941647
66.92850580494505 55.91844539651224
10.591886000382523 76.7548713420985
8.917839171526964 20.636490453498347
36.92980682103036 66.25236893834203
41.804637291637604 82.3383805311975
50.50009600324306 57.510906026041056
50.152132055318646 27.80092343468126
44.3833051360528 19.75536803304221
31.292623405873556 37.27162199765335
17.508325507013257 22.27619054549439
87.15569526684544 59.85047827838201
86.57413753961893 44.96544329114499
33.786980000600245 17.996798753462674
99.70205926881181 19.61899039770987
77.5961320472503 14.815051919470779
5.493904443743269 55.90380547914569
92.71195667543502 58.45073452869482
74.43365738126981 8.871352842425594
17.618883439699406 67.5326918639328
47.95050516514321 17.07413942349617
46.18449018879873 69.78063398648355
20.434566090205408 96.46836426055194
30.97704226149718 16.58389626362551
81.07407240707191 17.540867119695825
76.77894978607364 92.28264177524673
4.938854123377712 23.112772536579605
6.5542717290789865 31.752465992046442
72.80926233994525 52.408858975171555
51.97769204974705 9.496074353961948
96.86416719468232 76.55741115405962
21.881319337504234 83.50245629417029
18.48032548414912 10.453875254296719
34.33171426839111 53.90141557526462
51.51220786300797 51.46080609463357
48.512731823189824 97.93697573898638
9.451790949777383 38.40938896512856
41.20369736625593 15.436333104805666
48.91151120171317 81.12036844091361
10.452475612037082 94.26008664251154
99.69590508207388 94.08731127675412
97.66821453780827 82.89432261186329
23.67465628100931 44.161750961574654
63.14460476713123 75.04002475911868
99.13497970313881 66.42634735843586
23.998779745412712 2.207641775120339
97.45078951521397 40.54189622327355
92.98413094393855 32.8108004843232
57.078775697171025 94.02001132472496
54.32742139205219 62.72660264747413
12.46595080982802 84.31509164068599
16.634711366766062 65.33589487312771
89.61619827436536 27.37988029960072
6.810782947279092 59.57165122954724
96.02353442268378 4.7905842332504385
6.399763507067102 19.710354091269267
19.974743036918476 99.42797613298391
45.832497475668745 40.11351243281518
85.10321242485418 58.78529556140241
67.86924289260124 94.62074321689369
6.061271637675059 74.21448501011803
69.46689104461953 36.076150002498444
86.21364915545158 46.62766809777733
43.01770226731861 7.6185319790811
51.86475784879456 64.3719647229026
51.79759408878378 64.84453379099922
6.2558099760012915 13.577285150280938
39.63264664955667 22.665995347558
90.61952247672009 21.636295473358448
38.029860477493514 20.969655710687242
59.55754382446098 73.07524178668776
80.85187624541472 19.394523737583324
12.492172555622883 93.63853037380302
5.908704474727367 84.198525747248
81.01790402380271 20.853548831370283
78.6703579648733 73.89643528353794
18.284266177871178 34.20590639728083
94.03528729960172 19.093083672590605
23.40458660369652 64.5819735724869
86.7691706583066 30.12168069151825
8.6641906267235 98.98185437871015
68.00589500003083 24.639372175515962
15.209599176865762 26.83306267608716
71.693513103219 20.082208662987988
30.042250188062035 21.228853872914797
78.14038813893647 64.1087169957232
37.756750041643215 85.23671431342981
18.41927880060744 56.28778704617303
97.48702522998734 17.817262858847428
53.98542927757002 44.46315577437999
34.17991471917995 80.51174649009016
92.26670848518131 52.76740352095638
13.496804925454187 34.143453721824216
62.57044195628719 25.86514243910597
86.43967641290419 28.79275896337653
43.7174618438668 20.402822357925654
89.01705204792381 32.6686728888402
93.41929347155236 40.424113345803605
91.00633496726206 17.344611063397974
97.30492623284512 54.38519664391542
58.979988915862094 66.80618154869906
93.71952954005465 75.6983695245283
98.30134353617261 42.08048194155482
42.53886960550028 14.468498869398093
7.606112978065871 93.86460607133972
23.60216465758156 91.18549872268915
67.93872459968159 86.48946049264053
60.581913527753095 17.15939003649535
78.83254934172903 54.43377234690063
51.61520728536458 67.18930544724053
1.4469223043327095 13.654364335374803
87.75329023949355 92.18370679846458
77.93105358424017 9.952514542257429
57.3318791008912 96.70073316121302
74.7269937312089 92.8627673461034
82.33440129179095 94.98676180363583
43.50798928801423 96.07000761509308
81.19312490127803 55.12621414928217
26.861549831363597 63.244929881275404
6.749996338842623 84.24145237716215
32.16291550785312 64.43569338131334
56.720796598872916 45.48495783260614
38.204271974372325 37.84912105557977
71.76167444946715 90.49176904927066
43.49046604860024 56.31651625729419
45.87110639341395 12.658364131485778
72.73204578608876 40.47510282051977
6.267419970079802 57.942419118563016
71.18286997604379 9.63647982020317
27.430042543132682 76.61901460028932
30.97965041929576 22.216701010313155
12.48197224644253 56.853682762787514
30.206117759832285 31.778956242134793
6.279318478867779 33.47387364726659
15.740061163019059 40.53281849873833
3.462845891724664 23.981356506668526
33.61803154531913 1.3798582181507868
98.38809979393281 27.20493169303596
79.4889573835624 95.19696387747797
53.953838686667076 89.26777512753443
18.669283928498437 11.026660276678147
57.83283770613625 3.179105692628814
2.051126434279915 3.0769305987509155
31.927193322829183 52.70204990414833
57.997591345181576 31.465555964601865
37.70585718660469 77.1655631425916
32.11213811729164 42.9950674620975
24.338615700925615 68.0761492347921
21.319690935187595 33.61313695703644
9.21464823037228 63.04553393405148
68.9182675208099 4.260039403280436
53.49095755056633 81.60756291199822
76.26229886976805 42.3149683679773
47.62831015388086 8.862216170538662
32.785497645549434 69.64695037360428
11.98075454525177 28.519508111840764
72.95874605534587 15.759352650042413
68.09212352922906 13.987663828832275
29.423197947606315 59.3388730184517
31.370049512480257 49.24563743004129
94.64593224286271 3.120337960822217
27.063987610393315 49.05662601502103
34.42355209835652 6.818407998909814
96.14482697523049 9.840492947781287
49.72066757478832 17.66812120660194
68.03108419813839 0.4863793116507087
34.59908631518482 55.87982508542948
15.437072757259894 57.59586570828935
5.008065319631516 36.16747943975817
13.451204749294043 94.89644052300146
49.708913230315474 2.0745108480264562
16.167163565125588 47.84300868676821
91.96826162544367 71.67400547968414
81.83478952734546 84.58082203393492
91.56615181938052 13.61596842672068
67.77171699985712 74.97301678694485
89.69771971503508 50.71103905067805
43.5197513280707 9.11743245797798
45.553027378436994 15.584249998358112
1.7977447626299048 52.015510132966156
12.326047089149428 87.18108928587192
67.60617074797716 32.221342710661304
42.40662169755679 98.10133206496938
26.280320226295785 62.31732439267922
49.000042350534976 53.97656737124483
58.038654019718 78.35266670658328
97.66143311517574 8.512612688706634
47.48629724043659 9.794740598343166
67.51110257104858 24.28394632763614
75.58770716831428 78.07085208061629
23.34900217736188 71.66829136371913
36.68162719385389 75.9287614566779
4.314041833350379 6.870761688104854
13.709614501088286 40.53066137894188
78.60985361045884 0.11129753439681478
63.60145861419474 39.37365478950943
82.36555145543409 19.959199211186153
31.414908225911052 37.25902683020633
38.88855177972047 27.578179815284322
28.788200594853674 37.72769601826427
69.68763733289003 12.426367790450154
76.98246293254496 35.74459866939759
28.32058049742502 41.606864266949515
56.40830326682884 48.66631650340073
21.653420691848634 30.72279205464484
8.737547138554069 26.525837619921223
45.185159693985135 98.79841922131347
49.922416911020505 36.59334572148186
40.29598161390211 36.41161353764125
57.68314795659344 36.27421452262354
95.03827501403508 64.27867247042893
10.543981286590466 59.288205149706755
8.085815034856747 8.659696239344738
37.197206850988415 78.07730670785065
95.94721980166152 8.246065124657576
74.9770488332854 74.1713077299119
27.488598924293317 32.2908534896994
69.17289289720684 3.6140491478637737
87.0459291156213 83.90134982718531
34.58609772218877 53.56995240894299
32.64670024760045 23.110069279293675
78.67032369812736 59.545795873802476
42.97235969566925 70.53058169380336
98.59184938630625 61.01549903795455
15.414639111413974 36.506299929259725
9.487117032193737 95.87029328179358
66.29180154766935 5.659371956101456
41.14740125034155 53.3548619755181
41.703266991129325 43.67503507110235
15.32109076720305 60.41755259773728
98.81400514260564 24.407439499759086
80.40001473868104 21.37684623212246
45.84855569914117 77.38538096631821
30.287575068178853 46.723020371246996
34.82614677974204 98.23510406702358
15.512764811453305 11.146351172215773
66.0914350651682 86.82405547745982
7.85445581435974 69.56982417526282
10.321204446114118 35.39769125140091
97.16809846523033 9.049712746900019
15.97452540108536 82.79529519239868
13.551483784462759 17.27426743285916
7.2164589647880195 63.48873320081895
97.55147550114403 3.765030114287138
16.42285714292717 89.44515411309268
16.254050679455155 66.54545657477875
33.826797192986135 10.882086220357367
9.155563925723486 77.80664102044756
90.7306310221087 1.0545435516593482
61.424825827756976 35.56476525037559
17.90708518572789 24.4781834927579
84.86438001905941 62.777582561879505
82.02048979630338 45.122188951197806
39.10484919801098 65.46710315949966
81.02952428818051 54.29756102246708
64.14702977118777 33.688365005203266
26.94965343033945 24.573059104575236
36.09870112014064 62.53118354043765
44.07108981626781 2.5975178109966857
50.99892968378727 91.3183371503438
71.46496766451017 85.65032129685402
80.77151272090941 47.20553081887591
44.579889736089825 27.584630086360175
65.29959990205984 92.05429825486449
33.675376598553186 35.52915821544129
21.826203694471836 41.236437515984
19.90550305098635 39.62618331542994
39.18770448607153 76.68383657999601
42.209104257231644 39.49757369821435
12.60792116756414 50.7222665341915
44.79974659720054 70.77199607075994
8.573032752070919 4.102036230214368
84.94259083133096 11.30589231573228
48.71484185787891 40.65211675924307
70.52812366815091 23.6603644388204
54.18563720291003 37.85657147524035
86.4155236906736 82.06896349612235
37.534946203867605 36.97356900302107
60.186777232918864 59.26483522146635
65.09502414543797 80.6544050088179
5.396255422041718 73.95263255210088
22.049182230356358 35.072871196070864
17.686248924014546 11.466274155457379
90.4410748499898 29.314076663336998
3.288724419704847 21.36067667819387
35.36111539044276 69.19808194060995
37.28961195522091 23.967626313043922
32.91558090521684 27.628076839641615
46.292349111811404 49.2453445343931
62.421527224281704 6.663134263171355
60.90471297811823 70.7503745014863
20.18899305006411 79.17890763744111
40.28944144451607 86.95111732407304
