560
27.339376939273407 87.98435982143519
20.567620170891843 73.36585601444601
4.106066158753907 26.797771332050424
43.18022410663155 34.747403900501205
8.872208513215407 41.709313376638555
54.11866808327592 29.187851578071477
45.56923490574584 49.026735720180305
86.39402330182803 25.66492704751482
88.21833877449137 81.27629547224964
74.90615680781181 25.77680904977494
33.65281516941181 66.29574934062718
24.160337748996763 13.725135137743328
13.488039094808935 74.31602064843271
16.77677928042026 95.76771587307904
61.45788115877428 70.29416964511803
37.15567122048976 74.67703541769785
22.22238033329037 69.30553154594634
39.05662944317378 69.94972079731022
77.93686942615167 52.68306614316033
49.5798756210448 8.887111478776122
3.684786133103024 36.3184981263491
72.16411072108806 93.49110437525272
60.88584839681743 30.962709876443505
21.16571794655453 68.41656136894547
90.35097600836478 69.16297497479707
75.24626334282148 28.791305847957815
77.09395572475822 37.991735946326564
87.6420467600553 85.86948783614474
70.42298119879275 74.95155199914912
60.959106734483285 30.89827616119203
87.61315680629716 11.979769327830326
64.42897238362947 57.61780665689935
85.89812108704268 67.34473867352052
38.920248725493664 43.81840803452722
58.17135960696979 54.949638656567345
75.40298252546891 93.24758562716809
47.44952542130687 24.659465913181798
66.98029401105818 40.630330722671296
36.555596794050416 36.59460228629593
97.4425376081182 60.233865801989154
84.64868528149414 35.01086553588445
84.9786419796655 32.12785920126825
11.734862536647006 74.19742060057717
98.57913411172272 94.66945972122525
51.19030860460002 55.46979136793998
74.83701708612944 32.93171647758205
4.559442099153954 54.806282546039185
7.545577483856569 99.1327826044979
85.5276853141596 2.609193570216095
87.91753076000498 63.37291044824455
33.51908807154614 0.07776905334656581
10.25527863171668 35.726986355832736
8.413428795383105 82.90728152718097
45.69610188730309 92.08806740331148
45.269436642407435 42.776204393391325
35.12722496447231 47.48757687891625
76.09876239168553 75.96643858482145
55.232401360133295 94.51610341302575
84.14292130864784 28.415328955309516
57.08580331537407 35.77065867609298
92.8515171465361 6.624317363586163
77.60942845459257 3.2769851975154918
95.20688831564436 24.28430581105323
17.252684553237952 71.23456863996608
73.53761925257926 57.63145689699479
20.18305835541416 84.53982961461517
94.63762105529574 81.63812104299986
2.8310102731760267 6.411407336836616
23.30817535813079 41.609460606627934
22.481608300816625 46.18652853942263
10.566061550107719 23.16302698375542
33.19670842131441 97.56308013251366
56.44889001318002 26.321075430054986
74.99817230828728 10.618706108636623
37.2127894181396 50.15711372601641
21.861100900193986 82.78107929043615
16.450821023597506 92.46306031481984
26.34313148823977 15.79080249941378
66.40954725523642 24.806097918717395
7.735609628789863 28.45961004232086
64.26733966778804 15.701212908022944
24.86122031760123 27.08259406290271
37.864138337439314 30.06389364403913
21.54232219867812 42.4163566461995
14.910453628470721 74.93805451738803
76.90421107053976 72.52205079841457
90.21281826966153 39.13770945419061
95.84130600742961 64.89886205741118
15.913119360720096 13.411155728073155
89.75597199677803 4.94724153385806
38.8866791781287 74.39725026058433
99.20417272962703 92.3531749642438
94.02439221220659 97.22114463274346
7.769958574678082 35.918509542685996
47.949726436374384 23.46097002373885
18.56797981166981 56.11944163177949
20.494973033514906 17.856896905788233
5.571358066993937 91.71634221631024
7.168795282031248 96.3309466481545
85.33846908167841 15.255353355662937
48.54575665981275 19.21609178000312
64.17386089820238 19.88211538054606
63.28059890465724 60.98350065885057
42.39704364616422 80.12182072546213
64.36980098546645 52.6833715447591
26.747786040755173 77.07249675191582
66.96107926514134 14.74475156353946
14.970684999094297 24.961750270225103
73.01744693854764 81.07184053411946
44.25621665145021 77.03903569647036
43.1802583860769 98.4511341732476
72.33537705866266 4.111772964516525
9.865336973117433 75.93037288883521
37.197690247697636 27.39882136776486
3.518254796744691 53.23871094396534
82.16457314149761 18.217865626799412
29.35486285006137 22.274036561796397
35.86832429661245 49.21772307817316
41.63524660597188 78.36050082703568
43.36563463103804 72.46860290784134
73.97612552701385 7.005539808528772
29.053163089521206 0.028881551316772835
48.60392163628022 88.4356695300902
37.757949854541486 7.839561391158945
83.72800957081876 95.32356004361768
58.83819018467986 27.49558677584878
13.850862029779776 89.78110945002742
84.51046212206111 40.627107320727916
92.20423934179844 12.96594549149538
63.42380188382704 97.74637978831116
46.81238536371042 67.56606606323635
18.850898065424982 89.32415420248894
20.770382586776638 72.81941849194841
86.27075582352016 58.07075259634045
83.3741588547666 18.718725150864458
51.86647268771934 17.8611282468937
2.3340349431758445 73.39456818456675
18.20944134758956 66.99658302848206
36.6294300908805 49.094090398075096
47.39146806197324 20.047353092034225
38.38680966968375 23.96762230233238
31.8239349193315 87.57077473459758
24.246410599163493 27.024662192065417
86.37729342178389 67.96184654970675
30.33625229107543 33.11484324828392
39.74787177402833 76.66104620896105
30.374635892685077 67.20378694263263
46.04280974188103 53.10370164939447
81.74094923531179 51.08038698290518
93.3048666318662 5.457509578991637
12.878735470522884 10.415808440594333
10.153005173737617 10.154362258385163
61.38458180235353 97.43133968993087
85.4861274367988 43.19713048210863
55.61493015066239 19.752103007320564
48.39008416861269 99.23904128184243
45.42256131689132 85.20984858553416
36.609514108228915 93.65505974848199
34.21115001068258 12.893568753915929
51.4119889744325 21.492202007633754
20.583255743273 67.82395295612405
72.53280965289575 29.633297150722314
89.12569113312188 50.378607632696934
0.4207675493625218 60.891063914525056
1.040966695549983 25.220622553789763
64.28329398700645 22.150660163124936
13.579663795426589 99.97194407507021
22.539658759207004 6.4705402865778305
84.49351847626036 40.087539645593665
82.70661618985531 14.353537040329833
17.444999194287714 24.853104590697363
58.18795282569621 74.20913969098746
32.414339525629664 48.84136755130595
66.36279165338834 9.326553830662576
42.66392589126555 47.58738584954316
74.18388441580595 20.51537777629482
60.612363152548085 7.875212728750702
8.208411573586726 70.97881937134672
88.98259797749051 74.9390318271266
28.182039162541273 78.60690702049703
53.088474130370976 27.5252644907402
14.124787857926503 78.33354322742834
63.49013704738146 40.54622044381292
68.30225716549934 27.765257591182426
48.89425180046361 56.33107729104353
55.23085931841085 63.3627641313356
95.0848158579704 31.8568815815521
92.57666753589307 4.008700308627389
78.83054183493365 82.3121133921254
84.82413294977526 1.5509869503324891
93.05081284238719 66.77474498249504
79.28900379658388 17.22412411495624
50.68112715106431 48.57103596964909
93.94341697114194 97.55003190322067
71.56665254133927 40.23045454963285
62.48525958827048 26.77331161873776
47.7289594275428 8.244131121138542
11.844301876250274 10.867961524983905
91.01556745575378 39.65534448888172
40.42344482261415 15.950680797358462
32.828603464481944 27.88577458071847
17.689519643225594 36.697307853265684
12.579991037922023 81.24700304094277
28.992058851505043 85.04376775512024
48.64649599972722 35.05807413454994
35.936496630665715 22.40565567932564
69.77423970114822 25.14119413411563
10.27822229112456 60.54532078132851
52.50599912128606 19.89899890594907
62.98523951879436 55.83500743228274
76.46594225137989 28.038904118437003
62.08842560397891 59.711342396104406
58.67147489781568 57.68779615594065
85.2484009612703 36.28705200213081
39.523873473202045 2.937679356393541
15.236857495441136 48.391760188475196
12.731730017428989 17.75395480017815
61.39893541802516 87.705809691044
37.92000948459865 7.936555426025748
7.9025941259162185 80.41027670776492
14.072189905017051 58.94449736978116
18.219795301035745 13.182658805347247
94.51918778926427 79.82440135968602
15.470271003462654 80.98323051868829
46.900984003021215 31.96404236886111
43.201442581577965 58.01788672578163
60.99777488894824 20.143287842565062
11.38684051081662 33.58599359195388
38.212531644646795 78.01652873031712
20.85708528677175 66.21364800241774
62.54077421175808 37.11621891305684
87.87764070613498 51.893393848127985
62.45656682047349 83.3984443924144
72.194113196465 88.1528781288375
89.24459266572137 69.5718386015197
99.05470788841488 43.91769259789432
56.47872560371293 85.61060712669615
14.799622516653255 29.07035069214774
18.918558845617305 76.88483305284744
75.95986132676767 24.4446336446855
20.350721693893924 46.66924100895681
18.250994503344664 6.700719273407573
85.91873765607812 51.95108343778006
26.08315744274711 0.1527835813164291
20.66128959609551 90.56775217513544
56.66075130642451 80.65164917540825
51.895959322462836 90.10404848187059
26.414057560166103 78.84180193078096
96.38740051032065 26.78818429783737
12.655094713451954 79.69256436306836
43.3718136892815 92.20160108575467
80.10487597831153 89.84559629756897
71.01222968523146 30.342863348190217
21.379420179818975 0.45367597634039525
90.88593062440697 98.52747546607094
59.58282496834969 12.672138210881256
28.985059804840553 60.89255563503109
9.971249914877534 17.561379596701798
8.315625240674896 23.24448158350275
66.89110706128962 33.87543192844993
54.54859374307214 53.822281168783725
51.65648602954326 48.864805389832675
94.89575766469633 75.20506626558281
9.254787082485748 35.66370635403832
92.32848322973753 6.912188920830619
7.599626708975416 31.02586476009439
83.31932653968177 45.80214795548135
80.20783475377054 1.2638790530571153
53.472819793538065 54.62897456693003
45.23342151897328 90.96009415807424
33.412183600979695 41.833957786940665
4.142361798946659 80.542050455145
82.13080146693412 42.19547960598897
75.45865175408501 48.72877565975491
37.69950041261375 26.3728918012482
68.77290658965464 32.82557794498443
87.24495863673538 46.68692455882263
91.18440618232216 0.30368044299877717
83.4071453476853 16.067418726113903
99.07635332899794 66.43856067363072
38.961541540463344 10.695862048820548
32.188934218972044 14.661631750672278
49.51131240221317 30.460898286551576
18.275000090795146 89.93051361781829
79.21389728391762 0.7799628141870962
49.11260191531531 39.685001709066846
29.13741496086709 54.576653118543085
47.20668452217166 52.51309660706538
36.78808460219981 44.3279270453953
52.161713532116636 77.1389551776175
24.8322104874515 97.16062197919159
48.51097059902775 82.30050377349009
51.02386428573733 79.18174371981095
15.618415873664148 87.22536341996535
64.96248934206108 77.73872869926826
33.50606107164074 0.9502995788803981
39.04661293737184 15.851795665275393
26.00145159713164 79.75262765071112
43.72990895917553 44.44735776835902
40.917134262062675 31.109614356387983
57.591751743002526 12.04703507714473
29.81540379931863 2.629816971983534
2.7678208726351072 70.50840037526504
98.55545081985753 92.68292337069364
57.14877127096615 10.612551594643149
51.994293782127876 2.420300788994645
63.74063920745232 93.99442642731721
82.6509425427402 88.75739089865043
67.91193170795728 58.91878505085938
16.068354819587917 91.02855524870722
40.623359469465306 43.71078638566313
82.25628110309383 95.08879518159704
26.739957303728247 6.7435059767314005
20.504608249707967 96.90103373927954
96.09383954646437 27.200983169677905
25.550764756054576 67.69869562462391
71.12041246779461 44.583100762174396
30.399770698923057 7.590816387789712
92.79116455598344 60.580009075355825
30.75365491425662 8.371273290807258
80.6334603865941 30.021988222678686
25.95039549055813 31.600755498187226
56.10237554332743 83.35329603118721
1.4622070502514517 66.22894551571538
9.156237211520502 7.500901468459265
47.367228230085914 62.72259600287465
8.380625467800485 14.859876197684319
69.78485381234152 16.867302273415696
45.585823522454504 97.28103394216953
98.42137332911447 37.58005763882518
15.818268327333296 97.69289759885137
47.0158452253131 28.428144805550794
6.7194326353049005 24.54429213153152
34.36970597061808 54.63827792244167
54.87739916528874 63.199811693430476
71.11289088475074 74.05450765246154
66.3304918719937 90.55823011162845
40.389574549676595 59.890305930098656
14.8520581138182 67.43181820950352
74.87917821572186 3.9527473501413946
87.65436523683226 26.794264142054015
45.43628977693399 59.84966843799222
4.021580746629249 3.916032667521041
79.69864051092338 17.300888596155218
17.662731058494074 7.861607246574087
85.20494741720853 52.18636438501739
14.717916294238831 11.412061805196561
94.81686680304165 80.99696832713477
21.2102464722387 35.016679991519304
70.93024860155406 32.89651362603394
41.31397464975569 70.48568782482292
79.59379573750999 73.91937102913207
89.09274096639908 6.56972702536216
25.50295453485364 20.449030013307368
6.6997276195736255 49.7300563165754
13.949755271306008 1.9189461538505204
24.17321681603881 72.46464558090226
64.85450266524595 24.894050851731453
20.148318523212993 53.98698919076611
98.5476470711945 46.86039627928123
62.34848675958865 55.01094912833584
45.44289645989158 53.50515427520204
22.17641340465025 53.45646794151349
14.778470223279294 41.95600490685057
65.68284909338415 76.50045569383383
4.310550737819952 51.019899219692434
60.096252269708174 32.40904847521249
50.9075065950956 83.63552092732066
37.512252674214444 32.76075247361292
20.423633908306527 77.50498946362629
31.330465662929786 65.84099336487725
27.700038024207696 82.99117087943178
24.66330760194496 98.96626713325516
74.72620790301734 71.69462264556878
42.06617854165492 41.73019095034206
28.8284998517669 64.23569873384632
2.840592945538789 82.71531081240707
47.60868710736654 52.085918258819696
97.37027732522337 35.653996645117026
95.58728350531034 29.45797530740386
23.535849488744955 37.79237746285355
82.23537407916251 50.12603322537418
7.907894798989035 67.80957483934034
53.381948001043234 98.42588202988408
71.64473130706438 65.13126049015996
43.59957811112645 62.440578485118216
1.749927972820886 38.22980547678904
72.53421958055513 75.95951745949273
99.43523789133594 36.425005033001476
8.691277363239724 58.67900192856287
90.6928591415603 57.95502233138193
82.10055337996862 64.98065362558027
83.12294361849789 34.228690595973745
0.7330712302674902 71.24036167457429
19.612541138842165 56.813563746607564
83.42573446251966 94.18356319182396
16.753793510759873 48.69849254984199
32.287097827368626 18.40139744888264
56.3637984775339 59.933400378464974
8.40452588385654 34.818425795154006
42.336954320554966 27.87673587248751
41.44873775078624 41.88013242481302
71.35591855530997 29.51472887980642
58.30912987800655 79.55872530914935
60.84226097737025 37.81495026777824
50.77902000727027 96.95421630028046
42.886723958115056 8.303972285512607
40.74538700785705 2.619601788466286
75.37113120427352 18.767608746062137
12.321100345695235 97.81979628730639
95.15779067334007 15.031194887445531
83.40342896323101 9.48745560138905
4.258526863002188 39.98152283928126
3.218257455166018 28.122105757977035
65.76518704982554 19.072395330092483
39.143421783104124 95.42661465979154
16.06123971836161 7.935561766362953
68.27645944413283 50.18718792113168
99.02065529282699 10.394020776082236
29.483922902463334 39.240441901088275
53.80615753733261 88.54026773195058
55.53147234040262 64.24286872921915
97.1461747090066 84.19355226808523
58.73189786921008 37.46600650493524
47.53135796318011 13.36958316021678
79.4756415693005 38.70725982351546
5.072911319040518 35.89728673770318
95.01513282528619 74.68924082284842
91.51533811040919 56.093561812883344
12.944696823265067 63.598623553136456
71.24487617789696 94.3205953741132
90.93528769880832 43.44831597332619
58.0290493838052 89.65079633103207
62.852347000428075 2.3174400401407613
85.16392089601969 3.1182200927455606
53.406626910899504 16.253673428646543
48.017200656283734 94.21831734605944
48.211359305174526 32.48627496493795
59.7455699701262 76.16430775111101
22.199712983986807 44.49151050185127
36.73185729725434 22.316143980821124
94.06293133604562 82.97384500831964
81.760583826118 72.5703141195846
2.6087791479967315 58.67933858272871
81.06836655410594 93.29788032665151
31.16374278686581 41.06710421316443
57.3659880164436 10.264303021924482
61.59278700130449 82.33575590645043
37.63525475608106 9.361406831608555
54.317688624337265 22.86603763381414
1.817426090983798 25.715510097419212
81.1243873154875 27.77581197969765
24.74664063488554 88.19095194743845
32.748002687369635 27.760489873686332
4.845949685779338 14.053243387579018
39.386219712356564 56.63947193314236
35.30527939942692 50.99199322874759
37.73454682571552 32.591625944335334
87.57437239275995 74.81670305034025
41.45729521644908 55.50812559804379
86.79346178372491 37.20285427786468
30.06501382089156 68.92576092284473
93.57435515938269 14.53138834687746
58.7838805635398 17.538334085422193
84.14375774156817 6.9662852609600145
12.733257712806335 96.47198615811136
1.8077201668325271 94.7595015884817
92.60753511878514 39.15048548268513
14.206120206997008 40.21766002740206
59.31297959823135 76.59145487950599
63.73194151024377 11.562682630544764
50.428595466594274 42.605861651127285
45.40152743139251 52.692633125293185
66.18050232023435 30.96512949100454
56.35283268160912 57.663716929898634
0.5996443567516607 83.48753481012986
60.293620288226094 83.07872675781424
90.10711696937652 47.05412348625669
11.808189707487227 46.33796511467614
53.62070578984738 44.877149196278985
99.64567297342296 22.856806296253897
58.27390945368519 79.10769852220271
79.87566743143721 17.52785775298521
32.941672138768894 56.92636231242276
6.793616815232639 20.306585168364155
5.491247819066613 48.971268022129
24.673632504689415 43.89820568797591
97.71560422007003 12.32914055252623
83.35715394808221 4.0619558982890265
90.04165095396687 44.82228958792051
18.23650088643356 55.128293735497245
53.336183184171816 89.73671861079809
11.199600108046637 97.24423426341498
35.703099435394634 96.30948211251331
66.48088576000417 24.707475157271908
60.27120580401094 85.23163488846062
24.165003262112805 37.87021605642609
64.39551762362863 44.77081812714631
31.125871302483375 81.72878262573975
40.59856095956803 67.09963011184686
99.43488002919109 45.667982738254956
41.57667139213459 4.722861494814367
43.424467355277315 46.52529662058738
22.250325865044076 99.24267431942013
38.722859483638736 21.714748750398183
30.15495932114989 68.62390991773867
65.74096279897755 17.55825765669804
11.209719448648048 23.61595038929338
33.53747914256333 74.4739532376032
93.2334034355753 47.74495372069383
77.45178095273234 26.751089034792496
88.26129203163084 36.60942160671016
67.0940246984063 79.60325568325064
47.04085851961754 71.90334713406531
28.069837448365355 3.596530775875817
90.29267537756603 60.51129189255098
91.1366910263736 92.46285403395275
19.30695835783829 85.53056631805832
91.54874291300473 20.940888449802063
20.140268839282548 43.87243690382486
19.27304625217312 89.52385719817109
35.66602522624384 68.1699140450439
34.14840542184117 81.48101862399417
20.923379961753398 40.52292772430687
52.045290361759065 21.504193716969787
59.11646842582693 63.09075415372699
36.63372074476502 71.61535758184459
28.35443462493197 10.7067404393419
19.4364387054873 71.66055765443373
90.35709944390284 70.9468894351142
87.276879230986 29.85506701894871
8.133247667676791 36.6333712697686
59.09622991355934 88.47242024598553
5.49753775072751 28.957774119845546
72.80131441849147 70.67482445926925
84.98142801344255 45.73292884662572
82.28970140467389 3.5009481660958075
80.8345049595583 75.62550776987828
61.32780252231329 20.71120121355079
75.18691024664547 78.23263853280056
4.697457206554745 21.208701034934553
59.91996523757868 61.13184488663056
24.343115383085344 64.44254651450983
29.436394771203545 81.18011190236514
19.070520264749312 65.2912607460002
89.72935505906466 67.53225726113979
6.327901942407099 10.072790170957635
12.7844690671431 87.12611461093113
28.724101463283958 61.919437162386956
91.00395113751011 69.1584950548401
11.529953377531266 84.17112813004954
24.965932737359363 44.26754648209703
36.521498989643575 98.35408073581777
19.110338985617126 42.10048239627162
92.65100493153126 9.856984283538782
45.718423007823006 41.84648435447982
32.324391185371425 30.839147034197424
34.27432372678398 13.031372774592109
11.099494545304378 63.25980973401018
27.085564933289174 6.052320098768282
