548
97.74660090297871 18.197182826163015
8.06231800165007 87.9113370830342
27.784139407528475 65.47501905454591
7.549207707221783 76.31097912927541
82.75067211521078 25.647505145425587
37.24906015681723 58.10302017424333
20.996173424647978 6.952391969094562
64.8382615626858 45.130131724103606
69.67353323581636 62.6404180829167
47.836924870472075 39.666178241108405
62.55550126149584 41.944236293848014
69.56391251137897 84.28317348145326
57.12660474532208 94.08856794145129
1.788221601354556 69.45148486612115
64.0064854193785 82.02943090915508
15.605838262759807 16.65060236955235
18.205740720603103 73.63887879837773
48.580856350436804 92.55442764513421
0.3428361405220959 38.18385593415227
19.688190935194207 66.28014019257282
19.655365587252504 14.125150153505139
37.04278662980553 54.347791321026186
61.201169314060934 36.60902892852089
65.22161828877526 47.09551325063445
84.5456900403153 10.118020806341976
44.13778057061987 1.9744231929370581
75.79374234533732 94.11722238163344
50.98979025033249 17.910082911074465
37.43119193158394 25.628912831532404
5.105404093172716 38.10571913250903
42.86400983349543 15.895064684086801
33.81292894776787 77.06097827055703
73.13504201991638 85.62177295680713
46.134992610698234 81.6571886064842
3.492293096402388 22.64330834740281
68.9150310749697 86.47742474378819
82.98604395609821 4.712217693066334
61.364277331299796 98.68345582312399
16.57860414105895 74.95860391844356
78.81885646785139 13.656690194488297
12.586905403166826 55.57233365352633
41.41433883426567 77.19702372527658
67.46342054912225 23.186879824184203
23.95389775573039 57.25751810387645
49.34835069085977 20.8698894399868
76.43055662500885 36.82204761111921
34.401170620618984 43.79848088269262
92.35835121153025 59.773507972475535
51.99021030353692 47.567668179747635
71.84812406684004 4.022788316868054
95.36190220816846 27.5456085723362
17.616110744353485 8.17799478767749
80.12490412608803 38.43457800634521
80.02133068057731 23.091806801899295
64.86597891261675 91.0815790502424
43.1650291058162 18.03825372186425
86.46282576076447 37.99438792137677
58.07194655620281 27.08955685472062
46.886625836785775 60.09866472318809
35.091913475058234 48.98671380866871
92.80126130437901 9.052076971287482
58.40562831908315 53.12087775052876
26.670343040829614 15.15236011006813
91.39206514791451 7.696451460914632
60.458112458122436 86.7202223644713
90.6314230681347 25.57816455001163
36.32393922910509 55.60267383041207
10.46200367487653 84.58196380427187
70.08604915434 12.454056889813735
13.914316169723806 59.411654810532255
32.75122601776476 41.39308299799171
67.89776453721227 5.203652933329761
74.670521342487 22.503850365189358
16.275269569602923 48.725440162854326
20.541877247504537 63.11562228924037
71.13946959437907 1.58617781459226
9.581565300460614 59.79622260280081
71.49234367500392 96.93050035140534
55.824859209318134 28.38942504694004
51.092587077637184 40.3965052295146
56.11756766008054 49.31492407834098
64.30275148096356 10.411505614566885
87.10292515284245 34.68172276235454
13.200854510264593 8.514059206864022
58.37384953102087 86.2021040897365
85.13046919588355 13.937026636499084
78.53081231869061 10.332447330580353
33.59706065575938 69.05440368884288
15.63840227443254 60.186862844873836
65.17523138934028 84.38647449810549
90.3370633696152 68.63161973314847
0.07872520888626555 48.05013521070728
28.07956010041449 48.66933106835857
27.79645667835441 44.683152710053875
7.44693226629537 40.37661182086085
92.68539202913843 77.4924527902212
49.94638354247666 60.91087929701823
6.193191631869022 86.26382179542246
23.88694115969219 78.34485895733346
82.74506946822514 11.63912890923685
72.55747372255547 50.21899998923553
22.001456818614773 75.3217942327712
83.2919751616741 34.70092426632839
65.90424862636247 79.29301848029651
3.090351585625828 72.78549671018952
55.227636266543826 2.6022320958378975
63.36747980685011 94.92275501601877
99.61837111676033 26.597867236779603
33.8350721964105 70.3654933927707
90.01023439814765 75.17669127795695
68.20481956175256 11.841391041286808
64.1555873320288 61.11627166920466
31.13318341907636 50.24774545699194
85.24791191923167 62.400553285529966
86.15136556878417 22.92374155468395
43.10566259286075 31.295755605725596
62.086970844219294 29.032845343291548
83.05958230815884 78.72673193835375
5.170841707266405 32.174508082969325
52.2316051280994 36.56892948872681
72.45618775896351 17.92689586918882
12.300701791567958 79.39078967639087
78.54948379354872 34.07865490223813
9.234079114611083 37.663686129116705
79.91386226014995 80.4134260863503
89.18857848758898 93.86374463366701
99.59048809056503 62.386441994438535
63.23178621048871 0.9705245853466105
35.13913846051493 94.52697694333794
99.36158897929269 46.61846065253572
81.29628347783215 13.839059681455112
99.0811321880957 25.1309269276637
50.62458904268697 65.00015710822127
57.568465312001024 84.84202122686042
88.26023009965859 71.36077733995384
71.260610506488 91.1601357185792
31.8932138962988 20.58187257116739
50.54066806189026 43.577698422378205
79.39787715310958 9.845232417124139
68.76990427835977 77.4464482868376
25.84965868365532 69.01102351250213
83.78052955889773 90.46953721158187
9.289497269146253 93.47993481184275
17.313437000139142 94.17140331313058
79.23841957504186 4.07431212336653
49.16633930952939 12.857910909275361
65.15736213073974 9.398640339312491
5.388829482758051 7.912743629193231
3.9523676141904107 21.687091797610492
72.91011243832185 26.069896447062824
92.65451035262807 54.55888969307588
42.27861895918703 82.5800635235882
33.503871459507494 57.28179198372022
75.48538410143793 46.11671793506772
5.388220197310655 47.2956880943175
15.603562234878243 15.21333628029038
66.47127820683001 20.494900431344874
29.07930152016003 30.31813951339073
42.351988131961036 85.44780363686486
13.71821690115974 68.08014418976506
76.59959839123904 61.81539506665394
21.494555179565577 31.03227743807997
52.42591259573023 53.51287722690371
21.84641378291622 39.91848118705666
98.5411033301958 61.16706210758389
9.629605959569199 13.579577881416549
63.683352527029335 6.82012045101138
81.68324602510324 74.72198908700925
91.49645783814752 49.62767627868692
52.35216323149192 6.0539559744740785
62.852601473681325 13.773941149151126
77.12386269600051 78.7015295827327
90.25683903969085 20.39385785947906
45.532876925124214 36.40858924395077
63.318131807555645 48.61641176556234
13.976031631674113 14.793834143014328
11.685684740721303 26.887185382319313
52.50761386656543 41.885754006369325
6.991964249839178 56.412560503700334
54.83436515536243 87.31971079738365
77.03272668286189 85.59819697407413
42.01060336833361 96.34282470594816
31.23794936445432 92.04771719635528
95.77037626637956 73.566340119168
21.43311156433143 17.607215799699937
71.70990857258998 76.18901579985314
38.8455324354581 90.50566551849444
55.49712732100195 11.3251605205003
36.68139466541535 96.25956725558075
22.53766117034686 83.49858781152888
14.242051534667176 65.95568500457092
50.27666969962922 58.661318629579505
71.70905815281586 14.741555522841942
97.06315714958626 6.204123463386912
62.247039264379346 67.66488175172485
42.33948419334605 25.596409824973477
76.97433272596993 93.23649120807221
20.549508591203814 97.87928218112005
91.21724069999837 59.28906596873173
45.64823005317188 99.82311128694657
95.92171252998162 90.22807725159613
35.90070139784668 61.92982759307646
14.939608247070302 52.913064478606096
43.00077411738569 86.43214367310091
59.02874480121113 27.357242844182128
75.293929390963 19.53730341478963
42.368709870984944 33.025724753574146
46.12095415738362 18.8287178987537
14.670707294072137 79.63202461919884
49.72359053730765 55.89471475796809
0.04912570029550478 97.40910698551576
17.57718883140833 3.4277049413297567
12.131068039865745 13.405983177213443
23.861640244375202 6.481919438662342
94.05016293346125 44.91013963671604
35.0801494831287 0.21869482978914556
54.59606767054006 31.54410211054034
51.202653055148815 94.18688085146265
35.589102519246566 97.26429725161061
51.559805842227476 71.33693927035458
23.474516754976193 47.85263056315229
95.0311800541779 8.741928716286019
93.89334560478261 69.19310788471523
1.2559495020842082 32.70334914269946
47.91781453880778 28.71883112050414
93.97194388261306 48.291701225546944
21.62203149755563 18.7744127139022
59.82097905835477 37.081068195092485
76.54852704173966 94.14505467749638
54.93569889322648 6.171572753650545
95.67804084060809 75.60612422992588
77.54159266861573 40.98604973305958
48.37397858360589 96.11322406023807
87.74596513212042 59.02025152954719
13.248819880073981 96.4789619160255
58.04839432097436 75.05635095720042
34.965122485759906 25.623574157652975
3.81092060697521 46.13257684419412
28.140170706957722 69.32949857575798
24.71170757611576 63.26568626629345
62.109838777702684 1.3978666714607346
4.609512030669604 63.969305115970954
13.73819296292057 99.072829925002
29.10167931570029 22.958315985350154
24.7574907178284 96.7607218552281
93.82857733446774 83.95362886656761
71.23227004030099 68.78721274815918
69.49962984073547 83.51353372761457
10.929905204797375 93.02755748345216
99.52984769950353 10.51008268403667
69.16992537421245 29.288970291129914
43.67228242168941 38.69828991556163
98.5211342866609 8.26820515326887
60.92373590828717 54.362745738854244
61.81598168933515 62.106321982632195
40.45451660607898 66.46721103828985
76.46837425092083 60.16135376890577
36.4358547950507 16.93098654298447
15.360896089318343 1.317006355982575
57.011132924747244 71.65500350671276
93.70929171213827 26.92990563660034
84.35264242034692 41.55722105694183
7.182404339856907 82.67445632223901
67.71872484381612 16.347527710454067
5.959579468350073 7.56415880038297
36.14740099929061 64.5588288998891
48.34070283228819 43.11736082650667
2.334791339048292 46.76047693093335
83.17507427339791 26.963274070157674
31.34525509144478 69.08732048520586
60.73660198326355 29.86150118217832
39.878810432817055 45.351101302590045
30.873765726352133 20.691104709418006
93.0325102981877 50.37249722799378
27.85887582457751 11.965424860444196
78.99799766601761 67.61071518037495
84.33750784763086 0.1726240479932195
15.54319708020121 80.72917254074183
43.44467271176791 82.11664548730536
26.203217180312734 26.235819396222503
23.531033439861737 73.26462813270528
91.77804642772365 28.75412910712596
15.45280760387815 83.85430042715835
80.81137581716092 21.36470833841757
47.68929955117389 44.674405932932885
44.433418312260464 71.09488407353443
11.230805108331232 23.398236220604417
97.20140241109263 47.04657607999355
44.08134722605565 4.762552823976596
61.54580766762619 51.41693269990043
97.43436084098927 82.81154135648295
22.50469995296719 39.988803939764736
96.3899967038031 50.08581633727296
45.75682348008214 6.786246640204874
34.00213513294739 44.140237988290195
92.0259610473327 51.836359895365966
30.317718930707784 60.09864673262537
16.037550226199006 42.32361142099968
4.866565685178914 33.47717790114131
21.244042346496038 41.954405202908184
95.6080436415845 33.09547385155662
84.36125580974631 76.97729290104391
96.74189518747919 35.716548014157354
68.317187589957 8.863005791033974
57.87194378675144 29.0784463979722
90.7102141971245 73.03919998474773
50.92197703086203 69.64968309756746
76.54826856207377 75.13419940383788
74.04275610316246 12.06505754623205
4.808287292008351 99.83766189579492
90.78709069503161 46.98704475338932
66.22221401390127 90.04315672398943
45.488631202213526 59.227538387591615
24.933347484752243 22.01280996434817
11.849653677367499 70.60069208254195
45.942183879251 93.51995769081225
78.58704749395193 19.156650266894648
68.27125146919742 1.096210494895411
61.31663872513858 71.12077341556639
20.72864097655035 83.68555609672467
53.42076992830294 18.816117516196663
63.34049563664333 93.88185820498401
46.037589604388316 87.39727429721847
81.08498456752258 94.72710631457198
70.33726453275115 90.38912160396632
70.32349090713478 89.21058033210886
54.550918225903125 64.8789360694944
10.481573737449668 71.03982869215393
56.54655669688915 72.35965908359209
31.427841775388355 84.93155454976379
7.5003427012450885 75.60097563185433
4.23918714565078 12.776180373290469
91.11707382262514 67.87402751092583
86.25105038385651 31.251465135090317
33.7339570882621 58.3295485846881
9.274245927266156 43.22846394932209
49.594790690024105 15.666377621195737
21.986038956183652 99.52362038510721
84.71562358145455 53.859820316283326
38.05772853926065 8.478666117896571
4.8636092893122544 58.33152982313592
20.335046584772055 38.492907223986926
94.67551968378065 0.37878360365318775
60.889212855477595 13.502961051490626
74.73751263661278 92.06419472134365
10.897345599862119 16.7238555955174
48.39758907194983 59.624046682079715
57.3149986944461 25.901062919197603
70.84308989357375 27.27289456038131
71.67268967418913 10.203595216883377
59.102831517393604 95.78260797463685
82.72145861045536 45.04091008676239
8.618586432247778 2.704648446039226
92.74245027734443 26.77579830840565
84.18696735554408 16.64878874674802
17.6731914161814 45.94545522713413
90.95623358549703 29.5440495441921
21.123947630802054 36.34539519889552
0.49824883048464885 97.14638333925944
51.27349302277074 47.43570673171615
47.290398296264435 30.970983973292853
56.81114072533205 57.51902033405858
33.86679023319413 12.33975860479022
74.77366662222141 60.51451269917647
32.46358218691765 92.84264335331383
60.00273021665776 91.02475719107134
14.442809004363234 36.57554484566327
60.585785396471394 90.44515100002415
22.385589515242067 12.415748103283942
18.33039649099859 80.37287018369301
83.37977458361229 85.75763007224701
95.73200831296865 89.37958960685253
57.60601152264141 13.280261418396433
95.380794868136 97.43490052553383
7.139587556564164 75.88308441063236
74.63259064740483 8.223967685930711
61.30434752242054 95.53413189545212
27.1129103908218 55.720558802439626
87.88599843188783 64.98328020378304
22.78179489069444 11.75521342576069
11.68800006223789 70.6255034314335
56.276442275953656 85.43962524600484
67.20781240646458 77.41443667043112
20.147206379417526 48.16049828880382
44.96085976338158 3.4140679374714877
65.54875064053553 5.56601259699222
57.8658408800505 78.55633967311378
87.41401217418414 79.90146617079186
93.02105405859838 21.189271960736413
77.92755008997614 2.164955418361081
79.85196980928261 16.931789347721615
31.501131612898693 27.648001890505427
23.563933580183683 68.85738472525881
58.35313314089577 24.311680803562496
3.4275443589040555 38.94577846651997
20.333439285077247 11.021550958325976
31.258665632846338 80.28694998279747
73.56428368579763 89.85283295466411
27.779007151959423 67.19133578763062
89.93477370620515 19.15181194816391
93.33363360166452 61.48257791885761
44.31119805782275 59.40401273537867
23.79326935290884 29.803371237368946
11.536274562825344 58.78421061956952
69.79200223675277 71.91945236417877
12.564715012263116 24.745201425813836
85.52624850575779 41.184451493062134
29.51239852457217 66.21853494595973
56.786931640328845 6.904948954809398
55.68778537282819 39.09527711600626
76.48419028629154 66.52275733877366
18.394987811605723 56.38083411384378
67.10892842382576 61.98077405151784
8.390893254012044 87.43628860719119
36.6726482710134 8.514840395125434
80.35526145088988 50.54209452661722
47.73640480248569 27.905814558000642
36.919387643145654 94.07011881104734
20.05071335806091 54.456604782837815
48.18278705662521 90.89344827781693
16.218295670603755 38.108224478575245
94.5652048026841 94.3401779403761
84.37014539568733 22.451374456370676
66.98007638317348 62.53839783068157
89.77555888850497 44.52173797938946
72.25353215400595 68.32904616272765
76.33369972350852 36.43030547225259
19.69018032568888 30.702224193996784
51.93359397508155 82.65554035240955
30.824426514748904 63.95408715833072
37.80197395143371 70.14444771287985
10.1460145276158 11.686612171293698
1.9270295409084537 71.04126236161484
62.59052858796969 8.191560022818244
57.050752653744595 8.466735160271977
36.01350579137284 30.53961314607754
82.67378137136984 49.03074554678862
47.08381759937701 33.69634871862283
24.558547867466174 63.459928154020496
7.132659095559257 11.043749908271504
94.01679234453141 15.320646973171614
21.82957331600097 59.197400421313375
8.671015986662123 22.04893059578703
83.05285539920253 69.80904667511868
0.23932597656990406 29.918873055057283
14.485483321419967 14.663471692330344
50.6981457424346 96.2047345420102
49.08947944600871 8.687721040136665
64.71538688316672 95.63491139585246
31.300182705987645 11.457319162033375
56.08588513625327 13.25464402677403
9.828177038827912 87.14029853234831
41.43359180805537 38.93479940484663
62.0047045486711 28.75117166832076
94.8256580796244 90.6063549436898
85.42142899824857 6.676503146619983
77.4257978243578 34.056648232345175
67.52526045230934 30.428131483062803
17.23979563865251 85.95562590399506
72.40901689514007 40.553003195044965
92.80056571078566 81.54469279073679
14.658070150897695 32.72834878420527
47.19036506798585 39.2104834356132
59.65126673199478 15.191743037330275
93.66660956612542 97.00250329425347
63.65539274026409 54.944921543579696
58.63773362537358 22.20606428723383
56.82486671475543 97.47884198441271
5.487570917326645 96.53425460841696
77.7193495472518 84.07126112473196
82.95381334936462 71.96257456613823
56.74056960213022 27.343893731868185
62.613363377645356 76.59066702438679
23.696085571283433 35.332978578831884
86.29729141585815 22.375515409244016
77.90308016022999 48.77823910565642
99.5083760071827 1.655865804005252
61.173609161523615 87.09873316131309
8.872737780059015 96.30826169085393
10.57798184921227 31.843435989463398
55.54644199669138 58.398656081861446
44.94627137302564 99.84696685869065
12.550613914941344 22.561875316642432
77.53047660366275 17.553729237243086
1.0355706783467977 49.302405582575204
21.849993667440827 55.30421467988628
87.19847814338621 96.92581528066228
89.95266896948804 6.401918130299366
39.893661181512286 46.61683146947239
95.45671382005891 59.09451401157669
2.8643045986032956 1.087914382791011
39.33962115813129 58.47493372273175
7.462641879613097 61.87039329590812
30.339416780889316 8.633924572917461
28.57303474965922 31.51080962722933
79.93234118846685 67.65213198355687
82.25790425662821 85.83522888411534
12.364892994447851 66.89239997608352
73.74681856152984 90.18893739870796
6.906396293667283 53.30673086455654
57.7016018162937 59.55306639489716
12.22784520676916 4.030232710361325
56.141017531125904 75.12783395080477
36.06915438781946 69.69042688424224
16.02508109622256 10.129313524730021
75.06774438064062 17.915764098042676
53.4695196127425 20.641778247945997
9.612327094630224 63.70933639398437
59.24449016559359 45.601559078318544
69.16575544800835 61.03980766460787
41.753037792869605 94.23379194064646
88.35863588119682 67.45977870571238
42.2748841855654 58.08147599355345
83.86101810682388 82.0359155575576
77.00037472281292 7.4098937100666955
40.04054199689621 86.28737456491653
65.92047996064288 19.268082837975932
49.455338117036895 62.466616330157365
71.26202545589977 83.92599467561725
59.25804458793704 36.63246302031593
32.99416023963838 80.59675299794307
75.02476989366677 28.830722242484587
89.82550221907266 52.506014371648334
66.95373019219359 57.77394363252376
75.94256561895179 29.40857243614028
16.758248346097183 21.451986884647145
24.93063487677111 38.12529803983581
98.63117932353546 41.80074571956901
67.7674087651954 89.17694750742923
12.597474092540995 99.26152848626356
53.20492599410436 31.522946889776183
66.38810277317191 31.983494171127212
58.810124680862465 95.05433468684141
73.5938984330453 25.05677802605958
97.52988391973753 92.77727100351356
52.8913249420775 24.502134982598722
97.69267558549781 49.27883842955726
71.11810399684147 54.87413174188852
29.479044963855582 58.75359502586086
43.88649131269895 58.76192036260684
0.14813336338204142 82.29087319030765
64.85448050323305 10.035280951763648
1.9008858312831611 2.7811797907168923
83.26506051483551 50.23778779867199
46.11751588119961 58.43955673947113
59.687314867728425 29.261492511019338
67.6541918485201 57.71364368785685
21.069469117799468 11.81271943480986
