537
93.50304167304205 64.12995754308498
73.88942495677136 51.91992687542152
3.5566394521382994 78.30545810538075
23.208588734684877 59.85938892091639
73.00660290575203 52.29313693797907
21.34417439305487 81.21642056870941
62.037937024450095 60.84981667694041
15.851868355274812 73.06982432288002
10.104043473928314 38.98586919685694
54.023087946611604 26.11799221832434
58.62657887231438 60.150379255652254
11.698660842435626 26.02341449379466
33.638024496165016 38.30547070152217
42.51013255772544 61.64197297385332
95.25997309021929 16.624423636475804
3.7061426683610676 30.116696200818026
34.611363483577215 96.30413939027343
23.477501245966913 77.76746268945077
19.190003876496743 74.92602058099439
20.971319584167514 97.0530936950825
42.579283517732 72.21102621874618
97.39452365738113 83.75076128470046
75.0406664065949 2.636271335804452
81.17162120365396 32.07795476219356
3.4973445845379203 33.46412827223608
81.92142010961857 39.80404828161309
15.877139956952602 87.41407380811597
61.311456878980394 5.994722807908981
67.23778563693249 9.170665691915914
40.992292105577086 46.68036011117592
16.79595152871196 83.80418129109849
30.773862964351785 32.43072319698127
52.42278631117463 17.67292691595802
45.869045936506716 99.92062605438767
28.548706063034967 7.4440351730203025
83.53162162375402 78.60957596756354
71.05213306370945 60.08408998236202
8.213539568413209 25.220122994422944
74.82671660695789 6.1673959349060725
83.33423397829117 42.64745219253949
27.110058651625955 13.776551611831422
60.162949004438595 11.668042174768123
56.214593363403395 35.0549048943402
75.16997276769636 12.516255689556777
1.120427766828891 58.76011599383739
37.9637444453968 22.67492442244371
19.62873547771088 62.22792107910242
54.34817426157189 7.341922168785597
66.4813479942924 35.47335084242687
4.101997504542343 60.537157012274534
56.51508200731149 88.98013396077336
45.63934361934503 58.66044130924601
99.11278247570377 82.85628444987529
96.47240233184662 13.093622560234873
30.440559992716942 80.16368594933184
99.73669465308743 13.162707528643992
9.022484511487894 97.3634922578314
95.48967927320787 92.05656465163366
43.426702416983446 53.61865808863725
78.19728782810522 88.38147471482989
45.142426346949236 72.03058922292134
33.24922226444568 38.750196144250324
16.52356039383418 66.11990711761985
64.39815518347253 1.1522439071880775
34.95080005199777 1.4919224190614644
49.68652831957583 88.29698323261975
11.306188679229667 18.821537548326226
96.50247783425941 99.85934916823302
94.2550776724543 36.90668520790721
79.24502521978995 10.801789019997077
76.65198617508815 8.251129208133424
65.44364272612103 37.177365646839775
0.37536788016293565 27.18948155852314
97.25336135806353 67.88582397221784
8.426438808101079 67.59421527023886
68.69557698910465 25.348732705256015
84.30251330983764 69.87554855622739
18.51900735486325 1.643735319300077
26.319735973553225 21.716870482328677
58.042113963165555 69.54573610880877
92.66464188390144 10.497788447491828
23.443859456096362 34.412977178363604
98.93925007311935 87.88122204974357
54.17487860572271 78.25817291954984
98.28849411878637 66.27665962444716
45.010860915673504 57.84698819370975
64.18393850588998 58.60178801886987
82.78295334648598 39.81447375270207
90.16162495325293 42.303373545582005
35.87610865755503 58.59513336967864
82.11941967316577 8.332015728796504
71.95210111333567 54.23862969490697
84.8661676208196 16.37387568663278
42.1067005748522 72.2807011444901
34.788168204483625 43.93321274624946
89.14928090110855 90.29910602548634
46.00063783632527 1.8405844827197093
67.19521039791249 64.96502791073124
57.682058535920355 38.1238073706293
1.5748173398432597 56.592287319776226
87.27320192035185 12.831314961599706
4.558785283281985 99.3411917658866
75.45728022945097 95.78656744969037
18.251783735804395 58.31032443957156
94.15998107469262 86.80812714999469
87.38969056158925 43.78020590450797
58.51494135246159 46.032618675689875
58.341664730629574 5.038294557709455
7.293085552436285 60.97094086662397
73.81922255004541 7.769122794496419
73.19038621100195 34.483350505388486
65.59443370996246 71.8431998357126
25.439110374630637 15.623586272012236
15.1634318917246 80.6715759252665
53.81312048304719 11.660740246593571
0.7324028466624943 7.304955733859475
61.959539958696595 26.447415601451276
31.3578220864946 15.657879186375956
27.1906921045025 67.17198476658679
69.57918943936583 33.74365208510064
90.9554087185197 2.226450898785115
78.89983260396502 46.6471165285097
31.51100218516467 99.88483260094738
71.77918933114076 43.38905351049388
14.597297745835924 62.11556986815747
61.5063473033759 94.43310658213655
27.366835306010106 67.92892530678314
95.49056155179834 95.29095524690506
89.76879078790512 34.38855088051805
31.301060288270786 39.65175203093835
93.86214175949095 31.629465709101567
16.983151085251848 75.80928214699001
46.422462341783074 54.56979809328276
89.97836045665461 31.193610992677133
81.41130955674606 5.634540239827501
56.55576824204409 11.869565741289168
12.124795869717675 11.937373335215662
50.04508793131349 88.83760802464076
22.955080736810896 90.78842179504474
99.94142481348777 38.302083156036346
56.37850027620007 22.024032821685424
75.78501417597364 85.38353746187735
91.96436055959964 13.2210217353109
32.91392727025341 72.51890991395746
21.136747162084323 23.856972717638335
58.102304942534346 29.99791986928392
0.9195218706186781 22.887415973304527
67.85866796329057 4.135802749617479
42.39111839614077 8.996188485160728
94.73504647788899 12.153811128324577
15.778160628300487 19.056681330191882
3.553295046833538 59.36546093218443
68.12673354657487 44.001485489129344
39.464418857789816 87.54629138028355
55.941705838854276 82.06240161605429
77.52456768222956 23.96227135982445
72.37145990710293 38.80089978036002
6.1057395160253325 46.89476156222941
7.671241408507424 79.73649731821855
37.766027637176514 45.62264171942314
41.12774312503096 6.483512262592628
96.33401710558516 39.52244305218859
24.129715644765337 28.35986349710733
87.3795423277612 58.78842636232454
35.160907886467875 44.35925363316079
86.8269302368022 49.021019996497806
50.67275289112284 21.955779882208425
1.8411903272245955 18.84769013423748
39.16149943215029 78.5281747682489
15.066773411266944 42.149758302459205
56.94907495809674 12.517173364571555
44.9089667607444 43.53241392427726
9.214881923181984 16.654190379644074
60.9257211745142 29.41190590722367
9.663789604350747 14.501876074829989
90.62545027161471 49.490088748159465
23.11895368737161 38.901565836808125
96.83418113355768 91.80539752840768
69.21509380004116 8.968200983747753
11.577473557562046 27.547968919369904
33.23290332065102 37.765516920375795
62.27351097068351 79.06250544587422
59.91344195711547 84.83769614106758
19.847464175674435 85.50391699792897
34.72608001535043 4.281189196935198
92.95431756989574 79.19275946239294
50.304087080160684 95.4307330828636
45.91106119175327 96.61447553125154
71.51907285979834 4.714821185172536
15.025933557877957 33.24611520331536
20.201130508166955 93.53122862873289
77.9635722613033 59.364798517879954
16.97297023874931 18.224267115117364
58.988534836628546 74.59225911735996
39.620369267042335 61.135619655650885
37.535929450477404 73.5329560443358
4.430205565933232 60.55262525479373
59.172428739172425 7.89084672004241
41.200690607120414 45.39318020467278
26.676861637480975 99.9582785457013
59.313859855473794 95.93152366067605
14.842056596481834 8.896594983950513
58.37151090182594 73.41582777140113
17.444111822106013 83.36866682242199
34.06553500274504 82.75392897777007
9.03591806216102 76.51147072082067
61.6639055270357 52.294647882234344
80.2093896547781 16.499845049848716
67.09896966476784 3.6472589876131223
90.04871232654301 68.55616283693023
48.40880039898611 70.57192597937888
19.177774424210416 47.83418822360278
43.63526258455656 74.61273704407917
90.77577413798399 78.26237644458995
64.07537465229305 3.2345271214079485
99.1364426021493 53.661052666232386
81.5426914747009 3.254634215948793
16.911890611362168 23.095361771633193
7.851260325547981 97.52726892164374
89.04009327187198 34.548854347938416
32.83127066206239 96.298206896015
14.900557490387378 0.7725787063945111
93.57242713965697 62.694142020050805
97.67370444400574 1.6444042956828442
74.60203542382243 33.717822156464635
13.90918788508586 79.02845998075455
93.49794057227665 11.072581010312676
52.487817172769354 72.35313629603888
96.93785758725747 56.64043816054741
40.33381869934695 30.336874113306735
11.433425784744289 99.40337711351961
9.27912435553031 8.951439993529863
79.91158976048712 68.84630602849722
49.07721304436736 32.32394056598824
34.18198034704716 51.01363858652154
20.907516568047424 4.43025390278633
58.560594575955946 8.538938514382565
47.96735839173567 51.94999796750467
23.955553014565655 12.193605525724216
51.33143374236428 63.0060267870575
80.17120734053096 68.80658680408234
72.72879140801444 73.82065431213714
22.13307452733234 39.69808759065988
93.33688307460403 26.60626204728085
85.84008135298846 84.82089992973525
95.85583349571769 76.72921340247744
63.92408872614607 25.908135222787177
4.146934461655882 77.73433937213393
31.116050288072916 25.741055477225604
42.722763658948104 54.34619718202032
97.13504394872282 37.60960361544255
90.84635508458776 15.219788765803589
46.764474967039405 72.59452397405727
72.34664496285849 69.6414002945187
98.39788057864322 36.022894368442934
35.67393253621197 76.43507017244895
74.45117805123749 88.00906581829531
40.93397006879744 52.677736380369176
8.486617777042415 84.4047253529892
63.155026328104036 24.956024950495948
84.45234549541645 53.670323008952614
91.79089923431887 20.093909288237455
12.764888731001722 58.58160047215154
68.72729800069098 96.80178819677322
97.50743739737993 97.80685140399991
36.394618155777515 43.46140761796497
70.864202147487 97.11292882246767
59.56271410558308 99.60454924994893
15.145356473673399 52.90876360071542
64.02195698953986 93.86099071102795
25.90927605964506 59.28421616757025
83.57823514065082 71.79998636691938
48.842198179921795 48.40972113414418
93.2666733067088 43.6972642642982
29.872577548918077 88.78603533391018
41.832206537943705 67.26856334326342
41.321854898375406 69.87319411870416
4.861988705518483 74.16473335692383
27.50299930765162 79.02518114542745
12.610269654754347 72.38483184090477
92.42799871503097 16.763213083571728
25.491223804823704 93.19660335374003
40.828468541387345 86.39696345103756
91.11265975428873 83.88906854374756
24.225957616140747 71.0141400090005
11.422996020568732 10.106559592241737
73.07574805707542 84.35435742354355
8.188256845704023 11.75209269622256
32.50955570420271 35.180383654925016
4.348065760788367 55.951165532128485
55.49453972769185 34.51904080991589
60.02765216996207 96.15246906673535
41.228085198309806 20.59265854286857
97.50390179685776 16.271478197272017
84.4197899837147 28.05143466772292
54.68358906622047 5.3431559367101755
86.62698480591239 11.489735994489935
80.4272368786239 99.80463500265591
36.007760001664565 47.50556511424261
89.23991964117847 97.41070774098993
37.06903861479989 67.07600487849152
5.206394884448528 27.24980193022015
86.72484733286458 25.54699940900037
53.09434300670313 46.345123882473146
57.459579208181076 92.88382921563128
81.63001599406496 46.98943119569624
32.09162480360405 67.03156736395327
86.41193028051714 50.701994609606274
95.95844502911162 93.65806052991738
6.445187632530825 34.55396093070865
8.8182674136986 24.310914093983136
77.20306579357887 81.34174680511977
98.87487506185711 23.393896801259285
57.796803425727795 95.04446607489706
18.428143662088814 66.7437048206911
13.088510456543723 55.821860846582574
82.48212342758067 82.20101223876394
67.33096315154907 75.2912181824661
88.12977763066297 72.71518049640777
38.1480108068918 87.01016755309419
80.41142827772829 10.233340645482835
87.47722110235779 11.546932799017661
39.368609327660174 47.638832353747304
6.153834035949057 16.95665797140855
28.3204221007217 55.36526651680417
32.37874475916717 97.86352859106327
45.277731982215705 82.65247566150975
2.5603285459601777 0.34445321794970285
88.58392442244046 30.837824677196924
34.94612151335239 97.5479912483301
29.932168939459824 5.885462959974797
16.908986198008392 71.04748282373143
4.38627709309205 57.9732075694564
84.27760978774413 35.48532798512641
2.20631806953111 74.8045789488954
67.88261304852398 73.79261620674559
12.884322726426712 10.221919926578703
30.609183898783133 25.666047645485623
83.92238449371652 5.429930991518561
3.745841569421493 21.723557429013685
29.666661148034514 47.55011102074255
49.779727173190324 45.50977480627159
19.410940060271198 70.81817260106907
50.04132818621845 5.147477907198306
32.06256137203574 66.90020107619212
42.83335507129398 78.44989236047482
3.923457563395971 93.4570728133929
3.8637168175180037 37.36327597301388
94.90421703213005 12.139673797306095
87.095450721329 53.97231181326085
16.130416270492997 47.96678578094288
85.72255050554492 81.89173433990385
99.61842862791738 20.47877164763795
31.300284099395594 65.00468659057145
41.54486454045412 66.84990429873635
4.209569196234975 15.217476419739405
53.59784163904659 91.26420704723213
59.29459276018555 88.3827452902586
28.764617776884705 60.984361782496755
39.071026579929935 28.22642593547714
40.22647631296522 38.770648572513444
76.98334036259946 12.684660977489482
73.54166235677965 31.536650533801925
16.897227668352745 82.34346158372632
70.38049688642278 77.38041799573344
30.78905652911149 20.35696801432235
31.188907028162603 46.98965365354515
56.5299124444862 5.289176354344871
26.636851160656715 22.91121777861578
17.305419580079995 22.900750526425472
35.864259867228874 86.64339111807344
11.305569878587985 38.54394347984066
95.04970025347316 99.40048333153186
58.84338472978534 90.73154890328266
65.99156693298012 36.735933912030205
12.729507759785319 67.36131655756519
40.50942768861333 76.65507591171283
23.324458328717945 35.96834545791808
52.89089860827515 48.62515437031302
2.118282402429239 51.16504253877646
9.497217602948293 42.62036851977149
45.822458573597125 50.64313522170646
83.77845446366481 30.0851408093732
86.03405400854385 0.8646205238858173
41.59822005634963 40.80931839404344
66.9601225458286 97.3644295501077
27.024363281220275 21.553556959572482
94.1469447238371 28.785402744435316
30.188489738682843 13.74835142029922
94.10127785936555 62.7924320000676
8.034128993987888 84.99939642369992
13.600375502357698 30.52596845800877
9.689933662126215 32.66416365094737
77.07884324471641 34.58345324683684
21.971215832101933 73.91562526050281
98.07597332804677 50.2073471264026
36.40160175774595 43.97118649110753
81.517638422354 89.65333301975495
99.29325902518312 74.8313303592437
63.76188509376147 57.360320612989725
74.59685866062054 98.01957540590655
59.29003496231818 90.60732104423734
64.58383604662997 71.95170731304803
68.14242026132952 64.71726635424294
87.54113398891107 40.70105171033875
88.62114662078724 41.45786051012516
77.01899666271353 5.044754927324268
7.330535695292384 97.38070500997674
79.73350182863238 59.358112898832886
24.683233041800733 82.17754497178608
49.3566074805469 69.32951458215155
40.53124033157673 63.85530372002971
36.732710224642815 1.653452505681452
55.46916661890674 79.93830509718438
0.6156679111926966 27.925977363294386
69.53868649680443 98.90215771371041
6.655532477339676 62.29293462576324
85.17980524642535 26.74609537654088
57.6221079933703 28.926539109739636
35.80984969218998 53.60617350487068
80.60668578428948 51.34380180300609
65.76940395092313 4.688495445731977
68.50814383580614 81.40783049735525
72.46314079204808 70.83609379263278
13.704218202217255 11.496826593530162
83.92151058498013 86.31182222277532
74.72481973769332 79.10623752472871
17.29656798812932 20.593222696281543
30.746333916903247 79.48750907164046
17.764173607200384 23.026628752672128
78.4781220022922 77.46900824756949
91.42621414875582 85.49317873685398
48.89868895645705 78.41359306865053
71.55923348262739 14.566529073224865
0.37610044743534576 30.828386850390178
80.00652434687329 84.30703281088036
59.20409371996852 68.56834296977176
5.558852210933618 30.926202335404295
3.369437472849013 59.47409024154583
5.5519680977906045 7.991565482973517
37.46248946935915 7.199403400891125
36.426540307833285 17.39837510896679
54.97816897952193 46.277292343411766
41.00568343129256 36.74813757721369
81.23488017456498 1.2724396868343812
58.05913797786535 91.0924619408211
12.618264354015363 13.147052035856099
55.55418177375405 30.65602458804507
11.606305587336363 10.451612679111532
24.78330481872577 50.016525872341845
30.653764117872306 68.47458247160432
94.49960421970715 5.57856840172607
98.5226458525176 42.27422081382228
72.12259857696988 43.88235057493027
42.11319868410097 75.63137942957606
73.11031877418337 14.557492731504496
24.26863160898388 26.210542405325764
5.619315240213229 27.136598521305334
70.95752103508582 10.425478808816202
63.96543517558945 75.6442454165244
64.78341772863608 78.74602000200154
32.3503612990666 20.96369342047556
17.79541589157878 20.019608430665905
75.33286044283965 67.95752669408202
36.659563532006636 60.419368132337304
92.98076418622713 35.748577839625206
91.84120591169997 35.15601011787921
76.20240062834513 4.892792841395554
46.191577251184555 81.3243411846858
53.03979887156793 1.32301006416089
31.82488915851618 98.21629442548979
77.71111089887751 85.78120891974916
84.55453915355086 28.57719910944946
64.99181180194203 84.7443394135044
66.5984467808584 44.40982386791467
69.7072423840409 70.29932311304002
74.68409828668719 64.58711776831099
3.8725108083234594 34.50322244146579
46.30025184520329 61.50808306008824
67.3135395215951 43.62542399989614
42.885080844616816 26.047276314189403
89.32711937744773 82.80187171009551
26.07811589136628 32.04038522272549
52.697888874418965 15.149443376260862
11.912405790035097 43.75217827507632
47.106856800779425 81.54270003880441
25.268662086178217 18.32259899203357
76.38052968467227 38.42395288617252
91.83406267516338 50.19609177484511
95.05357432602773 37.70557431106861
65.21482543493471 98.31633081123286
69.15343557198466 42.27687607964076
18.033817979760315 28.73928550301965
37.016597911045515 50.402159563357486
90.49695946147668 56.618132134132225
98.4311588750096 3.181429050209361
15.746199245194358 43.02378728716395
52.221926691621334 52.60385578449562
71.70849098425282 83.50049681643709
25.78378424726654 82.36956593963639
18.532860930213445 74.52500691737154
38.57541985473589 79.37502486088258
75.39114702035593 61.40399466799465
2.3820110609204193 47.92701884112724
34.01043302067749 32.71031345863088
3.751529550794086 27.17181879818935
71.13495406856138 32.4461298135433
72.24892926605308 28.44860180072025
18.699671148063313 70.28318959010461
65.77134793777503 97.87147795709308
55.01659606214939 75.14763032546402
57.94768691131591 28.25856704778117
73.84917293869239 5.259275248296802
62.37247101597645 88.6730529860867
3.2689242364299265 34.620207403326496
14.743978886124932 8.032374662453778
89.60069911802161 94.8874321983268
85.39872621695773 14.437225594963243
3.8412488682342816 98.48688071130776
77.88727554401014 39.43324670695383
69.86285898589728 93.56350532269269
46.44584626437865 28.320709957556623
24.799428104691223 77.51861976122632
29.141612327004353 64.20638650590705
34.41641047241908 77.828679766714
38.409859393887416 65.34514301992877
72.4282454489406 8.959917609005153
40.96711779919793 26.16358089921299
31.38160664300498 26.343429968488984
87.62771410278171 93.38970346628572
73.557369076831 75.78605821518413
29.305077940892556 28.08762484217022
66.82908332434198 9.798837654964288
9.714753015917344 7.324041907974655
72.46078816331854 97.76113636419346
26.993298063400893 29.34228490144872
32.97399631133281 50.698526749423635
