551
92.28175859236742 72.26738585448574
11.092636620105678 84.98430890021031
91.56264418433786 92.0846566514783
26.302273612514682 6.1776021395784975
51.66841667258903 81.67549777128406
53.28401540717027 17.957909064608245
91.06769789471592 61.96689655102221
76.32577325151371 18.523955090664458
9.590309310051648 93.7499496245957
73.00461911693996 45.02647655396942
11.410720522002759 2.5333838622745186
16.480175223165805 20.088046908078816
99.89178157255532 51.62509973477023
61.18698026180653 73.321897446143
56.904916873229205 39.59707133037917
98.56666482614452 91.20462462190861
88.65339147968527 77.14795609980887
62.162171699879224 89.13369807238125
0.2365382704640484 32.75027473497404
61.257426880775355 38.2284573437864
60.50963177087152 7.051244384352184
25.005966572937666 27.01937066854215
23.293428249958648 41.95534088016164
35.982787924320526 69.54321653497092
0.6721221272194988 21.500591210201126
67.51006249878667 74.52252686870135
45.36060771580313 23.315904204094462
49.10025909374194 93.60353159735999
43.359982004874965 35.7263515770629
25.640313873322974 77.57196679310793
78.31805994420854 6.332973503348683
82.55473813633478 74.07596640691666
30.700831027214736 42.52461677113869
63.46461530021218 68.52532850426583
24.372943981067674 81.0899458652109
89.79722622516655 73.13207275742509
15.126466768109248 24.14222167781589
29.213370471318633 40.556479600666684
30.543663910110265 35.8198529271197
93.90617871892223 89.99783511857807
56.442013963586454 84.38088472232235
63.481776762493894 21.958015675062757
46.19318434771119 32.09035501755534
53.48887474159033 6.43749999113592
13.064375840997855 94.55696567850256
77.02921290832981 61.87882988802287
83.40531295094534 62.143338216967756
12.834701920498926 50.74407727879168
98.0508709197002 84.60847170282666
5.516212252361119 77.41474520487053
10.659752286079183 39.00643132043494
12.31412840110977 52.60054209040066
65.79817417180708 81.27490658961621
26.850262477312892 19.77594006401
44.883243608093714 24.386862924299567
75.17504303445224 82.95342292515483
1.0886041852295247 46.20820712003223
86.2683074423397 71.13290369589161
45.95089379809304 42.260702771703194
72.9655105843691 76.29236546318143
50.02028653167012 8.359591182904014
61.91106278223823 55.0494434693492
32.42780482457067 88.63569511445206
80.46528947630294 18.1769737897556
40.19487712286717 87.53827800031205
27.649197098363242 48.60424349314317
77.80903265087635 67.72130154973875
90.58551263604315 38.51539537125732
55.21652753909818 14.100507800051876
67.71489342548101 15.076328468326828
57.20517488589688 29.81779642569219
17.739258678006962 25.307449334939548
4.754108710245342 98.25602246506149
97.42018793831417 46.29048974933894
67.08198750709606 8.63252807582392
76.72653738931629 4.024391045555742
17.678582079613527 44.80460432427334
26.55720768061154 82.99875371221455
2.7222404862030536 13.00847046296829
55.80469825659653 47.172667787784164
38.801599979182114 63.614612813909446
40.78870468694854 55.354434880526206
66.0552218165406 7.5317397296919
37.77786738285911 56.54655038241445
23.34724081100603 26.512387135663186
89.42792656583389 35.708614775477855
10.388336705526523 81.50709552387585
74.38444588838944 75.63459847293193
81.95795546524347 63.0470873704304
90.35589718838254 22.803152398264327
32.4776843626863 78.9378831087389
50.646880294098715 16.55067017057199
91.00661311993319 13.486645018870291
70.43384967392593 31.535490511894594
54.0582253424588 56.4859003827042
63.30854689885875 71.91816105844968
64.85007689799056 90.91869171675803
32.76002619277202 15.584881262131045
94.81534246338681 83.97361432563842
58.64910413123976 50.04279764109359
91.74927060618037 77.79771763347621
20.144307095327363 26.29718233291306
95.22063553291477 34.839528974831026
76.25924415078964 74.45344531751826
19.301925656709294 41.16286952554798
77.62895607999816 74.57851683676601
32.94723744115099 93.41772609667524
0.5174849047076546 19.53049466688378
12.299334801282313 23.518903581494143
62.53887192522632 97.76763701126558
48.44742068688465 9.433876326546242
31.156372487594187 99.40171986719045
77.11607876461915 28.557995358934075
32.47186261639179 22.82057114417475
72.30690364218053 52.68633807271149
1.474437652639471 67.45686315537411
95.87281159974185 77.84082693129562
1.3142102751064422 6.2774222273808356
40.421626252963925 99.74890248218574
10.314246130899141 19.40585050073499
7.3307316743745465 49.184485803887824
33.89570822333804 83.71317507504982
35.72632488346359 26.99948915795559
44.81482635151842 57.863234782291016
22.497279959445926 61.84025693217755
60.17148319999694 28.939768717426585
70.0901821336292 54.40705253698547
90.22965168840386 72.21062997426611
48.330944379273966 23.27708382587399
73.69754396319655 18.062432889626002
75.48016913897212 46.811642483469186
94.54836473565994 81.1123625792249
99.89449233103184 69.31346246994481
84.42108602403508 70.38242715818481
63.206016163224035 93.01704692444869
13.848188888085533 44.98271312845349
80.85802200363908 2.4953363766467285
97.70767857434328 71.49627900183492
99.52285856152504 4.455495154677102
46.83854217597382 36.55364544240538
57.41065262040694 1.8277535214134333
28.22656063156549 31.65687316038178
81.70258952480931 1.2114437370181919
75.96945550320241 99.23757554892502
3.5590052085282653 47.4363276128797
97.39054793146761 89.76048590576431
34.54486430158208 96.10602874521452
57.10950405510623 96.91472124915863
28.011915659953612 36.11388583922951
10.373087202232 65.26897516370236
21.277660584596337 57.73648933154828
22.357058477287794 64.65600483883509
5.717170256500614 4.7199693467579245
12.067769538637375 56.53182754418121
3.082267558353402 16.556475297862892
53.37577896999902 71.29867460590363
55.5294651416247 5.180094452439654
59.04288466621542 25.070033043209396
0.9810176980273977 65.079864251404
20.952096571157785 63.2907451076422
84.38685653264368 53.074315141677
2.8342096175578924 54.31885201677507
23.684911610190483 55.0512934993719
35.985593292570286 57.82153750671252
51.074534070193764 61.33597609312218
94.07941965048066 90.57213210046913
5.331292856452241 68.69596406197093
13.193521317684775 43.53738164941314
58.45958077742486 69.43964028501216
20.438523727131475 73.3580475960411
35.39675316455926 26.674021030601324
99.95276529977403 7.540774523724081
5.353753028425967 35.89875248518758
57.68116821917189 13.404011420628992
22.995198477569478 12.041399807273944
80.21804100362704 26.935713856530576
10.968113507836952 13.23246120136824
46.12310225491474 85.4153341123396
69.60979253270062 4.3990868086113855
74.58201636964239 97.28376943498482
69.45891877716238 37.94077529073141
16.40026177711714 37.62670743876678
93.03228104788163 37.27235022319311
39.56605001672631 58.64984937506764
50.16820335989004 48.80289527404924
54.19017138581903 5.303941093402031
28.49092720305604 24.544548260107113
10.819460420927907 10.617710984996009
11.3962148847364 10.098398760105987
98.76792571770463 17.15955477290686
76.12073306977057 17.770113283040644
12.931205748852259 9.051296067100756
45.72452598080843 80.53193480808095
55.45306977135971 97.1729432022203
8.512612892157623 83.24264306717635
64.12853065375518 94.93702176800925
96.24684768121656 81.9539680252996
50.911369022995665 12.542739646921019
6.180053091566773 35.17377196845566
28.043743279000775 32.63496760496023
24.79156759900715 64.50222958557421
19.334464068914226 63.63617777333758
5.482338779155215 22.054105795253363
11.10825091681794 17.943182439114114
54.399404964582324 35.62164835146858
79.675566667529 27.82874799407121
89.17588987549827 48.45888759996944
42.13946579652098 97.37630276045766
40.231533524480604 74.59662567775042
49.71448449706831 93.38558298668434
25.219629934372854 60.79146965612542
39.72211277857649 22.44643514711099
56.270500848477056 2.1638382014106727
6.509806782987038 89.11012636981702
60.3215540614881 6.910039157673975
1.0010199812973575 39.87199616249075
85.33089516407965 21.670564024674498
75.9037482005502 88.5675600140339
39.61681786915477 0.7680034570039962
8.710400538259744 5.175580555402415
63.8556020834949 20.936021040378872
42.63725997304656 69.34650906640995
79.56997717486017 68.65473239639628
73.1303505845584 14.49486862938586
86.69720464423133 66.23623018112903
28.937297916804972 1.2756397477005077
36.88021727698697 37.12260090824606
52.9315635771909 89.89274206345577
29.88394546979246 55.85431315780027
87.2534490050854 31.583152344843914
0.20597222923007807 11.06905864067439
85.64118865592768 83.00354763305603
54.20833118289883 99.09412175887272
24.472561452470043 6.67674312870391
10.07464527814539 21.07737011496197
26.106413951189356 69.27562133104927
96.33002604874885 5.48805233303753
65.7545742497471 86.62527668516829
2.88195042679964 81.14492376915373
7.214975920860223 62.061392875135425
4.400594897428789 71.31421556061917
17.550061576297715 18.637115790366565
79.51456353985726 89.02596264397852
1.079797557145401 58.70228102503441
42.62486596098623 1.8088731820958492
39.19780024756348 98.22378429242475
59.51267408439084 75.79277451839587
8.666006089324341 54.628286536156644
44.40566126002013 4.116391242235428
93.5824550293138 25.62087596676118
42.753864421997974 43.26851575872978
52.95045950636563 72.93554848539142
1.277901114909652 77.00764622507408
9.26876796358539 20.193575733749647
40.7624258391455 55.58246675159002
78.19850883262836 71.4654955872932
58.05151563495866 83.522208720014
85.85348031027131 33.59019165429223
92.03466439121466 74.39387266240814
92.83547129287393 59.397234144415314
5.500784006978543 64.0195276434641
44.75517261732297 78.95030982988145
92.20651576365536 8.814015404202713
95.46420457360772 33.08535205872452
58.318078515813056 13.974181869073021
58.0595339486694 76.0873540623943
39.35856512118539 69.49851213389292
29.81996030161603 2.6852370973845074
28.144121669678622 25.341938328801493
55.47859408927626 66.43430189339263
34.54373318339845 43.469868201919915
69.43780342541143 73.15520471109951
27.96089125425374 21.943186400602766
94.74192799009215 53.405306585082535
23.565098655064208 97.44152369409223
80.74456217806434 6.408435744086272
94.23063091156858 98.81323217731293
52.35194331711178 78.47332945818609
80.17909678309672 20.060721385962065
96.89307266638849 20.566809233038107
32.271688886640725 40.35384382969711
39.95147343278197 1.0387138785413197
10.726183203074147 70.19026477392521
82.96677502173763 78.2371429453312
77.72031846711174 16.075695945017486
66.84720655988245 15.053826148443195
0.4042625997056737 76.87206639887802
36.370856561674294 25.170542762747104
24.76267673218929 67.63804431956915
96.68616309635065 34.868436530204114
7.43390877739718 76.82700741223988
14.624544533811623 85.67193273921404
30.589013939994548 83.04225348501716
45.39277119290224 27.514846031386007
52.6872154724106 74.17684978477773
11.99751878178279 59.044276936307774
76.46499586564983 57.498540458700035
45.27975237825198 95.33108584848262
11.814985028750492 43.44784079360638
75.0731454951671 11.250582205471304
88.193142793463 25.20843280280236
27.643361101608665 13.57933980915681
30.128419028418186 80.55067417386309
62.14039627822478 28.504322753140688
36.07374357356559 70.58512882748839
15.876919782400655 44.01070087751076
48.362029562728196 20.15857554577615
90.99444724865953 10.331855456383954
2.37661739572953 85.82888927444151
19.017310379286677 89.37194845927806
66.55578655004717 79.89205440719927
24.250005613692117 33.001451800184356
24.443374077511848 45.609291791081915
51.91159911719715 70.20874341187937
65.93188092584523 96.86679849703269
18.14461659262584 54.25925237310487
40.81627791157734 55.435284106436775
69.59828440627152 31.606454879364343
12.438199223035395 58.89818309965168
6.09727786644596 38.041152383294296
70.07069873931668 3.049202285408359
89.07919684355797 85.11820607221446
13.34346420887459 53.350590986951886
22.376913990267 71.80679094464539
94.22841099959895 52.236466341978684
9.522923087273183 57.031629607037274
84.93025580946228 61.914967248240124
96.34150375119978 58.64289795019882
74.46635794681275 93.28425321379315
68.29848200248951 85.34642353625802
17.160208295784262 82.07661687710265
42.37155873658279 74.4394279106418
62.982033218495246 38.49268538490137
32.102222575148666 95.17144315143099
2.0646148597046943 1.248756593722744
72.12798589016445 96.44086999901755
76.4402617668604 43.1832007630987
63.05309814448928 71.66867028690942
85.85402348872239 97.85407847442293
76.26142644964602 73.22636863462536
93.37638431806177 26.722575458656973
71.74059239378701 35.59622985836519
22.73073020851776 74.53836100715314
21.6366074789341 4.338694879239712
91.86932363609402 59.06381794483855
36.912097993272695 10.633517976980954
20.8346428997771 17.669968884395317
11.161923631729454 73.17604888720383
95.36711503259336 73.07036176308564
44.48908981798668 12.07043379018784
33.86237794621364 50.9051175212782
56.59260111128835 53.95163683533081
46.999641890171105 94.33946579095573
93.2591577373487 72.44924701960683
38.183084758930384 82.17575310798712
60.54095380961012 81.7956454791566
74.38463377202979 39.37129137647294
50.89087595714615 18.00204285886917
38.38024255830028 94.39934379907754
63.59447175524957 75.18164748372055
73.70960312074642 40.15175733127294
73.62458899273717 25.69131180753178
93.69062402256075 72.4554962390278
74.37408644003047 70.35458246797184
43.52972058696955 20.07083055760327
8.230419309894387 53.23484462396222
19.61035033884687 53.68652124031589
41.76034811630157 8.984530743563102
32.971914317236525 89.18115341537282
26.18666389482215 87.81416604526243
35.298341289323766 99.78377571150861
15.606042676535836 30.11198303443766
25.09888789488106 56.68135552804038
92.38283649034192 45.727274722770574
69.4317030385006 6.2771923773205724
80.09185613256021 52.104069070642225
18.953087953187065 11.518897219844494
87.74489093446614 61.79690869896288
7.364968950884809 15.272262119852364
4.60852138432476 91.00458367279332
4.980899048331344 56.026895007341395
87.05475335377409 23.597611816332385
4.762044498021412 80.9422686637396
46.24909229930398 95.69258747819292
2.644680190680071 17.304510170262578
45.415099933704376 0.4426240810210036
22.67298369232065 72.14451162212232
72.05797156337196 63.85850803606713
57.949093675936545 72.05603071710726
39.7649065798059 33.728493117314905
45.00849991789191 58.022392771145256
81.69872945720279 28.888500483551194
50.506394739584614 39.75637420674557
86.86229996206063 14.617109225378256
88.30171194287385 9.256859280966356
46.09828263669507 37.542265669740125
43.90540515862909 62.31239901513814
87.73628674906709 36.57646044504538
86.10641429528802 8.109117079399464
46.14845130208296 53.744853006294214
19.127541144400382 50.56655234545702
83.14589818791966 63.51806781019518
56.64054171114209 63.059349386628085
98.76285554420248 17.63487818643058
90.50543110416938 66.48609421599168
78.54678052269072 92.25167312479853
6.911108367714968 26.581055690648125
48.289040225941825 59.96150689020377
44.052734890958234 65.75722598491583
10.911654452114405 32.45919182473178
1.307900080115354 9.659619885047988
78.59901078121379 53.91963715835575
89.90848092154033 49.383419164163215
85.7957805560251 14.108784662768436
51.879784734262046 2.8022813132293933
64.9316419084717 0.5394499634180594
76.64367373324585 78.59223011204595
48.396263269630616 48.91983347975032
16.822935339275645 26.799054857208205
85.01985592794526 82.49915404631423
50.73271115518748 47.955655695166065
58.77767981267649 39.894697269393134
16.870535961119348 55.808160138799565
80.15052713401954 25.81386179037174
99.92518580190205 49.394646450511225
38.88619375761871 71.92392566920431
40.957141241633664 45.177375297563074
34.337671971936565 63.246964088583546
35.423178330577024 83.54595033113903
28.92006422777129 91.57344713819239
5.400039686496417 79.32489573610923
34.076518580760236 59.955753681216926
60.5471638054589 20.949249685622984
14.567423765773812 63.25322597701641
91.15132651561152 66.13390608744464
19.070706772388657 25.341033143738745
26.87957144470251 10.211243290048778
72.57368508198587 96.29330486168224
71.02121068234291 58.03024506910025
52.615817169978804 5.884228181483464
4.963410260729095 86.24095720371471
84.25965150642106 82.41875630041332
16.444743481520963 95.507515135411
66.62647933816716 13.924249495506992
23.33005639231267 64.55678336551681
55.73529082605657 72.45106457991659
51.65406310669969 13.117199859275807
48.299054807753194 75.00712361400876
54.166105416008456 49.99276607989521
85.11201333838827 68.1876254871024
11.49583757114977 82.25547940089497
71.46020979266906 59.265452886476076
70.59377467795223 23.491975095088524
39.865082876432446 16.311570580062916
8.604086152362811 22.5503043721448
47.095172429211814 38.63808289279284
79.6895507472506 37.21832328195852
82.66421101505581 52.87840775588587
83.74874935300679 59.906957234858304
63.91250616670374 75.92001740487561
98.72192395699324 57.47859043309146
43.16634221937882 16.91441236232656
92.2458522674667 17.142326457389757
75.3931950767055 57.70356204676324
52.972252451629785 89.22764862026544
26.665410338224447 24.595399945244722
98.68281916692611 97.94749006485091
5.872237095910693 18.45870345549383
87.46571751559567 47.01299121190928
58.79169805830045 13.423082482308434
3.021063317096506 93.56509602927684
35.36806823487488 6.231743426251668
46.9201588021148 36.70227792050322
39.38049828103096 49.726781579617764
32.428845718230484 35.62596485377423
1.6219451463879042 9.051402311916522
49.746108415166624 27.643308159978286
91.83504388692863 68.92313548169598
18.927981157193773 28.267790142122283
13.98768038813325 71.51968220814922
58.83995018388277 48.81772300974625
76.21313543392088 18.742053239392163
41.244704310549295 28.66614069637209
16.779670669248613 76.47982747436953
26.37411616220289 79.02527702979198
62.174005603816006 11.443759096567696
57.30915756776162 4.4033578020420965
92.81503643706827 63.016129732206416
5.348717518959001 43.91720406890958
70.85277926473323 24.027787876750505
94.05258394366797 32.70420091531169
91.67346825667224 11.651620898035864
28.24774636963605 8.496332218053947
13.32615370166329 67.90287093739738
95.99148100560146 34.87590947115776
67.93167425342357 72.44631181143806
29.706097394529017 18.80015768531068
13.457139237996675 26.136562604729853
21.69627396879994 48.67447632414519
8.026526650341182 89.3394244517937
62.76318667389411 25.830009247481243
69.2609979373545 42.101548072407404
27.968447606225734 85.65348969848564
43.719434019538426 62.665525742861014
91.0466428000175 76.2797939838194
63.31005702624965 71.34430405356547
91.25135699985543 2.6771395715316837
93.23410441990036 16.1351528030359
60.179432842545864 5.542245991240613
26.23845713791789 88.4336573970014
52.82381211318098 93.78575197689797
68.89482996964149 45.070789874622164
83.77229059229313 48.886498376571566
53.62367247625509 51.411258792729086
84.15494056549939 66.52529061502247
62.0525275857134 19.412672269512555
33.312098962665715 76.6298872671619
51.20646471967035 39.20981675341522
77.27594196833796 72.32110699512711
34.857707144941564 75.06402120555563
32.51611540745586 39.52683479985851
69.051081118425 86.51000225433563
8.749508657146032 41.338520166190825
86.8157388222177 44.85803089099182
37.71113649111679 52.839577718065286
87.6678904330261 29.080721454816228
86.44889115860028 43.7853790297128
39.60031688923644 84.84108162794736
66.16960976487913 94.70919194950353
39.644064077424865 56.990293182071206
18.54133635412285 51.19834112638062
23.46289656772814 62.88679356517072
70.70825411589126 19.941771478615223
86.4675228573059 18.69886183715813
91.00493622462889 57.9707691579299
65.97956663230931 9.34982205357363
57.07440253310121 25.970585541632975
43.895761092924126 20.887716668733226
20.17664372634561 36.615625133501105
26.926647903920966 44.398192475705635
68.62854104714084 56.5622519126029
96.50017509398636 24.524361530754124
32.960139821234 7.26264714700987
97.70622975907705 47.2524471293696
48.63878792646646 18.051137667556027
9.08858725656556 2.4821759425792234
42.05862795853723 19.58835559080755
93.08508821873097 86.39195062309213
74.17677900341275 91.09907858998595
16.227403941597263 91.63872410354344
58.87288726453986 24.28018333573574
