569
26.78606328258889 23.083347924347798
67.19673398789374 45.78856150751688
95.1857683492981 87.04340035581885
16.879532469629588 22.44620175573018
79.49901057396158 74.8655441583392
86.10054123348458 97.5301487263253
8.042478750257576 22.43608750822379
49.622964685074166 52.12445276244602
50.99912061946944 38.51142203903745
2.691676530524434 61.03398944048772
67.62125452398229 54.812663774083624
12.360851871807698 90.31790591481752
49.87633585638853 27.037734369578025
22.970690003449324 52.03052763461359
48.65818300418086 55.38191837482951
95.80739737546871 84.58886360548574
75.07589412357038 53.03310441945447
97.43136884540445 4.119548769523462
71.63672064773854 28.602446088739843
36.2820439026425 61.428343139110744
8.399135811204184 8.149917382849392
75.60410727597007 79.67487409830974
92.97548598864635 24.530521566034935
14.853410504706744 57.12211680611593
51.90219330616374 61.60739114664252
45.88655560402321 47.74588196668845
14.619604290523503 0.8617896495531352
0.768628646517977 49.03873072395909
13.792927879401962 37.49117403645275
1.627590739093876 34.28828821807283
80.38102824620724 11.633700316822914
45.91790022774397 78.19834584613913
50.52255059852602 10.9914045461591
60.09448998119243 43.0944921766529
76.97111611211905 0.6504449429527326
88.32207895517332 77.53353344494512
89.212502990921 49.907782938524605
36.354628207031645 52.132988278205836
65.10794245339615 83.50887118440954
74.61010787436749 35.83745612104039
54.12741761705343 45.852511152018494
79.54945019650994 60.762565909923936
12.60527284011317 68.53260716700244
37.59625485417348 24.33538768247836
41.27898979158785 36.390361998356624
61.05927927943042 6.846541189974387
16.54787800995812 78.30659099398545
79.61858572216039 69.19479339007566
60.104948886612895 51.70466732957849
24.113157527873806 17.9257838347638
62.89902547704243 89.90574531675384
0.9263192239281293 54.07715690772987
48.68750195021045 14.360343610451409
9.988979813504105 31.56024790302494
88.13370700262277 30.674109050856057
86.91205497822985 80.27268253624044
80.39054921863276 77.8007639046065
78.23608012970357 73.83046469340165
51.18735258877336 12.851651470697012
32.4270468588133 34.365506008726186
84.57535569481828 54.71719303176646
99.0649578509917 79.53597692718965
34.509784097437915 70.56862560046048
58.0362659026055 66.00511936146825
12.134996724767023 17.345560344578537
84.21865282114574 98.27084918832638
29.132469551623007 57.199530508420416
77.98845561441537 15.11325858223137
80.62055841558958 63.80049328680184
26.83026535492541 91.21406156742465
51.00285355376237 69.09686226016524
16.903677862843026 28.96030381661291
42.410919215094964 2.480117683742622
18.92533282742548 76.66820430141543
28.37770027782196 78.05330168172688
99.18789581753356 9.961472176316377
15.996098675833393 20.427820178187694
43.04134431967417 55.62006567907183
95.071685713614 8.758431447723181
18.56215978929526 79.45024206261976
56.27934228319968 21.25272040614028
22.429612762410965 65.2780864260268
57.8006078882205 31.184587513250193
22.713003672132647 5.368605594469988
11.800714086196052 11.223085101553421
5.960825817481319 91.10977941611755
4.036380798727945 82.33286653815152
70.57187755768084 23.764169609810683
92.81871540933209 47.320978662028004
15.45756302070439 88.60418904620379
1.7666999718019216 64.27757057885334
91.82625739585856 54.80713852491229
99.19663864741284 99.19404982029239
68.05146041064528 24.166954219744408
65.98321821917695 13.04050391767182
85.64928637090169 32.476634234521114
26.772979792805195 58.90837215821788
30.505156585877568 60.20424406120603
87.8970455548699 53.48174618851551
41.3443401132285 39.70601253773367
37.76997402147385 2.2750475096153355
81.6542540684948 66.38296584292388
12.298947365674973 66.21773171696049
92.59835990638058 56.343876688155504
55.747045694349474 65.49270944031676
16.56583239513424 9.556066045383616
17.356401651286667 29.778460697683194
70.47256886077353 92.21747007738064
24.797521025093282 24.391659041383118
93.25436873812964 90.76863890835781
90.94949020858813 58.39139457684727
46.28550600084906 31.09749521060543
24.04724423252791 3.604160369164089
1.6735024904098394 10.680981068189578
7.166597405164488 83.61171010656683
38.901365130694266 97.74684907786563
27.191716423061596 93.61482928679118
81.18719685378052 31.900576186217442
72.17702769262404 3.655519529101836
64.74137944911624 84.39997665176011
92.42680149955837 59.65513431828905
71.1249081628473 52.484085014482865
55.18328141421696 88.55399885143767
8.619458358806087 18.065489729500804
47.59776171143485 82.49623615610857
54.256983525983095 96.95263327968347
54.76820823840005 84.9245004192604
73.18333754864315 0.8691978177124748
11.60422072141255 79.61011880410796
23.584742558349937 7.528710573602204
16.434620519506527 29.89591141419409
61.13543299418909 78.03538547801544
86.48142012573659 59.66520457930863
82.6341978965368 68.93163000516549
54.552034260787586 1.2995100135243742
46.401060348633585 14.987508880295996
75.79581822564421 47.280870061995564
63.52479494040759 54.35896869645196
82.7379877672438 5.138045691028614
0.2208381520196978 82.58576699304346
9.053556317761224 7.36956953963368
31.480860768494633 71.06680249208038
60.168072637661005 20.930860618943857
55.8470045682632 96.58796051750423
4.9174518999365535 0.0032746602521060986
82.44272621685667 97.39456579160557
31.06087835677249 23.12079536860493
55.5057771011071 75.61018628287518
9.605656576848887 54.84605188963144
19.01335068061857 89.03350576422469
39.91234414294201 82.13841449623543
76.19298438306089 55.314674238420366
68.71006759554804 77.45214695103343
81.3378484149261 38.23288239831839
17.52100430121095 38.03868235617035
97.43009299004089 6.1014848647477855
30.23730544776706 95.73967569436057
61.73037603393846 27.609240152297986
6.0194032961107595 33.906108206946975
17.428554043057677 40.315950411635434
98.22682298807634 59.502739505419754
15.554875688515857 43.64077601300874
80.68628567717289 31.865821918507553
84.36424720369115 68.33962543541092
13.478519821432311 38.2672589838429
49.00858842441331 43.93846294941734
82.46452079338881 86.02064041449916
89.82116700551039 96.67236656098672
45.10895925289679 90.46924511427946
80.59254873255651 25.613889552763723
92.60916684431824 77.96230301880644
1.962741427484982 19.452576058672978
53.76202611547597 50.72294085438583
38.09971949238007 78.4302550984983
26.72705472660908 47.51362490098594
68.40463036640695 44.773102376009
53.26929320411712 50.173970963056334
15.810143771910445 67.83837668534817
12.421814934049191 72.39623785137915
20.39124662430044 44.201376243589266
58.89265265631154 74.06163726336898
24.975595059440924 35.984267712477056
66.84405639140665 98.82153843248909
24.52052363389776 81.03582084951938
7.410711657522128 15.01582114537875
5.1979459873302325 9.307375914275728
36.87754671535733 56.56443686952882
53.66714182635125 60.783163094720585
22.431212693229774 1.2783778394398482
19.829384551765393 89.052838800618
35.568294880408544 5.157845623169644
87.47829711809618 68.15840293043
22.900365963478176 49.99829864360109
61.89136889694912 55.41451778771489
77.46932392110085 16.07154069313016
13.467012680086388 88.55200669401671
1.3570749558098671 40.60088024984715
73.8611755801568 65.25764535464776
81.16495307895681 99.55008195223817
9.257147628246877 59.46682907973614
26.123325398256615 86.59383930073048
20.58495096713515 58.51952940559472
15.625452414943975 72.14291693938594
29.73304894432749 61.38981846950068
38.516365539698086 35.787422141926974
22.609742835400613 23.84028884503294
42.31272842930143 49.14839972288251
13.439971239956384 19.719740833452214
62.871708421397564 21.58268943782976
79.28129699444624 62.266121781955654
20.577262885646697 99.62178023529135
40.95578129241771 40.19587468409569
30.533371790816986 12.290181892490848
69.51623417438991 6.127039585438931
72.40993489700249 63.82693262841265
49.73084581065022 65.53671129468806
98.00324560786882 69.19835960218784
24.534655330273548 34.100136959576744
20.719685307847048 57.80987287735317
59.67150048802961 88.03213359374257
25.66569556853774 68.50465076589131
25.282316513853154 90.2202472462687
66.98814219812034 87.0352289076241
48.882605296881756 55.07969749518795
62.65508653837212 35.909535649282546
66.04411812610272 36.90828567720552
9.843509024604602 51.614460733531494
10.25775375242155 64.00055065154537
31.068711670301575 71.80620666843527
20.623775612230478 70.51859645693177
49.767830919445736 76.88325749847104
67.20890188082366 88.09123833105149
65.77936734538183 90.22691708485459
5.3499596513804315 40.19405869240067
32.683301151370756 98.49866525089101
77.53269823988185 88.12523752580994
55.37650371407301 13.451086096366794
37.645330572243964 15.998043943044005
20.889582230668612 11.60762728939141
68.90258031715972 72.00865663725415
76.57669909020773 49.6033215590478
36.16966201102541 96.93841611038935
55.8690157576242 6.252025089796442
99.64730178511921 28.114002684130725
59.498152245714344 83.65777260302167
41.244019151589804 47.27588975292163
70.98652843109629 45.6276944613466
5.156707261070592 53.726768956838335
31.608957016720073 96.46125041940965
65.2023396411745 66.50308565133298
96.91970442686234 44.36599587124239
10.687591983651746 51.15482085579853
6.259251075279126 77.2618366462769
18.5495918034881 55.40475129903248
58.135805714281034 16.406635294382298
17.984328583772935 68.12854689874756
71.07023730434692 59.3848447108997
66.01119775952941 70.36773934605796
70.5584347964845 29.70918308750803
21.177016963295216 87.94245373415296
90.13069699874646 10.00599868903117
94.40743386698439 97.77271409579271
55.91726745416716 22.06027318698559
15.79318965637796 97.61492681096409
94.59656398244137 75.05584620996282
29.455079716051035 48.91768034988847
66.71881523897608 2.9120246371742375
78.79216699616177 33.946246561987735
67.74230314874079 1.0079331016962012
11.174295400462098 3.5979485164950753
49.80342356135774 58.12673218751642
12.586354383051434 34.18460656289599
19.36463677974607 62.84314263839496
19.50629154269976 77.75400273424484
66.44502166249131 92.56493188127808
30.12010522939288 45.684643904341726
89.66327994939226 88.93782322713484
83.36227895902735 48.624041977486286
57.71494112053325 84.38438280852755
0.6710861713297822 15.226535517250717
41.34941134003549 71.29110595432121
87.20969882192672 51.09893899529433
15.77804890164246 63.749649959432496
30.11275509547453 59.99841839563859
98.71276904491886 67.48908636419787
45.19995844464192 15.723282321390041
36.65854670842181 1.3546331825886715
46.48661505655545 95.33852301863868
31.545948116610624 91.60256449724814
59.28741419583539 28.94790174822881
62.44509263192464 37.52074880960187
22.054712978009007 30.819835335340052
7.204334062501971 50.88627377787536
10.710889986838168 93.72221983862437
7.341820531143162 94.66936026379125
91.04816338039477 4.362511801899293
10.065350440973475 28.435795381792182
53.604119538027525 69.6539695932359
8.246776115287457 94.21138731738861
13.552700684069874 43.21824394607206
93.64637107280784 20.725986259716713
3.711388399205473 71.06468740610185
83.31861170394347 97.83629393061615
83.22373535989247 89.099435474869
22.830699211455563 38.924726792636186
30.831160444825613 8.87258833379475
86.02976899775221 47.11779361864645
17.083155097107472 44.29128389963054
52.76476775571191 52.93612788700322
63.113959831365754 54.57887846661678
72.04461236035343 78.98683059040289
61.682986616702266 6.425959339631671
98.20177922170147 1.1844728696491003
73.14623954503476 45.78670493289266
78.23464361895957 32.28235814114437
17.744270787658134 94.37313500760109
67.08408882900189 81.13342786136695
6.45448592174902 30.783700458800965
24.716369513069047 58.90355266526955
96.88204682262958 15.655339660856505
93.1193575802426 96.96067370147583
40.066996745956175 75.65245737231724
40.35096668967293 51.386110689730735
21.68791345042966 23.06692037153465
95.10753460444539 70.24219581611631
12.481222078840648 9.857128657156956
29.04082271545001 41.93623004014437
21.42518189523287 42.36003822417776
21.7401106131348 54.85886226333009
43.21011141379697 61.029818847082986
41.55169791447461 51.12093867343474
23.37595558457124 75.69523892600768
57.6001729753158 7.468527956488336
57.217147226747365 50.884446915469425
53.29048266837606 23.70618805635899
5.671266610339187 75.73885112276434
17.05363018150766 71.75192224002578
20.721971068015943 36.14465132614515
10.364917731131573 38.62864363639319
2.3863803484629575 89.44874345158603
24.398647008850983 50.48502353833191
96.76894410006285 21.23656033826642
59.16731433711695 4.843172115829941
93.40325322729748 37.880040086332734
20.701273782130635 11.873719106362547
3.726229046618612 73.43756376820829
37.15892997422539 46.76531825538673
49.97717532042103 57.12300161249723
99.84087285161945 83.14788373629202
20.8817167437221 59.33242457854663
26.289075700490383 99.84639307951689
8.501729494678113 99.27884963056613
37.31125291079913 98.07359058915026
6.246178425928084 94.99917493292045
29.105266450147262 16.469155822981584
79.1923987064559 75.74230944013343
60.7723688510225 37.79505612742785
58.97675444890083 17.977347011686973
7.184272255956725 27.65246834766869
8.985717056004837 65.28303024557553
53.27017290425484 61.37948757221948
16.977152109019844 36.00820735992172
82.6663388635048 30.121976635952475
75.44047224016262 75.96575797205573
30.10511896104787 60.046125049085276
77.76036771779762 50.02668976615712
32.42768524070523 41.87792015241032
60.37889822472645 0.674757981157581
17.92697973495574 72.66804829536736
82.28965268669451 83.38021064424917
39.94755284324902 58.75758544489208
61.36971648756319 7.543182378053704
86.7291173313136 21.55315305326342
95.5262191000704 6.109981590898439
19.624581785535224 89.50682071307521
38.13695433158034 56.83180570639211
76.88749633196412 94.71837985284944
77.2691280165804 30.7970998562078
17.660487582095662 74.96664601472067
44.42949286862016 86.49841441902898
14.225768209089317 88.19574984400994
27.862725847767855 61.840487810238706
8.565544131478298 16.915921162625914
60.719397638317915 39.69482256031681
6.905492944029168 70.41261407617426
25.60877473126726 49.09431795718664
13.83675043040028 4.157378901835407
84.19281521433433 10.470262044995804
16.666049311989372 93.60892493110283
6.978541417285699 99.04552422194308
20.708911181672295 39.207548756111976
44.58378686637475 11.656461237414216
66.35272202646472 81.03482346810048
1.5318152446937794 90.74809427110159
99.35652212335397 89.57023607942135
44.464568537078854 16.902093673981433
44.867130777012186 41.40234789879871
95.8948719207505 36.016875684441466
20.40594634642354 68.82318600366331
3.1660396239632904 41.917309155975424
45.86952958341105 73.6885996748824
33.021298162325486 44.095734052794
74.3065894839697 39.48850364487353
55.50823409831855 87.26001071675718
74.58462893487065 24.67124697883536
95.46270261966185 85.87899258614478
49.72570486488824 68.0897964303082
3.572627165747899 25.313438951745894
72.76434552043489 80.79107611595232
38.30762995440609 53.99721425735916
3.009207686961679 47.22560425903226
81.05127143720335 30.509447885944894
96.6051245656989 29.61246317776154
5.309584799063183 80.46243902544512
7.108301389638982 33.46603733971227
60.245255749750285 11.206558847605141
93.37918059151092 62.5841858046129
12.9371043773718 18.31964762482886
87.74739539503004 74.41072339331213
93.28841816900064 3.062118366545008
41.552897727877415 16.078326944778375
3.7645663126779305 30.068457137610515
84.807955183304 33.07586294256032
94.19674166632038 2.802249091457354
84.23053775378446 37.222852195893616
6.7160316648850475 71.04183934516128
43.585571220809705 99.0063769322316
74.30752243633549 29.842608418559855
77.22812686965153 23.732566270948208
10.990589170296028 69.12512236983407
83.85646918888187 49.95599286145155
0.14454841703754884 66.15079975833822
26.579318350505854 85.34601668016187
79.22391165030808 13.128205935501647
67.82955704872103 22.56269121245732
56.29243218125133 88.80423005731376
30.516778526164856 74.7489328850838
87.4781924855749 60.211746964121446
1.9291935126185211 72.66203642838907
57.19641945223029 80.66052843245986
68.09112411711332 70.99767918320686
91.23865101617 74.22923044617164
57.044850780166136 99.35528524482251
51.270049550671835 57.43247049940861
96.51506244778942 95.8249151412383
88.62149457942348 87.68806529787003
77.76733742395966 69.05224531848198
70.83279690587302 75.56202899365985
43.61415153172624 15.661025181371645
22.2429432957151 52.917724709671774
71.00223285511113 79.77885829197082
74.92582442206553 68.5174987069357
17.773175766807203 72.70701263710009
57.27838276613173 23.728963186329942
83.89223091165232 6.335040042296914
65.38599043390934 2.233708117594213
10.112115872352023 11.661285633460938
82.28077555578139 28.07203582418837
13.826405391133124 18.408985963432333
21.818221279379422 69.77087543192968
33.432387695595054 49.27210058531709
94.93228334506655 93.12635592638013
16.993323422113416 87.62490975342003
42.26933806349923 52.72344276430129
65.28520112139111 60.43621164445147
70.71406375281012 11.130093724838785
92.20060354385537 76.00669804606599
25.421101851179838 60.21327048705341
44.09807960341941 46.254830422409185
46.010531129921816 76.33284965502504
70.62240750614673 54.28487029595893
42.51048016101796 38.183114196140444
41.794043398716084 3.336332349140081
11.353486423754278 76.32027342962188
42.34501553403342 81.03811301631762
24.066589728579444 86.4783391364093
92.35258116453136 91.07388188561562
54.71400769970381 43.9179976128954
33.51931524347857 88.09166505233586
30.15303818055697 64.29944677489787
25.52243368305217 27.804338588358068
85.36801821613746 65.18639155415008
2.481607084724524 3.198492692442012
42.602914687604084 87.60972671553785
44.87505487671305 69.17085033702305
92.67030716832159 14.624884368012525
36.24451926978457 51.557359738794176
15.387131676361044 19.27839242039716
75.24528310115433 36.092690293175
73.91967096680155 75.28421662911737
92.96664273454228 64.2405522903466
97.12203157982239 62.50448246402058
97.74077142216709 12.204505812936583
96.66509934885435 16.16834419048818
17.836201755964474 5.466307948961657
97.27192417360489 59.64639840351338
42.57377457616043 75.90095464497266
27.083655614136294 46.06453506324195
95.7031457792021 6.6031394283715965
77.86248952516164 35.21575077492124
51.83949708826857 40.086261688199166
58.36953806399961 41.12294981171177
41.16542214839978 3.052160511273838
89.18456005703278 20.243428578138488
36.81173548593294 93.4528919850556
62.8549060945565 7.617333050574682
52.17821020883545 14.193514737988245
35.322309997756854 40.96331696027086
70.38949078110467 44.306895142144185
87.75073159586316 4.565098068375528
54.26905058099142 20.244478925337038
48.56352200140823 88.61133968192611
45.28176594715746 20.99208510153867
38.161079939981576 2.9766318113118584
52.60423561726149 99.06401422832872
2.4541395142147038 74.8113484312714
91.03656146762401 34.972272496152435
90.10333191774549 48.66746588724262
45.32154596407752 79.80406013669807
86.23318672458893 38.39188370184108
54.915689776247845 40.172487811599936
0.4021282885514732 97.77969639001198
98.80054382958986 93.70059363221027
55.9760303866796 83.34904043822428
82.06085563979427 78.92201428021941
70.18219635817636 46.77188396614621
40.75579760795813 14.938898594771299
88.66973460041035 34.84379911409261
34.36431280959146 56.570183857995225
41.63882911173092 60.03688550156081
63.61149304586111 17.74367751619429
64.020892524369 44.69005421651519
92.67660304647688 60.74014654778836
54.00331104253133 29.7218477882904
99.972427435552 69.8398143327016
27.500125385151442 89.97425161883626
27.445858933209877 57.51177967532167
16.593745566473928 98.03772499258307
95.09490536440401 63.06483338007398
27.65554539713223 73.62061293864215
59.87811009642553 49.330108733902975
42.07261411473612 74.59463795202288
11.441822141658943 45.70970296943136
46.346255333659606 35.12547512387441
8.948847072105048 37.93474523019891
75.4172629439536 78.3057121710758
19.766829056642 88.73949227016182
93.40118442542234 82.93838330688487
46.21198004069114 88.48840675245575
53.26111335892224 88.35799301071071
70.03426412508747 21.8764266266365
28.85596094603098 74.27133867623232
14.913862364107612 64.90019323564299
58.47181496668102 50.58768706123777
70.03293496218255 32.4214145656255
66.8653563801343 44.541817349774945
57.428797062941726 39.78285216122217
64.8704747441647 39.908314557838295
15.573599159393382 42.10719578321264
20.252462703210284 61.24239568216932
74.27781402517823 34.291265535775516
25.314912358184827 44.896653208252204
10.694317154675815 23.626208533966064
20.312433882388348 56.99319985757087
50.40485897063832 77.55902184998841
70.68934515375838 8.027123057414364
4.1884325365192705 73.88144528726318
63.62129754024875 4.362585478756065
42.061866243884815 23.508032574724503
