557
42.031563345437505 16.787393206443856
16.151520277098065 11.232815064827106
89.17761370511347 36.79452018908999
83.50356297600953 19.172659031669305
81.21110889996163 31.67928101825418
65.83265689762806 98.54221199753512
34.224372546361145 1.3919522754397118
53.34370900382787 63.2706945280073
78.91987068675502 81.29477488619895
7.087007159026815 40.95478291756933
44.27292296072815 27.198831491499632
63.307259831426066 63.827334313922535
20.701379442405 31.468289686481977
12.85202287256345 0.641651242207919
20.885513543668786 93.24223054006107
73.28689395987224 4.038838086114738
66.05550445510742 96.38720476952182
29.454957445466857 54.87240418281124
34.48439050196228 15.576967430266187
2.4731261150029105 41.63012158616103
53.05342126722907 63.80572869863056
72.77117617221579 72.34546131425721
0.02367752047712779 73.58311257687856
28.71077276368037 97.9742801302121
42.634988393934684 87.32394737034124
83.51454069418614 6.618154163930246
17.22635394148211 54.39958389755763
68.78546911082492 75.89225911605084
77.86118423760492 16.432000490004572
0.23114176990142177 69.54609965711573
96.68935396821419 96.75674347361019
56.329814354046015 78.40199635587354
85.2258108787139 57.36618526915337
9.31651101920118 3.890723491915904
57.84260563150273 94.36040802651009
10.735554690397663 58.325081527261105
47.685092273167804 21.171299328270464
69.25547274606247 74.92638758621094
73.25739496534281 2.6890720606431273
77.70025600612107 66.49845800732528
49.057870388172454 94.88549679912632
17.765345273635123 69.52581519382022
57.82913690330468 84.97774162613182
88.22716003208365 64.80474501369794
69.5927146461292 21.03482669631861
52.327877659531474 93.83931748323374
80.63459946906181 19.588099513336854
50.50321346700611 42.108311084615224
35.48945249065181 86.23008112361114
12.912768051967694 55.38781053938969
20.857878221631232 61.90925284571619
2.9145460025085 8.065429428508919
95.49412672201002 29.89935178633961
28.768585169688944 68.3107004191132
83.85215442080401 98.58566755483425
45.01266860257199 98.62825507261056
6.962495249838296 96.19500184356694
63.88705251223291 86.82282244581654
83.14655048576667 9.128932430946858
62.76079437394293 3.4564764795487757
7.581038096101944 10.131382080146844
41.07711649894311 58.41327034037739
62.957596856131644 61.504609332940184
69.81581818392128 78.58126418337325
21.161717832486648 77.91666856034838
82.95902638687438 69.42740220682066
7.399609983672262 15.183758822966897
70.85904277736174 34.46568006161128
90.13467825659754 84.93410367591693
91.28233805904829 21.23136557317138
60.95391437382679 48.45882429380032
52.75147932184846 54.55066164541107
97.64043814493412 76.74115102482263
49.83252704266622 64.33528571805866
67.27008757635924 83.15012465647791
79.61889899936143 62.70173004757831
47.99950599988515 75.72714355692861
95.68258521384067 29.44718224300783
36.88200976274699 31.45251596070482
92.31727651059263 58.81214293846533
6.933158090422986 2.6221325776760507
81.47568665467698 8.883239909444562
8.08178958030663 55.751565419309316
82.80258350822407 14.691320507406747
34.002941483644896 63.214650892083235
67.9301168899674 90.92095411859354
85.12055793419428 84.09693653467268
66.25370430994614 21.68435925288027
35.122911096336615 34.50324680191213
28.790091196389554 10.245269078394148
96.38181721270824 57.98331373390751
56.26808353899852 40.13002254334887
0.8437838063705794 98.93372058342482
48.80898876297349 23.608054614453966
81.58318400031183 0.7149621700660247
33.04793385527 3.8686321318742722
62.206187651509026 42.816641717434464
85.4176419866123 40.37104801576942
32.25680570877787 77.41710017162387
94.063982280991 92.17557418200974
4.914235145075773 12.266654909284458
6.604050384193883 35.242049505566676
89.01428634193363 28.933383774278443
83.78342727732448 11.464709763733904
57.087409313631035 56.48984726431625
91.69878415408367 90.4187892208694
83.36759577641241 51.6744067796402
51.879493244018406 71.94452867907405
63.13638173405 20.570154642401405
67.61149963195217 51.243814929474475
10.745397471373208 33.748709595854066
35.36694181510295 56.12218106067731
32.7010195122565 18.182322456741996
64.87918560267916 93.02969496581717
60.831884534198764 13.833568621356696
68.43967078317948 14.165130998941656
67.98291316692327 48.84699193163944
34.05777823736792 22.955167592574533
65.9986196013526 64.82604577965975
80.69309179392687 28.898619039844753
65.17180681840682 63.87284115762334
96.74620621074796 18.193771426211992
87.65783413791519 5.788988521902305
96.25245475714017 55.318740944423
6.993162734327352 85.71306460322494
83.68237532035224 25.866736733144656
70.29956776903455 36.97516125307902
29.539605443738616 94.1203741428305
49.21471938075776 91.76830894926778
59.31642189615594 16.73386516759392
5.798363363886261 55.722633376441756
48.208190682899165 43.585262875618305
62.11845776290389 48.623468852566134
59.742002292058224 31.81544021782624
21.960612690088823 99.11647721311665
50.32826692024729 3.814538734493167
87.51775597889171 69.4432116809538
45.476813200189326 67.45362495124947
25.639507379536507 93.4663230536004
76.62591114049468 42.43578258695968
98.91305356542311 91.7144073739691
99.56598894790129 68.07933962888539
57.84161858501998 19.04730645238789
65.50378169402306 54.53005061115414
20.579944167065236 92.78264940809913
12.291093434299171 54.904274995740664
42.9000774599999 83.87146184410304
7.748535180945848 60.97109589262802
72.95841468769324 56.30679610169157
40.702414627510294 70.85992282386286
38.41199019519309 61.831057154581856
64.74105994391675 10.581653284167103
65.48892280314516 7.637136287020818
14.506639528024657 41.125176308133646
99.66883576405263 14.025582363618804
99.30086362230277 1.093678507674345
4.002281066042313 69.6906545619349
10.911388005488565 44.18024096518343
56.50558605411419 37.421374221401905
93.42847612979772 65.88504802732322
56.98318334336151 16.2775986411409
43.584547139145435 34.204121264183044
44.9858921861822 26.314502314165633
56.235992606348006 32.08684566568971
71.48072053265231 75.02274331104155
93.40747830938365 33.63051043692305
72.32917723181119 42.09576389051778
79.86326781733574 20.387869694509963
73.4343381550578 75.6419736339795
58.57700107947193 24.10552504479976
53.776154365423324 63.09417651430807
82.43501714065772 58.884781505988826
64.91594917085254 12.855492546430835
44.150189459740666 2.2536812765361125
16.148057631600686 58.97835467737556
76.40445966581709 38.23624490988118
3.254057429589563 52.014154038670654
81.47618241808624 45.64015547235124
70.66048802392015 24.361398481968187
76.72403060926102 65.15031364819073
41.01307242313891 35.049675467433616
10.780496280127327 87.9925875505163
92.0455067208564 67.83808378850064
3.2215382045400864 93.62253645993384
26.614704786949982 64.0692969914275
55.16769163265213 22.84293866863747
0.5340604055650955 27.045776107648756
85.73217423840707 40.50596730738143
92.88071596031197 57.578532836159994
19.16631224415092 0.43753901390077843
37.48417719166445 6.824409347237559
93.91029736438573 51.82257784393399
26.019897039768313 46.303904461092216
58.41433860288561 41.569016840184645
66.52479659790781 17.661530878636945
80.62988332971737 42.341307024452625
60.928057099242096 22.845883789505695
75.11329555819493 90.97370479243997
84.47138337886977 82.2926606489541
2.40187034618895 0.38493596388720075
94.67815608560355 92.42333184083141
60.4579236230236 73.79411199709732
79.42556472808063 19.09003243492289
48.49180363784079 29.406910641544613
49.74910192785842 24.03217758567755
72.24571866983095 68.64411773723565
18.311394642027334 17.820421216886352
77.33538823892874 98.77592857201198
59.44510095955846 25.249843428676854
7.06192689809777 88.56418301326792
48.286989047959494 0.5859540390676377
71.61931790722448 99.16049999398764
41.705054153144836 68.6237345097911
35.75146698698353 26.262469473998497
7.3311512907277665 39.01197915928155
19.622502219955695 7.65281906393237
53.371773447806405 41.91175090313243
4.591942120839498 95.57867525414017
5.598039530163268 92.53562131901974
36.71943867959862 75.61479489789271
73.5033601154527 62.18796485793144
25.195514296451183 34.525695870113694
92.95036145311741 81.40157110218415
7.419426300398591 58.440380937174766
64.04341706748119 10.883618136311568
22.562559545304637 34.80604040640426
87.44252917656436 94.56635955541472
11.552631352624577 59.658000119999755
15.026592019405028 56.27890507287331
24.123342925991786 39.715386149241404
27.075969408655286 56.81125882684338
71.23655895124766 79.8507468617371
63.27002541852268 1.5962620956182727
79.99729589291708 41.58057183148095
85.33691540519457 79.42272079299231
75.28812050789614 38.5358470068937
28.845950162319877 60.031025799751326
57.40672525562853 8.141099497324678
17.76005931929173 65.15544692827126
71.41163629726279 2.884530614140446
89.4040118268019 10.062591280951615
25.793761050438746 86.78013145915587
82.92105789872646 80.59834971578151
8.991386857768092 79.67960308957713
25.04753031787329 62.033908950581285
31.53229876599474 35.56670260432345
32.7304406663679 53.67993317266949
63.52982519682874 3.499674117383522
88.71483263479955 70.27588355843874
36.999984845909836 83.97952602494641
33.746267772981675 75.99435069142113
66.87809100254643 81.8219588320773
68.72138599835208 90.86374339038133
67.24717010787002 60.05782143471748
58.13309964240999 45.80149931256877
88.60004957295176 31.78816669134532
49.97024219043348 87.97516270242492
96.14092781005576 1.8072343082602527
96.38378092036571 55.89468457605757
22.000512552789008 79.96692882541659
91.65071197769576 44.78388056179298
64.02999893204839 31.599942394222058
25.87814152861192 4.1068032647334825
84.58591949117556 32.4159525585915
47.61589821415184 15.830275842950547
89.58611866546042 39.856979017417316
18.062509645477764 52.4089079138625
22.906499311818372 77.46245484155352
31.500487748996985 77.96406807000838
18.84346578172911 56.896784134591414
7.581624914618789 31.69344542725647
53.210260156025555 87.95853327480877
18.415019308425506 97.95942381174825
0.3971592783346134 8.867246431202025
13.709971856261715 90.96316404462061
44.71939058858858 12.865029748529178
37.21103807220174 53.55068943615817
89.71677986633713 65.99969879067186
96.84732354389922 59.38603712542497
79.03808715094812 46.14726678632882
99.2271003512275 47.25410540748083
87.19975975225574 82.31193577650791
2.8527274191650576 33.856534445575406
37.88691876064182 87.4657597022257
5.233060863956107 58.09414140043759
56.86527128001951 43.40078916557434
25.48666378175505 50.719517245276
44.99041749770506 1.923974653261995
28.84848830332546 6.556366815837055
23.82969124548585 52.62657346865362
23.984945915022703 37.91282638065948
20.696249865025386 84.80088492121814
79.24363273321435 19.943688503864088
46.54716939301945 78.08750610735058
18.049870517995913 98.48234408484169
14.464723585941375 22.908792112957997
39.600760582316596 16.351335915317968
92.98177400163061 62.35197189826815
47.10097347523543 59.39232283914072
56.97264373453243 92.85013772014327
10.454171760217656 3.404180478074348
66.02089119598871 68.49830611048358
76.84404235171134 24.97975741453269
87.60472714107948 67.4797907980998
42.40307611644477 79.42825455219901
27.154466315957603 6.868114475704279
59.79354384282418 60.59796719212862
82.39828915657182 83.02889604060655
24.22645583860984 6.788277195801607
4.914155331732029 26.886487932114957
83.79083655236788 76.4531685346643
11.549181107138084 15.641758964340491
57.02552659281317 80.33973092568975
72.1334356927133 23.246754183252104
70.61226908795166 13.660313740903518
63.38094758887172 47.585378793385715
5.283156884019402 21.310160937216327
62.440244261318256 96.253884900837
95.68644725244646 64.37298548168062
71.17402719805844 95.77839930868474
36.11221747826351 24.135591314413507
88.99543386041306 28.077257056419647
61.069567408286105 21.10871178592104
76.27152054938483 38.60799133102142
42.70266517536485 93.4972249646141
5.444468666167368 58.1284869911923
62.84493921960368 91.776244555708
36.73893832324584 66.03422531116595
15.386844789092313 7.56555507776473
28.864065747571356 69.42492597202155
65.06043239570285 55.47089122905638
6.077074311956054 97.63805057205272
87.38760428894598 89.6560709241521
19.540202162223007 46.21609846344177
71.67396731444529 78.39621551517698
1.0808274988217126 61.03929260012714
30.60395632511036 86.59025620431301
81.827079874813 15.845193302492211
27.310395272388245 85.88826963316679
23.57727816437035 33.71191376720558
10.041509151483242 74.4057946103049
63.85695281830953 81.89578966829227
38.0055501329275 40.98468548817611
6.4026878214093035 5.926861553628015
98.3385086778599 31.676507547274547
79.20625709842162 6.930502593286192
38.235061841803464 78.29546720606848
8.319654001768884 7.453442301705393
37.97401814909305 1.9159333590533678
23.266572297897525 39.48905206676697
53.76531792015765 6.112388574990668
79.72817402081193 7.1254968273475665
74.03418652794454 32.348018580300455
91.50751784158803 91.5072695883622
5.976954783374699 87.25847410324526
25.63990888908436 18.60549760662684
33.6385574558988 13.3883445734574
32.760748324701495 52.03496612630585
2.3654917514482676 26.45326278642458
6.003422993165353 78.75366641352281
39.48281489753291 46.48275525994278
13.149071177478167 77.40778864513005
59.51380865663999 55.750135211812555
81.43680398661472 67.83769479427036
28.408243236550934 10.872971859759028
48.76159045242835 73.79716582924863
55.73194778253655 2.9824076312273684
5.395260227439202 40.67619376050343
57.55547910591601 10.199884518680747
8.597000123909249 6.924156420456972
32.027691525551894 35.9332322192041
6.2594532078422365 10.025338027584162
9.994053425122917 79.65346660277145
32.87961438532665 53.14948069633702
20.560729004055965 84.74104234596517
65.20957521609877 30.126294209003092
5.53308459166969 37.5356433669033
94.68124939069136 75.92258556023276
66.10468155945112 49.009396626363824
33.21713853489241 33.576306507474754
23.913624751544337 20.671839071422593
48.75326994510455 33.10909134112373
27.154223830353274 20.590013295444322
79.2754188320899 17.5904095224818
46.30816943895181 31.526733588653354
63.75990777270941 4.393300841410808
39.69317863745607 94.8359308769016
22.63411545948587 80.7485594311951
9.343038572699601 78.45161174347042
3.361144611742861 5.145346656902817
81.40567327213077 59.2183534761513
49.846946290065276 65.40480464899608
27.13182077879641 37.96230925383266
33.64407609390594 92.44862163682839
72.59882020239532 66.19919320932782
68.54170369161345 75.98223379107026
79.88518397006557 79.86726259357008
10.538267636204136 96.07473473855188
8.964683038577025 26.134546751863475
80.13917637687675 65.57543405777682
38.60341847662559 74.75573954816082
35.39110651895662 67.87519282855237
48.42412730628006 70.33706869213546
84.347727606266 4.398155883244581
51.984747433532405 91.7827949139978
60.74558690484655 80.11109703493904
33.54978924926023 30.858531428231483
95.72515152999952 17.665345132615982
11.723516676215661 30.995728332902228
13.981917726313064 40.10378898097318
77.35123669452044 56.51739639294039
65.36706868618381 33.17253655174453
89.68513916762011 31.39479228350521
27.35277688019765 27.741219149047357
88.04837299460637 46.979269622121635
67.32654966588952 48.34518502066032
56.40835793626442 88.03689319517245
66.56487766056823 59.21943151254694
35.59094788304097 5.849565396865309
64.94836199030507 18.655233863584876
20.216223553118407 8.123494549891442
23.030707238942817 17.396298770137076
2.6465674748459844 61.06092492020013
20.15242002191289 99.93565308518558
7.68817255661115 74.61190483852386
90.76489229991462 44.323191548882335
7.492721605287622 28.846882700081654
99.10747394415274 36.4850747635139
22.397821684790053 27.692243312327836
92.58503141696688 35.47549699145621
42.436338247081785 9.55532977343536
78.36309851673131 34.645225426614644
78.13457719557691 69.35688578062933
43.727690113332926 96.80394555468958
2.6720808910634997 29.632873308144514
23.333490190954542 62.2449408027002
19.844372717001036 76.81238675678597
74.17151048468628 76.35235557089077
13.933066831264007 55.71118342584458
74.08318785400276 16.17239343472684
70.59885728255446 96.80625638380602
80.41782347289154 37.33396641605531
44.1751614397606 63.78561046871499
13.772438244916396 68.20712548737977
23.369911875824467 91.61778559749851
15.205191358272351 34.971092437215475
49.02465926402921 40.80516152519974
32.45974521233558 53.415533906270674
64.39612395981894 96.88611247874617
46.30182109551991 65.7000839593439
75.3026194376204 57.39877035836864
41.45879303716586 70.35239606044601
11.877739382194896 3.0593843396438003
30.56786884405578 39.25787609332142
23.897675926719664 50.888681016017856
36.26159021134691 80.58431452899117
56.703229749348196 41.889230799243116
87.68890653862192 82.05993040545577
7.010787588708556 22.14187017233915
98.35031891315819 82.79803199125661
25.62571721984863 11.390567557513565
71.29093641046346 59.79367475459617
22.48771691173821 94.19009698241751
5.575878896498388 9.653425961829832
36.884709326854015 41.84802328161206
30.450269240818308 7.782030703909026
27.282689977665985 1.8746132669502868
50.858875803373714 49.178678029506365
6.449543647987078 46.147015271225825
64.1652569445298 96.56681986196325
1.386502575274462 35.87077605318224
92.71200534332029 22.41163794896297
83.50585584898093 96.22952213513852
72.21654603770472 23.18661274764994
94.6106370708568 94.63613066782138
79.08965842219025 29.35504920063131
90.85932150130327 87.1395869277871
9.16243015502518 3.6672386703818005
81.28758729972411 86.51631509622433
6.0329579606120065 89.35929831367861
23.755167544734224 47.86760574061333
8.022118141014534 30.085179040120668
2.7592556180521366 57.483965046652926
97.07375523989906 79.17918291217018
88.51581879211724 64.24266750129006
57.70300661351073 50.321814841200386
19.21556748749832 55.95260458611983
17.248330906078436 70.26977454427035
45.89003407825065 93.95971832337626
72.91185952052524 78.08009418936184
25.851065587589904 93.10823812761612
8.946220431623765 30.672788804786787
87.60106901585586 26.517830022355703
68.58687924968518 48.36036493151934
72.28787387793513 14.930170839563473
80.0825542129604 82.67088393896454
58.81227685600293 38.93723203222028
68.73195178769464 76.04316013640066
15.281168679456291 7.265178256984095
3.906275607400933 82.54261968650583
6.270429529738342 22.768473103723196
42.13243286568478 65.09865045092073
47.88878217414052 3.1334829806312636
54.24988581999391 51.82342865792624
7.131614708417855 2.4534511497649736
6.967071003672032 41.04941435758529
75.81743809153723 59.715464519912345
8.896884603965983 23.08890575992335
83.42667108624016 29.48016334860958
11.441357810977483 11.329485514247374
66.59586108372116 69.11465015383418
70.09816230575423 65.00918028898678
42.01273620522079 43.77827531299874
46.59005316979338 75.12821697364387
87.73809554452703 4.980657083770678
65.77703223890813 51.415228743296296
31.98638325793969 78.8781935196592
36.50979260578534 47.8769764379822
60.8447076091581 12.724115864936225
26.833759936924306 16.696936129847895
29.765776604963502 84.13653718405209
67.11390279620643 48.32542893358119
65.72258084199716 37.41212160120649
71.38351382110699 78.29299450775575
70.2098328236599 50.61897434178301
88.19544450130705 56.82818086776673
41.72981037356542 57.799725432108076
37.32929600050298 52.31906704303946
54.621351373401616 52.112560528095045
55.89626643707736 87.81377061620186
75.93319983393214 63.419156270161935
69.22138319399079 44.48120517247387
96.78652839891278 2.2001551629171168
42.68570171747606 74.56239756485178
27.408698142955934 23.90287461320446
38.708947873191214 2.6240195807141653
63.97675577302221 2.306215278946
11.320075436658882 24.249783407957914
7.3265263960191955 5.952953163540908
26.414348045156068 75.71858277211686
41.63809756615529 54.02571260016099
66.72790664858934 24.801805869921967
84.76436930360582 82.34289929103345
12.76373623571654 1.4712268110126714
66.64510798294592 3.0894127988088216
63.11372510718199 44.50935926555671
5.951808368511191 58.11484677058263
52.363349119463344 35.84730509266819
98.02877195051921 5.461591083027139
40.8587679537543 24.275549374123273
32.709403815897296 29.921555786129485
92.09413418202445 22.76919988967108
5.308893902522572 7.958274110947661
86.335112471794 56.214453081839636
20.2605709137604 12.85897963507525
25.53979412175328 9.628503890820683
40.54568730071877 61.129088154863034
