585
93.04402950101249 73.05875038991654
86.6167885984952 76.31999637719666
79.8247994014537 83.28246997762183
77.46237264863069 27.51845414063282
84.02765698039929 46.74878334193973
57.917822695898344 64.96140416760153
36.716997242142625 2.4980579022074734
66.32789517433291 57.34016312586894
26.618307797450612 3.8843644988273307
44.74237123954452 91.49977269509371
55.51184863704955 58.63628078003876
87.86008146178251 98.2603691270723
34.6128696305817 87.49556829452072
41.07344054186575 22.88923794495662
12.507848636368223 68.25292968302674
19.569446702746607 24.504030309563273
14.411244242360343 96.11703341515127
98.50652191960062 95.86794016001299
22.8185347676642 29.39438780487771
52.863789848534914 0.736135039735486
58.28126185968643 14.39151234217475
85.02152075621335 87.80754366253575
36.387311273221776 59.979439959550774
25.949352000140536 24.136871235285597
40.916562612451536 4.676915055395492
99.71521671123085 53.56658174406803
3.9235434333505403 33.58106327075624
31.406376901901268 22.482837568859193
67.22016550075494 28.057599029245374
81.47770473445246 69.65404905908188
15.21616723152992 90.00772190182171
57.150494133443786 84.83563994596913
15.597447572375033 75.67460732575559
63.45135742958874 40.03082561730958
27.437093232384015 48.45387713626673
13.70581513794571 81.50159923538041
1.3478268582477693 91.66752914305916
87.27530247755891 79.9138339834817
53.17653631554372 96.29336207207805
97.20505039902545 93.1205906613373
73.68293708825678 93.11548169495315
37.932498144434014 45.92814863647076
57.77116208334413 94.8156246065633
43.81907085805654 10.94343585135984
99.97377460085279 34.87529080375615
56.55384006830829 78.27143464718432
52.65348549140024 50.81311147082532
10.819450695206589 14.411272769396543
21.60473762222548 30.95294744320367
15.33351743745598 24.702884388368275
25.905316436233328 22.624583815756495
40.164422356279196 8.864751414386784
18.393971108685626 32.75273766530946
94.87060300702014 36.342685494970496
98.28822059007847 20.409570808215094
82.93048659637552 29.08167719308802
76.42760019335499 94.32302209400257
9.671433339628166 11.934759600398303
81.48389873841775 0.62176829045818
24.902866070071806 8.231453312929682
82.78140213613445 78.3905507219625
43.41335004339181 68.96609826337416
46.53167863618239 53.081021222921045
51.485249694800004 93.5993968411455
48.86803086410455 46.59646268387997
11.958677868056167 60.30379655448933
49.16071789631529 68.37969117090663
60.67903392242534 38.185173062251266
40.87586148226736 56.99867444952701
2.179248418742563 63.67524806256108
0.40805927362186356 51.98978631799223
23.65910054652096 77.43185558490802
76.21586243675019 22.18305798521232
54.78568903568113 44.37003280836682
90.39967931674519 30.33626599216621
73.1469227700591 74.15632812639689
4.070964815878131 6.967176973192835
55.31225434607572 82.28670268946155
77.20232853489419 76.50841128202883
73.7782694541394 87.29229221146807
21.35669506122667 77.02450746802818
87.04545351312198 70.73890600302289
48.36415927198816 90.1534454152426
14.334111598109144 2.4946592404902934
87.32598827282591 60.2598425739748
97.96093298071288 17.991103703045685
9.743553597696641 83.29883447689545
43.421743168043 36.196952226560995
50.19092664496231 7.386903021577784
63.325248842909055 86.75673479929947
55.24410411578516 98.14083512026416
53.71517543941698 84.90916926120963
52.632528909964506 26.45276839101719
19.443341084678423 32.012524198782124
56.15351108973623 11.971505949102335
41.356162617668055 17.787742121891846
88.42954590544606 18.760218302804997
64.32447386737093 61.83769454146891
96.20535613821747 2.590085234096251
74.80539474629688 39.809660482807786
37.80735538222228 70.46786517050435
22.545916518225763 74.40721333765516
80.54208510865449 90.55267768405317
60.37357822826831 52.4894033040278
32.73205994659737 84.77051637850448
24.158529091499005 39.27659014120505
72.61807429442449 21.774626684686382
14.50660091656022 66.69714562000478
98.1418975099292 40.40349088431492
67.94023521426126 9.340129513907069
4.429699682861754 34.41831517050657
24.451602288411912 0.07987517826752999
56.92398334337449 94.12766555571834
48.79951693309079 78.60933801345746
89.86462901707156 7.905646186191073
68.20846410984892 15.918594650480012
9.527849761935714 56.64334578981921
34.33337547678399 87.5859160102931
78.47975949118404 2.2330548361729874
1.5124073977093477 16.378332539999864
22.92979938129318 98.36651986756878
57.82679392927585 8.352035230145727
49.76464508948575 21.692756487643017
68.39623019046151 24.06312607101485
65.39371506104857 11.072147564725988
81.99277157600012 49.8408137825597
58.893145778589165 90.9575905607169
76.33516382403178 19.31173117579592
45.443930127877564 97.8756025882529
23.30057416080833 69.53638613346372
2.263995899216187 10.148689340733464
81.94127776751566 58.50159839352439
55.86926675199301 21.890518169931504
10.08402344608651 79.82275691207815
94.18432090709143 9.162525841541614
16.368458990945467 54.4014905804273
6.579634850096006 92.00200685829174
64.70469044180352 40.794840447101656
67.1750327170683 21.781451509496286
22.016807840320418 76.89295964761548
43.15072286708518 46.587261343840304
67.07681094908585 63.80238376108138
38.676637703815295 22.7451970223407
57.502229959913606 34.00595631567759
18.543148826885194 54.31682252579707
49.92684537559357 98.00597609576394
51.993244734971796 89.51304116925218
94.8115289305696 48.752477163246525
68.89734795125537 92.25135183354439
72.76923882089594 16.807616276330606
1.7719828272591776 41.98066254668645
77.0974561056812 16.01883159839941
95.89866505526078 53.80654065035236
29.02126344860746 81.53943187445111
73.1869517372247 78.58767697809837
35.883270931291946 40.29676979370068
29.065667048263244 31.07647276390333
59.48265494591073 54.97273459095273
50.94350768537483 85.66613010614094
76.21466122312633 69.180528335763
82.28699517481624 15.47641242788903
24.607022686047276 25.663507557292352
40.37367376777728 58.16995385733462
79.2035236662938 83.50420424594863
94.12066732674779 5.444708056264491
27.861280520104103 28.484223213206363
78.72377569915572 65.95928536013919
91.88614012036017 17.009840311961998
6.211045028268081 74.72163126259626
67.67295995457745 5.986597203709865
54.114028427450855 54.999455348025904
75.58983966275734 91.5070535410828
41.05609614672067 68.76490025261388
20.241486494331852 64.77585809289754
43.29387546114489 80.19985817606536
53.20525254995512 83.58904178108321
66.18401021898546 26.536680123665334
85.25057470403652 26.594504691002385
71.3953987255366 63.28224226256085
18.767717001131867 97.39238406794325
27.706723431294865 10.23259292234161
72.09061841014957 80.56604062028201
86.9902272326992 47.719332382436065
53.82646446381444 92.29694461012306
97.17834541581828 29.647467129491734
72.55811374284133 38.45604831942217
39.1625561253111 95.67147303156204
80.62344340275772 33.57743575364977
52.29790489766708 25.032865890753754
54.52880164573549 51.65007129019953
99.63772030551837 35.78377233129208
54.79899959347054 11.646315787257288
51.23046396180655 69.03379721597874
49.48305405479315 9.25696086864891
41.85883023645617 25.020971666021687
51.690232366913676 53.45780910827599
17.929335310606753 11.823388864884876
79.57927945168788 42.62412418821491
42.237551014767845 3.543606625584783
62.12998036400372 12.403961725982704
86.5004771687253 78.96125001699976
16.02795207777189 86.71768295829587
46.645550367168006 54.646649551134274
30.895239715748126 62.44816691402287
24.484081256403822 59.69134831479103
94.82870702856896 78.49215226810314
66.5676627007214 99.7871444630538
27.25232623477989 23.814859363821405
24.985612316402307 10.671972011078923
27.309217049877965 93.37061479577729
82.85293509295866 91.48028094600744
98.446000156239 56.79967448140596
31.21920483071394 74.09385027567804
6.462647210016492 86.36629681678176
18.17376003365124 97.99619192668113
24.23665156458067 30.960051353908614
24.627669416294985 59.938016723446985
62.65882316785253 71.04153111517579
90.2009152648629 91.18501728855074
65.46763397557602 81.5542875304577
35.526386070339 61.86236318909025
67.62839800090079 85.02821224875467
68.44649386202455 83.29998521222929
99.62274831567028 60.749739560729886
54.30349161227657 95.44632195076323
68.18943764325317 72.99079643582596
52.65069120353003 34.75817270448184
27.57973322706392 42.41084244484299
12.453982447101552 91.27699092828884
6.01090571540055 96.18799007615212
77.24357599855075 39.59388541904209
46.09407629665927 15.756102283572293
44.41408958242871 35.21399115764643
54.234324327900474 76.72841667881016
3.6624761021591845 59.53582856770056
37.42242025399525 26.283287693819425
53.82382995106242 77.527270112548
36.315652838645995 43.67339385474649
24.212693597771604 50.38653747134719
81.96605857765931 66.66648777738185
22.669576701618677 60.42704596029923
82.68627829078254 79.91853840112391
48.75276346452987 31.419133735961335
41.073719305982046 38.1776640956892
8.18466969684738 56.336511197312554
92.11261621352925 57.308104077346954
85.35383934312435 27.649386942736044
61.14997580748922 15.598005077930955
1.970375037891281 39.93989157780565
57.983524524501505 34.806000028543416
36.16416084307033 47.14788317858222
4.26289425728561 95.46577543732512
77.08516740933952 57.26933728711951
0.4134807204617341 93.91514704246697
45.98927758626329 29.6197661850493
35.48223161695865 86.20075011651134
93.14311624737006 84.831843040803
81.18025017671846 8.132062861911226
41.42298939929947 10.386588200744084
28.667243695404743 91.09853379722897
97.5798498197905 17.980032447267313
31.209141268085283 34.44078584599058
94.96608312706381 56.86788490155067
63.09360452125973 32.0639273194362
65.97155244736167 98.67337770876527
94.84190270878055 16.8435370466124
35.953573893811196 55.61526117401717
82.31023203265148 25.913794384145994
42.87488054717119 8.038503037105183
71.41559835643716 71.58673857240726
73.01994141409507 38.55458957816447
27.210735357205284 97.88300742385587
44.78449682984331 9.50919400383945
76.82621942427629 42.41106405805971
32.75525106753475 74.92323155534062
35.15104321177361 70.66861949941796
22.40003830416323 65.62691212452893
36.80801796944617 31.56883392992853
40.32916284220277 9.110126594341427
23.224529477772403 0.825209213482303
67.23755536276627 48.825912684709984
5.14070604689133 4.025587590877267
25.747572728297275 81.10089975391436
70.3750114506756 66.42726775388464
61.90564180819794 79.43530529151688
45.10311424953076 43.51690343584737
32.52344256521829 56.32686477215852
85.41059748740713 54.04857552643717
11.200666266694459 87.48098786730458
43.79974137322217 9.657227893336628
79.02155078260742 54.83134295045588
29.623847776796808 82.73924628772994
48.56928096484792 19.499528865100846
13.890226737018875 72.84240922627899
92.21451136806338 38.63602371849302
98.05190216578646 17.188027435542775
52.9616067582781 1.3458784260659828
67.74035806009823 72.40569729121461
30.612420518656148 81.70237244060708
47.21908486874663 34.86210030794883
15.500663708311002 37.94621800413173
32.33921182077138 29.358643111853866
18.648834601953446 97.24535091407822
14.777856995008786 56.10117204687979
42.56238751164728 80.66492091271155
31.443029330277415 44.23342349618514
17.481616857007776 17.42606115189608
53.42012971837443 21.512697377239796
78.08964702256094 37.868168971508965
34.345776167422656 56.379103713870094
1.0252772398027465 26.173700615142714
60.825419713403605 5.505522103261118
75.6729690109754 4.936121993823084
9.623439891917762 31.24110594588204
26.89262330365908 98.00467199151936
47.975921345436326 26.97284715698629
89.75126695208726 83.59479741063976
40.86935496500007 69.47197451565721
14.437006872248869 91.66565143163214
94.72929272397867 95.1530408687966
92.71833456419733 38.01282218680222
23.39418670110923 81.12976274840113
87.50478913886369 69.90907751180868
59.452722619895425 84.91899934735213
50.399017386326975 29.240041062236987
10.990775689672594 94.48428324795525
80.4529549471702 3.4882427723787135
90.940423205724 38.333773421575565
87.62555029059025 53.746886927083494
89.11906720522666 77.73477550185524
33.701673344528096 40.012366617122176
97.96219375146423 87.28230332854383
29.634216530166903 54.458960495897955
6.6302747601511 18.541986177545056
78.7102225171855 80.93138433787553
18.91626200189297 14.879048779856808
13.077180187884963 11.747264085334441
28.535601409613697 43.93257961416377
61.047085073332575 80.8017446703139
50.57015067622401 0.48116196194647465
99.0132345987405 58.64146735704957
15.471046388061083 77.02253414932227
48.969637083525186 5.276645269181179
88.6221388609047 44.83875519133643
86.27976024812509 31.442495397681057
30.433694134906286 76.98036671745425
26.038260495732747 30.1773062975758
49.63632072941482 53.13225161691055
41.82525347181666 65.72827238592735
35.769075734414045 22.677916650908948
17.65790535282776 92.5317966456697
59.79324839431208 75.37656243857334
23.219635386212943 87.79949433750208
90.00706821873105 92.78709101650917
27.38268305230539 45.747264346047814
67.71242722789091 53.74345612687107
7.238700024999933 42.68892593242587
8.276655556647604 79.73692872641618
75.7688137119425 54.20994213038451
40.28956194162695 84.56045299840073
10.034980438501883 38.15405508071723
58.77944673481383 73.18104967600586
39.410912957622855 83.90660358945999
27.989718397004072 86.59098094638807
58.84263969433323 2.646465227180328
18.86202526201042 43.49205247494855
87.10504263617453 74.35889771702895
7.5774439289858275 54.510184429825806
86.23098437770065 93.30031344067493
61.40021195429613 6.558442643114537
0.7728684977298617 73.89412713038925
60.35681273046903 19.998350431743393
36.71594350132039 92.57378899637423
56.77132050209745 64.36297463150649
28.431177310731805 84.64134699587015
0.342257236357979 56.230087421291394
57.77646425877761 40.485715465572284
10.762853981282937 93.89907688341133
29.41383539479053 82.9279277041529
11.153853175717089 18.599750181623353
68.65529857611017 1.7870839614395506
12.350216583374351 87.2624967055937
6.387110819789421 39.51951135157091
18.955700767681215 17.450504067809014
76.19575654826383 18.43655645420188
93.1306537135786 58.03315529875624
77.70238671028763 6.589142046482843
10.129983850207314 71.77340577800956
24.728187834172132 65.06105181071156
12.184243921342485 52.4149692062307
6.212030118718337 77.627149941573
85.46859837174658 57.001321371934665
88.06327615063591 40.71272695015878
33.80090679804032 98.48471146565296
55.86823487177463 91.64295242239487
81.11417920710788 96.55296077215107
37.90943550704712 39.693363840905135
91.05056078765321 48.62049751327314
44.87567779234135 52.9453597431639
43.37838000898624 51.22976467362735
59.20804495033243 31.41205542608364
12.44706003292848 27.331288623553174
63.89564814456704 38.50019023907374
58.85550399278712 93.67078243473868
78.0281806125955 93.8384257153706
55.16640476048453 42.95418972145795
97.93690019860615 44.28342003201943
7.108551549791631 66.2165006021311
64.24757531290277 26.926097654980698
34.21846882454263 44.05597392273752
17.045243266032863 15.336585379730405
70.5850732015871 55.043980218725466
20.302574187936116 62.00506762018247
13.817230586108431 46.55091045684989
82.95540677337144 54.67906762957102
93.51855436831016 18.85402301235216
84.50915440983525 76.4841007299755
82.44967000116048 37.76863551400863
67.23484949420916 68.89707836437509
42.078361280944954 65.48339653432257
36.3351885147849 46.00376224013745
80.88261232686868 26.32474683151336
75.37252961801289 26.55636253464113
47.923518983226955 84.92582322230588
53.6833737273799 42.941651434874984
35.730506157281475 26.22505628880235
56.47600394590181 70.08039625493177
32.59831269389644 92.30645069965325
33.18068232252861 94.55178130072895
98.25077001053674 47.35299667817058
54.56648367665575 72.03188282306921
16.387005144150024 78.7533127895669
62.00841043130989 76.18080125276269
32.256624723713955 94.37768698645863
24.1969989564797 12.570647579016613
18.78816786566414 30.9296402702138
55.48304655731479 2.1537116425352165
81.0404073583245 37.56354133945143
79.2626596761848 90.42863413862263
26.69839969434362 66.91391126161075
68.58460393670995 47.398128908421846
75.43917865504814 57.255379708140154
57.24910067924599 13.624382165203352
10.984887180018642 71.05148756683037
69.2733745754002 33.715964778660855
72.2513437578006 59.16142779611815
49.38427075950089 87.24028537566316
14.172790160367743 91.43273767312533
98.77655086624858 33.52977799314822
93.34574039278726 42.31217427254834
59.11365928892407 21.703697671089696
38.75896317994565 15.704976043100716
34.07288461927559 39.505871068548245
15.153768481450204 72.12373382974656
37.81011905616963 53.27310767446164
37.09199304833547 24.816108862127038
57.02307501563588 29.95723988343537
25.862911211095096 24.03523517734355
77.41210442557417 68.76876036367872
55.26215446116082 99.37847914423604
63.14651160946877 42.144636178667994
81.003639444063 87.05467791452367
56.088897928104956 40.91259320969761
42.70092127187828 20.36066976036914
19.026119597002644 91.64429842238523
24.681204440812376 5.785463396666845
55.36924231388478 75.11762160612895
53.03398277375083 21.323064700758177
13.656545475441295 41.97406450065958
72.11637804504794 78.35699416515821
15.459551562631047 81.53129745466366
93.45043114936608 16.854267047163074
67.7226225894817 85.88943864158732
56.141611261154445 33.78105959795131
75.59021746730936 35.60289899696879
19.352886747441612 68.96987326087212
10.72338174726324 79.43561343102908
41.45838365167983 46.11395901262053
58.47377723739293 92.04557767050031
18.28581412952186 9.499535707582062
14.15378411380207 86.14855968071456
62.738871965196694 53.81864848369568
20.773173922768272 73.0004725383412
5.977126743329264 19.209211072836986
39.94142970108898 98.8177660779384
11.258550492478891 68.35951854602169
9.701912889569343 85.51686863856804
93.9083527448264 93.24572323111126
85.95745763014538 13.823952153189733
67.22617882591325 45.979991080929864
65.68480688187108 34.80865596195367
65.9717026780223 85.02183105249595
39.025904447242176 7.817491734096138
60.57831748240765 64.01329709760343
1.1909451201099985 94.29407623798407
78.99085262206788 18.84824253635489
17.99490713562998 16.27070166172697
15.099304913408385 1.7995880652574292
13.657054308797644 2.7772985245150594
38.96246404882775 37.134333381560445
93.70155861404297 52.48197371428252
50.722768006240116 21.157722522978027
74.06795720249582 80.16878392461437
86.12073480043885 10.45157150886783
84.40976408322025 1.8792413655575269
80.94501045533497 36.65984098215183
84.04229730371586 50.65891655471656
23.220591959079695 60.104138738752745
77.39640209092228 24.96310175260955
30.86591213625126 91.84932246252828
80.44333262110125 96.15484548816798
31.66070089366635 69.58119510288262
57.638184072426256 24.44791797793352
69.69906741390378 38.969068482596825
63.8298848137277 91.06231079408083
76.50096213237745 14.215695666032236
27.51028888759649 85.46974387911841
93.23104139520972 95.93372691410461
39.66594869956733 32.39651115034113
71.23493548297786 46.890098765533
25.81664199563445 8.43609867074926
92.868009871149 2.048330701476797
26.844639665831348 40.95124515021232
10.009167965613862 27.48739165690497
48.490765237843604 49.418706266308554
95.15534620378587 9.758193491075728
4.255892740315359 31.90870958066934
92.6620786115075 40.062976870962494
13.188417803466612 6.1958235900756335
53.73524146308528 98.26505832023348
51.69564730007276 88.15134529485655
24.917615965682515 17.080029772730963
24.687592339573648 0.07446900745934348
95.03475783244262 59.29609062863573
46.389136941275765 35.25302683002403
34.56248736525096 57.99746796707059
8.797602592455988 75.05328549170022
73.92497915465538 4.692539751123459
48.89662048380683 62.38409888164347
17.784298594857727 98.00287045619655
11.96609941261968 42.480684517598156
8.652396032011179 62.10958622912368
33.962407863898406 4.909350137667367
63.71232231760079 78.11797092076709
27.580301257133975 97.83106225975273
94.00620685937061 70.08532766245659
12.282818511812133 14.396637919330168
51.05597282323464 34.332774961792886
11.75082179663136 62.64164842858554
76.43631602997574 53.846466207630286
74.97996816212628 83.61388011349123
44.32186559237552 23.316645923033562
62.47295614667685 17.002252372911652
23.705367726076567 7.315212494872059
41.24523696119206 84.24996573805579
17.218097297336666 8.51190233841036
55.83569305592029 19.373318278523165
80.59290490652134 65.21288578270727
32.320857463110656 48.52373818102663
79.12758809324545 83.42368783516847
87.25906899111531 95.71902532852178
48.46369739436104 71.59963892108571
71.25634427677551 50.45876251801765
15.428877107112182 22.27324102210686
8.601671339682838 62.123933796277775
28.523555261995305 35.090854954850194
43.965795493595195 2.0578380987736455
25.31795099199805 18.936807891312093
84.44750789843732 46.260194322353286
80.18775944184969 84.05502638145161
89.11977833497988 94.70853777691333
23.855926405457282 31.44165480776965
17.142770701049635 58.312756250976506
36.34242963945644 6.7149868805323365
81.97506078751577 46.41636210220834
75.05950491946082 25.536424032771933
59.879576734388074 36.429014011868176
30.121489818486367 69.11886550460831
26.52201076738804 8.232456316974258
48.64879089639682 4.024801502807074
16.00493773174626 44.57755700393828
65.85111365013134 83.94928934505351
64.4973434066593 35.440724300296026
25.234987712940327 45.806798367984115
44.95026695883796 52.74784699035362
