579
58.840742058828155 74.25982945749148
91.09098805256244 4.332839216817086
86.26402351422169 20.508401105726705
84.8094415085402 17.549317199998892
94.01669025960253 16.749251368923524
11.059940143557334 26.53928613670108
13.899952678576721 11.412881235285187
62.99693896174288 63.86843147897532
23.2980590278695 92.85450585302569
50.22281093099673 49.22097073994263
70.25369644882623 48.43133733047935
1.9235268869896793 80.10376208712651
87.03814992662602 8.67383938490337
56.48797459150191 19.01903755440356
29.032310188132115 9.93524886651851
97.9496071612874 84.3407828985769
68.95275060044173 78.77468769994496
14.602323546924033 85.93574904755175
34.90702626468607 91.6396901083367
3.6290447915383606 4.8469874272618725
81.52700247981632 81.27565985430772
80.9144514226927 48.257878654225564
94.36530128668134 38.522388909830255
50.26307492432463 0.6538212685572087
19.36935415263775 45.52111633499063
37.944481449752864 49.2483528724738
45.28589352513118 60.381134965883874
85.13767058342255 85.7253253357603
37.521375925265446 69.21037720206455
48.77657923534381 25.896330599137794
29.516970185360492 95.82254521700395
48.95604742201609 18.740135775751988
39.67961244821506 56.718615174358014
23.921921774943687 73.91517392619822
78.21452641003296 79.54486144610262
16.827076543604825 99.8078116146225
25.35075372415073 14.069437660050909
3.1846152178696685 32.05400649591584
36.71585480094869 10.483224290433979
94.02132195775114 59.35147731613395
58.29098429143599 64.98941808772598
62.567374377458705 20.58313300509894
78.01864842861046 12.013269811071526
28.374559451033743 6.362414385126847
91.39990898022218 61.89912167655168
5.798442494975564 12.260786462095707
57.13910993862288 92.86821352692671
32.5088556124761 25.25329778844412
81.27082202001036 22.72439781476001
97.70240982313422 81.45384057257468
49.4846557736487 53.954162210323
22.785197917782497 84.94360891424554
14.38896755343244 33.508572232468325
20.583224962991864 31.4356300090339
33.74124659957065 37.15975160220268
13.185877109989086 49.2195425868451
95.35738968574944 20.63942442373876
64.20135939563741 98.09529011464264
3.2652547935210885 86.74210085968343
41.558877578372034 79.85213920562947
79.88321390806009 62.234823733142576
3.5431786856004455 54.810687064227906
69.15753540213557 40.78559696968795
95.79731972913572 56.37524652306429
45.793524300480534 97.0252056529116
14.058592990555363 72.66635224910168
9.18840861191037 47.051246258858804
8.329831710249557 80.77245962943795
73.58776959287272 57.67881046298602
25.27592309401698 64.24994923742152
66.99210892742904 54.23036820961165
68.18436260215564 80.39727779162537
98.62422599192324 1.251785833732566
35.156759029245656 81.84832506592787
69.19608396073134 16.220541169636693
16.42823130673474 92.20665858354383
65.7662377570843 41.81781648623756
82.75991240561868 94.56957035215943
82.71966688372977 24.881140032756697
88.66842619591455 76.15078921676056
28.18602221438058 34.66677522020937
96.99598067501121 88.67276419726164
24.170420047765685 53.77839241877509
11.381808762960965 53.55978822130584
59.94247546445089 42.6935371333148
88.46498191399446 12.170896489973703
4.987543237461001 17.07087639200262
57.883433214212076 26.567099915724725
42.5495368932255 80.55429770966477
54.5418304318664 43.430277335709334
67.19208052089999 16.637897526505697
2.1429650634957165 42.11267767198722
40.26843741819665 2.7760491394844156
52.54772486971048 42.80114146326811
20.952941812066328 6.381087971658572
34.13833411620348 65.445963919223
8.929281948950385 48.80756547184244
10.430586050066681 85.87457577568054
62.09917016044449 2.964886104197595
49.660309907561114 25.221047846244804
6.062525752352032 56.81456392794716
86.38418154045256 11.415268965330805
61.287114859437665 35.72330740485945
4.026776129622201 34.35371924760763
88.67512649705148 0.5685228964733446
17.600476412868716 84.74540387416843
61.437272703069965 4.225379180222843
89.86288753782543 42.742051929108335
83.79118488531367 95.18483010687277
84.71722342939344 76.59028732980072
93.18386818350332 3.9569953173293038
27.371547547025543 54.52989065623858
27.861656145900348 54.887213944946325
85.65133860713053 55.67979967882841
83.07579359337112 13.343405039771007
58.80335780588728 18.663548112715368
88.71328377114236 37.215497581031386
49.68579120152199 53.50981338567193
0.6014265922125062 46.713441192099815
94.82956210564541 40.831880113158334
22.54995296255774 84.38771879748575
52.77927686919719 25.727738048846117
4.482917638567995 6.490900156149126
59.66738331996181 11.03598799708383
65.7383797385075 34.14315949655481
84.13064788098508 11.493810726362874
58.98324207480137 53.76655265459678
94.5744379416101 88.36209338497876
51.60577047671821 97.82342650588328
96.76412612638569 9.380931203104625
11.256227542966302 80.91153222460014
25.56171603466314 81.34628697946246
58.7806149465049 22.362293840499113
0.397372370066007 72.02013655932473
56.794430183293606 58.58632444559547
0.27612918978102696 0.37885161995411254
85.48602150821422 5.765926494196272
31.145247386437457 44.90551719181892
82.69843948197536 31.228288503747148
89.55650405460732 81.81396747498512
45.32445927906008 9.385708384887659
73.0896627021713 29.782104720777568
47.9870084303345 53.811844669410924
57.91394234889392 52.12212566853969
86.1464895466407 13.614192233916588
99.94546949856483 37.484366480352094
18.1939541143326 52.519901120188386
61.391586433401045 99.75757215814525
61.69168399317919 42.25107761686429
33.656072606196076 77.74024400950059
88.11069177804339 93.61710145033213
96.96026612080598 15.789897176697654
99.37115245336011 99.12637390207566
72.07312081489489 13.550378485115377
37.982325516612136 6.4937359656508375
77.26869299463864 50.24867696688307
93.1434633366807 81.92376987775341
4.851964827303357 52.9767648436681
59.42194750411536 67.55146615694389
83.83119860289638 61.12390443435992
50.05126544796522 98.05205413555686
36.20042341534065 17.716864776498987
28.95243822416966 30.810221112055657
43.7168506613684 49.01352009895468
56.772998961739965 85.24285272652745
85.10303867410039 69.49521736892082
43.9672273823562 66.13044845611562
93.88711041986086 58.771636443454035
10.059485983300076 1.6825723033121465
8.456897826891396 48.63367793421364
78.24080823770633 5.257058453539376
48.85512348789091 30.644244191543258
15.6741310487312 50.67229684603012
41.643909829578895 24.52993810348826
78.1318414127492 88.42532530995949
42.649673262206875 46.12663686968874
78.6882685496802 95.737552720878
20.738385809314707 82.75968486593553
99.84967348050216 7.1895796509014565
75.5828006964679 90.18876355001423
30.390586748098723 75.9150933929993
83.68609254448272 56.502332087741806
60.1698435721273 78.60815758408232
98.90030708473971 82.0499277106646
99.68670402695085 73.06537834123436
45.05604250144337 97.42807596668608
86.67326594282049 19.02566741161803
48.04250454693481 42.809907951987505
26.034342834719048 2.5320351363272486
71.96327705511742 98.84327138100895
84.5547073877494 0.4982172200606261
21.412968151927856 94.6598933647817
55.37677783202175 55.115694065637996
77.8617798756052 62.21912348425811
1.5384282652100234 8.150109827781659
4.958797190050646 8.950850537674093
67.67038912995747 45.311300515171226
10.485705279733693 16.44945468337069
87.68324021330261 40.95641114318642
12.80286933990471 54.81073807924859
58.76287648042111 62.57689751747553
94.83821589718819 93.69242131240995
55.01773779402951 65.05473555956885
59.6986704911195 62.4964078124997
5.560316381868391 41.059758402123805
17.90034404675084 32.75335897776753
16.677275831119832 67.40918961172763
67.4917988232707 67.71584211212863
9.934233332410914 79.80053247423487
61.2615777395287 43.83208586031637
48.24314913902564 25.617502873795072
58.691097971796644 66.43593336142114
47.63519288596234 87.39214638464395
75.69642671174492 21.733612847535365
60.71606739445111 4.542236566871816
33.96572420122575 7.517555453642943
52.017057043922485 13.123144692103283
59.99146020987204 14.225995458395246
53.97245861920723 52.744508206913906
56.24115932602102 72.60254362910608
32.25366116417169 85.64223330976641
20.30022274947798 89.40663245774586
26.2949455368337 77.04001906911103
56.41498687840099 26.213859455699794
18.42995453175099 1.9920519186165775
96.68780762871808 54.26565332200495
2.1133656216452357 24.348061759115268
41.29469324747732 83.12273678785205
78.57537540381553 56.84706556156133
32.86248938143581 87.31662095696215
37.24113113368668 39.55621426302965
82.86016059125109 73.37380170389417
74.40969030016224 23.758611427529353
84.30478886137341 45.273056399638456
53.50223116778313 66.78175877441467
86.75390053603252 82.12207127559556
42.82229020337599 78.13251027008641
67.84933002793788 24.53071517147276
87.97204065625863 66.35524898498424
60.748911272181026 7.201818138441474
6.1260356085163785 59.08503735672592
97.09752804855921 56.175063683339964
27.746266273767105 81.43064656276691
49.966196709600986 33.03869654105982
80.26138513898195 18.423842439522808
79.12961486951654 51.1093188328599
62.921423710349124 23.0508506188814
43.68406923339306 35.502324070235424
61.535655604123086 55.174805919769696
36.98905958202213 34.61144421209139
43.09838453330038 65.11101806761191
98.77270286657992 32.16800158188033
51.49314306577051 54.44113938443862
4.082690974835801 70.73257020160285
68.69327648372396 14.317260550917032
88.56910845880577 54.794050157692645
3.969642740629009 81.36676641712701
29.056045187445378 70.49845776444292
61.84240185666957 57.270134771703795
42.587108415186506 13.705102352168364
12.437732731632224 16.69297142846846
69.31916233808293 89.33423379759104
49.55583529498926 88.23623716617999
88.45198530006309 72.68726762262834
77.3471334920102 20.86862265997317
87.54773546436523 27.34725164167784
68.01249386694785 59.667695632541516
47.963752718313046 85.87069845420847
12.343270569300325 86.03025262050117
5.258508754334612 51.18578174269539
60.42052524968139 26.72282927318158
72.86592115880664 52.26174023059901
68.04701005696673 60.63713760137678
86.1562226589459 86.92281212703404
50.998464037925984 23.077772028209566
26.78219891635505 8.129813883533476
55.46360317438776 59.54304602992628
23.831242522064255 48.49489164470003
37.921882774654605 78.3343186670645
75.20003314877253 28.958589238523192
36.97114621646266 21.31638963969832
1.6440014538723235 46.323977604880085
77.0040815545063 41.520604695578896
29.821992220599846 51.2976230350765
75.15413642485343 64.4419533305619
81.34674139361287 56.43794367431765
91.05318828603397 90.82954313406046
57.52902557003606 57.23343530886056
71.81199022049807 47.5903876802476
85.6502346600717 87.01922383295766
40.21720008828653 62.265803074837066
7.1912264806857635 86.85700853049131
39.16269664028095 15.478947783772078
78.19612684953704 49.90152575396163
88.3730772525991 57.83206954344017
30.02126910737861 0.4408885860591294
18.00638719215022 19.972723412159922
32.97288188802406 67.40410266549416
56.21880887773181 78.29927189947975
79.25665284136355 89.40622636569964
58.62125268565491 41.403397861497005
70.4351943905952 91.85015432493671
91.63415104574845 50.88907995633415
37.460477488663024 85.14098830688866
78.95867799304136 84.675946784107
58.795931661349734 61.042361875156416
1.4063677387116225 82.69287061609116
90.3259020322752 93.77271203729786
32.69794638115457 57.6885844528969
50.30759936761825 0.8893209248896916
90.39665090504498 67.91285022813713
35.017383905107934 97.5634457595379
56.38349475354539 25.53548829677258
30.206802311470106 11.417881722703992
10.395232180254366 26.52417637813186
35.356750141152546 50.04511120290643
46.286522186308645 61.998029895803455
97.35800470827125 54.940649277822274
5.752204456213428 31.02612273756249
60.58106449416735 79.65558339073445
25.51949924381588 93.28492311563352
59.781275361099354 1.1256082766681441
29.034599156749273 0.638934457207263
58.28293185573913 55.48188992385846
3.820688661346028 65.88239339273413
62.16870387080866 28.833186426168943
54.471990513242204 87.35757771565909
50.841641133405005 81.65246249455551
1.7485182050211545 89.01711649920955
38.559390551808036 73.62916941031182
11.112777320217738 37.44223678473813
46.5355904618835 65.87885014027376
33.15645844031883 74.39002861458577
83.9314997571571 59.51033401141047
49.126933730065204 19.51205192350721
25.016649526230474 16.334955775665183
8.744786651632685 6.2836478532124485
6.940646706146936 28.75089488685363
21.474895940438188 0.8885688691576576
63.471143220128965 38.660883522669465
15.356479932706002 22.227849136512766
93.06076130080012 22.232615295361093
75.07454077504289 50.87553465458509
57.71619510780379 35.17733734038616
81.75488223446172 83.95643215543846
36.5951537326048 60.24902387498231
9.288916280563054 31.402559441834356
51.844921238197095 84.85848914934833
37.08386710030758 64.22850367295892
40.015125083233826 91.50987986565562
3.3883466362468084 41.272180036486915
44.3742049600929 59.57397189720852
14.05318611250097 31.401147623998714
20.833713229188987 61.721308400568276
4.628468150778664 61.74917589815734
33.87983769009287 83.67164233560966
55.86278789252154 93.48102911101887
20.58165469430937 64.7986939185907
60.87075445371851 40.38216034778516
3.010031985255246 44.227830766869225
24.202266939533445 13.267958368940057
26.550110219023182 96.31207550405945
75.24722751290699 25.629551571429555
27.502604224078553 63.37689781565432
53.04593080613677 57.80323865792701
12.257666727708482 66.9123467060175
99.15509808518932 30.965324150654126
31.949402741757773 93.08830579284022
58.13716320962599 47.246220437636524
14.374201688573462 14.72657297066946
47.44744017382801 65.19891665457338
82.16810639369893 61.61625803689574
31.63937103619646 61.78409632443266
72.86343516297322 27.668639631777438
87.58943680850426 74.50482360020172
90.07263265968582 79.2553177264887
44.55593664712212 56.21599905919445
62.20723381409243 79.33479194070158
99.5620221460003 23.877577239011284
17.18183810677285 45.308719779273765
53.21520735242158 21.61432848131526
31.52564905455797 55.95857418207558
8.742745305128953 32.30586790268957
80.27170987713866 20.662450493293505
15.536154940282431 20.747757150693104
14.47522199736284 61.633054608447246
4.444167185462399 13.981115379065589
39.22650277974742 31.726936627688307
41.12550572959155 65.05768462007201
71.6302323792079 61.64914880357354
95.41305247091509 66.15297736932003
89.33134400845171 49.824532201563876
79.36087988632367 1.2996308636225695
12.187063379714203 0.41146844745625355
57.952146892274826 51.89178813769985
95.20486745685393 8.109106156034729
33.22420184853508 96.9345579133775
73.21088369990024 30.413081296131317
15.49132538812329 30.282727205253423
28.188722830761513 28.074840647209708
84.01912523793375 41.84093942599289
75.56852772137277 42.32908290836483
24.185045271107384 63.76833491381832
82.4863732833614 3.408701579156903
11.381040038836998 0.10260716843036866
87.97463927468853 1.413071678871014
43.307826152124676 63.36778343270974
86.67703765612012 23.882254923476744
39.051461467268524 59.59836871173457
0.10199043676897279 71.54321072571095
42.56630576009278 90.4543444695241
40.02901840026099 29.4508070135435
78.46387650905267 68.51284984830613
8.404736620141529 12.681570078562777
44.98410202430746 66.75725766602301
39.597393998107634 98.63483941932125
63.28594174707758 90.65441916140038
68.19581699299518 27.76988059979857
23.389468293585814 54.102619883450096
99.88692817881963 38.17781723816136
64.42270848122696 68.7952624654073
55.884913935962054 36.12841769323158
64.81489034378531 58.75512003692991
34.008221328799394 25.60037294946448
39.259408647856475 42.00512341907147
17.39818376816501 62.32012437308436
71.69635879467968 0.3097541824158889
66.45990244959509 75.80868049362836
6.709016694775105 46.400770014035984
91.71678387084309 95.83803935214353
27.336409323702547 50.14057898689147
13.241158564712086 44.61528121155648
24.466404518948725 81.69542987774201
80.52809946520057 2.4689754350109783
42.49637476143289 87.6261400627633
54.52099686391174 79.11286499087417
13.932622908792991 6.152405592759235
83.19199279935987 17.449485006317357
70.29098527884774 6.756779524801826
23.310379264518232 75.1687042828624
19.942398656032132 81.92637062283488
45.169896895897224 24.36990749963356
85.18655712798858 59.723630784135025
6.446701596795856 52.397859671001534
83.9810469358892 71.59711415447505
55.59132797702225 5.410559308430207
44.10681297739032 73.55560596210098
33.4962764212332 51.34612457230183
48.29838207811443 80.12138420745967
72.7107465260097 10.428571305976654
49.96747343748184 11.783113460364659
97.45634362221165 32.931789334494155
30.347856597993093 20.477742337579762
26.546660902842056 26.670676863317254
65.6872738156356 15.285355801839096
40.64089796667667 44.50960585601992
51.52670819560872 89.33289778898927
44.16806694055544 96.72470329024605
81.65813800390329 43.07802926122179
13.215125018421514 34.281272449018395
76.20722353055109 35.71666042008276
28.153007591505798 62.69711506866569
42.35001434345499 50.24579109296119
61.110982282423265 51.5766934898054
35.05770025864054 16.543426799205207
80.80588904834633 82.83311345757004
7.427474813256318 74.76138086350565
31.492982226056455 9.106649265379318
56.18489149389286 33.090292319517225
33.81555916242226 37.96645431211427
91.38614844563737 95.50386024522393
21.696569462962955 61.30671682546228
49.18377149514045 0.23908871334676896
63.83917551780445 43.60221955780634
93.07176409822432 88.67503236267245
97.62380960837153 4.813787038395956
32.95053424947461 88.88614955966126
11.891998560963668 60.10998302177646
31.64904774054056 44.82805267311873
90.87267199670283 68.01030582456579
94.4727068737546 30.757923761660088
45.32092113602215 20.697147352812273
51.96417699303766 74.41675947399563
94.41279785520327 62.12850778035322
58.947257606456496 41.549545632869375
81.49174101321923 49.61695079801526
2.9898545824957545 88.64002383517769
66.05099005233589 92.11013966022833
60.417692770328046 24.58747621705254
15.568507946531863 3.687947529716995
81.22229242767457 57.40983764741634
44.459062332348985 94.52667911061441
80.57355461297485 61.619288370819326
65.17938329336113 50.50831532768498
96.48116632860264 24.348420407669092
81.88072800208153 25.177783309568337
79.51785478436591 12.585534372215012
70.84567003529423 69.93167583637546
16.93524570651067 47.901416864855626
65.33304418152042 43.51456861120274
0.01240946142657684 38.89170098305678
14.112788197833481 88.46675967233418
92.85169675444334 10.6353567337805
20.691839789594134 69.99327817988139
9.557493497507563 93.07438266875955
79.05551970676122 28.781300029560363
8.375111809704372 81.46093298272386
22.009651729129676 76.17999562316288
90.20695490019395 13.476003366544987
26.549814019240802 18.62772657758508
60.63016429676147 60.82139173229844
22.163730255881475 81.3078493086782
21.801392672288223 60.8328127937506
99.02080467118553 78.23413765786078
46.18643320767835 56.2748868540567
83.69265069456108 2.321993446825399
56.46825261787578 97.53313521400135
9.03660861585549 91.89014688429234
39.93749706245475 79.57619932259074
34.71037156979004 97.25730586415985
83.58936993806064 35.71181171688406
93.90016583494156 2.004541972760965
32.72740964481656 31.646610993532086
96.21893208070841 15.226820744559877
16.703814908879377 76.58821167642748
89.06259779781759 23.825166529462315
5.339944858405843 89.71519103400864
79.94611869563097 45.0205678435075
79.17751367130559 52.66830748522962
41.63354053359644 56.89900125103925
10.197954768814288 97.0123858393413
60.73352646729756 64.58558118006266
7.111148106524179 4.215100267714378
25.888617213212584 62.435441352740085
51.15179244390674 90.48614155575045
53.9308026267705 2.8094184349707008
51.28427406941789 23.490457167338676
35.68191804312508 87.04477826583276
33.314645445153815 57.20185936960671
8.82896536947424 14.356740057881623
48.52006696246095 42.48119752503826
57.46705259506864 0.6378622058875627
76.98507742703569 57.60814248081658
15.585376195513712 39.89476867086527
49.000560888011094 43.536782060786685
61.896510625922 68.43135638306649
58.19620196616909 3.3753674812904366
77.41890905529456 17.712678292733408
38.65607385445953 64.68582570813498
96.05823737263385 65.88302995930566
87.80561498823586 8.49509968614256
33.24526934447098 79.9431378149598
80.59736932898703 27.393858916190073
70.57407744549978 25.000510630805874
49.8145718786851 56.106253144715424
48.88240794627715 58.45609518470846
65.96291734612372 72.2912594189984
38.395760566944034 5.269219195130937
45.05407305144609 19.466179510537252
26.221284546051717 80.79750134926562
92.2538206161164 44.598861215158045
2.1747488104102985 41.14515344700691
42.43689480143538 11.027798450347138
54.76904225447773 11.932486247650886
57.616029506229836 29.518059433415868
4.496978350724568 1.7023628245248834
45.69930320474823 76.32954515654995
68.7480618417126 18.278633417559163
93.68848429933465 56.668983399587816
25.14985486377781 36.0830490995492
8.14279785280676 99.93741888803783
44.9460951053928 35.33569499471907
78.24859868663322 99.49730251097864
40.08117814939474 83.70634480662807
93.63917515943201 65.78610484289865
74.13738116689288 11.19746467610101
80.23391135275129 41.655016108531484
86.12646567551265 69.65673832914635
4.626179229292471 94.32945693371825
