505
23.96541653365315 99.15871126221408
17.79706165504852 75.33598859157148
99.79596843369657 3.864193349715972
39.37700211052735 7.873539763155513
71.08878627129445 16.762004106049734
18.529308645115083 97.23630358940541
53.90407782854487 66.33006396293803
24.867729671659177 32.6205780326291
22.941479409264875 7.78067749058835
70.60882887567196 60.864909951830334
36.47931786775934 90.9411253506893
45.37353863945744 65.62506709264208
84.93604168474118 35.034537860423534
11.88013414360829 93.29406967467663
82.94759296582522 24.89787080109499
49.58957151451141 4.8601018031382175
19.61224679882596 6.915616059543773
55.67291616591885 42.12827296170464
26.023953702209248 51.43141360212881
27.360031599100964 11.85478115073314
98.08489096175498 16.673397928907985
42.14380491011761 57.63360584662583
49.22854394785825 73.3146888267623
95.48198825740816 13.182470821472203
3.2191052127338304 90.81091514071198
22.84542747231696 38.440153779378015
47.89188349880078 67.33398360237878
69.30302266824116 22.589767900730408
29.747746527365994 35.486581705217155
93.39631283466093 96.68874319338812
5.403334192216446 82.52594444277727
22.768561385525565 81.78561258759163
11.194528669068571 77.25806948817569
53.60002465039276 1.74461258415336
90.13102776568657 35.14369926495813
70.71675765621649 34.91338654589447
15.181322264183395 87.52739330348727
12.39685456700147 81.1851842075377
4.784089956015336 20.6697841224725
17.823798583395167 63.074351666244866
4.131306037133575 18.84464537364624
72.78817669191896 35.12224949377683
53.39880667999781 76.27135254520441
59.955699494329 34.40940058533617
46.09689410043506 75.482176842497
22.188681078283366 12.393136103170443
6.850332133378445 57.2822219218469
13.231424154051098 33.3836920105088
65.03868088365692 0.8987393574178326
10.983781051682495 34.17899264399643
41.565236921268564 45.58999380007111
94.94747691187082 50.00122963257515
92.82331507507311 20.981565606391595
87.63905899299664 8.587722711356172
58.627089328516945 7.485374978247517
96.85749945542453 57.480302072806055
40.46677141742515 19.882851926509225
3.545876961952421 74.36720760505392
89.50925536953545 23.136234412110525
3.8120911620693088 81.26347079466034
74.9093651595661 92.20375376097128
68.21272723306811 23.221110568873904
6.311718570962055 1.7465014158156822
80.40260681239884 81.47973605208503
39.587967502229624 60.292859818507985
82.0154464109418 84.4172771788202
90.23345599563221 72.34972115610091
62.345168048935875 57.752919185523496
18.8350781968863 10.892602511450189
56.78629656491941 72.33058019885628
71.6804163302767 43.99796594950427
0.6636314455615522 26.846132780127384
72.88279900835148 55.38972184356833
37.56678282786703 52.388328663870844
53.39525514177457 38.537520298167685
14.60522882595191 8.728546818633154
77.87038599371485 93.31103706965655
37.94046796766002 20.19098105279429
50.150640788883486 48.124291285239586
67.86180302002096 0.12144809356988695
26.675235114045126 90.80391996739915
10.432704692329686 7.671197060498525
28.502971921662123 5.926407263124611
74.49032458316964 40.368570573673445
57.3921886033994 62.26855754747286
21.085162515521937 85.4876223561524
32.81008483466904 81.01817895666818
46.62607294818785 64.91284667940451
43.318941001519875 85.87683260476689
62.654848632185576 73.1806915500007
90.62182390110459 45.66753885678203
90.50099565419869 31.07092809156189
61.80725726256229 44.02281519981578
17.75097714528736 72.25515798004223
71.77966471033976 26.044710227157164
16.669420723949624 34.069810116992784
42.49881188186152 58.783428198517385
62.83166348482495 77.04023555408102
24.76934324450322 12.927507734967314
66.30126372044953 83.93056516606681
34.12675535743445 71.98336959093736
75.58186910569883 87.42493814916396
2.877074629208487 59.45987148882461
53.411645428299494 89.67789483295535
32.638112215821245 96.80585286133095
87.66837212121811 73.1504278267847
77.95140239270579 82.25873532846313
55.99451926931118 75.60422428755538
82.20748236232703 93.84496281265274
44.41349878550934 0.23014707849405847
16.79717621621596 95.39508960297036
38.27754269075131 90.81118223413675
62.09608495852764 38.74853350832264
68.33120266152041 68.42029204586767
98.50596445400814 99.64094751764443
51.422338610946326 82.39196269474242
63.938943972365834 35.90889335245868
84.42121263549215 12.348420049766485
14.97129738131634 81.7169985213524
65.89775850752625 94.37265858325603
79.38540709553672 98.00846363885564
4.809523278233785 20.303248199662615
67.45358235936804 15.054001422275165
96.46045355897583 46.83687225096784
88.52488281842295 70.18594672494693
93.67583433078993 74.71303269537394
99.87187602913356 79.7192628421632
44.023445006465636 10.142072860721974
71.19654857821594 38.787465800953036
98.78094577109697 66.46414684989303
34.03740063013508 87.07101207332488
55.979537106941216 24.42800944192196
22.077929818736276 13.447297476613251
6.68359099510406 79.82468763087334
25.847096357169296 22.8675072298373
2.203385823511572 20.443296559469537
68.54111220576917 98.99953673406564
30.468317923495825 50.19568355735588
72.21148898878621 46.1089234422844
34.05883587952492 5.561067527197261
35.076117802073135 37.010273057099866
24.724744874939997 58.20436795987162
62.1307008599334 31.907925791128477
44.157868328564376 54.9698222698291
53.82444392828894 79.09856285867576
53.6670314634486 39.95799993194389
99.30989493958785 16.349060053892217
77.640363661471 5.738878729619223
21.450849860598453 34.44452704509759
84.77977368450087 95.23650501144799
85.09024563852886 15.377140127506028
89.36556734118652 63.328571293476365
54.491454104531634 55.45459173072253
88.49111580618808 62.29295493665343
71.84750576006904 8.693254880791923
7.700924918872898 51.70671874322075
35.904659934977545 74.02913746791384
78.04337087245928 87.99621245096418
39.825669938704046 83.10162560814918
14.276084922314404 66.3564838227933
50.26063599634073 78.41548843387375
99.71984934857366 88.56773266239077
41.252877027455646 64.13205538143495
52.29572451222556 26.773381354547798
46.082488692056245 88.35796057682883
12.541835224470399 83.75531833719904
96.87372930024871 82.47695408693309
96.39255313143629 7.198337438968993
56.20407146625595 17.60920519637097
44.1979762075478 52.59544972080354
58.97445790885335 28.203788522894502
94.9803890907897 85.1007661463788
40.93120611608172 50.722943508663306
51.861145554604406 38.77955474018948
27.838731441207 38.02267887625963
43.34593344151698 84.12998702735226
27.609193845581036 37.9802822853456
16.04931995202986 53.275762495342896
27.294256005158523 5.348938520455048
54.84087306813503 99.83989149716751
26.50929495253732 52.244459306537394
63.012923285331254 90.96988739947139
67.11603846820425 89.00094894839114
22.973967022594234 73.039710777944
21.543304161395373 12.97415653314954
28.617227927529186 30.64805989378868
16.82588789224927 89.3919735418647
87.78511545889688 77.96370420340833
20.939810278979564 9.212787128308808
98.8725282747351 93.74252210521766
89.89260931714243 55.50449360911615
15.65431370055167 11.724104829650962
31.53591404213526 83.85374497765929
23.939723475363106 89.05436795728511
75.94404058687118 12.27139730215433
68.2712060681394 24.624646157683184
95.67338840386478 56.02655941968382
17.80814105981885 79.13672461734556
0.06495679546276723 55.47335063165784
45.6767955237064 31.996569171687117
41.54493718209087 8.505510271485017
31.23695497623401 84.94686711681129
75.99974567551703 78.90245036169419
35.919490698623044 29.94199651733751
28.768778986102117 69.24863315753564
51.70662517360343 74.54156330783218
33.151779162356775 58.01214876799566
78.63572523339258 73.1341775554744
93.88138213900322 46.50078961079519
48.87292415191733 6.696026154582668
82.59809984183357 2.980461225497688
40.87876262487698 15.869895193885764
86.86191002712972 52.71976911858675
92.47517995193132 55.53209047686569
30.315154515157726 33.58619478292155
31.52808685572368 32.32538111582801
18.963263072540936 67.80763240533703
17.67844197340881 79.68409417266777
89.17725022244294 70.79792948073869
22.364312161809185 13.48665578892888
65.67601407794817 11.726366962311685
97.82118419894267 43.66825379761215
67.98839823419095 39.6503081751303
8.783219760924087 59.44422705966525
89.19361941309154 2.501174822610852
76.69081629971438 53.19815218198401
72.6179523492627 11.38814436323149
27.90481569666551 62.97142301545654
3.2654077117705183 30.987388073090095
42.33369163337557 14.574765483888918
87.71048747326827 22.621904324969343
4.965844373140682 22.156466562639853
82.78740374181834 44.86003370802006
80.11374149635645 75.35853243548479
73.73329816902492 61.578959785318965
20.631045406648628 74.2183729868013
98.96834548230706 62.437282671281444
19.31579829640542 34.35818628668474
14.85460453912344 88.44934495639714
28.075403286166335 40.17244751417074
50.794943020092106 0.07391709033688354
30.181785417487063 95.16142389889272
5.293406784232824 64.33437276809964
39.973140009410294 96.73906637994243
25.06689473290247 93.49049202466921
70.22863936249011 52.789577598515855
65.93257069212879 25.30919211528432
42.94811676735877 29.446477244096315
36.981123563705275 13.613100095870411
18.84843475038157 27.861661523411772
84.69347044662594 15.697859265863256
6.0450864208496995 0.5697360178813171
33.67433482312033 12.672369058876253
20.65830111714132 72.79484630040214
38.90432742769588 15.844712304955266
68.7012257263542 62.462122709084674
59.02814623130265 34.11661919064029
80.00896081241444 49.86715371640324
45.49228472417853 64.56948423944758
13.601963442911824 10.329218366995063
83.55420251929567 28.686517144708368
45.953305009990075 32.26117359707153
27.41798834576369 80.11574142043332
54.08950733662905 82.09458315144342
75.18989762368224 20.287173064619925
38.49218966422192 57.50579456083999
29.18412167538428 27.29734629010262
74.2549664096437 74.99506636122838
36.56960713956302 48.6824941136335
95.76427807691142 39.67964697465861
8.863034416917548 82.39578153232429
62.288608318426306 16.49919877292314
81.91205651521959 66.44849878658171
52.705860484311295 74.97482764012905
99.56277158704864 48.35240505475335
56.535428710958335 38.71241132580797
35.92590370480544 39.46432637601479
62.50345662944581 59.12878736998941
25.590943421673018 51.01706777615335
64.38318635153381 10.37534350781587
90.48908730757562 5.660579944530387
16.44176878582433 12.722439675208285
87.60762403687579 58.459510669279425
37.37761664277377 67.0995339395096
83.47375423441933 39.10570227675198
21.89205434992081 20.614791033903057
28.27916540995573 89.972933964728
63.81237553940748 43.24123204242242
58.198241712294305 46.52488776909639
20.013501668356938 86.65650667804067
20.624679925121438 28.688485031302015
42.497140917703945 59.79246753583807
58.654259250949146 42.772841554685634
52.976085380283344 13.545643990072298
7.682960143869022 34.378418007187875
71.0271197603437 68.145960448351
52.84473312185815 32.986942643344484
88.54218046076757 12.232741088948318
18.662516908729575 48.82550951295327
5.555738537856159 12.849098406142067
87.4878213140479 4.874702267854325
84.57353064610076 9.602422862210702
11.877197715320698 28.775093356359882
0.8279643659123148 19.2287167706889
33.99593379937094 46.743164138261264
39.73136661761906 18.09262915210137
44.482824402712296 81.8357733050963
90.22038652421458 86.89428432173486
60.158128407845936 15.800885527555476
15.660306308032357 81.90035078908687
83.78201413810571 38.928913163476494
7.989242363581872 22.04433430202659
12.613688864227768 5.721653956464879
63.92932763870752 53.2921343330271
20.86855210217805 83.9600817762993
1.8271063871563742 0.5298490182804816
69.51463136503122 77.12670731082918
16.104335386938228 90.0199468065497
98.54866320234267 30.751534808535396
72.98792583344469 20.023625790965493
55.591325957279395 46.01253917296886
88.25477844497944 63.74558315925316
85.85645986950325 61.39279245005991
93.97226395056194 71.66647056846159
11.453051226777 32.5937767195211
94.65068381667443 59.23458481491184
22.70221029772882 55.29259849887418
41.66549850907144 63.27270871701989
76.84737829050222 1.7064943400266208
31.105865237172026 8.944829793269749
64.70031704109176 16.167897157964926
75.29603681530655 27.12509864855508
60.34807539560493 89.84918621476832
51.473750260361705 62.489308752513736
74.39143510764185 82.81288758202918
8.763447982009865 49.625613397565516
6.589685491373132 98.718845033158
98.95293039707688 80.45651233596541
23.069488665142813 88.92760998595217
48.57000012706726 73.53997671123084
0.9111376120941816 67.48127893926075
83.01584460567183 91.44880137712583
10.154181850674604 10.568504732603412
53.899417076042724 74.04966145133652
39.83699553062525 95.85464279547635
34.2409274026758 54.05431605934129
3.959715629982863 79.60653970756219
30.504968969661906 84.46731990121093
56.08680626062883 71.31417458440636
72.88723149677351 11.41250568403498
1.9306436780209046 45.575020709827676
41.78611060195565 62.05585072257098
63.034630518648626 7.688509289192702
89.3510978378042 97.64959895467392
40.87664719590565 38.01279346350533
97.3813352622946 88.43291188060014
99.6742888270785 46.34992861293008
50.75586323771777 26.6209911712604
96.54005431216568 4.794229829748209
7.376983041748586 35.18726232110379
24.64074153202761 56.17904853473974
21.275706678199448 77.50065036283794
80.90117338377445 39.933639133181195
67.54096128632538 32.517520860791095
56.61523010807835 13.961339110620441
0.9546478142123505 94.65569561200682
37.06604934055831 38.894495533775476
7.08273611323037 34.19953339856128
26.58194806067453 28.92970373975905
93.18922173947837 11.760627396475865
61.36538093872312 75.10786985412824
76.79200977900187 42.66542045056491
57.06741049851423 73.02470311091619
54.51234140906279 11.179930209444189
97.04167142218292 71.15733871541451
41.82029414071711 32.08425237455745
69.9356333051705 34.46241510984092
86.80684424997261 65.00471859522386
90.98865443177301 36.18023879677408
84.21758431346922 71.80533772796215
82.09507608192797 21.343268989629284
40.227618327371076 88.45933895838934
9.761340976688226 97.83240195755546
23.16873467242835 44.107788481608864
28.362316146008016 70.00248260037326
64.55696497273868 30.913200736277126
79.11612468588147 55.582625185926226
73.88777014565605 31.390009186228628
10.871782357762772 64.96412351444827
63.43901044083028 28.651152633069866
98.11413769407457 55.33428702875282
92.78074743093453 60.4337304029396
70.9111151875374 20.010491717407408
8.831920101736612 8.467419836934686
77.16813036051613 7.741772530750213
75.29956501875319 5.6076846510916045
27.981122396223267 29.97628958120375
39.14982850238279 77.13285810689966
81.1167873752267 56.31580360228195
60.45947395623512 27.93262943553314
89.57975018661426 96.59894697913508
12.466356067345751 33.118478110662174
93.85497919683802 81.3146154762506
35.573167370155524 9.412143499388847
0.5857646843038578 22.683936853590016
4.069368365978654 50.02979520942104
23.290886723793825 59.643840976397236
23.377494911163666 68.1339184688303
72.03259995934262 63.24859209769163
62.71277869520993 84.25850404771045
27.893860843110197 12.587183888966113
27.443267146744667 89.87123799802671
29.496133000584635 75.44962732976542
79.61590694387625 28.68935780217261
91.40584093463214 20.205361233441376
47.41609002233128 56.61740587401564
78.61061422588197 30.07294157475321
75.20706850156024 37.2841871828845
89.13373282015178 58.543892889431135
39.22464408611421 56.42036723204732
91.50147827338049 91.44049471252467
11.35948899501178 91.93114102988558
35.94823201769801 10.470654769383557
86.7381347255005 92.34768299524673
2.2273767120768118 97.94619968941606
74.55932017704922 89.43843768114483
78.22210778290344 40.91608607928335
31.396406045835114 9.302356947895074
84.8281863434162 77.11313280308913
8.97412254528428 3.269767682087843
13.749578384173255 93.48052616992692
62.29573544727391 4.267872755274427
54.84290461732794 83.4680626122988
48.00197019287328 42.97820319557515
99.37134612877564 16.033176491577684
69.15781293280888 27.19760200402025
56.24981286557927 75.31455446228256
93.588252866264 4.444967195447136
6.5675090916466505 50.825928491916336
95.90837876779449 56.47391591445341
28.249847925063285 41.444748834620235
27.902843722544524 14.969116828712249
11.8761103137356 81.17105766366842
57.69411518610459 90.87871402667766
4.619173116909215 73.86437472931391
40.619452948025526 53.54414818618808
73.10384902299089 54.342029257900805
64.97203005639577 23.549328120068214
55.71343141417048 48.85945846799793
45.72971415517338 1.7581107926461392
20.88881311123385 11.560506068653698
39.22868760611149 81.92468290881646
41.73339076880352 81.48548785659493
8.0844685909507 18.37873406805143
82.99764822230438 50.416327787632845
57.68841364793317 8.69662963924841
34.57167701449537 87.66144679658137
36.437822215882555 41.14944301653737
12.083828660649242 48.370355038297355
40.36742419736048 17.85057180780768
62.684306383463436 75.25956152805986
70.94170016069438 82.28452183077832
40.102254361560185 76.69869263764063
93.57816681157962 90.32684919847541
87.48905608481844 0.9102133719502858
83.74862661908583 44.98128718288499
11.324547148683727 11.201722285387028
5.897784060732658 20.506541985765647
72.69303622761483 31.626958720512267
75.09138093066368 39.47520389302367
19.257314148734594 25.565075794374092
51.346783081519455 36.51957694500676
17.096659650673608 79.34757342077314
44.03109825146384 67.77938616666471
20.253918717399756 61.44591524653966
83.8521831313192 38.21743019524553
90.70861812717872 19.496659635515247
95.40314542531884 97.47286766030918
33.73104095753858 36.694735040661165
91.65369039886689 3.715506304042282
1.8591202484951386 1.2467965950555104
19.348109430284566 92.62305187538422
73.60741613428424 43.47438804399487
96.19326243575532 63.914968087327736
33.793202934396504 0.8616086114064725
76.25761627024423 7.709215031908578
80.52914668733972 98.14358767735004
63.788611787543616 44.18621283765815
99.42911508466884 57.636976731077404
8.511861837182488 38.529998631724794
44.20550007514693 91.24111444561935
94.9499198529877 5.235919609258788
82.04478345967186 58.218790179918265
99.19894406380595 38.465458708368494
15.417729460619578 0.11149753241266325
76.78057142191346 31.677293769834357
39.7391797929474 33.429951911776925
92.12787951534173 54.15950643039908
20.426982930201063 14.544687800086164
85.26711944049397 8.418994596443351
97.71785492142189 42.41319978802477
90.25031038046521 45.97885772050072
66.29790577348709 81.57904815404832
14.020835988096703 76.2184759377988
67.5329555573349 18.051818297806843
