565
35.37563347331869 26.399429605538938
28.647384448433055 0.5895318584602238
15.079992030364863 66.77106589540426
62.870748205679185 67.0039780953285
95.35126428358654 6.905245759540191
66.53849620410739 48.56115407790973
48.25314298371437 89.58404673060203
82.09843343853318 82.4635573126097
40.7447297787052 19.961201239831393
44.540641654265414 89.46516603782774
67.62914153495332 40.30714005989117
63.280450964672596 83.39902577855877
48.009911295511074 86.63016029900467
77.06298492232494 39.976959781126
3.874130109136187 52.210939995495295
57.15686641532789 4.608776796056313
37.3170388308094 0.8446337623084554
33.79098328394756 93.63641465598883
54.85212162084415 48.36792768751319
69.54360251986986 46.86856619239952
91.95978811364344 99.20168320200212
79.63032657710369 11.362958001442912
24.341732457683698 87.55892578628074
98.41348901609835 37.92282391281624
27.97926402988269 0.11548497822100323
51.075430138283316 49.529161139274166
74.56475597795735 13.80573432017278
99.31048789978561 25.797298989558758
70.32826405107568 90.7471373365371
32.23872207766165 1.1175545443080082
8.960438295622907 65.34715260717775
14.33343027800028 82.41892751044603
46.357039885447605 28.25485091690321
44.69391904044796 85.69487168906088
64.00905549563785 19.489100831825656
35.172151449515376 26.19235661834822
56.85830846263161 92.42850692773531
14.984166091794249 62.23050744092065
61.11549300914151 49.801773240975855
39.39971743137968 17.48357198485062
37.07524008661175 79.74763969116044
83.29612798396198 10.566168265292674
85.55713131460104 83.53071677307126
53.55275864692496 29.49342502914013
1.1404714840105301 1.803167608826084
46.8177761335791 75.22000692178314
90.18842552532914 76.58739051855022
46.584620288142844 71.3458775870174
10.375279890914623 94.5412747977709
92.28126898444931 96.26902689698595
66.01791935292191 82.08510683343452
65.2657669398602 90.63714030607053
51.56810935303751 33.540405223699196
88.44380605533131 75.22033758207552
38.274178534194846 15.661369948387183
52.309896463351826 7.793543142508163
74.21783398418087 40.906798508550004
9.611212458648954 85.76349304463767
87.13887875492662 53.13291367490708
27.212134067110718 95.89709575477823
34.539966898890576 69.32892720790778
30.886312363018252 16.500802786733402
33.38703739738603 3.606164125759692
72.83358879127059 40.084024448234246
82.01244832506289 27.6833265894056
8.554085027970892 95.88926004491177
24.257947089016675 7.168155466967107
39.382042063027164 36.638128255981606
3.1917451283066445 66.21985912407268
59.87773716536886 69.71317742308904
37.764192802929855 0.10326858790651317
79.9420510858637 8.511599116414036
92.28351973061375 98.40767533528665
63.80971950057847 43.470254067591
94.47669605854423 12.335026441648811
64.80704469475033 75.94725611594994
8.995267281945551 30.23764780695072
73.80645002391933 0.9516552842837145
42.89419237080339 78.3325940979723
20.707924013718248 10.381491082001403
28.877004047746226 13.176792493008326
12.398417777938631 93.17694248883825
62.18392582978846 94.94393934742031
93.80904289216568 77.4143172890477
69.19105813965108 38.11444189220911
13.389695223037645 74.63563158551555
78.79095021593245 26.493173885253874
65.59460686363505 59.33832445619224
54.37506356017421 72.8136351608463
49.96795567954238 77.03215597314964
51.20818290477482 97.97463156645799
6.053822808286391 40.28058731188715
57.525161426543626 28.390670703934028
45.229257945580144 15.214225195427943
82.15513271448441 89.92547515170367
64.26462512763743 87.91272270843709
35.023988882113265 59.74415762147993
89.9207854249641 83.40153667276809
94.95325633208387 12.70555092330623
51.814847917622544 46.69616571561429
48.40557564652347 57.86560775954763
7.2263917305617875 94.009981547814
22.65286296354362 47.61163083428892
81.31665337604149 49.63470584414922
41.50440012700108 49.004360266762184
53.812931628816244 9.498145871192998
18.157465043269028 43.1025261366798
18.05433383348053 62.508557931492305
56.625006219248284 39.13210122929708
63.11220194644041 15.38236254942218
98.25738608975772 99.6542717041231
69.79292464512925 98.81235064202257
84.66652400514643 55.16764641357772
32.981867920505096 93.7238651640269
99.3679106557906 2.7169650016294344
61.204309053546524 67.91144357499228
65.75329717711682 53.910424072352214
98.60008299302106 49.54819738426863
15.258163592417272 19.225810602096026
57.21220247606361 19.800122251312068
97.73666751511593 81.21504784406001
41.82199814628809 66.04792259447945
7.158380854871593 52.12326663517275
16.791842849790093 70.26271124337377
25.814332557235275 79.33251395070123
26.932179670039258 32.25600940300459
37.40970169069857 51.70819622382717
19.517244031005077 4.637964498596148
27.274091302281967 76.43202114003478
99.99496444919433 34.32374405293368
78.07018480566254 76.85220397645234
35.92241855901984 65.01330702433646
47.31103993803054 76.94608729321834
31.302376502312377 17.334344475912346
74.64375877969867 1.880306917421004
86.58083380537754 74.86220373720373
62.07737610418065 3.3478255400125168
34.4219935349281 84.66144218202683
85.14389542143495 22.267135336021738
72.27269219225495 33.30007609337889
75.6963354552211 94.37049139631142
79.20672772133508 24.8922373625875
96.02077842174627 36.96764932422296
63.21972402605947 28.73691669528854
97.7292704157156 94.00491817872269
38.22676991192503 63.91585699560306
86.76584600788256 98.62299938857974
61.74557210841215 74.32319592819294
73.14888695575495 30.475909934912483
3.108732672482717 13.475072645229913
1.7196974002091414 85.34437406759962
97.8377331081762 58.04178069367899
86.21667206545823 45.049402280669185
45.328818995977414 93.24188525230882
35.44492643921936 52.553409214698235
36.12320190060901 57.926483358329264
6.3360984675127625 92.29536753034161
70.97071030994492 63.15546074510109
99.20669248563495 13.940307098973514
36.48357499524872 93.80436104256769
56.99794822409493 7.319953382732214
22.217613852034024 87.4441240992081
11.786565048086429 87.26431248623123
73.09788213138447 85.97295617661754
39.2881347241883 4.24193815089885
93.49951049959166 17.239734108781402
37.45671035887855 0.861439575531564
21.07716799491579 3.9215318528986964
87.54386240165454 59.73046347841259
44.03251955392654 2.187225623415423
27.355667883342438 97.89765845568772
61.239223447565664 56.25886504966942
75.05499609796324 50.6332336514112
62.62595468491045 7.129227367350898
97.06576384466689 28.173041598773672
22.670996841435 71.22201305135187
95.08316496312759 67.78661918108065
58.27052073242274 18.779323097757782
55.96988411755759 77.84736897509615
31.19745238050149 17.14391531897279
48.7610457052848 68.31166205494476
39.66026904403931 64.8660085196453
68.7969969731285 21.033805404920248
73.14692651695873 67.30246409086271
39.86681084034137 14.86867226940809
22.962792997047153 21.45909091247936
35.80374691617685 70.91492220875682
59.59781888228013 0.422679643873225
50.20436646814312 92.01911327470363
85.64589266085795 26.856453222441147
27.886398224426745 88.0653417838952
45.763203771572755 12.995478340216648
76.40304581009396 21.3016483438061
76.82625806540028 66.31496797379054
41.23878398866765 71.31926347237209
97.1388742672453 36.034004674406596
91.3780316776178 9.298653881423991
87.97356482593794 95.16243146410625
28.432676426753577 83.89653590034482
51.96023787951567 17.74567602428272
43.20396479795631 44.15025794123682
12.598176159219188 28.24541759942103
55.2645009067978 69.77243910364875
40.74749101458932 70.29391984265297
93.09200728891342 17.413795189980206
8.024616641561245 84.27480908912524
46.842020229578885 8.429189560764028
54.74194428810011 61.84688227008586
86.10435779470873 43.87265792201506
44.11582438015489 57.11519161578319
91.92182490942783 64.63537119676069
8.563380457120084 58.29927876499499
19.854717378981622 26.804236908330015
73.59194587069952 65.71764927929252
51.5085345761736 28.605865993297275
75.94769203256192 87.18393538728178
21.055564019248386 68.96506125814554
33.45877911685534 88.60813956311216
68.33606513165769 56.942850097556445
23.661818217942265 42.637857808087276
96.07669297533099 25.533542244261696
68.80702549910237 46.47671930378606
21.62875826508991 85.39556838600994
39.54652126988042 16.96026753544787
95.43256735222693 40.53260494657158
45.76629768321965 30.44982231944413
88.03785157064071 21.23457271893443
64.81545145651306 8.36394146731314
96.89022413083262 17.328314704981317
1.8894604383588254 96.17017289323523
85.77420246401029 46.461115602495774
99.47779453352157 28.644576537419454
26.301221718331302 85.37133748926097
71.39489152238087 28.68718152616887
17.91465800097004 35.777776442685315
61.7447367063882 64.5144985546316
86.72591648049254 94.86823698006714
94.18969070725291 18.56568604190072
31.41476804243839 74.72896021237155
35.11476815174965 50.161014533891944
72.03288385184344 1.9567340998546845
47.478961459694446 17.281272428882232
5.42571078366858 64.12157746985953
13.482070232845 19.940610979020146
52.96127924274623 32.00682758854707
18.648626382918454 86.6927042909847
71.89055678100532 74.0010875569546
11.880114759112015 32.95443495802053
9.82140637656206 26.697686239745188
84.56462452150274 97.5482695430371
55.94942697880532 28.978267059490314
61.074178136350646 79.19034939597273
18.860447708712357 86.00970323249238
56.40190642851677 51.31332301983835
45.160433754192 31.44097914169509
5.504322299367215 83.52306154040916
55.624137170720786 98.07416839000331
48.554618796300154 45.695920641196686
22.759886465955105 79.04825355709393
60.05775403678736 31.851610417315513
70.78925280301694 7.089308344368361
62.83494640888676 83.20585224624966
41.60162020758232 4.942575462052834
12.355681923025653 10.435204764783279
39.50921080508915 47.86986172242628
56.065198269475594 13.22343741643155
72.07399659757927 77.57878342190544
79.46154073020476 29.518396602372544
85.84094150454249 89.63229800447445
96.69895661977479 19.106204721915333
53.43740354026946 68.3054720332055
2.412761548963205 38.96098688401085
35.90468149889876 91.18544559392157
51.789026177376165 28.16488973839325
84.39594015372201 60.99719819609587
30.544924173959277 63.20120762018201
12.811733655589663 20.702996575530253
32.341530775716784 90.94581832146935
67.12575882247737 25.306554968933025
1.8671510426619853 22.581401793003764
4.534413415421912 82.64780265191409
97.33709319533783 18.991516598288737
76.27534151736029 57.43460390199439
10.621397245242758 23.43747581138935
42.837949531054164 89.00876496828208
56.61406471968111 49.50992600027665
2.6402792988347468 45.94452438438671
22.268825888213005 0.7958961309710189
2.6538199792551342 82.24444079051628
80.18480746290368 55.69683030012704
10.820586763641703 70.65519517004428
87.75909062604306 13.416767437904953
78.89679344747954 16.359658444412283
35.7181245655814 62.467363637501364
12.414583712210858 64.116872691205
22.533146078073486 25.669744268037753
86.05800843746763 40.28237793017403
70.23619671809426 40.38599631076223
44.10597068005346 9.70903024526406
9.662080845110676 59.73854628219123
85.5327816841271 28.67595849916278
97.98339353115749 44.517273257213795
67.59339986415202 47.879025940525125
38.583879881177715 77.22890428533736
69.95194915172688 9.74122863655743
50.97548546340109 19.369807117149705
83.35424945359051 69.82671965205195
68.19115719874267 27.802004784402634
11.464597313778846 46.72582681043828
61.58835132524402 85.03973495287148
24.877605595288145 62.00631919196592
98.33417500378215 71.57318386857273
7.591274156925342 24.359290345845153
78.76873458363917 80.71397556094603
66.22412368731251 30.04410791716702
30.78774828815356 25.41975578405482
11.782652652505266 0.6683263112179594
81.35391923283834 32.74832995662764
69.47876149707197 55.50673421244905
2.5744757247476713 16.995590383367386
85.18927572161552 24.84642511686319
97.27327780083212 29.92396605893417
84.7011506446732 48.10478321513235
79.4145187845706 88.36761608511455
0.48313838744274973 73.72146122254176
3.309849550909383 30.046123181120134
31.73754668090256 95.30522779651939
39.46500688312145 1.554199466058026
93.73534573446935 60.33066072796649
97.1728578860974 58.9091785180347
50.33360741028082 4.101753146910248
48.43633533112769 27.18338238812009
48.44256217141092 7.830268414631957
7.710649951376281 92.22741323487762
28.361901039528448 64.48650106930599
34.043109195739774 91.12699829517723
28.700013887695196 18.183630623278457
30.80409743711402 91.41855322290547
60.91182996883916 77.22206537088479
80.01179664811372 41.96405374308574
8.988700892440349 52.8408663363896
92.029968096338 85.66307143160164
78.32948911427029 95.07043315644191
62.41002753432551 59.12941915130809
97.87059834145388 47.31303563210565
79.96067771926822 95.86528492695564
86.15819645471944 29.666020482102205
45.557248485938814 26.133322584496653
19.909637839351745 90.23030659532965
39.563889203656146 82.46732137446847
68.68179593754957 16.859740825799797
87.71213313521619 86.35669378510535
74.92298530877306 35.30636366747322
58.93884240404553 60.90632584086547
88.33253969195677 77.3341965362634
33.010963856990074 80.43208819292838
47.403928057274804 96.46057425857862
35.335286674220434 88.29308946758368
94.00728432850546 71.28390051252441
1.7240389710670878 63.4579961661064
89.67880633254049 19.342875826477034
25.803584074986 42.1306227728997
87.26873264263494 96.72260728990135
37.41093793127397 61.95546673687716
91.666144391611 20.942822772077086
87.1035749221039 83.4316522445088
73.57430171155002 53.251968377236636
88.54995255546935 65.80146819687089
41.48464184938252 40.81453665993096
54.05321321048844 10.66652183389748
62.59987739649296 68.01915425837426
64.22603603487063 21.657019959147096
81.12762614893842 43.247123493117634
56.28667126161605 48.250937810174676
6.942505527060117 86.81424335522145
21.180261549212243 91.02567334732422
62.3140916713089 26.26595314015593
58.766679503685815 12.73750597742188
63.0834929940587 97.39604544556482
84.7185187328425 54.740168890559495
73.12987741328782 45.94656758566106
36.72925517947137 3.509976424310113
89.54548529550726 52.73754550383312
19.582677491234257 0.6952956646073427
87.36146098301772 91.2732860633377
26.195209600613932 78.44468390469515
93.71526421966708 9.142939100354008
13.480839140726776 43.56775738544248
69.94731210472555 97.5783565868127
99.65154920976671 99.1763648606511
26.756605065103745 75.42110813032976
91.62966331028505 24.607197586480755
63.99000412324026 90.18981028084842
2.7457106363320216 25.403735215133217
48.339326024243015 91.01130688381646
33.62815109233214 49.51235578930927
95.30901563935487 17.921163922011285
89.8216503848881 42.050588032962054
25.43106089077043 58.280335705934675
23.95841736006078 70.08001813597681
55.10371451155053 70.52011351272655
37.81684566008461 66.30591687582293
83.68955739896964 5.871717655280639
88.99213990642988 22.095272606079476
19.591024043354853 5.032239759457246
7.591591164391865 35.815716109057895
94.49750270486525 64.18590171424545
66.2060583807673 26.50503967661256
92.41577891943908 76.81074153716493
67.34850011594504 78.84637086066775
94.79735695042673 12.156867041137364
20.980712689081393 71.876029956482
86.2758209016139 62.10134825896718
57.67671522938659 36.38476558436319
13.143842262339422 84.33996682258861
0.9783198427720907 24.649365173867267
91.76598596090756 57.92210698622282
63.949760708789086 5.712381313208736
74.12723606828844 39.80250552657393
95.85680523954791 24.05870508695217
22.777905620886063 4.4967238420196125
94.4772061631732 41.121024954631714
53.20335834224711 70.42898308933059
47.81758813230774 26.412346028863144
43.2002298768527 3.6575332729349097
54.97416097885976 14.051391216346465
97.45530874952567 95.7029183451418
17.2772809758995 24.881385359271047
33.97763269971129 95.45340285142596
70.04256653801359 8.10748514819103
75.88026119018149 93.63042331819047
41.53464007662272 57.27637455157078
22.203970007287353 50.556183362102416
6.148838462257499 94.62994928593264
27.904411856723822 78.25147481425432
87.79108147259755 3.4487355667782604
65.78070241027622 69.96325191146165
46.51510825784876 11.23520531640365
25.067138267800495 70.93951236126905
24.14052118428296 74.71456149852926
7.027085706922964 99.07692835347613
90.52618989728316 64.12872605077733
50.796737962877714 24.51487973349321
63.651479703474344 90.34402265267128
62.221500076705006 50.10798513987025
84.28356920637027 92.01975459288512
93.76717939992616 28.523103208410326
1.2023283318352007 14.11417714864257
57.59867928535055 32.03440780688832
66.12829854049966 64.7553980844613
74.34543722168917 32.26192325976434
37.931132933004875 31.21453534663384
31.752868827617753 39.94233013906654
42.017496835859205 81.47807613534843
13.58402236466194 93.8884725729094
71.17635610530577 99.01906066011952
10.22286777158159 97.9351700528522
89.37336253443615 71.17011474035544
56.37604141028978 61.90973303465852
14.838698525740835 5.5213147086943914
63.0079606558357 37.56901434790241
55.431470161396234 23.35658984254767
56.57593994613589 95.35578357321153
38.89337844147632 14.322348466065371
71.96001509106524 36.88514274720818
92.53728158026239 31.964865198115167
87.1792354604665 40.76791549926681
61.29056174713444 32.231369440541535
14.016176094355604 21.511847012477325
1.6214754684223398 14.01321234188454
90.00170091974657 50.310926147898094
45.34653065619531 99.8021261686879
28.432795756997397 7.3591301330898755
7.8493340411566965 29.010495109223456
34.403881231795154 13.993060090812037
88.29207438654932 51.77240607009341
34.971194731497114 31.704847335612495
80.47893690421843 98.8474043746626
53.62448281832199 71.8889446818291
26.311067578973645 60.796101297076014
91.96984595439382 37.25046840282844
41.04004537546271 64.90517628445849
68.5612343720851 77.38106168545032
50.51976058023029 61.47036109613229
23.048477238532517 18.932608732938906
79.6067611349324 42.81806564212476
37.497922591433394 77.74228094620457
3.8352173837498116 24.27435260854689
61.194213606446155 82.25604551913844
1.6196244518029812 15.882246621554575
78.13953692264545 55.71780145540311
99.11899294778271 21.1972347581624
54.80163701940649 36.895943455374166
92.42049184805549 45.26121514434362
56.955024156713954 60.101308576387005
0.8095912893119728 41.19628753030422
2.0362768496549166 82.80468560436887
46.67697142085877 78.43090481788161
53.75441483152431 62.13595982279292
71.69322678682657 99.96844765462222
82.703624345805 99.85290292234939
16.367686834675933 91.3301390035605
53.595048683178156 95.38711108389609
13.587133489099445 39.64084658076561
46.906663300345365 75.74471643308392
51.50711262285925 7.337726201518491
14.933473617984582 93.57289915357747
57.591098014912355 4.643383457603245
40.86827028248834 99.4547628913525
76.72268835243365 33.587141788727834
66.32063915459901 55.786044714988094
8.950803357774273 6.260456098893208
65.80014037703546 41.1745172241052
19.00974452638313 59.996576259269084
31.53331705890907 35.99417807836706
94.23410299091596 60.691054584075346
52.79768863047343 84.11662670781485
31.25810110280993 90.55537607218282
75.6107458235707 18.43874223422356
16.447996537154197 50.01970267092517
26.632626531003112 91.07539852363709
11.242740541461604 54.20704069777968
57.02129268468378 45.10750540785903
38.6825085444412 66.51002646149577
14.608514213136692 97.79720012800598
77.74980066912735 50.65474752323076
94.63073553975562 28.09739048645602
91.42611801107195 75.67775365973488
7.950612555810288 38.05668967857465
78.05370221422011 53.09280513353624
89.55402205640671 70.91339751807439
14.875230690113439 12.39632437463124
4.719561323758937 65.73166284637747
81.33818177444425 74.83889987274786
14.580578417395484 83.22654037265374
29.344206952194128 25.09507482942015
74.77128381908537 12.398877822587407
68.67462615112551 96.287323483496
57.11320931783662 92.57862274549112
79.74404430817404 28.3340784200959
46.435753291684634 69.31145381606291
75.26888385812526 0.3733127479905951
9.47006212986069 82.95197095873581
38.33603436636569 59.18439181973103
70.08792087758275 54.98632234908002
18.77268686676208 50.42699945274729
26.678816176826547 20.51716097661759
36.10319765647545 86.35508853247768
88.80130225659914 12.863042521503221
48.26581270958579 20.536510385888683
78.09879451846523 35.25973166468284
64.04697671311337 43.36950527545934
21.923874033262393 86.797647321999
63.59247484702255 49.62648293173619
29.927614234555012 11.646135984129625
82.99322615904134 26.427452921662287
91.99275694346073 30.166928455216947
32.47231914625207 83.95954197859676
18.27643778608835 71.96450040624359
7.238379712425214 79.52984559447272
32.3070712303641 88.6215893512119
56.777500939949235 6.069826924325373
19.98724264565649 17.637639045724608
21.060387553549255 25.175374882925205
57.551633900060814 12.869530608604574
