538
83.38654052273718 70.42961106995303
38.365157690866965 87.93075051089504
17.50474430546213 23.871297182863806
19.961215949611034 76.48468212077589
87.68331120432914 89.90110644544657
22.36850949820026 75.59642305750674
26.729446975843242 80.37118573750192
64.84846380710975 33.021022517045886
68.21088523806863 64.98370409328544
7.283524270486874 85.4956819050053
6.050579795224998 52.92862882096278
87.9877067140715 48.54820733248988
72.02303070090447 74.61712860056657
30.48000163255926 15.49330648180003
83.49802318848451 22.720568895407755
95.11978213971182 52.62002393652612
50.85027970844331 59.74432939705411
72.09154725257943 50.07147375760121
47.962685322433394 15.999639117090114
52.76623172456932 21.509867386968306
31.303093363354616 35.61274407897015
42.26099855776165 26.333134651015488
8.275748860775112 33.88876618034955
64.95940830954802 75.51316591970917
78.59118988784373 21.41200744900984
10.91557083893343 59.68175453498999
27.910064548302806 61.72561718154772
6.1000888355468135 43.319937203023294
34.859682271167316 62.36917708809604
20.857592619322997 72.65627635142768
81.49241443371815 59.45453811869458
41.890765370638505 31.449438946092776
81.98393987737518 78.73306071939456
13.69683880710939 2.496603452544799
6.69812138488145 56.04783831951035
56.99973242540981 62.595221559289946
92.79650062703548 47.97659179827419
76.83087494207712 45.7609691288559
62.22211450442949 42.02797033804182
80.71765320824784 43.55845233861631
54.736814361040956 61.28683645281631
35.385389202592044 55.23643552040125
7.542195678460118 53.12331692311525
71.25009373282712 24.7901390682997
34.701769722971484 39.32035090235615
55.61833562218072 63.37936868411281
82.75087765873488 81.88994712720283
91.96964644030986 46.60396698500483
51.15756506879264 23.569662674537394
16.383697483768433 83.22843052218704
12.080251499619477 31.478312412819797
89.60398316298355 56.77316347402787
13.099301897996607 73.70796113301687
96.36602123097171 65.76463118562238
24.024699404724515 28.146348194299797
83.9150924921754 84.88956686817441
16.544396027839415 86.11388663718232
4.14787051453267 6.472613771842617
5.043961704991872 18.464943441731208
76.64323555746708 37.288969257177705
93.74807395351326 29.221095955703223
58.253931825965054 92.163508954261
1.8983086358363876 52.285650441282286
41.26756515114799 72.49467099063322
13.608304645558567 57.88519849187465
22.53977707018756 72.4673955991684
66.86262676353006 10.781630205883374
53.32325807874953 72.08056684218992
9.130714975229814 96.43102051907336
68.48190992621552 40.98582872686709
64.41573954384822 7.19736446595185
38.81762153431102 14.55089154729221
62.94781940974465 79.70126673211013
17.81672438563986 1.3860060303263477
75.72781764814486 98.8797256465206
16.81691122732213 98.2280943419909
56.87320673683287 15.440069852649685
66.03568102007551 37.482008883360116
7.362229657140107 15.094806007111982
88.35945124164382 4.936261648140494
98.74832062386582 16.767443356918065
47.74126170053093 75.93581341465494
8.9017628949562 19.60431086272432
96.13490396907068 7.587222847880715
48.62218430280583 72.10183968958741
94.38452254137488 63.96752359589395
14.781174195330749 74.56594156516708
80.19383681769042 24.925737307972028
26.398535023598836 85.73126439803687
96.33615068875413 54.24539288874685
13.054111094402954 93.69844321295136
39.9870732985426 85.91422720142249
11.10718850942819 54.314543510310344
30.10056832156375 52.57270088130459
5.48398108934498 48.38620729644922
1.4928211073190756 91.35494810999921
12.068920720430087 73.18792806619149
2.4484446142523764 26.923073119341645
84.86232618572355 34.93775016200811
1.0039498045511963 85.05043664120213
16.881695802405794 9.771694425886157
44.903872026816714 11.194053506343382
83.94913628796958 18.802562635306362
28.17042908642963 30.714029567942656
24.509969256322083 21.083026842466047
92.68501854669664 99.29953449585966
47.36854818656675 94.23825520239623
74.44481547306803 15.918987150956387
19.83782004856467 91.15867236851952
92.39816810352337 51.15225582917663
96.59835576554227 21.381304778833744
7.811421798799789 57.31652117653695
35.085647909383496 64.51209217396901
6.858836233162169 84.01612315187428
73.608017390167 37.163355883687956
97.80250221023036 94.73983364438271
19.23259957395429 98.96646118279902
45.39477219412233 75.28259006130709
35.287782751904295 15.01663734201798
54.35707022975629 46.129133738214136
3.630120065450526 37.90348071895641
21.470240453800926 20.325239493366276
50.33601865129664 46.265110757390225
36.55229366284027 54.88066988537285
50.96665636148617 78.98713736068457
46.09709086946048 76.0674264030496
11.887062317318332 68.75891377757969
37.45586848878355 58.08096050700712
43.59167913186464 40.18478111735926
2.5624820303669527 21.253098885672884
29.199767353957363 93.31704581238569
4.3985046105109005 23.84193535399065
74.77127742052114 24.475952720064452
21.236092864632717 39.59730234260533
39.34820038849143 7.935007098934221
47.80322675126878 32.48623113561572
98.6041974490186 15.869798198478257
6.439012476154504 92.58677029126916
34.87270361031922 93.11821483415106
45.73275114210082 69.37631640279837
47.93318433031894 94.19985728948664
76.86364350706437 92.27306668801376
4.366142576732623 97.34523999853988
9.037614654862248 2.219274056680287
18.27164556460531 93.81202361408556
94.88361961768155 60.425878205608406
97.9830856310963 5.884528967426029
69.55954518598242 55.80889609685982
79.30853475250981 47.47008985541446
65.5219266665521 51.13948057387711
86.15364327619164 54.95101492428026
61.913232814192796 66.38924873729657
61.76037277061527 69.37175360659145
43.446853480819755 15.47757080181269
14.920705164919578 49.83124659705606
27.02258094694138 98.21534245274364
57.75784424770299 92.9967936230063
65.4966648491768 84.0031962254703
33.54581697997193 17.320020266094215
9.016129268877314 66.3459263655897
0.04177195819574653 49.10416285958692
8.433104588333629 14.128720380965387
63.40308822432517 22.35242765123807
97.73102439069129 32.088283137097584
2.5933654338577417 17.8603536129744
6.587598623750579 35.401613307246805
95.96096425584359 34.73451675190537
36.11834500775404 45.25269623206532
20.19273629023154 26.57919203143192
26.687260776526543 63.90973639580035
69.63219552876461 97.69235908892743
86.40324102684401 17.834487931386768
72.20018469511125 38.98877171050632
63.85092899579661 78.87778769291005
73.16684333756012 53.670780821707794
48.689134727608504 94.17177958383223
9.897709513014464 57.2303913820392
37.64141677843661 25.167314791395878
2.045131184797544 15.56720664579495
86.95912084917217 38.09052962389573
79.2625925378441 38.36596862887207
97.48256821621531 87.68480696863074
78.93185333142169 80.1652877154142
80.14063185138271 37.26243596494198
93.85195844409876 11.41145886199828
57.40893991068743 81.91162031626918
38.935768638401825 97.1160060729591
81.99427762883809 11.135102057390235
66.72100651456566 39.697194181894226
43.30989440091753 76.12926901772124
58.98370379760686 67.935260518658
80.55583824869701 7.957452346182103
4.778341388291851 14.8739370137136
70.59732932361679 4.4011875753590335
59.02079842099278 15.299543481178945
52.991767443550906 69.43034940914707
13.187150100933643 99.1953828693235
17.713213399023275 25.228532686729533
42.106055935236405 17.45754192779776
1.3317417017809308 30.149173168920186
16.65371746141362 1.4789903095243084
33.56989681789139 99.09955931306594
8.345807352378042 34.373922472417775
51.85734591958598 46.94415544193538
9.065226658387237 90.68756365717275
31.042648678073682 2.0174973897746473
93.56338480437 58.42059631394469
97.6597347884658 41.00632951832719
56.10549053454071 29.954165368227237
24.6836077337388 80.42576498112402
27.311116950657464 91.16152201847034
13.707554303523029 34.32947299904314
62.33487348892951 16.31998341032952
44.05626713092362 25.54432143211246
99.1314169473182 15.793810699983556
82.30676911139729 84.03649802311229
32.318349313046504 71.68956099602846
31.90563318959281 77.03730144766415
22.582557344347187 82.44746901167107
30.308031970530358 87.2614725951869
40.54004576024713 99.31881502224262
75.16637692237549 57.817032726540205
28.4063630261318 24.377396442368713
27.3851686696864 3.178772232654836
5.81779885654009 71.72076845991666
80.54446662920633 7.019702934524585
97.64839807744387 61.64363384431151
49.50990324974609 90.28372587804176
58.498586576896294 32.942430375379274
47.096562719379186 73.90446608195202
41.803361385502846 26.61289911447342
81.61765480448847 68.44206060718305
66.80131222784574 25.756762835601133
88.02852177215874 99.31626630100811
22.943764630206008 67.85252439271163
74.21427977391801 48.10871497351682
67.17954649050736 90.32802488373342
65.6399336176681 89.62939474101744
16.47149919962758 91.65003903260397
74.38291011816086 54.67510178763016
77.30458887754754 35.626405680176866
54.491098175322485 1.6684730808972925
20.989327880947005 76.50290001367004
55.8886332333141 80.18676280536518
32.01923422156212 64.53951262114424
36.80191425506729 67.1584467487271
44.47552666283183 22.620985217467982
95.31071027622461 80.7862334917033
54.56003810494422 79.97796935984243
99.09593047199108 75.05055780488433
28.037136460485137 56.99932237101443
45.31501624863401 54.10343749981282
57.25739294432407 91.64359502763376
62.2276386284651 22.3183915656893
64.39400102445941 1.7908606583602271
1.0374878722568592 6.4666501109631565
34.240016435930386 61.74466578038012
97.89122813220926 3.0080677669175104
67.09848274637346 46.5334787310657
7.4517303488069615 83.87566565877346
68.19912558295734 93.56891072799517
69.12820813368455 21.476715234633957
33.55540795573043 63.59467622958632
18.819890738802414 71.69681917892224
17.94920252547829 68.72398504194793
59.173453971476796 9.525493315453893
74.60640075363469 75.08399856718928
54.98336381787038 1.14765839813058
98.17836418954438 42.15251666024845
64.4031327874215 81.94781689529512
3.269951219484113 90.51891119933775
91.18272227531438 76.13091471223052
71.58698716545912 50.744261928701604
8.596373150022096 59.52711457462192
59.24476249938875 34.80686764059479
18.517455161557272 15.258879622612387
33.564719286625156 65.75865784255203
25.0645978597542 17.611079868072956
2.8307576997574135 84.44496579126329
4.895194668869573 20.383016360439775
60.844282722855205 36.487357215077175
42.060351389559195 41.98778826673597
23.579680919853253 15.711359479162168
10.972567381184007 78.52992825379806
29.805109562678567 56.319109977314874
37.6738479304248 25.214017595296102
97.00374902664322 52.693776087220876
38.85045094145924 79.3477965696454
18.056052300769988 93.37477097146491
7.01817662741483 32.55841943725353
26.03034117421662 27.637536809533515
1.152703327779736 79.01515481234706
52.46255565629464 45.769851651022044
34.96376998614104 31.027516943924084
17.51778357600996 68.58543220429263
58.75356652061347 60.85416436511159
73.76403983189373 27.984062661166853
96.71837076841673 33.90411914029555
95.93225171003027 1.63684162031823
28.146102644774928 78.78201114424091
8.674488438557393 17.401524626995013
99.5675124122703 54.37056039686411
46.323836736762544 34.2790221114755
55.601613541075714 11.465144558225205
26.386729021822465 86.76901483359372
76.99140307170507 30.223579388802925
46.18436363982542 83.94801551402587
24.275800178613228 31.017081844672877
92.5555948836356 35.36133821371551
16.531918901388465 24.358384881759743
15.350301855277515 84.60581634803904
1.157355223523504 86.73590649030872
94.1183575444522 67.04690328360799
81.40294543640931 29.18053449849274
96.07872043555705 88.73040331390214
11.718119108555602 95.91661613454649
58.55488183669163 70.11254504808421
52.42196579993074 8.387646924797787
14.049370656880011 34.261464393195986
24.303973221744045 27.54154602836617
10.505836320773232 31.117881061711405
88.54607838431967 57.69174148768064
75.77733306424871 46.287607570651325
35.14902408415702 7.612246021494473
65.77577156289136 18.51257397376276
17.796086815392087 86.94613984761965
61.56771610339461 54.31388354727442
87.1072156654923 76.90054031764817
75.27171225624542 82.81970097615049
5.17224111724256 34.499451234993636
57.74051223157301 78.30233128418139
20.96323810307045 89.67312200827385
50.479312979194816 81.34436811983636
5.343980297613838 59.52052399509462
32.54804002038424 5.294195841476201
25.98621440612948 41.62910127414398
42.521386407084364 68.02167635338198
49.67065572578243 54.54884659942937
63.466768536449656 49.01632162163896
76.96840086571729 51.09557336297714
32.99671854956442 89.44918976202015
99.62858868835995 22.297663920283462
6.539814304887692 65.23124187524559
40.67130493205945 61.979369833459984
87.69560675362054 53.65714323769898
42.62063987816411 60.91279918053569
17.896044361198747 86.44952271919179
3.388393088797703 31.578660980439142
6.123464244548071 89.50492837242392
66.68099873745942 37.48408958963741
83.79752525776715 51.117008568255265
83.30653490517409 99.92050837227421
51.18331766551364 89.05000346364815
88.13590714376055 45.629625054456135
18.104018230369434 19.965666001043182
58.619490598286795 17.97340789769395
31.307422931111283 73.56521127904253
38.831841044141946 42.887973824532445
94.165588709404 61.14332946330981
63.5497122554358 48.94335024184912
66.09821325279884 59.646723274269284
35.473702676333495 25.51419927128794
77.15719019127907 70.4325786382297
37.348753496119016 30.908366827860213
2.3276353095883495 75.27662368437612
50.35099008332716 19.212214325809384
33.419214773447756 90.46460636607469
88.45438727482102 21.636312528358904
4.025028329790592 6.244249294077298
84.04374689727352 67.32989330360543
81.01265341038058 36.462593496622674
24.580718066635278 95.71576992533501
79.08038382654856 13.018848675510386
19.979073081595022 54.029808019408165
24.039544548725033 45.04313124673429
71.30707770740534 0.9260130526765442
20.677008617859137 57.566990927009506
23.830967385621516 48.21001721585022
30.335143762275905 56.32988717324309
92.47887556106413 37.51106298782708
67.21428455899576 91.14287768805718
92.13531039541375 61.056065576754094
80.76180666888017 68.06197804867841
96.47222445373451 13.519608538286542
52.57983709536313 0.16849827123103234
28.931085138598224 32.96803679206164
29.0238034646764 21.715813114241655
70.16798673894003 21.697305035841374
68.66572178813294 82.6693141275036
45.38615990706629 89.9562183996775
90.61912386466653 67.10007993206914
99.55813955977429 16.683718538416358
21.788100504935628 37.10817455411548
54.14511185576383 19.966453538126572
46.0055481086158 15.148706927147904
76.09821713835971 32.997763913213696
31.870638082565762 53.71386027964603
28.07742386602017 22.397222689425288
88.27082617826053 70.84917071605456
47.481287306445275 71.74729288523804
32.27568325564258 62.50281488448758
54.9957318467293 7.8463030526470074
4.965408118107262 57.438571605959034
17.541589798154412 80.25479937350694
27.882305447996224 27.13255240308069
88.75471669219573 75.78428919014564
20.9921609046021 80.27762232435683
13.47846628923951 9.599549875999836
83.53229934479836 87.62102929465073
97.53018828109086 31.700870919174605
40.80401077828303 30.7744768118151
34.292229180106894 71.14262919566103
46.75293789955085 10.914710883906231
49.12567088149864 68.65913545217053
28.60126113654887 9.866441213553777
70.53135999784172 11.41533924631174
29.706019837311437 79.66195690251996
14.869142420175162 16.080234237944346
42.213758838936535 6.360973585858176
39.050970468489666 86.21162103992063
51.011695552783074 14.222223148908952
71.97912297515235 86.04861484601733
39.21047482296789 30.270115824937037
88.93103557657315 92.9042200816817
12.220400635306728 58.04679039966768
60.8609941755095 78.2510004715445
26.696611311350182 70.15851411766441
3.5678716260206245 42.772339027416464
47.91526906001018 19.370933642260102
86.8022526213174 27.798028665209962
70.96594797655 65.16544588853743
67.95367376591369 23.55915741953398
22.55175824903972 41.269895769978724
32.98492174753191 65.73402154875639
49.01380857144356 16.239308754976346
82.25232712157036 9.063589826602659
74.1312222970324 4.103143848033531
20.196447643647254 62.22163304674929
24.163533832561523 63.46233462945374
80.84558838916972 55.12934972466942
55.359114971762125 84.8519691219352
36.30516674658645 90.56783047712558
28.973168850893927 53.36708354962344
42.15714636643043 10.777590232161982
81.17384152415727 62.458174080544204
45.321827282798886 42.37728593783396
85.4542925856099 64.74656235605107
80.55391539703109 27.114733276996393
71.79444382325853 65.70172279874976
8.144318439918163 75.50336365579979
93.10113684523918 17.135520290607875
43.449800181140496 14.12029923781125
7.6490623317473805 16.01521953063919
53.57624884637109 83.57785563178965
57.582834275534076 66.31845206946771
84.89474213035741 26.62557947681806
82.23272077787766 29.746228582948252
4.989013386511698 92.0977061137687
33.12577950334327 41.513717544260274
48.254817327932464 47.14506591922461
87.6170617688297 60.86719856838884
60.46902282929303 10.607893187417961
66.058802562383 46.403444058694745
72.02682777973857 87.33030173870155
33.32048098087543 80.5257613901613
16.154539778800892 23.843498571698806
66.52848101390357 61.70010452432047
83.13596369255912 26.327375446957348
35.68442340770758 91.7261663582094
99.2216254298989 38.93866983343719
30.327048569346992 0.7952911619168668
8.748383168494833 91.1164267600717
49.44561290858549 82.96280918045852
38.64332468232268 51.59348179036365
93.78807412103248 87.62511449993676
18.666406821828975 19.19540487085779
58.71820683186889 25.899733008247082
50.380876530699936 21.400838671415457
58.733595172562104 31.089813291234726
48.8826844728623 2.1334160685999803
59.029941520486574 29.760667157888744
9.72925216155145 25.314773897490184
45.4587374656131 42.42368883017661
58.04678642668043 54.72889087793335
26.743800282617357 94.05454702210228
17.35979458787037 35.41542939510751
58.72019091853148 3.186551599709053
76.20759023293444 73.15425294285325
72.74274638899215 30.28034045417556
36.14603090238725 38.305518870626166
47.98188315867312 42.338921153033496
32.24943128499669 62.18172710628065
26.529760831332826 71.46896694603507
72.09001792096844 73.96878250337767
72.54215166362299 33.17424423001674
33.08582093863364 46.19142639790949
99.54901533564036 44.7572069528009
62.628405573985525 3.266026385776577
86.0029783360362 35.090545754372016
47.020066874126584 99.3479319192893
47.09948089058019 42.4420573809641
44.1095121086306 46.52489743864708
75.66337348318419 32.99525555888827
0.15516448162334884 95.45104901530719
51.82355674868664 24.761874895915824
51.97020097981399 82.91861208528644
16.556587879743144 73.66434909873729
25.200735871532352 19.956923019211594
85.27580840405624 39.96950005531302
91.22795654844663 96.15849576810405
80.22173177748628 34.904387687302986
82.5418583158238 9.2358075119383
5.6721118421591115 51.36318577730001
80.62766808377873 36.702079984622095
85.1002090688873 83.82167459520244
18.80288932930626 43.006550993701154
17.58047263295437 15.940187516117488
87.09995208933465 58.330148352175534
8.98078993196062 13.45129067859563
17.878615315315106 93.33344573852158
62.59462956262368 98.79754689726383
82.52598630831707 15.879666942113236
67.06488585266332 96.96568269123244
97.20782595946385 20.57555936733776
54.22729348630233 66.18514451512046
9.74353525608701 84.34883346707164
18.827310199760227 22.238259934030868
31.967574620908845 94.92515239717918
64.01542635124791 95.02986733483371
48.23525786692431 33.498553465384276
64.8921247419648 50.14407694340394
47.41618422670078 26.695584266551265
7.899279104211376 95.89509372616395
47.48990441758969 45.48408465376307
91.57543407989934 1.7510425067647994
91.94912942284078 24.5046513523551
52.04815683251688 83.27369042441273
0.6047825838017773 22.24676911585467
