517
70.44554329149013 45.34315110979218
86.55010716496304 29.113540810061156
42.19608823763578 64.85874754657262
70.68973962969348 28.572975009416457
67.94737911265098 56.56368259167054
74.02264001313678 89.51421803780335
67.25064611302092 15.229279464973633
25.368706210748048 69.69959007468422
99.43813683818836 40.927952810090254
62.93541777074212 66.05411379042452
48.12752875928229 60.07893582077038
83.6443426896033 46.0136892945916
95.92515742026498 23.637202891164588
55.25918440383551 89.58819844571096
70.85592151028379 53.77247679395622
79.82619324518978 18.23782062554863
73.385980857407 28.511840154750377
12.720523175497267 50.82874226779537
33.140502920452654 5.02389163915522
45.89306207094308 78.56248501644747
49.21753511736655 90.78123530677787
20.426531770406854 63.352612242081975
99.28860931206349 84.02728758305044
40.61470773390954 97.9762774358736
51.81644601098686 65.14975361383242
96.87668531982389 33.89974870873708
96.76970648697997 98.72566799528006
60.39377425991863 7.415515231999404
82.00582508762422 0.7854463871937889
77.86601115534982 36.88284389374663
30.936961049921063 25.306748449106596
58.51133733090277 11.756547480512392
82.21001617432711 86.90822916676059
83.24710253520117 91.35978988211885
56.327548461243204 23.463804675461365
88.87164524001511 50.64441371988142
50.844175045437154 37.698459249234354
35.713042135568664 14.258058625143377
89.10198087164383 88.68819168988122
14.00012610545599 72.12451058691026
80.41896913745079 50.3045087599756
41.64680814288722 62.488754493696305
21.33414513656313 84.5298801450209
65.54004110787324 94.36929730295974
45.54623080994061 44.66045004281274
38.80014510494535 41.11268901070202
80.48218351384494 26.482920185232437
46.028814304108735 71.10798971230001
16.50089317601321 48.90586839433752
23.793843173643104 15.399584047116754
62.92726835932483 21.92003299042803
87.6676053231116 3.307689886932619
45.06003565101091 36.16720972765487
25.04402259861053 35.04407948406446
22.747016855713266 2.3839116905500224
48.11357736899529 83.79951894426637
25.031660494662567 88.93279127758792
43.41888067364488 78.33496989372493
23.46863975324901 16.43106964573534
62.30726725823816 48.10461912616092
51.85075472211149 37.935812862698704
62.506020123146385 40.410887178186364
12.55257541500674 20.862237106467894
95.30908016166838 37.052368916520216
49.51325540665922 34.963348438392494
60.60512050733564 40.13322709811863
99.96063984686577 72.13439520833103
84.26983447503525 25.883411936467247
68.52463124228161 97.59702528134963
68.32384587965309 69.75067572573734
52.54890831687581 38.02954693995785
68.85583139357281 1.3994399544495884
85.6242076457524 62.03151688034091
68.04274750093909 62.4456670568484
69.8387410707282 55.817898578493654
8.352166931110084 82.46889534760797
10.572076184662505 63.826396641716
91.5112538808635 58.6209196483314
56.405203077700236 67.7445474462602
99.69564290035765 87.57902255333332
12.282275339617932 17.486491068837662
20.677546261577607 36.140310353304464
62.00099871429367 73.54715326950895
85.08646662186862 78.18008069825687
6.229453852957178 31.651680321653842
43.36120167961101 77.55585926418833
12.232599357327578 92.38164982256693
49.162046626152666 75.93652013471028
72.98996784610674 73.88639443634138
98.81485802257328 60.89665153943924
87.19506443955294 90.45882201582695
40.849348886152306 88.13151264464115
92.41059413575937 84.02178802460605
98.2728626875392 19.831481173661203
39.13569897278365 59.844284907700796
77.29645468900051 85.47885451628994
8.717274624760286 42.58941715914394
34.10069863058459 79.61157205692709
69.6535218631894 66.15164727066525
30.066619776828894 96.20046810106724
30.22265252057299 56.707269087189026
23.04238729338588 10.14173771064807
70.12659773058249 12.80456530550078
93.82047119931528 7.052528196244179
44.9004859278295 97.36341883986321
11.841543860605785 13.709925201419837
36.91322575944005 2.0112125739985887
92.14904859559536 54.90595924587769
8.972335965039024 62.26888999203592
4.02786040029307 32.03300586375023
96.91963031738986 62.54651150832573
80.28306743014342 37.90960942146384
57.04877033679927 56.25825987195169
20.22686233672171 40.958450234443745
59.38513917028801 37.702891705617816
7.674030649632235 52.074505127133165
30.85627703799947 17.81830461633167
40.285197318351926 88.03848419778329
4.251680154509929 60.94294919597859
65.99170008634393 68.73581594725862
12.87305652897366 87.30042480723617
38.68782415701014 96.55203566969448
45.551202047824255 23.39162474255788
53.64088379229038 89.20104730739266
37.42802208850491 46.898427392122684
89.29179802840964 46.87437940918679
1.1172136503663554 84.93620386538346
50.348857413102785 80.25148310452307
42.59363496590277 23.234717329241082
93.97304038084137 5.587364607475087
21.908406310175323 66.4983208245319
30.098349327963202 81.04423007154904
25.023043599119067 70.97042578964032
69.48676576590371 17.313458561350494
54.33493543645594 65.69343840215245
19.910908112702042 73.23856694319822
98.65289727453859 67.1871453507287
66.28882943472208 10.684536689215973
51.97859499878133 97.60867539974441
73.82720966851757 41.40493832278096
81.08808459566825 40.20658749575195
45.87538500893184 68.97764041154088
69.71321092013478 40.68625919989795
7.610264244511066 12.743547462787596
93.30743111979633 41.49857104675131
83.41133504720165 39.897548063759515
78.77472107462657 70.18070487618968
78.26489342073295 19.035820373316536
83.86494298629276 57.01066426045133
36.53066576077987 98.51334072028841
33.34247682084737 44.42577401707243
64.1250379889069 29.28487873505159
60.0572611128439 55.91146541024711
27.757066638612038 86.5068703079285
25.78157814838655 62.75310231301713
87.79080995872087 24.19386991812633
96.75883658808606 61.92130302244308
25.94589239105396 25.68390162752676
17.251537260722916 29.736569396274614
76.78403705825757 87.01524931622504
79.38753859945791 10.866327588271263
55.77407395385423 21.88943196311266
84.54642908245165 82.97794121921837
53.58737102080756 48.836416824430316
78.13897266552343 64.51027687223129
97.56608926813351 69.91316682699117
28.57529521442801 64.56841763341446
25.119139548894232 29.702650779117935
12.265642852589165 10.99941284834035
70.6337780586857 8.687658564938127
54.95970273897646 71.77927680132214
57.432549463040615 83.36582152864274
71.09298811633258 21.947594424058213
83.5560502209258 44.48610216429915
99.42837270142493 89.05058117625337
50.81046934734083 17.280550788570594
91.96695901399407 76.06546847349355
85.83172703819861 48.40061720982535
5.748269220798252 5.967801532325123
6.6845007632730935 40.9741315125398
76.01713127078533 62.58512975747792
55.10602236733223 33.747435254162596
90.57021614351383 81.45715810064348
57.31331434310059 28.110801693605538
35.176089557844534 66.15216594473647
69.80868576075316 23.56626886950417
21.12484330086287 75.52460818777782
44.38383015331154 18.938150144544842
61.6506011644676 83.03805730965817
83.30022358168661 31.16037149825094
27.824873649957404 89.7980919555926
62.38687777084672 36.335688098395345
12.589175025970857 67.01737063396716
77.7583604677578 2.3769871204851745
53.846709502990066 71.4679547025929
91.14282059574614 4.998625107946342
81.30813088542887 68.99042912173076
12.890716512702882 66.83521320905028
79.79178229279484 71.38417277206298
57.92666943813289 19.435763591411693
43.167274580288236 23.460280463350912
19.976590369112746 19.58200439966128
72.56821545739376 9.923588950738027
89.26063116754354 51.80503874204787
36.99841973284518 29.957473982176698
37.86774600011559 96.50095869356107
26.153163825178748 49.88140975314946
32.61927488619126 82.42711582496554
6.802836887493946 40.30624007634519
68.6356161388718 63.54708964759872
86.10326256692524 66.77859390815686
56.39965949138943 61.3705862099156
81.87550364717617 77.57083323439605
44.367246213301584 3.647310590855668
9.925511602123759 62.423454048988624
89.89491034755795 73.46451419768306
47.819000624236885 28.146770077188688
98.23524948984208 17.997196269992642
98.82524433270223 93.59804284561439
11.936958374142703 81.32581717380016
97.35806143991897 65.47692874312942
93.55239649851367 25.80470769567619
64.96381373616359 53.464687745329186
76.14256150933856 36.64708383616965
92.87609522753203 60.74323017622647
43.91642214056747 40.281782232406
81.64596752331299 93.38364298157161
15.334814788043637 51.30803151201617
87.12671522207603 18.499283172376813
93.59190447691971 40.50621201462652
71.07997341319273 45.02733265650642
21.702828158712638 55.17244679670563
50.601376889884776 9.634875829054534
24.43986399140372 72.87181643720774
4.718285804412026 20.230774272575214
97.8357908243937 38.88573151120278
84.79391160573918 82.00715235826121
95.63734181064937 89.7203966553546
12.571042958076816 26.16493198501998
36.63162598252826 19.11462537431996
73.61590355728929 15.9787901378299
59.87792782902262 58.82008426194161
18.92559611030029 92.97678377242184
19.73713058215679 87.8667568958007
96.06724045299109 57.0882789547725
85.91924125843506 84.2383679281496
11.442166238250518 39.77714043401609
32.19473065788387 50.57414094854108
31.898299701868225 93.45831348072836
91.01293446845052 14.249682705972743
90.10255665873339 89.44080153728868
69.61768961745804 13.733529563805524
12.361209561390163 97.86590907831496
44.973172962974786 60.45730729581772
34.35340167743007 34.44316625341911
82.30780229441464 92.9560107796727
91.97015991053189 35.35126230210508
50.322145475077015 86.82473474440512
97.46014084403427 44.822058003320166
55.13566277254671 81.24183830609198
98.42244122982581 35.423549098417176
13.224670023940721 44.054537086171294
68.54135974961245 36.154647916337105
9.718070322229512 98.73736964830245
76.35401804062329 61.493050482378784
67.9625866969179 9.924207703717391
72.68173282122369 21.672126826303884
84.73911143373246 6.882559159591761
19.40059827596967 24.231040546648906
51.48880991386983 5.159404981491001
88.27022027937441 33.3775940996541
47.44698244038251 34.97153408330952
79.23049985650769 6.226482467680727
27.476140758914013 6.781247119967338
92.17632298375325 76.19144291123541
16.033574085763558 76.89250432804448
39.314467118882256 71.84991858944271
63.25403429078733 81.93357631403546
60.369270588702925 2.7278206751311873
23.879437612408914 64.84700782245652
49.67537635763458 23.188256018074473
99.3657063993808 11.071409423763445
24.376494057924745 15.961528623038824
89.71393709798181 95.29166888174417
12.38543653523192 87.31128957422018
24.867000229880322 93.12341662397831
0.989377392056412 69.16065070960731
43.70795659458142 69.8953566391577
45.817919101709535 4.617338819599448
54.55126068698435 18.84865379413505
26.679088698929686 0.8270760872800431
45.107062200581204 22.834847920957035
91.0732875836496 46.114271289898134
5.673932557813344 17.58907158204487
97.19231133396346 92.84201662092515
43.87969199856797 74.80597901250235
9.8948892593702 80.38543654688671
60.64352115937491 53.396795689041696
94.28751478104626 0.8311712195168242
22.92677764527653 82.0355656489714
39.330202413385464 43.83852548668844
33.49117506433015 34.78274566165784
45.519986852461344 75.50755844214778
94.41729614671762 46.300241835778
20.553947852581256 19.117637306658587
66.71698574651806 94.44280453780756
14.387266751200023 11.985507965521391
11.880616364047969 87.523585727945
11.3896241065079 81.20375745183692
11.476691707292542 82.94074038207336
56.97248048612542 52.081283117094834
51.354382520725274 32.38399972611651
35.145116740037764 25.167024418061644
83.75724023545065 34.40434124507963
13.527075872865634 54.22004089134551
67.80071115058736 62.248969272218325
87.26208280254801 33.032438500580376
16.54207580480812 37.11790061189134
9.87514905185456 57.79583419660125
45.31017061630316 68.14794280359881
72.13297179509587 29.498345588484753
6.5400477287024135 74.2317407289411
45.86792468128673 15.578746793123532
15.370544670326524 89.26442131966516
74.04119416290726 5.6585219509742934
92.94346857876872 16.53789396377946
40.47074547088745 51.801811900412666
60.85153019743041 28.747320783832777
9.117952990137823 16.61240802918401
43.064257988658895 3.341761966655765
8.348985107452577 97.26586657435598
7.100359908921716 65.64827145492931
62.977869495412286 56.151303393944794
66.23772743562817 6.982208091782194
92.11041434857756 23.253745463378817
27.97453578475687 44.64503940735953
52.5214844548136 66.41471647417502
11.469254472916612 28.086516417875163
48.23945330975461 61.94513508621669
8.24643155169682 36.59879586390728
46.574269173247586 42.46919487346188
69.3799181539073 70.40004927666047
12.440309780725844 88.78491983636374
1.6397153194424918 37.26772635097346
86.45118802112506 75.49622615684633
78.96647113660912 71.79402327333541
45.70823334905327 80.09485382524089
73.79846179769534 31.841272766611883
47.27698926184418 10.97405270990407
50.088135064370384 73.1119793976607
22.99267608037293 62.239311295772424
11.44590766901561 84.65651908692244
43.843501637427174 87.64798970316774
80.65626919256125 90.89017968869246
93.07518684918871 96.0145869507247
77.19976611774926 16.161847022808296
75.56151707284918 7.6117091106865935
75.46143944857653 69.79684307694943
31.512887185517236 16.760990881076676
57.66025079936819 76.52019215141023
44.83825216665007 75.23635525010222
94.8949783055703 86.48412163768994
15.15734837613616 16.95232966727165
84.96626870555644 66.46714112980546
69.62362524965009 66.08396361979084
33.16334632927822 85.23748483984562
22.755512843072857 53.112821784039795
42.727318766421696 17.495246565755053
19.94562380118691 69.0445340999063
20.8025910624988 70.14940102755475
12.403611227888678 53.863798259920074
60.28139221158217 75.1183651525735
94.63858928951987 31.001134945927433
57.55698012873059 64.67459630835855
96.95602433080612 22.92714681207677
66.04513097415722 58.625833327360034
44.46822900896653 6.434401488704788
77.16358296683059 13.34944549237842
63.97008366991251 7.385699297451021
47.80924021405691 31.38248608569998
5.593131430887488 21.655052308725143
95.02220578261546 35.67423910218923
89.84437388533702 52.19534026376531
63.77472180196341 3.5882565765530505
88.27592277618169 62.42389720022531
10.074914975896865 76.15767007172826
94.54003564088183 86.73985416752001
29.70667712447421 45.2654556348361
93.31131331414197 78.98385378148508
4.40261728758895 69.25346768053579
18.82767513426157 11.81663298130018
97.4408991830502 7.116942780039648
93.82198685974566 70.72227407302556
52.99606351311922 21.572103043953106
93.08048628441605 71.26593769278887
52.02594245843597 36.482705772574676
16.48418534367375 13.962304017327154
69.31235128981761 13.62545790013363
95.26902759159633 71.73349882288255
31.768184401352816 2.9664568935867552
21.22572687718476 73.42072118024544
54.9680202312704 74.11544683504393
27.326619969353384 44.87774493362158
17.97424112977343 41.66897900199979
81.4888683743919 3.3035518253510254
45.114426528199814 75.90134863148285
46.01987701961418 48.75021629802846
3.7146761773713455 9.823586260054451
20.61818315705658 58.81706986671902
78.2360350152874 81.42748301059653
87.19132037961583 85.59435152647238
46.074787773140436 70.8618056163301
61.51030427594457 30.378734506848204
25.297898899452097 65.23406822696244
16.007510361478626 52.94057643568818
86.04073110232478 46.32660845792718
72.37546416735424 81.20893814283234
36.5949845224896 33.978526545391006
6.487992544579013 90.3939978262257
15.549069210865774 15.066641768135657
28.022212212535724 47.71183147197778
41.68023719039119 52.85553091001618
68.45084250696351 15.839924252907988
98.96317031139179 55.049839118102554
9.874780453255482 68.15858455466172
36.98507428022372 50.74948925068967
74.80848184618478 15.44201224454259
20.3637195349746 2.951289566858273
83.75313087859197 74.7669289197817
94.61714654897862 54.347304470447476
55.04221495192931 85.86346777398711
1.4704027983318602 69.009250837188
49.77556547276344 0.2638909938710521
79.79490307852255 0.19944091175378986
95.56215722555018 30.719536563423823
58.75684199265605 6.614168026485434
99.18337877043093 49.36519612167248
84.2645785506813 60.41409536701712
22.833454529697583 91.23010241278254
74.89023397955582 46.354223320269924
36.896050305149764 67.3690459855773
5.841820543639065 9.402444091632233
1.3238257520084562 25.805082159931114
80.61969752242932 60.758560013197815
67.43009638480486 62.83997526062481
42.268864344749105 92.72776932334492
6.918781759995351 72.57376330361627
14.461775321617566 57.734244783419456
55.40476040680181 47.82786640490811
55.89253498887119 30.58492819904357
64.02493868264547 40.6122574908103
27.144658487828522 77.88189203962372
44.95703791546557 2.6428446631855174
61.92980418813786 62.84386331934313
6.121161082382476 58.88255147960307
97.87758712478511 73.73533080915705
18.083591578237513 71.17104588282443
22.650569415830734 39.184526800595584
48.01363181448038 13.797999433302543
89.39504444259279 66.33607364276514
23.89978927529659 58.829814118788114
93.36202773716418 85.01603779521987
84.53740439697114 80.16928038752229
8.438116142575879 8.416599019844263
43.95349206943197 70.98609732834122
80.80130766675843 63.37084289114474
41.818176331121805 67.88604992587764
48.66912814591126 23.97201355775155
24.21496109555392 13.054649674448736
51.13982817050227 34.36278539483709
94.32872157276074 79.57829612680196
76.95361894385272 2.1226032194676003
58.42411761329348 47.516002441066206
53.05752469759402 25.358113088151633
78.67613370870914 88.82195959821819
26.527181788947708 30.495960087982365
32.542719130827045 92.76357985727415
11.909141798125678 18.879620962618905
39.1240351245267 9.196378890711344
56.66209196476195 76.54632268065929
82.99744237702099 34.451189049272394
41.033649683635666 59.34173091136935
11.251717984755183 51.879831521450136
70.11020715115397 90.89776387231635
50.78670105880361 40.996067869888094
70.99080463037457 58.827363071481855
87.63783177637518 65.32871245782391
13.723323408396737 78.47568149840451
92.56649444808258 79.63355389414323
71.70320786809927 85.22166313715054
70.69533663988274 77.35485786203623
52.914254075333446 13.535223139564756
83.63660748487347 58.533425535256555
73.05535344140233 98.84294309857637
7.277230100760546 56.319265398759555
75.54009860118727 30.84613873089086
85.13587877018458 9.92463937495267
37.6637986225113 89.52155077851236
1.011605992818565 64.94651433864084
27.26862266742086 92.85706975156197
22.316865263791207 49.826391321234865
15.797329276347494 33.05203166945849
9.686581529140648 38.41958891348673
68.6845208657139 32.91275866194978
45.70694821981307 87.95162046176411
86.33605061554509 66.68587526643594
57.93584296470221 69.27200160774252
57.30725973897992 46.80226087513179
92.21554778512396 50.82387322588867
89.0200546616551 76.2251155209758
46.68207185598129 10.11624321022876
96.77426792857118 67.55192300981643
0.14005730971652364 22.097714987382812
55.2081939458957 36.86438642216952
11.031024979351168 84.01553943256215
14.453944135685571 54.543953658347434
32.427573110247366 93.33797931319275
