591
53.68107696930752 57.10244948734632
36.43284058729521 96.6973931055909
1.9948869819141235 10.72477100858662
63.35399778140399 88.51878890999984
45.73119449611281 93.07241499228239
99.15782242322703 41.75433209795898
23.792012352097313 39.25058488375947
32.30620233948669 14.891785347260921
12.199503526996057 7.469287435066329
7.7705826056005955 50.04419374541405
49.12275533146923 59.74256618803493
91.0281176407947 35.64588417496207
92.14164871974093 7.5305325164117365
38.24675884926828 59.823718497376674
71.39872053965487 92.34162036952856
96.8516500264655 80.10185980337374
57.72685948498203 93.24329065591114
60.32881069387699 45.2055424198727
21.009333321522107 52.54338595864766
71.44624569683175 9.499126701516246
52.45596204560514 51.42853603415881
77.29687934709335 60.69015501937436
25.56298647206078 65.73833140539656
86.10217682520594 96.08244130682367
82.8259991641263 50.84507193382832
15.028502154464396 38.29713222684229
66.57306284418037 41.83880767378712
5.066684222136841 17.812028670642967
77.77295977137064 2.213008225070545
8.254969649999444 60.96777203776913
98.34834170834266 88.50983157635817
12.25927269254351 88.43080829384513
1.4952786730783485 34.36094663634557
9.918091293304554 5.435749984116045
21.455487042611566 8.90326346168332
84.76897602249662 12.374093832060051
37.39378282544031 19.1525865173385
12.030509526221367 4.705036119578021
7.520200417511447 43.12397779905607
59.54392784971883 23.708299538587575
7.677778177642169 41.995521115755295
19.44747080196889 29.422456428542443
69.38992169695531 23.708198267009806
35.51072290736214 86.66606595158038
3.8670413157598227 46.42894778843518
65.14377735640625 40.60910947055413
31.370924530449372 77.10604226629334
95.5189151432181 99.04019774421758
37.3939315572701 55.464579793777915
64.03347203894896 33.95237796194277
23.954949087415034 80.56927412808464
88.97313564994896 39.17028464309921
84.1393830469785 55.20407171953743
48.5474139425295 93.832265471192
49.583478142494165 1.2549875075123507
53.8071541600873 51.53628823909706
34.70090682978736 61.37997960448974
15.834239875783895 2.209371424768136
50.66672241768716 16.15226631175738
92.80656807066082 68.94297508974975
1.1176860464257032 8.97182200547062
25.234100166767305 29.932654024790228
59.09588092569952 7.9919766442852485
5.027300152563918 52.46944196739746
54.78794717006262 79.7242762265164
3.4134864853771485 23.561808306543707
84.09412310844844 81.69659502393674
40.62542249240325 6.378957101083282
56.521538916509364 13.461139659142562
1.7014138662218792 95.14625405996678
27.38844559627228 60.3980175619805
89.89723851994819 62.441331643827894
71.95509117917935 18.027456041211842
39.396119412759944 31.613553328026622
82.88320892154954 43.07972440054596
32.74133411856525 56.53557603887498
10.326889238862725 82.48046854887107
67.25420769109745 96.0620752904829
89.68536894358692 22.170475755590203
92.36998608147637 71.57858824372227
94.26812357254445 61.526790931454514
25.78682999707569 89.298372894025
25.07644433648062 63.35728624435417
20.39115019020391 11.038300199556906
36.380679071403996 86.91536537274668
35.94162407214046 19.68667349059302
85.05433237327303 6.0500244841527495
56.253066468483894 28.286586078920163
35.92595937429436 22.055166276842776
82.04002009875656 43.340764596218506
45.86200794284968 97.01850427870482
56.33295055475121 38.72211174200957
21.280663634496467 3.8786584775355237
74.28664242741182 3.8556284605220648
44.45856248090044 47.7790650720483
73.56097619093674 45.997540313273134
8.010859198248498 11.35700532037206
18.74109682533448 52.65352157413218
7.646838337541661 55.056606412448474
55.73360766280313 62.9581256236016
32.072129501740754 30.315859827057245
37.245920804430824 56.56361099820051
52.48495276633116 2.701961839318945
71.18922501597898 88.43943555029469
93.82982566142026 74.90439459293337
71.95540073690832 65.9131666264371
13.221906974110265 11.840617926672103
27.23488873885972 93.08003668463289
46.551416307732396 43.60050172557297
40.48172577917166 98.6666596931293
72.38205495812676 22.544393821347352
6.4977521655552595 69.74149055815766
95.14784498739228 34.25615212473067
20.87171115930724 54.311550701449754
85.7554856416504 33.6253370993398
25.58358298925566 31.586072019215827
70.82293227535055 47.42030284789047
49.353804968584654 37.79863911547231
39.57553551891411 87.8911589731777
39.4597827530259 18.251718000546013
12.544363860925234 44.51084504231899
18.94389839501709 84.61264150788901
44.93154544567708 61.90375112888652
62.1631156112666 27.057272194536676
11.287540489242353 67.97975778530781
43.34606641743597 11.108695019993519
28.97998839496453 35.18837737887869
77.76258003677007 4.1338915015053495
36.06370461127659 95.49737295329442
82.01754415243313 68.48740165805461
23.059039985429308 93.43226837091208
22.86254532922518 52.780109472221085
45.24459945803632 61.22868842281809
59.088244989858794 73.61338390162715
57.418762740410976 22.46333004708938
5.058461135713577 60.34750024143437
45.11579146129213 7.809388673266582
6.634321735843041 2.418718514133933
30.830924676908143 43.077644708852944
33.99757913358358 89.28034659254526
88.30088365736347 61.8292695681785
7.43920161443784 11.930771379911631
26.367944753039684 9.691833828326256
49.8689877234918 24.33736889448359
97.60416711365136 12.030957762853124
72.5436532674063 67.63046585327271
89.98597352875711 10.629961089119677
68.04436985075073 37.99971005148526
48.84513209020789 5.902228866579218
21.63569902338803 67.32867434679247
57.387523510654326 69.40895585993233
39.19367346835602 41.779170531765864
17.1016601844155 57.61359642740443
22.846636172878277 5.804711764578164
10.944179915515484 63.43396288232628
81.28049169715598 85.79910881170915
85.01761306587228 55.171726663705776
50.6559203676914 77.44292939274013
28.667525886007073 74.43090070461167
81.59804320061093 48.73936125206569
73.3773180301483 99.69755506336654
26.936940486523277 72.61207452132233
48.18217209500069 22.472663761146183
6.725122406534812 13.368261479002685
50.871840165582746 47.28120426095964
29.29402957852656 14.990240514143437
83.8315253298997 10.355079189853633
47.833164483015366 57.75384499653299
55.78455028072297 98.96700412922176
99.17495704404608 75.11461630835721
28.177060095153074 60.100325084552786
58.08336647001195 20.20953212318224
67.74127766286351 35.170470803516174
81.76669595260407 9.3612970478825
60.44482447283877 96.42221999350986
44.46651298990677 95.30053347237855
26.691464040444757 72.39842606786866
72.19975746297129 95.3834953001762
34.959434736982885 66.0672418767014
17.321391959623778 89.68938285509968
68.93272212007504 34.8118237087928
83.90337599658913 18.412370261149714
3.3306433266821367 28.26779329149445
94.37866295900136 54.55578634857719
76.52119672301058 65.62120981007048
13.431460677892193 3.4618008029651093
98.42660755139606 70.05425356976032
65.99512837374945 33.1693970967421
71.40446691407891 98.88759792437172
83.3726607283185 64.32145759856277
20.675511871943087 0.6008812778618533
21.638469110546097 77.17251551437167
68.24456064261469 50.02446892852477
76.92281878397593 79.6814670909834
72.37793764211786 48.576131096077226
24.7612749252474 14.917199962257065
79.31519119120475 28.114440194572122
60.807719063006694 37.17834860971463
94.07042994199998 40.81873123553152
34.10568313830614 34.45700113278838
50.17170829106799 79.7084973877543
67.62899997905801 62.43328895137537
72.71951205420393 18.5208752480995
15.958380963660879 74.76129180842042
58.018357094845065 15.190899226183841
28.170313111987298 73.30128782484083
37.9191241307086 68.755348100723
15.280692228787519 64.22109412372173
6.855574121384034 56.48079520961119
92.95726029442972 90.89149197511301
94.04056385354028 97.82363665295792
79.75551670854747 98.31797457083039
13.900381463432787 92.7785499598437
81.6014516081586 18.611858197423892
3.2404717842964614 49.244889914016476
39.345096124570155 87.90355539339143
97.93426355488472 18.11136720667402
43.1123696582769 63.40955039205378
68.21584563293665 6.382964063233798
97.83810511783429 62.883386191094715
75.69802975388401 96.80374229044297
15.858119453988028 32.87789632201351
8.748494102615856 17.78021001287906
4.871221496008693 38.67856268182042
59.811910104888774 59.663869633429435
4.358507112388754 42.36999047030155
72.66586587016175 50.612702230051795
18.540003653406778 70.59793379218085
20.618301870414935 29.555825231843038
94.76220698477681 61.57558009127661
7.784167138177467 68.8284239671284
5.145386461476353 19.394476538690565
42.824784200829846 98.23099094603036
8.21653569095907 28.75131620021859
49.31472640168428 37.99985783321702
52.568216244954115 36.20525696723293
75.2737269328321 62.039618409169805
13.492858703962419 65.04861961381758
99.42949530909195 1.6409949566185689
79.14211348027858 82.67051256575289
11.905837875458115 81.51083570818773
49.742147435345274 34.8331454158856
25.876307087458738 32.53535028340843
29.991921647544274 65.84721519135164
61.35995166683743 76.91639318822077
15.733306996002561 9.260194118082643
75.52382387329448 82.87861478986697
83.92182532490713 11.522135107480514
42.11654916544961 5.892767090274564
9.667232506319278 78.14954587900618
48.02514542346648 54.249573118136006
12.090164654125623 87.88045296618893
49.68165070042391 72.57242223934853
83.64366922371947 14.040625286364516
23.8066159343473 47.241723714740424
87.14521872103458 48.580893731628095
11.575996005122525 34.726966132456546
74.27564596617184 43.157949123075745
40.74216144452828 19.189008620543866
44.590461049839824 26.558582956621823
75.44094795273902 98.90108921294839
28.12561923141296 44.79581454659882
80.60544448036099 49.20472157894491
6.2336689341630835 24.329935795682445
94.2628693762054 8.18280133486845
22.954034131454982 99.84988030480768
33.37848726191972 2.755036456131854
32.24347792810972 31.40197287309504
33.423507023585394 10.87699279867863
81.97575342746026 9.944891743062323
18.4742600393201 98.12758549482452
72.08162937562894 71.42981290593251
44.76263262141873 6.065394669987256
99.43002003148196 46.75835460412671
7.747636895207033 90.09431431280184
73.21560731331635 23.071716873892033
98.76282838755787 63.171612031501276
40.33556722879366 20.111240882361948
92.16837659982919 6.774489668321493
56.733462392846704 83.5408208565369
81.81379559713773 15.173181511906487
4.764739562092856 69.84057727978606
73.57875356686061 62.817980864702974
92.30166997588944 3.542923393320463
53.50027954763033 57.298613979400685
27.87386808583574 80.38274090257859
76.27072270479212 65.83630123852826
17.28549561832038 62.269494320265714
84.11994340644875 86.9181055996128
89.43273798103624 12.458056248052197
69.12785690634506 55.702442745463706
39.86073433221928 23.384367700509646
20.67118490471612 80.46775741228906
41.34383381833817 22.10528354455311
86.37117252418436 98.57133873450064
50.05117998724985 81.57618980804583
25.69697455611205 53.87445763112866
44.97201844343736 21.796431780222914
93.88343018243629 25.4287140071071
81.767006396261 65.10424368219525
53.989017364310264 53.40119832430202
19.128793255051747 43.981533381239636
70.3018408943704 20.120965363107057
67.40921081076611 82.22904007418987
90.43671978206568 63.841791392588966
48.21768125717273 50.0002215771798
43.876535028405186 0.32461803184503646
48.64438183072212 50.65353660400398
86.24913128720904 58.95886931770391
49.71964065056045 95.9583393941531
46.828007043988286 90.644071022681
4.241014134849463 87.97058356034366
77.1055478303227 58.75059229824691
68.7124500180544 95.0551339769537
89.54991989368077 8.605709004862728
53.14124444523145 25.26525273007163
81.5988187873929 78.0178136141232
79.43919927100032 63.961328889794125
93.93267652426341 3.849394137285045
10.333034595061863 45.01950168755422
26.974052561067097 90.88634367202778
58.74723569624712 8.580466896452698
30.43802327876266 66.46303041300958
71.92473810683786 98.17675488278446
50.91738968631477 84.6966274767587
63.73274677603488 97.21659835739072
98.1358621241564 29.938890073577507
63.86211354724129 16.612762739766662
11.887450818244316 32.60076965483817
61.62694168178236 87.83689753484968
59.69491064294774 79.32112948901108
38.06723195930426 4.55311145157955
88.2316652515771 2.709707995530375
81.21245435356124 64.56924217280209
28.83625903461191 57.535361379022845
0.5175210585786738 18.802003500177623
17.29516145475818 16.019283718670707
88.07269363249708 12.82107048626152
15.220182151729745 64.24290703446816
69.56048795496359 22.705293722305697
58.23098158777431 43.82264680824184
48.600403925401324 80.17608615198509
52.06333580061603 8.781037168503703
47.211983822121454 54.48780257001842
16.234168318347 56.47014498735692
50.89745441004682 16.583086351583333
84.1488654660789 36.27213162147055
89.0216891937915 35.588762012340744
83.08533956814424 91.36017464628581
18.01983700504547 50.6632669069996
4.741858635938523 65.76567047843129
88.70100413290655 77.86162390380508
16.356998371670993 51.837971282073426
45.07076933508978 57.50117202743942
27.336595127851957 91.58921003594561
58.05354234782344 50.66478155044833
8.179285866118658 19.311365844286875
77.66229546934703 76.1784716723946
23.573351846422362 1.5372972298011822
37.75362848222793 29.35484624522382
61.52042365239044 98.66014922568775
43.99677939072312 40.46266105956507
92.50712284476148 51.79056872077991
15.692683102368644 32.972666354577704
1.1208198570746952 65.3111342703185
55.36831124811364 82.93291201314813
31.71827581677841 88.83163605661018
2.9748835330513534 26.926573208234238
49.099242247155736 32.462313470713724
15.436180810429633 17.043352557201707
89.76196628438954 16.287634328536193
33.435281492226075 30.380734978140733
76.69933657219575 0.06650885396458639
74.81718177290833 29.925656331585515
13.995381450915756 99.24302861472648
23.579343507484573 22.682972040476823
90.23584082263069 75.55798582476702
0.6509384139340213 82.40727249940566
95.97312618920003 5.311579102590047
20.71469770380875 74.71463491666725
77.80773778099785 80.85655404717053
85.16072332919627 54.84619710794565
12.910984046630425 46.211291909163165
15.339758970726114 53.46332326179607
2.863370774837226 64.3257941397809
75.09479917059384 61.769887551469296
81.79603535690163 51.053552049188674
97.09462647744544 45.26308745916836
25.299860023139644 94.59827213093095
67.2892950605284 22.519747837174652
41.7383571665052 83.82389979420563
43.95975860266299 25.424484565007543
85.56794569841841 34.766832808965795
83.84817614753878 7.075199876616923
15.05712738972036 28.47233150163997
35.983289436198184 6.404014765996935
2.5767662377503275 65.32621703505711
29.857430050113454 11.225208569506862
93.19420659664611 84.3892279971439
0.6712048995402453 64.47156316962023
50.50346896817002 54.02511847981531
95.52734711749584 69.93649638010311
80.4972637545775 5.882821297048501
37.38965395007078 77.4963102696858
90.90555548833504 94.40927964610441
13.54372558890683 9.378853473203176
59.67148743063636 43.47991692528693
20.797796723388352 86.02800988107461
32.56975724506426 67.68885485224664
11.788851069471228 28.74189069300741
91.26549691455799 93.43300410019036
58.62529338978849 85.61986950508987
7.98920080387825 48.99058552687039
27.05793869123152 83.50616825369323
49.50981906717066 71.74324989447062
9.202710676797343 62.607232664442655
15.508213519433244 52.328320510441195
12.938033705080898 94.7583551051282
51.87872202965864 22.287879461764128
53.14577122065727 63.430323380782795
45.57150281025033 24.639233712382413
6.822098925350595 89.90543048821297
38.31788776179322 80.07992045225011
85.94575767231503 24.967183468056852
14.296106063892944 14.431987397663804
49.962565592744376 95.6108563700513
74.00614917961292 22.082918896854274
75.37275471486635 14.52588403596603
58.83776525995076 92.08878725679183
63.16660847212271 13.523802076669378
36.37529985097465 33.00230981405278
88.89159648396586 18.764898056420655
83.68667839158726 58.00155621424463
49.819349227407315 68.08819890663132
76.10972219005487 30.306615796793057
58.235908667261015 71.31979338054778
18.29738614901605 42.164129164144214
14.817682843333868 18.23694143689385
38.15214249292652 19.84295708825119
23.485167032237708 14.130560536655034
90.57683901327046 25.176014352555686
7.32603537020532 35.24846606222884
94.05466808450154 51.04412539067842
2.4183157736251015 77.72064417617005
4.004574638615899 56.382829177121394
14.814247778888422 61.72858078054849
1.1980311261373555 20.34154240211733
85.52787717385125 93.56848973538995
33.2642212028948 5.972842300097369
59.04720872266386 69.55777115415246
1.8576774261276685 71.56827655565986
98.36878338470717 87.25237840470048
96.42829742099028 5.045348492367651
70.50457270850937 91.0653928046515
23.87152007146107 96.48541410532266
18.58809853628295 57.558123714443376
38.701740357833295 42.14871647640312
72.95299311519793 71.82711912898701
98.0580216865517 31.43303693191847
81.48088116129229 82.418535374311
15.531944394708718 71.98034575037433
81.97353550194364 3.6303777564598794
38.09935786962709 46.145397124113515
56.39984637779557 38.870542285631394
38.34568668342603 69.20263830130614
42.58162539611964 44.600241063283555
99.46149242718077 92.35955758756107
13.280655923923312 93.98637929634543
52.45420702318941 62.159078743561736
34.018531404521056 82.11125500754683
64.53976535227866 34.36882724963428
72.33031319782907 62.871734515847734
17.296222424235385 58.9043927698888
4.566480207573775 97.92288097256659
48.99171104862076 32.14975656532546
22.892799488987016 70.47563804052801
15.582798389923525 0.7230702981779302
53.02098874592664 42.93160921028672
89.91777235721648 8.426143139564136
14.963384371598975 1.4909371232533997
9.914907553307106 25.930824261488418
32.332003306702404 79.23026553544086
37.35369207915129 7.385493480889826
50.44113022135293 97.36804162385214
45.668520580003204 30.579111622037324
85.22518642780523 69.4793464657876
76.6574354282087 60.72934887337461
52.536222505033216 81.5305397977942
24.30773336331049 58.71957236237024
41.12499424385505 26.53580559919977
84.67345830576778 33.002053854915026
55.44678699207361 64.1240443268021
80.85491865639848 90.28487361788332
28.45522362760622 56.49172569306102
5.761235135341658 91.74404740628755
25.824025980208564 70.7744848235254
5.342852413313404 62.16679314025648
38.791241496236175 70.07616358212445
33.035084021478966 45.31475724257912
9.936206046163253 91.65172653662196
72.74835265604924 87.31365777929541
66.300224401333 52.08367583734292
38.447018461974935 7.1455661349079325
23.097043083952286 69.2648381551487
75.08064798444846 27.637392872955402
2.563818503498716 24.357729434086018
3.808098769848267 32.89222642556946
90.86285899486639 94.00820182827506
74.22160060585078 21.254615344252624
98.7229515275543 61.9075189897282
56.46024289272904 2.776949095849046
60.532488661612646 46.25947400685848
22.09129445763103 41.97081412335307
61.66282083926665 37.67292580440338
32.833842121312564 48.30039367131953
54.94910978901131 96.05068721419883
54.28890616257873 47.928747728505904
5.491832312707312 78.17833794840239
22.394665105676804 86.08620542366542
76.9616707009474 48.78350448723672
95.20695607259708 64.60646173484169
49.229476620768786 54.60261080605019
91.63279708405713 84.47944713534194
68.3654903074576 64.61056040982061
3.525890248722907 22.574670747857496
38.103081217419145 38.35775102141768
99.7322092517823 76.36070343286333
89.8819453343637 79.79237175862292
64.44816155143829 29.29727226578258
87.63097213460229 57.782347105943735
58.96709228455118 76.36814610437565
13.733175399441688 68.38517348510032
70.77330107924644 70.12815214116657
33.21372120151131 90.05750237593904
80.96488638054565 61.69409334294588
46.560416944217806 46.71402949962642
61.09733103437905 17.30781616806437
90.2846074485492 7.326633351921153
61.48408753808181 24.061075099998163
75.8550168244785 7.496397145299993
44.512881399709734 36.40957418781105
9.512607871402622 54.16631492061315
44.329425401146814 24.26779657334166
91.94116753319486 52.080132586357365
47.89866663329493 98.12822926028815
80.502179202583 26.141585861118276
54.488835356694196 14.47869394801814
15.379313292568353 0.8609166214561759
62.050653991603646 43.39432519290851
77.80173428765413 83.88136763166088
65.80788584674005 71.74331656117381
96.81515545194618 60.381591855543824
16.503822198551777 71.32772840382997
54.772862154073444 89.5728689888328
17.53317704843741 54.92659782756082
93.4656318803207 96.82899522136915
64.16506200811301 88.78453349694614
41.46202166479497 99.96851124830013
91.65385634497761 80.5099743583891
5.033553087364339 88.15379105586312
47.0773809318807 64.65566400540675
39.596875093549585 28.180655810568446
14.918618430448305 40.34090605820815
35.63665624382676 89.54590651794985
35.67393571334701 4.713049361609967
29.125097083839258 55.12284072429679
44.55355344511243 2.1240609947862588
42.91728819107532 49.11715097606803
55.40966532154158 76.94248672614955
95.96427607377866 52.211805000231536
37.43741398324385 63.48049489109883
9.664402386100468 94.72106187841413
62.19161278633148 12.214631353141803
51.668215871445554 96.05222722651311
2.7906193643821076 67.10423720299606
12.760967214393792 13.76811468927912
40.79623019859886 53.43310960655224
61.28034627555727 80.93434664936989
36.06856735092497 38.37527959865652
92.425389390169 32.982080775889514
46.016607251508944 31.53559505352741
72.6710405358224 6.423644203263057
91.10095840069702 98.13512514182585
39.06595849885357 16.727124661696113
11.250915808488438 89.74833036504444
88.34181481726608 59.670248501995296
24.906757617846697 11.574329097289993
77.50850830090938 9.65719106978895
93.70389285251498 14.927342673932886
27.1837013752393 46.239581972014854
55.18931853349069 42.437792203453306
