544
39.79941283107284 60.145113155852236
21.217792904453624 59.61922819542779
57.510879366786796 60.90875463597858
67.4293662755141 75.85623226466107
25.873429820593408 18.46100122320433
92.10410984738732 81.95023705362556
79.50712891541052 37.00234910982315
61.180774073661325 82.71556317398722
21.008035951728342 97.0274598555449
80.28103314397993 62.37379144125581
55.29604926441664 16.968415006138205
43.341449534880184 90.90811280504465
26.84084695473723 38.66210380049069
81.13146165163496 72.8307751891682
79.5430470211416 4.287383718434745
40.15097212426411 25.413644582603247
72.87726851221508 66.13029930858147
49.97608258709093 14.68885864619991
88.94899465633989 80.43565518160413
34.5499988680325 34.58946593122846
50.328993978399225 96.10816399301864
5.514253707822403 99.13009626576907
15.061166852470064 20.572472428082968
48.113648010487154 54.86221803568586
39.717780793063625 22.4665743199984
74.11472592496288 55.57535438439255
46.94747127001276 21.9679746806821
40.10512772652856 50.712664102051185
97.92917290270594 49.62183859456755
57.33357061506914 21.09053948889008
34.731195414020824 89.95958330060772
58.45921557403664 25.49920431003263
16.228843322404597 54.50458466041357
47.40049172006544 41.79272111918893
65.81653652531627 85.73905077057583
91.66383229476992 23.885379379704
90.41103126770098 66.43002649807514
27.332497704303105 7.215780062503107
95.31774443611233 55.1994982676645
99.25490400146852 63.1540301089282
22.7792214472465 3.819205868247333
78.60177813072976 76.03160614995427
36.99287468379239 58.38971618524496
68.85237933131587 98.02371445402373
87.73118706669428 16.601062935191003
91.69819911713473 89.4278771080323
95.6825017334242 28.379907014522253
29.282919107588224 26.562470646399085
46.19244377943475 20.135449049952104
34.38066532880938 0.48669119215885015
56.07880423443598 96.0419621610586
53.36355048426944 15.047350410972493
29.803768428989784 7.392816641994571
2.40202743482113 86.88616873020145
37.2479357416196 26.662212921197504
37.17486982253545 96.66414921040878
17.997079497067368 71.60624945503403
79.5108312171441 37.72021483579242
34.045324618448994 45.138412646994695
25.171048551710896 49.78646562316978
45.87498082171471 27.102724062872795
97.12805787021593 49.07138310672049
62.45226703853063 35.46303066451942
1.8519346805804693 30.186061315013024
74.99141741791307 50.0132005829401
14.7504721561163 28.7503943358449
35.05873835958874 40.65700373323242
16.340661434372972 46.05931372014194
70.24152346493264 87.80503876926323
32.34063260646707 9.383422571919608
47.21021884843136 40.8262818561145
23.52959444252509 51.25485746723387
13.21976642298931 16.93283167170925
94.6642978049864 33.477516958985866
93.70650051270081 56.729222066054966
96.13190035843337 97.71779352127113
46.96376295887666 93.032815930989
55.080913104943996 26.14901444910981
78.09244488690908 26.712525013616716
53.414836589603595 73.59138023451541
37.215759077130286 32.6070876410981
20.424664152946757 80.33294180060938
28.045834715655115 81.63022787047476
7.89926079536889 24.578316234220598
56.40829389033218 11.085309004901179
49.522826261185685 19.067634724961767
2.973944175284937 74.36976284239427
91.9548558541367 26.50801807815143
26.961222255395366 90.80776826262385
58.327580471959564 56.769941496808016
34.90847733037372 48.75908006866451
8.383235341092698 88.57193092164614
63.65853322370103 91.9565191939416
86.0847376231067 70.56744484065052
55.528158107328196 22.218879219614372
23.580839816817367 88.8932950059473
1.955509255041632 42.63313865455507
27.34943362537806 57.45938637686583
34.02144685288177 36.50400585727183
32.97300150054995 13.472098494980555
82.38873527375029 80.56704559706121
3.8505705543773527 30.36586116182185
56.78094559377394 91.92203655788529
21.748321366479928 97.75041456479501
23.597672592774053 11.779975209874527
6.744847188374914 99.46473002365065
20.663584906117904 83.56626952318776
58.66529640186565 62.77853262430387
40.481955163064676 60.3666996759852
36.548146398327454 67.31742697718755
40.34568763589847 32.06858599807539
70.13321678193219 45.93687759179992
7.129895747867954 95.4244285368507
50.214574263655805 95.77313678210766
7.1272146843229915 17.04940562469579
8.396039750397522 24.148813810512205
36.03581870414333 4.546588278925778
87.16937574977351 58.85469828270078
43.08572940853351 88.7663413641654
76.06351216488319 22.6584086158779
91.71720263899394 37.94775874117394
50.26739785255438 26.712265889876985
52.68082647041808 21.521786125572216
76.24176294442564 90.1699315655322
81.72450235609791 43.10605179317729
35.72660493771805 49.23803537997965
75.83935974695486 96.41357150166556
62.297881848722504 14.963530289534276
27.424242889810223 13.570680594129803
12.316910319770757 17.43103939023517
56.93199316225601 95.61902507190537
54.46742298295707 45.286300851980386
51.685226487491654 7.986844738384535
36.11544627399995 89.59008110880032
93.18143177952003 65.14275360288119
40.57208468535614 10.662934914338084
38.0286965262665 27.03772773368064
73.46188585066018 69.88248922310856
21.853354748342767 77.1931502753214
64.6926485248609 4.704173573407111
65.99990421537022 22.841721122909597
75.69778214918698 69.62194805093725
91.95285201356525 35.40987025527301
10.117942488641585 75.87312736066686
49.600438762694345 61.300797113222124
39.057659898439226 45.4043135284277
38.66120505777678 42.09268202604963
31.407549711008276 0.41018556816534435
79.5924985711484 22.42231784495945
41.483811296301134 56.363667255766046
14.794244267246292 73.07914124836404
61.04184925216597 52.67071159968384
65.15403303221464 90.70413679428384
23.869559958831267 25.574879883268352
25.724141750662753 14.92191763520494
81.0028499055955 50.683551717300176
79.19615952741752 13.35657939348206
11.141006199403625 43.63443997705742
93.031454364685 99.64747346730066
63.210091088045374 81.6852891937204
75.39739794087103 74.63275681196751
48.151388352509926 69.44937972998898
54.788849662094904 48.88220103252866
58.904286635094685 36.541989005000374
21.992170292724943 90.50975550206093
57.72595183534926 53.663337491233456
8.836602497254542 7.804650850215344
74.22215389125911 44.20542924408631
84.11106697336415 37.71767879162461
54.75936330636556 95.97750960027463
75.17817870755944 10.51214410442064
2.1869392873679283 11.647827266392985
32.162231158079145 26.013107375268863
19.193570580302598 90.76121943609915
73.73002144354538 87.41274726121809
66.2581124408563 73.6997908999437
60.94679447378953 91.81311744359512
95.28558682716302 75.85439145218177
93.00644126914818 64.79171243374789
54.29862619919595 71.72668727105909
2.8670044237704806 10.493518634440068
71.92189951352995 7.460311660777908
99.52214111194625 2.6911368118783474
60.086049142403276 40.749646944654515
43.66404708541391 40.12060023313669
62.598323968874425 86.00765742318279
51.01372458846479 47.228655616194025
82.30066920083642 12.213635719117677
69.37029052707548 22.591786568265604
17.729176639780086 7.248033106967766
38.841633052680855 14.84149355608787
60.058378722967944 18.7878695336938
17.14161544031686 28.990218445933593
94.11520942994196 18.424006778496892
80.51860416789883 54.480917403317086
65.41650064391209 49.03952453306639
30.69379050582065 79.16077026518143
54.29964948980026 8.862523099594998
50.42429232398784 75.24875186236758
6.357437897683937 17.510149806799223
87.28334000357097 63.9467719204767
39.45448364333954 87.32179477485796
87.55873039177293 44.28724423105971
11.874547960683902 61.01532689531851
25.79167086844817 63.20055955928531
70.8331385271251 77.7674088552242
79.92520056131417 72.83685151490272
1.0193560655329281 45.70026868344858
7.111808623584636 60.400086615666915
4.94073081953561 63.99675904837218
6.295832140332347 27.179544393610634
78.3854299728905 27.454561411785072
49.41747072466518 26.638184272284516
31.64435310060043 80.42542218440397
20.9002130142227 32.31216575694894
48.942295305339876 71.79526721633235
39.43579055210383 58.55294642288239
28.79496052756796 45.17168844690945
93.75675615962808 41.018947198397996
62.6335527581259 61.55770815765015
32.75585524100572 8.18613530465081
56.28764098863645 26.412196340637273
76.77868433775149 70.35194234762933
37.70645309684567 1.8653901330751177
1.704065965614232 2.379964781334609
39.4406654338604 11.707395989296543
36.01271990712975 37.78382319601909
68.14089349798013 60.69448413385553
97.19890018291647 39.15651450297397
90.43704885987187 39.071149176946726
5.427900421757936 66.40902043910154
96.89204616942568 44.72424230238777
93.51942770918542 5.175417784098702
61.40339087471377 49.10693840677769
66.49250163192544 70.93119925591068
52.27716623529608 33.52972153641617
25.4819422878207 66.44547195636137
81.30141487167299 1.5107015180230832
92.94355166803065 10.04428359227758
43.315142262477856 85.22690472096079
39.46580645896037 30.84989034962129
86.19683688533172 7.326445536226823
84.80254191358327 74.61487600326544
15.876433133933743 77.25031411890238
58.531025450165785 11.2744113184569
95.24916715515548 34.93995103432065
43.75913575663666 40.21107174771086
34.5436126444834 76.20109757501994
2.9547797481981997 39.392767223166636
80.38425885782591 97.95460679227995
51.809161235206915 22.578257290854264
48.93901230781449 22.292317413179585
0.8340955944661999 95.17650930907281
77.50535289055486 36.54698485206337
10.974424831926498 52.1229311075853
14.637910364977113 22.097556397060558
26.077858848425638 63.301361843424175
8.36536350703737 90.86931859239127
74.11006855522852 49.563100385482684
99.92013916536015 99.3663238138997
28.201456633462406 32.3359174388271
42.232921737913586 2.590756608464939
62.86514758889618 29.721521252414064
92.60058412779858 19.832457601775634
15.988487964394038 30.975521959704857
67.01600587097394 4.148324630164268
24.25091246993254 31.77695613353395
98.02509171726021 39.62142079499069
19.284604415981132 57.55154919131813
39.675345832906025 65.76878973807013
1.691720872380309 68.5183571121459
90.38666797247718 62.65170377870295
53.739319190124526 28.06920602558406
66.29011267342455 30.02174260081617
29.740726253024373 74.70380858500816
42.05722397449079 89.54582078726206
3.7955765918505913 52.2328111611737
79.1606197925113 8.184817697182002
26.33299999471006 78.75675033378464
98.78672306843629 56.20196078088091
24.354325146651455 40.270918621768516
83.8400665332739 66.62422490781721
94.18621945155499 61.627775470801026
91.66747047947985 69.11566694317405
69.05375652190008 30.45572963402773
77.42060364356863 17.389141509569228
91.15164910361517 59.72816498344011
54.04823430014295 36.83414765470664
94.00185692071494 5.470571275484925
93.17137769876152 12.747256486542257
62.787720435939896 95.45691101125487
86.28934902513049 65.02952824838093
26.191468165773756 38.75317348870304
5.966595521177432 78.96171351064754
58.147673964307565 15.089542670771095
35.300684123275786 64.43138148812471
63.890786946028086 82.32807968365628
71.89542335730013 31.652962941767214
38.151661065778306 79.09852170571564
3.345605351867864 21.639662106648917
97.84576067074823 37.02533914139586
39.79498617451498 79.18659562541627
55.48888037539157 46.91208707873344
31.204102702546464 5.162801510003423
22.76750066493294 6.058784315781307
50.199883866771536 45.635091373992154
75.77422712996977 3.12663376803477
12.471187186156419 31.95881623811906
2.7487932197989617 24.066516537548377
16.629155532749696 20.542931656617846
23.755000359840782 36.79886496981912
20.63232605927062 95.91816372428438
54.43227705976179 22.464602115785905
84.00553278025042 17.03938757449016
74.56303870290587 96.87909362019394
85.94541693522034 18.154576204226892
12.37212838794397 12.95065556764995
12.134174818306375 93.73940547813038
17.749105213341 47.12651154146057
80.73495230934212 62.47125487915716
55.76738513603122 0.13615080912199318
88.46872315409173 11.625606093910301
20.500442215317925 27.844218578579472
26.571135549061175 41.86144257955441
59.0987584191358 59.925272093067626
56.927436510632276 2.7339031091239807
74.18411638066009 51.51252776896492
74.17658920154224 34.44717544457282
25.70079280992542 69.29656010422477
74.58488976411081 14.715658158712152
8.697490378659111 26.42356151181141
92.16596488264445 98.03748194430332
45.27201359930232 53.8675403463428
74.82386028026387 92.55999664113912
86.37416541331609 26.779011176828828
86.54479842883467 22.724191655170866
53.042415492915964 51.88642279305513
29.862185623114534 66.04877730566662
42.31346284532438 8.847874234220221
15.846820551227282 60.42146373020814
19.74107572937377 3.465916118782808
86.4056897357517 18.753657168296034
37.60745068047186 63.198002053196745
19.191660680737588 39.905256021667554
69.76135871224788 73.26843425903581
91.92967831520616 89.65392435757522
7.881496202700012 25.565031367707146
95.94220971990303 80.73114239302642
55.06033701354628 93.93177383763009
96.2326063123296 58.11839450484214
30.553728480656282 75.907526157639
54.12648928650121 22.93568521880568
92.23103924424544 89.7306888913151
89.69400408917633 57.034030897355635
61.067797773853584 36.41740122215381
20.601381735840107 30.87841603298832
89.8464191526592 37.898001060791266
58.10243558201954 89.57428658511054
14.177036824341183 31.112495402297213
75.70261769071867 66.11670747138699
0.20146595578312 50.46511481570028
75.42230295306162 99.18741702224439
15.548634568053831 13.8973935707556
13.240800109910412 3.0491728181130995
5.861848556999194 6.283935992979761
41.627937947403396 87.99778114273869
4.277164108968801 9.463094540359961
83.89653861763856 93.26385990458061
2.616270831813061 67.58073615059442
68.52946004421587 2.5913818466539174
39.4023350806224 97.80183136491935
78.20364411373369 23.553634933948718
74.72436337419799 76.90852314297825
62.28859165797963 98.96206548158948
85.23346218773268 19.30497871214849
55.69457615442671 7.5504251592742655
56.51744382494633 83.51669804599598
99.69961718300026 78.11863819990899
45.22734291375754 10.300737389228642
59.02255911639729 77.13949532735971
4.133918934727765 29.830050877102376
35.13289638430914 87.9055270590613
51.424539818459316 92.01981534462979
26.27994207295854 6.510979227698721
13.250755457802999 38.01377151983161
20.265196851789234 7.905023811259159
37.88099484304575 65.23350985634222
94.17146801012262 82.14511542997991
57.54484559894255 81.7189643109124
18.655881873826374 15.965356576362588
5.336205175385322 72.1795150082557
0.40958686600983674 54.42017917949826
38.58253159188031 25.894731908424763
38.75924849985589 45.65548514738794
70.98350807857061 82.9708161906788
99.64514769448954 96.992536956242
95.01733771804254 96.09937156801175
73.890119723359 93.86343679674025
35.71475857793136 85.91571875436694
38.265889066683286 55.16271684909329
9.331855904652508 88.25208154723668
23.69213092940302 82.96545397680404
67.02755768534982 54.990498895657836
53.6351730413103 49.1633725760668
64.90722178701739 17.89157485483618
13.301354656134457 65.23634360570829
99.83311363534874 69.14712523806405
71.16257245739459 79.56442138688536
42.9795033284598 37.56501660679709
82.95881864646401 41.54781561364133
63.338552715231664 7.317454327439377
32.942230404724086 25.593975632652878
11.450927301985336 3.886275079996937
41.052988624759514 76.53674970441584
93.48342697897878 76.35999286534127
43.38066265045014 27.102270680245454
86.74375164264428 87.42235874822593
80.14794703798934 24.39377798880257
37.07056553397913 23.670789034530326
10.437934580197139 24.638140610034476
37.77875326939038 62.37056420506689
85.88590744931336 56.11372907891358
76.91237150235783 74.48542072403657
98.18342837034444 7.422487100255381
49.42594770205262 29.998636905701503
21.61444170514849 31.83776147418419
92.61056864006548 95.81230428820048
76.40437920508317 64.23908249906134
64.3384782636938 5.322745538410889
39.51801357816284 77.75864431952321
68.16522191454852 22.052963373804413
16.118467651415347 40.57066429467587
54.04853219128511 97.36848184173633
64.67778926095485 26.54454234946132
17.124241679119713 99.23093550017273
40.862819780755125 65.68858041885733
92.1473363705012 52.65424187717519
75.0661154597973 14.118221526221674
23.673519596012728 6.763686854929308
63.637586906827735 40.11511301302932
99.25594746950213 64.2338628545766
81.90809739443672 17.769097720328496
80.92240991624666 77.57129299554293
66.91060210982592 94.68727218811021
48.72850245017158 9.199883515429896
13.377563199180397 1.7066723826992813
57.83282305091066 75.15352709272233
96.5955271601485 25.97356732982944
49.65731280032302 15.239993898673198
34.98849331065374 6.675586854894034
56.29236955576755 34.919784824382184
37.47734339539816 7.611819147010889
11.103662765801136 87.14777812708599
56.75368712662423 87.5312267511846
59.959161760857235 14.021035811392068
29.480934235378363 41.94476395581486
62.81538440242551 82.46860971612229
18.08070533634184 85.2872622301263
98.11916035754287 28.165404829940165
9.0085799320211 7.676019394489586
25.24979200613694 88.57812260583557
77.86784191645162 22.81876333970344
60.430792445615424 12.540811944239394
72.58438445565483 83.33529778385395
36.11800529881148 29.501281121900547
40.5510760123165 1.8120253693928223
21.293304623546895 29.210563889061426
23.469634084594848 94.83924250765078
85.71042294465026 75.37149630352984
1.9762557044224471 87.73453633006044
57.20877059980584 26.67502826405447
2.6607521533272283 58.27097612511086
32.91875619098903 47.870268060218315
86.02979565601126 40.10787097558013
6.9861994850273 39.644007909391455
33.23762693118275 32.06456932066627
64.70523594097757 83.9886469094969
64.99950667178277 53.02503001934764
1.442846243183038 17.72997465521001
0.9098904780432071 50.84831753757083
27.287314791496865 65.71600440085842
14.174966143850042 51.39667454975988
93.52327193566288 95.34334054988929
93.35375458925232 91.71903834015117
4.6859408333586705 72.52728079286885
44.20706904739412 70.36921808465807
28.83421619663782 87.2658391443286
84.26078363425627 86.66429002587905
84.52743779329691 55.973796706214586
5.867855334552785 61.433393572367
38.07459135825248 69.89117134022209
72.74817442938196 67.52012558232214
79.28294250625939 79.48405988366486
63.94376000584193 19.767517483532927
97.80233392818451 43.20872860132995
76.99698434025596 86.18686791050315
97.77387704164761 88.85148465618579
84.40365077219518 92.61089596192008
18.593270803104 35.05714551571488
88.52087096194545 99.98702054941327
93.5838029781216 44.78098201592311
8.065408960947417 9.847204793212894
33.99634212060495 44.61285246510492
26.347546479895744 24.8940410669105
88.75244259958669 84.67041966530874
7.506105774827065 50.78183998355191
61.71427659888015 64.31688264824467
69.90099919058605 80.47223811214488
10.241773120671105 93.63558794858056
2.2764445861653493 31.718703698129012
58.02339511976111 64.68808965926401
15.927866872327822 35.603437340902246
20.24778673447961 0.4147679330167131
3.906052361742418 12.597153679615126
51.24576833473527 47.56410504830049
54.48140288510474 2.5099729015754524
97.5830092364906 53.26544354959193
9.466577257703513 47.99199241794189
52.90345933933338 88.20741790515353
27.867384493661152 29.18267817129051
69.39450400508322 5.836668831940239
62.10287612511324 34.81941612118986
22.829935885694518 93.77521898190906
68.14698340410914 55.000385193470656
24.139743881715148 81.3963217836723
48.76239311979291 16.332995759638326
60.42487874143413 66.3249103594849
95.73055128124614 79.05883764156579
20.73475608913006 51.313072382446144
96.16922621601421 15.794939418094444
91.87741478122342 47.94444170011884
64.95859795159414 64.63361249689638
37.8552683896096 40.39102111783146
99.39751022266938 47.12035731772062
86.84742683740018 35.11630127715605
39.39766079967476 61.41568252011219
32.603238191518955 36.97230368850245
60.238116836495436 84.82571593652126
24.49671755745051 53.4467767856301
93.73953219204562 61.437618625223756
23.197732197678846 32.47186653789229
15.757299607463404 84.5773366031663
53.603759812131045 38.761154989779634
93.93525787244803 21.018667914301304
