57
65.3242622992493 46.54019157897201
55.103895516455005 51.913662516552485
93.135991020772 50.80678736674062
83.68817535652411 62.131370030842135
22.381286845038062 62.07906423648524
79.34470406797058 23.557157211478565
43.77606120041868 61.91111463896634
54.37548506518435 45.722260618431555
33.19278959377906 9.967291123838661
38.302847181179736 69.35147218782302
44.73744534481505 67.82385501416202
3.973116394603571 35.24875414084961
8.566700400877814 88.81294934739468
29.690932703675454 78.08989330700375
34.852206478919776 63.29702169804503
96.15267706210963 38.82807726956615
35.10243183006234 1.7764284271869157
54.55118220843755 58.854294719307774
52.81960133582236 8.781588095294524
41.77703684964897 78.51086130459974
54.11566720956159 84.13714342139522
62.950995777252196 22.33651510273994
47.32531980090799 37.85118091416629
91.26233753330749 76.93651671776865
17.943741562617397 95.74560102613124
69.59696421922071 72.51774079909859
51.06991092623877 40.357428605753476
47.24035892201416 71.20144004826491
23.84590298229564 55.703839970390014
19.389132361573203 16.406257367953447
23.014271182999547 55.28208010280573
24.816358429057182 32.638290128524595
39.660283516828144 49.70069202128187
67.00737727566268 48.24123669704537
22.17073117085173 50.1794943109762
68.01751951349634 70.17127994229178
9.477487047793808 65.6540054206781
16.66792330707296 75.78069312532915
12.913569653143032 23.021779417975562
88.02775191370637 97.71431235604526
57.30722296702568 38.67419082676773
15.868269626979304 12.148444632568122
79.81815418040546 94.63195743638076
59.35349530027702 99.92389452030672
90.72161289473738 50.25822677769829
71.62902833540265 73.27374985252065
14.076424476484029 6.958389198063209
89.64750248285742 35.719173341844055
1.8337816805714557 3.0675352846694315
51.77688058209788 72.33233657759561
49.319351070309956 23.076299616408747
32.00433888444433 58.451603916661554
8.858116412381467 51.85990217459062
29.73343547115429 25.40399664585302
28.81884305066682 91.81194303462141
60.73968136719968 56.45016950225632
41.07970845329949 58.10846581834247
