532
90.4095839733602 33.501215999449244
6.1249812383927456 37.19180892756984
69.41624418721497 63.62784865562499
66.69790291756692 75.11700774148365
37.844162525626714 77.62345559870721
36.44827015632839 88.31777839016931
95.53979912187395 45.84831024449139
46.75906607242539 99.40248825498698
61.91418788223424 9.810356085453753
61.13023238512859 99.39615085575578
48.84758245830822 32.02681557559319
14.06284847711854 74.36632452688829
3.9527501917814845 71.78932413939376
90.06990058862566 62.25000009653243
42.32608218759574 16.783534592971606
5.86395402493115 89.68917718164315
52.590601598514866 60.7511170858473
93.86111407557553 88.63166036976754
97.83624264661938 70.32666952631126
12.667912900290034 76.4993343219733
2.3913586073761373 72.83803665500724
97.39510481399499 73.69343567738763
40.35038746027564 41.15221499996251
83.21599217410964 82.76242101506064
46.072380279538415 61.499488418632744
91.03144735900626 95.93415194493436
5.702333125892045 12.358898059016099
19.40962644940989 15.060782022676477
15.288198711375689 93.70464226223831
76.11650737858905 77.52988132834707
74.13399488101065 16.406832935788383
26.676376804161627 27.627476854530396
34.981737492885536 76.20446717800276
42.14157670119558 35.26825805295004
85.57623457945844 90.39464947160786
38.85659531190583 33.93244664171732
14.445018721703896 24.376190066612335
88.50764713282244 77.764767417877
26.566782883458153 28.272242228576815
90.94181063621333 36.673884725869776
44.71344724923013 61.23985682019894
98.39633563800425 17.227966143531216
35.93106198407795 42.78264927957518
65.037989751721 91.26694073418312
85.62035643251285 54.86106217768292
5.654688739096203 46.81155115381809
50.11994010761362 92.60320566441122
11.042270911058926 89.1828184439418
52.5839408816885 49.23778569973612
43.656265588539334 71.41978958399815
24.982493148628258 2.6348082253912386
5.640246291304784 24.218458243385697
85.78805926899403 84.58789170901943
41.21103623997128 96.57642666488897
28.318376106495556 89.97321492239143
57.509383635705866 68.9507612974204
71.16191195161468 49.939981075546726
45.49962648776772 20.776860944590002
21.43007070744022 29.883456907232777
27.434947334156902 75.0744387156149
25.37306588837427 76.04206769099484
60.92632700488737 84.89586168725131
10.265153756284839 80.24813042645114
77.35995080761985 12.072052074379124
12.448117093986856 66.78716666471823
58.52619924161729 78.66939815103699
78.50614976061667 53.912072906242024
87.48394485332516 90.50229515984685
55.126538136424806 52.338671108112834
22.94501947525518 56.93021931725425
46.578521652951885 18.56166717222013
91.77320315698114 79.3931576491457
25.349324621251167 89.56652104038461
77.04169881764487 37.716941493934065
55.3096261652138 50.14807580725381
65.42924972873328 46.679208747226255
62.47441390315219 37.458004319713545
22.9825543335603 88.55100132267573
74.89139830957255 88.53721349346614
91.99150775136948 30.126002932346495
80.27717044798291 11.815541072521164
50.3846305375471 0.2864069264719382
31.427147060343717 52.42106003088715
16.53298469454201 25.072733512175937
29.44132518747563 91.06500022369171
85.97099642768356 80.54553194664821
88.26262599733946 52.913278755732854
43.31221850329773 79.4376370657922
19.671098115185792 22.995226629026465
83.263719022256 65.83678128389072
7.415349793751325 33.08958290467036
64.94062536733487 72.78175325476158
80.2488745697263 49.644382193033024
15.166763061157429 50.120254377480876
71.19399431671913 7.101230721453922
56.957668317963616 11.10379375366729
66.89332331543592 34.467395262725766
13.44640591151297 67.06579239525223
4.398377544707599 45.87543235332181
38.34140258097991 69.06283884656098
97.54706061963428 26.63478703529182
96.92810863157284 21.247843494797035
13.050858040023272 42.309291134143145
66.86251361076764 11.395063717426845
15.410121995503257 27.06882010437687
72.7029766195946 62.63177949317368
70.70439355964217 85.35959205763011
40.63630364047393 59.56164494752684
4.61810313865797 62.85402174846448
92.24859895634707 65.64116408708875
75.07472729105561 80.3413224267343
49.69559099728937 35.25879284462212
68.58652012938352 41.39104201525432
26.731724586704864 1.0729057107825457
60.823676404471215 30.723982172486174
23.480360217647256 57.55943343408176
82.66349801926482 53.256627374177626
86.92137108542082 15.296300509046256
76.4781648683939 8.969421374552
71.89853020420259 7.724566857374282
2.6089568082287573 32.0217777057199
15.508503203693081 12.470909069102776
93.91283787905766 22.31108644027131
32.048648901970644 47.79196247026968
27.343853552536736 15.695207562318746
44.404190099409234 4.522609707207248
27.655836500968633 2.8157485485357903
46.468239035035566 58.30789558410048
96.71167670917094 1.774008118875292
81.84699896825121 35.57141147919508
39.609235594824256 88.97926752222838
25.365587075618755 90.21133989331703
33.37073198303463 85.28083467621236
77.15214624816753 94.6634981132592
38.67246024279112 91.18825705606727
56.09395559877808 87.9896333011478
76.01433227292502 58.114703921695735
93.45863780054324 50.245126239303275
11.946854241761828 94.98466986834754
63.06816189222501 67.67494870140253
97.71970141916209 41.97247838199834
87.82547734005358 77.72814555309743
21.472350057814694 24.897614686010762
21.92586087125361 65.41334398909066
87.14423260361842 18.103730942229713
15.885261630426884 24.13378972941499
26.78769554806856 63.221529651590615
99.76690814353594 2.533522157513235
51.874074461784616 99.09274658164908
8.928034967770525 4.570881224241353
43.75970292250191 40.908799801578446
45.88191579260522 60.89582816261758
2.74216329525957 98.59366427893754
18.40036712688249 28.95489174668985
10.1084630132943 73.03451797515686
87.72782902656215 61.12069859168322
58.06372512070488 54.17567952465847
75.48484696036685 15.871505966891885
94.56959522388213 2.1293131519451336
34.36251881192378 51.53528253217423
43.33787389096824 46.48542709541498
55.58035875004849 83.29082688564708
45.2810320376061 99.28095934454888
0.8391571678194154 36.455736289410076
32.125318336490785 37.266582209093315
72.37312682271518 55.104673201414975
5.150606950223613 61.585278663441265
26.315696792025257 5.5200123376282555
45.34592960498107 84.25017143324577
87.62740208072313 60.01377930439112
39.96963279733073 45.878449561413504
44.47864726458045 43.910959880297874
86.35857672655811 60.13480452434516
15.974059252551553 2.6711832383924605
67.49849288897758 49.602140758873325
0.16259297404612738 76.74854943524161
65.41182092315805 64.74629350744645
85.1197052461244 2.387123220553611
0.3013287089209671 30.828682901551762
66.40890382358954 14.62379540080434
76.7632676869622 12.660945350184893
87.22990868340781 44.94141793589307
89.70182436180406 44.845041542094734
52.31586123107146 91.40325090925761
96.68358308643722 46.95733471612618
91.71832996512819 30.579063717501786
82.29488505551757 43.55595322543925
12.417437500826656 66.48021927653377
98.22238347805636 91.75090741354533
88.73634909317066 11.521407410517659
44.53864780431053 93.98383424523746
35.346933286824445 11.723078329658666
50.47054351533805 73.76846121738222
64.59511258302801 62.6787974063174
79.83532421211436 30.83285500790256
2.9640314928909395 67.12253798273872
15.496000977923586 35.81590688806268
51.6236510195054 58.41869344966495
61.615261586039985 46.486331992959016
55.28625736172974 12.081420825578492
66.73729925322247 10.355798176761798
1.384462420111232 15.666767507478397
86.38233042790233 42.006884512978374
50.998084068397986 54.41895186896046
63.752313607047306 79.4474386691759
0.6715682840446546 82.81429448631808
11.712752195264963 65.39280770547528
53.303778937399905 18.470919279454446
96.20512551499343 89.29917110432311
53.602637473449875 29.69608980065731
37.23926456975551 16.601616061090663
55.83803704430572 13.719366673856214
71.44898050324858 35.20650492094571
36.75135991798144 32.45752085488821
82.66016315010245 86.39732189140813
29.356083225640205 2.092136979897974
90.60599740728243 12.839568235446885
7.014578859447229 78.744015446386
7.330160844374856 72.6307517404455
41.2486911660085 21.414060656022837
2.405400324427054 10.154680326720955
57.93638891151942 40.10621952632367
23.2331137293306 53.68798890886715
30.00007277023231 52.20214827971772
29.642338637850095 35.68724589688252
27.19443977246754 62.456423649105105
73.60416403780073 14.666375957850764
19.56875172175102 14.661919309574312
78.34334219872068 21.11903328571395
39.69159073477798 47.02265274398806
55.20438699840986 14.587070031367444
54.40997133465175 24.537456939935254
76.81910978273649 38.61364197285341
31.289839366655915 40.46799434388861
33.34119195613935 52.93950806676555
46.64563373535414 59.86582561269835
19.720900151038347 17.69997174091369
46.84627015193493 1.2067261536088836
1.104171980282409 49.77989933138761
4.297604266372246 53.20789278305396
46.75106706806322 2.782009052547485
94.15301646215457 85.85868511246689
26.486435548813013 17.375055098625538
22.56844060357871 32.56859025798327
93.020346272837 15.984672143187739
1.9971696873418265 1.771778650777267
66.72141828644187 77.90824556298269
21.703643656423964 76.2513786304909
63.981080340574046 2.9677633813778304
50.867364109740535 91.59584835724128
13.125504771042518 12.44673253868921
5.401278453485537 2.7698132107224382
78.92963966072055 23.951558818995565
38.625783890545364 79.47894994530114
69.36834546680231 37.29267761072836
47.26364837349024 63.662957178368785
34.60714963176782 76.22517121110813
54.5563091207218 76.82502538105958
28.63271617247537 29.13189145916929
38.60544066400474 69.05660993157069
61.3892623917687 47.927711763619065
20.20763509912348 95.07808465842733
60.74357101444045 10.422392022626903
24.24723683645165 35.74504524458375
36.57484614701353 33.55889392615454
25.88471900029242 85.59215243456303
15.325811177438563 51.86665284262774
37.627949046759866 72.44050272570571
93.53244126859887 71.3683192791158
91.27889539873854 22.115163640714197
75.20760785733496 5.22992261230133
79.84005019747738 90.01245037997741
56.44275908478633 85.20476080434914
1.5844519369351384 35.87695852613155
62.15753197207442 80.664230257935
27.754678382790065 1.8038943578204125
18.680032739202247 0.6321418910419929
19.879738217608868 98.13052157595878
45.26861309091623 66.26869850456582
10.641895082204067 27.680436001210605
59.623436035472565 47.25903538263706
89.85220574463185 9.573772058896157
98.69401320553014 8.868030355643885
95.43730363344932 71.9353269690318
77.13026300767064 28.211758541134067
80.97529343378412 37.13892036084031
95.46952868424653 34.24644725190322
36.31792680752477 75.15285905884373
32.068449207921965 75.70742135189276
26.60761376035673 95.21698625538703
24.192643227565235 90.06685043366629
82.57672218237254 5.350047758405763
55.618938066351475 91.75692065052873
94.87925413113989 16.286286613141986
50.951245263287234 63.35925581020998
34.87821922159341 83.1914954004312
13.240913934402043 33.21314003854358
46.40235841246179 50.696491746733315
46.70719872880629 6.235869843240261
89.9953169403372 62.24688772274957
8.596995309125454 10.978746659025118
42.43359800778095 91.05910301910977
57.669662854898505 61.20841275669391
24.422809132367938 23.08537720553373
76.46064963990855 78.57057954386205
89.95469524934225 58.723503600892016
7.056142799991727 9.582347170295936
82.4517427393215 44.88526072539359
54.6453029612214 36.21110235493724
73.78656994311278 65.79928894451223
68.84036723348196 58.46098663756722
12.129150788348397 66.1309583087526
63.158231298493085 55.44236324228136
33.828707447482245 80.63279423839961
0.6409907337720955 9.396131966775712
5.212328988016468 39.52301163889259
34.48702922602297 96.21273438703841
53.860780723431766 80.25224341723595
79.87386825575898 45.764606490417314
76.40028039559544 88.7792619186418
6.908227126095412 85.5761137186517
31.942114174148138 95.19251875599844
45.58897191287537 79.55449071143431
94.33921296516864 1.3787255121150754
4.279178594216626 14.624715264619159
24.922185835100553 61.03574330198151
99.78188403754775 37.71640307367081
54.5370100611328 96.97926471341951
34.17056788595857 40.85718111007278
30.107067526593468 8.700362392624806
16.352132411243225 85.62229749998068
57.54361391280821 2.6506655451720484
36.21050445090348 90.12710410696447
35.241330072561105 7.1073931182927375
88.27724999988007 27.763168275492657
98.17646377001464 55.82173247258188
56.19045131502549 49.345861340600685
15.52667047072629 6.172853478354822
95.3623613296268 28.465227490802757
52.747688504302936 66.15900933597105
10.260875377047407 34.22277715017531
93.80954777087493 45.65869531108645
3.3962518227469762 7.158109003084356
86.04600188011082 34.79181793499843
87.8416892766464 52.20853442818104
95.95819874404057 75.36378567536546
15.850866894858706 47.451420586346806
2.469148463000004 51.867547863076055
90.36165182231926 85.44971671650475
78.82466219603953 28.97639392279978
1.1532411005602095 0.7679996910933684
0.026250482162881728 37.04870799799254
72.66027968902038 22.06952187837453
80.87146866996251 1.718715299457596
79.78020860086093 58.39586290432657
72.24879539151121 64.37120215190289
57.47331584390768 80.23260352263867
84.38125143585657 12.176136583968123
23.814994084930508 94.99636096650673
54.11178952315186 31.932784884856424
47.313108558357676 87.68103309687937
61.112910789137445 78.76140091481648
71.41682755571301 66.1242123596164
43.560843635705105 19.85081141343814
65.14259685655814 30.958574644294025
50.84237993539209 3.527076524228978
16.756971522251174 19.30276593909227
35.986418761993214 53.247945017457695
17.338597122781053 11.432406710252241
5.955265939055588 51.55760561363106
56.897960969163684 41.96490644380743
31.052897443976768 78.10634105437751
69.10079204959982 65.64017547833032
5.0602227924571475 54.168704359185206
81.14896355480566 69.52669283444115
48.285344398170224 89.62406010385013
40.05140922133905 41.293480275167006
40.552097567590295 25.432688396940286
11.517019020601404 58.7100245753535
25.86704456398783 23.788605525857843
24.059421903761937 25.121729673455086
21.908705824681686 19.571888516660774
46.163851588137916 29.828189120027993
26.281586506370537 68.9608843465218
74.73466384031799 82.99712694740614
11.492082354009547 58.576529600705776
24.347499706419395 61.4954943596837
1.559824835172685 42.962545766602986
9.872737603259718 97.07108955051706
99.84347376084415 47.13265193257935
84.23275205275304 86.6248737539297
17.869088827740786 85.63929662418403
97.61977085489816 87.76005009041798
70.64618499074994 73.88161180791832
9.101244553729249 51.458078426454094
54.46334707919937 16.609267983565513
31.51750912688218 75.97103269188759
71.17656101254701 39.94827828886356
55.80587137325447 82.91421545813023
46.246856217421495 98.98690733554818
22.14068848896823 56.07996922840667
23.012415162189527 12.68092533606805
55.89478150418431 39.467385896589256
77.86478975430359 67.59358804468494
22.398269822055937 52.03834834766382
89.51633058468406 86.4998532552304
10.699089387907822 55.95424293467973
95.23002635878358 96.521616041508
46.288806761388855 90.19837008087241
58.70686495884835 72.16201723289197
88.69644410188752 60.16173429639531
16.185108373656544 43.24003448697322
28.264106831051492 42.49622078125681
88.01376630912672 89.33722397026145
64.34099635141861 91.54378442879612
4.245673875999434 15.215748741621937
10.384496722711168 63.23838011529019
66.96481256888015 52.68892431615249
59.275919143980005 99.03329089456908
11.240737793704547 48.78372864438416
0.10561620337684596 83.2757785543596
68.60822795519229 34.584975989666844
87.10235455190147 60.192085297388644
40.34629243619066 8.942766205500142
71.8966648617364 78.67995727306017
5.959583461321827 89.07301295273524
62.52746548814782 40.141933693797185
4.698055546061941 8.86160024790923
13.01892194053601 48.91451777898863
93.13524777437539 85.35254494532407
64.45844142461326 62.55226120512165
84.09004766497462 66.72801624841497
97.45718370988423 10.536774292708895
75.21674473029839 45.14855241497462
7.220754900840676 85.13900885284707
95.12251096638391 28.434214193080987
30.223368906160854 38.02519393060392
17.712703463952405 27.11122508084175
39.827198682007456 7.428122824073535
29.94870880843813 93.32187750336925
48.0762431779108 46.54981576345545
40.74393047625573 47.25045514190752
1.4014191007726717 13.09636750350116
41.12232925565259 9.055142497957004
22.155234729454264 64.94762190924935
68.62065235870348 95.25462017868982
86.84689922187752 65.39536938702236
24.84894756593655 15.931284100807908
37.67171626442855 46.132368482297615
50.43368677198298 24.99323492398612
1.9920513669939632 65.04310012564255
3.8900914242274043 15.427306163040178
87.72974298374113 60.40066406668056
25.78603740911155 52.88923996539141
81.84386256538187 41.90472109833162
20.354310698600674 19.050517641242102
43.00190148701605 98.07843680656842
25.467614390828718 27.000336513174084
8.476579972097953 63.57102357831068
32.57486812088089 25.894678698294992
1.218861924264636 90.5586705655691
77.11985819037763 24.19984184399866
97.69283973590997 93.10304707909164
37.735504792769134 82.79148577828305
65.24298019847558 83.51624590648954
85.4892285370332 73.87894266594441
50.85822701596574 94.34150646604334
49.30020769579747 83.12452620911615
83.1973532482184 61.323206797133125
22.08002443999234 67.10006341828986
61.198380340277346 98.09971429527057
58.72646794010604 53.018535687187786
54.380030074646434 18.663872068499177
29.366630901793744 9.768441181292253
74.54194493700169 30.800539014998986
71.86269759983728 9.821307823038927
9.935469064974411 6.184065639007219
36.332621901990535 0.09966049516542119
82.80960632953207 23.366759251077784
51.45396423955856 2.3496729244725345
59.70750964773889 2.842010688995411
0.7042297491333116 23.36616808328833
86.31026984560268 18.569504742710276
12.393452221528111 17.714887450390847
23.556814270023875 9.273881065195322
81.87789400509656 14.200542155056972
33.354348521600286 23.630393818115415
7.45928701536942 45.40733818526773
19.927921932670657 26.28252921858214
16.275608494053394 46.63633897953624
1.4181393627790362 24.698301869990182
9.99628189605658 46.79293362046123
42.728850835294 55.519426980106935
21.05815656177452 59.76876217082163
55.373765360311886 43.35009926813507
25.108716868264302 67.14164994586909
6.824146278307397 40.62359889537033
4.344251105833441 20.465963944431596
33.655829411689794 8.23764119586744
17.965059926399153 41.23219244255915
27.060257103749862 87.55731426614743
4.1275997788996595 57.474065398002324
48.42563787626363 43.19027511184807
54.84140017247326 29.586634783474263
71.24155809185339 77.66397190501318
80.19302423575084 82.02346949500091
44.16298574706046 20.249117005973705
20.61193035880975 68.83571744886058
94.51037321426176 6.470105468781517
31.685295030748406 17.803653599590817
26.27495234944367 13.309089660724972
54.090922627844286 43.3795669546573
42.21455805230476 43.04660247045954
0.09841058049204765 81.54010311760949
47.91959221372033 93.895738393893
70.7366739637855 28.662701017039673
49.161800437523 94.31303611648427
15.23182264142189 65.95167579823432
61.765569778521915 3.79990251706509
51.26931526884738 97.99738399592312
63.90338281143831 40.99661540105021
29.548244929678802 6.6219398334918855
71.97294385593611 69.87682904572905
90.60407036072176 28.080422166065155
26.64118336764808 66.4191555285277
30.50198382624396 47.21553547080454
62.77568466733141 27.28710749053883
89.24652739944699 44.792328823149774
21.630442879110333 39.6067435152755
41.85889576719286 42.604678261236295
20.163749888038375 55.104040626028684
21.287473888186128 2.0860808684676546
