699
86.70651074876113 35.76444796552764
6.086073867047038 84.85719436784636
85.92733978970546 19.974476059933043
94.48248613846943 92.6722431696052
56.19882969128438 76.9018761695166
13.808216253477523 57.20656769088729
86.69870083811915 96.14639005387943
80.00120746287536 92.99399878473139
49.50370621103338 59.834862055075334
5.0174307030218195 97.3479982741785
41.82321246521834 33.257701179760765
63.25059827453545 48.29264199562671
51.861195873760124 70.46596824856769
36.70960174788238 0.42261857386169943
30.889471873764997 72.42237985009949
14.924008912258845 93.7631615187606
36.411368543597675 74.77017461588693
57.150487178725754 2.965429393757124
56.784147237023284 94.68605957713169
91.2752810649274 86.37707919696288
35.84263301883458 54.89973938045083
41.15757695239252 58.29813191942075
53.07523132518123 50.67243403431969
15.572628284878876 11.783200086194878
24.762977787785445 18.862470733068015
20.995356876532657 95.6701763101028
61.174717088287935 82.14519420845112
2.0612618723265586 14.386514696642983
4.767571599990072 20.324719962150983
41.513393985897586 2.547906952036283
70.00696366935642 6.338048858498491
21.567443843785995 25.377737685311462
19.527984381240117 2.7650752838328962
77.89346757167229 33.19748461349196
60.32849807073757 38.88608562408794
64.66118026717473 78.09079383959214
40.484469306993766 91.99335632538383
5.951255132860855 97.06460338538648
34.05005021969655 53.25219599170882
98.9520757755802 97.27726441639551
21.542226087971706 72.84928175495205
67.13771860539347 95.21252458740328
57.87608962776443 23.502414933303527
36.12921057343962 3.30530338848144
78.60304026096755 1.7282580538349523
4.783175386980975 94.81289093762483
86.38916691258913 1.79118539738925
38.25131554660943 52.49180133715209
60.5058087180383 37.81448108549941
90.31474486290841 64.13264107923344
24.762165017560733 2.9731531031624625
32.758128941154155 53.406899790500105
10.181653727310003 57.25398254541562
23.468071117163202 29.377693789737314
31.67434651097274 33.46528255535903
98.16433232227668 77.04301054129236
36.02510628205504 18.26004410365728
19.440009911603497 78.07896049470693
70.59062444173566 73.27752202622744
47.536586193621254 65.7842384715705
47.60026196350697 55.35571404430518
31.88383252905693 4.536579226485116
95.64087819317727 20.061721647140583
29.992160951038795 49.561411483036785
40.633264278766404 79.11688155889823
56.216247405679084 98.09168854591202
89.60662166572826 56.65646601605343
34.91932509891239 18.890303232983076
30.494392805877467 76.48092592743838
28.88418445685752 45.76002169414394
94.50973940810383 21.466465654652023
51.41300158546813 92.2967015570756
6.218747947654213 0.6039094754271224
82.13871040571412 67.99738642964375
55.51332998470235 29.709156086606015
43.65999054025224 51.377300488283886
12.523648057324333 32.97864594399523
15.539268662209027 79.97313719320718
64.02482351378616 37.67831952137678
97.08970986638438 81.07149424396367
10.400217911573517 98.78554128419601
94.30752596395536 94.14677006218832
96.00844097189096 89.20311667071388
53.59074441668496 36.25445045900815
59.915699837217176 32.2999639872516
51.582884430568086 56.78519620802598
85.30001958666064 88.9436217399297
57.63288617318043 8.714393933560272
36.43834074480572 42.11832633236181
13.834040977859608 72.5545673094399
17.66704424084734 96.99489324529189
30.107399984527373 92.44548173798661
69.43677152605675 5.637580140710929
95.77561589971893 19.952961989005946
96.0020773051601 17.316161662127925
39.99515959684099 80.52373883293203
47.310361484578635 51.50748588830106
23.085838257454316 22.749882586121693
99.15021766840188 13.018495601818037
23.048987008373047 1.9528576764593297
17.968628117997742 28.72808127887463
64.50958189194587 0.30492045965140324
41.53288895577323 88.02508132219549
24.136031004135194 6.040292998735652
41.878883133079455 31.733595756636024
53.2314060724005 22.79371150245959
48.19454222112801 52.80828268817136
80.45544549462808 54.04046073381137
29.90370262042884 44.56939159893083
12.262868192487808 57.60343924796587
60.60296402363351 18.554983240088198
73.11802338304383 57.51055254496883
48.50115375929498 40.51852867931812
49.31918588947086 23.16148273466171
98.52275351291028 3.425984840030838
20.484802563097592 27.74432544352765
29.230074361435378 90.23871754373805
97.05669535382638 18.458872049317044
60.220337893255824 60.85861660623405
72.95994006764681 14.072796234678108
7.843188087296548 25.344068192327484
12.867838366195084 18.656553702338208
36.16254438773973 84.10597121651318
14.199655258439837 85.80216137670347
69.18087116205851 31.5951603381163
5.279231770739845 41.440535956461034
5.846218918346812 20.677369742906613
38.12856891907911 13.6747720139055
62.8823570376705 64.00423090731678
97.85960582466532 65.5141702475798
37.346499867658835 35.659774011150226
5.036649149434824 54.98247645941044
51.057913347447226 81.43743241135775
44.68029991053098 85.80638970692299
11.789467590070412 14.42531398803667
93.20750512777347 66.81848817740556
21.90680081720484 72.21810488883253
66.56916622015811 63.75496245069856
92.82539893825825 54.74969602332418
90.80694279466333 95.19652397936693
60.938212452166226 75.77547674271261
6.485961700458209 71.96926113268644
55.57916140056619 34.55764674536783
27.645526624511696 28.392304726742523
71.7250337203201 15.308246931460756
2.042689956718191 23.021485992553814
6.943826046538204 16.620887577255907
83.69496516359682 70.1809164596914
48.84540861842211 15.644488229170971
60.297515749144836 17.338896502147083
18.015104023361626 93.19458872630001
1.9938892264386943 61.15891546406045
72.68015228415008 94.38661587586434
45.10785229696882 14.927930087436902
90.51282464017714 61.73125406049878
29.54470284330306 2.178672267936943
71.56398063047237 14.194568372075356
84.54919457282197 87.14905973739897
70.08535230573622 96.83469039700606
74.1235269478853 50.702250669643625
27.712145119329044 97.31719525575728
38.33936404265628 97.50395731462463
12.365134177000092 58.62596703215066
4.243476343850139 53.53130658917545
9.90257642944684 81.88188939137282
38.920237996618134 8.307767322922077
57.33566027809417 66.44839724758164
64.57739597400759 86.2409693801154
47.9678323609206 81.44955799728467
61.24082526477053 78.19962893006665
71.2677459146132 61.308592377126814
86.13439353708627 40.47505990085586
62.15887882612922 42.12314555748886
88.77710790454564 93.3404320911276
39.43328274656793 11.125439387123215
49.11975931341166 51.25860697675658
74.74941485022356 28.215666533161286
41.06306959450063 76.0805654381798
94.1263306326514 42.16454365351565
79.66954353257637 80.20107024849253
19.507841047494022 89.66447427725497
82.4013073232243 71.97443545030363
30.191863016261866 58.689604276586834
5.819860966308077 48.93558240995465
31.815855113623968 94.14647753037528
96.75591961776962 54.587729900933724
69.28821123596678 62.25520730673608
2.372616460976329 92.4422540598926
37.30382221430286 63.35971354897452
82.63372772552164 15.568265969684115
98.75194133761418 51.055305430982756
51.87007637656686 46.57014336891293
14.813006557965991 16.570004396685288
40.264936191691646 28.15666387844965
39.08098165823476 46.23160997398055
2.43703974842987 84.81918306457527
15.351176864396077 7.0793431931838064
56.314066490278236 81.41440669880059
93.06465508017064 83.44063466552704
40.43177069508046 55.00976682799267
84.49007703107405 3.1817887489194896
10.145504629572466 50.11748154981059
51.200668206107224 95.75355865164337
90.52066886106651 5.46978129948632
8.284662816260047 15.082193939361165
42.112060261900666 31.4848090402589
7.369776642171189 25.180346429403944
51.419764538416345 76.23919683122521
82.0773449685451 9.756232693791
89.46800153988875 56.688569209719034
20.916819100004314 16.52095819261834
24.094936228275664 1.569756580535775
24.80727740921267 93.92821736719237
52.12292077648462 73.73408474894728
94.27812501589055 23.47076588162693
49.08596979869388 44.452641483154146
76.11116222563041 83.27913624502398
46.91368148538415 97.84608335881131
68.09003607193938 94.31207220996572
72.62192876848646 88.3966725681195
4.211040817502809 38.09073341016935
5.668308859213356 94.89305788208657
98.65303266195856 74.98576975848445
85.54446723550988 91.66810224799453
96.85278481090901 92.94964021281558
84.29945026186417 22.456384858429267
98.92610252339975 54.97774190325535
66.73353802575237 5.359176856433812
25.725380039934965 25.560324806706348
87.73261895147405 47.85940237534897
0.8277550723580385 98.72305867781712
27.9826833490608 97.47251506171486
89.58619987036961 52.594038459321034
95.32043695594629 33.500486824590226
92.52666259014923 97.69659227823763
53.02776790255681 16.880467030311365
97.3936095717881 48.2655313522924
99.4979426060155 69.44477832722187
59.80366192890315 72.88029857208974
83.42921813650578 51.12808677967862
66.73551934665504 26.98969194932852
28.95965409779555 55.61083904930308
73.09311676206144 41.874432170665656
37.57452861590903 7.759219799324779
75.44991408422311 2.0253941768409556
59.480928745926434 61.486862434179244
17.1917321698808 61.9900544653248
44.53295608029166 85.80413213607963
3.545339043866458 79.93051911514593
35.293918060732835 91.10840991339654
24.203106589423797 4.163852289012359
20.871098800425536 40.63790546881732
86.91662902565639 83.7884824603897
89.40748969644284 17.563035976526965
47.12948496274033 29.8013052040769
32.49953066342073 63.737299011613366
1.959340150034039 54.819215788472356
97.48029107481109 61.15355695753318
9.10776920702313 94.6301068691181
26.302784111650002 22.315655515619593
3.27469896166821 10.712351663449438
7.607055832529519 50.36107338654712
28.646136775934593 66.88384593524394
79.96077168123718 88.51055936730663
61.401604169033384 57.82718748412904
73.7836123497908 29.43732489893317
4.528403482362342 16.571024158843528
90.70685970226243 5.993630738523603
91.2323045754626 56.847076670171035
75.00637910428463 49.0180897577889
1.0766723266661615 6.256842463855117
23.65891798646629 8.470135372884634
28.02320473629647 50.95982573803725
9.23056193375863 59.06762580311504
28.264172237743878 53.77522097014678
73.28963290958846 77.39091162389784
85.48638826664036 62.21930892564522
43.140186734524335 56.352221861120164
38.578190296736445 82.1964396890044
7.228289858656545 36.93880038319306
4.512965806548741 19.062854765285742
39.49632379166778 24.88108932078916
41.36751328834546 98.39021885172497
93.16132057134486 12.352707217828375
53.922822854747835 45.524145395727174
5.5073419255157186 43.67054071048412
64.19397802375556 99.57935518218896
79.61863041768892 52.48252003305883
10.725878834587089 2.8740276566486367
44.47587404973362 41.20943839443034
48.82530522301892 73.97111787704256
28.04579384022331 90.10284774239537
87.27878904574132 27.072616234598136
1.3164068414204588 38.945558594571374
96.26736404838343 24.976053346069584
92.10722388548766 49.77141087556457
97.69093194060025 74.28102169892792
82.61358156930582 5.6901776809264
16.457965503918757 36.484279742873284
46.78440376299431 39.366036098542686
61.52427992374084 26.878263951083813
72.05415626579185 46.573895269081376
52.44423082083873 25.38519922022723
70.16331831186268 1.1497218093205808
15.053695390561096 70.71499137142803
88.66727902262237 8.215879649169144
90.84015883864602 60.13643072326494
36.8052985655861 20.838974968978498
22.501441701888282 20.653437053419054
32.55491153031581 11.165020983086272
79.6565136536378 92.08875487885253
9.51433917533725 30.902106673307074
97.37282495037037 84.64815383577815
58.21721001662692 79.84766249422829
48.31752898308351 81.37708846488275
74.18525728328552 94.60500956294999
71.43985921365898 90.65163997201213
45.055464934115584 1.2178367453719363
85.719218231165 4.068675880360139
36.803211355460384 6.801461882774307
90.07573266572764 77.0664012543939
17.447300924271936 44.24861142344791
59.045569681194266 28.91223388619317
60.64139767334238 49.851504527323755
59.19597840750581 5.919819675072535
5.756372801487474 82.69214724921397
90.76192851850409 70.15527184074712
31.89674070751081 2.6810805872304666
48.0611299000701 81.29241245639373
62.44469631319337 72.23340446283746
37.293890659672016 65.03212258926584
67.67304887000661 87.3775909058346
94.1682729237527 68.81527853816549
7.142015661158807 78.61980611717772
37.18538347546261 97.6952207335095
97.79477018840463 33.94050937615012
23.262751557958318 24.769946951491196
50.05800171952007 91.18183572014328
85.93105772909622 87.66376796952584
79.80442350390791 95.53780638092718
17.049892023649484 92.8312555638383
82.44434709344796 6.100535080543345
21.796073079410107 72.690778343519
84.98453523491827 75.69921963510984
4.6178812695504945 80.17398944806247
72.90583040892258 16.652650304920314
4.252827297352024 39.49214285111869
75.60986393539923 26.699114589628813
34.16588253497922 3.5459893002211307
37.67826555837356 95.97014859375521
95.39184194205221 42.99220227555358
8.67629731546533 87.7766308774392
80.14558251235114 40.67165774550241
8.868346257281967 9.42013081719929
77.50162762556624 29.560531470526264
77.0622789971979 28.883176069402637
88.05818025353004 40.0668441961057
23.91498387041241 92.22841437395893
34.81438105416411 50.152459338342595
63.25685615344051 35.80291293816773
80.8202339404815 40.279261233051415
33.50006915849063 31.283865816825884
51.38634688817347 63.88375536856634
12.8022724986401 52.29602105637121
25.47563127621966 25.626436691882827
95.87464450737113 32.01873422946287
2.03295398076061 79.30826337923335
24.31061549955077 12.37686045834363
59.132468315215135 77.99277080186765
22.743604504539718 66.18417382737985
3.1120227746578966 88.53433797730578
65.15056723607387 75.5503783808661
47.9488596283539 44.024043019009675
65.5088833610716 67.95919471657334
99.4567385152308 10.758197816260706
35.9049767878589 48.06862736322826
64.51860743636888 19.252903422819013
28.268006903929056 70.29806684199164
55.10776588141601 64.13753286956315
70.43619162198382 5.06229383353245
75.48736510086827 5.85813047277699
25.129647337790505 96.06612534250533
16.50643616667954 1.78124339868454
15.220665751628992 47.644266935465154
89.61213497774986 22.69530372049491
79.20363889551516 56.542526259589835
66.6551465082786 89.52898054185755
40.928689156879194 91.66725171550131
72.27526982188645 56.57143601613947
91.96201794305446 30.519826862963694
78.90042123154481 82.90528800350846
57.53660290319916 0.21509579837399873
64.96660369408464 59.36744228355742
66.76652554916284 49.01293750641831
33.14438194256789 4.692889083918795
36.86284332881824 1.5125356568379877
75.81839618013551 23.966680504568295
67.16561231234216 28.197311639685964
68.130211392056 82.87265194840704
32.81209681155458 75.27880032271993
20.961784673258887 18.16551871542883
36.84555982394897 24.18420082693108
83.98713183117596 4.999141467855772
16.120197028625537 9.424499209142724
71.74434337032474 90.0730716628232
26.15544871185267 97.14460325841188
71.12761327932084 94.4368029035123
53.979473852132585 15.955634510547211
22.013288135143515 80.15384416564487
84.00391638858703 82.02581027726583
98.72312389359027 31.710054989319126
12.382316670841876 0.7847638681243829
62.64255653098494 84.93147365196202
49.20023583804709 41.55101630185357
29.809085549471327 29.31082731750062
0.965237271659003 30.910501702777083
0.7298098556385302 45.98115317395292
31.551583334271417 94.81788569618624
53.41009805804347 53.102449231163675
41.289052114126754 90.13391117177032
69.0866896411091 62.23469130560188
28.678105842843216 27.465340953976824
56.30930890164362 3.5493610876626724
3.9318658817592222 51.874975170495205
94.75108562416203 9.7796886706898
53.113913159868886 43.059210062168816
19.50416082476337 4.461663421841133
12.528908825899931 21.778826317638455
79.76106253627074 85.14422509563697
62.80683525965345 73.963188004645
90.25106058700645 76.82676666224101
75.20880184028343 48.0755468327139
71.27284413489544 38.8585856823434
79.02791294751911 5.425240805629194
58.06169694532593 77.7897023437668
52.398140164101235 26.45021448413377
36.640791063862366 78.16518192784694
92.0605406779905 98.37410502327664
39.902660450354624 57.886710972350876
22.595145443259657 2.4202843289956477
25.94485605883302 76.06006856054863
36.03250281917266 19.16518126957245
34.72041402734957 73.80789511645548
38.226489420663924 98.18127825821196
81.38898777755084 0.13724195236020087
62.643112945570486 93.37666142952604
64.25234662931692 25.86713688546235
58.06216160482447 80.03928679580783
17.641981612415435 71.14101697863833
41.12488992563726 36.16327969466686
16.51889556638153 77.82877033935648
76.77017429178528 33.37242332776008
24.507361569907026 78.58395336000852
80.12165271044587 39.18803371599974
54.368601946966656 95.81423868673944
83.9903335358002 47.24109103633304
56.20455798776563 67.24903509200787
12.170072453175573 79.47503875485604
44.17420132289287 3.9089167349487086
84.08278001241904 36.510825585572704
88.62306519780773 31.8571539936922
19.53904281243227 4.184578201294475
9.076643922011929 58.719397829100906
62.55896326708417 59.51204340240158
59.60915615888521 74.34807370875191
38.58014294834303 64.52394393965575
55.85396380438782 33.3262995564819
52.403655408985315 82.25515054452306
65.05907650275206 93.90997915124784
88.89051283644326 75.72062445697712
14.072180013496949 30.92082848688589
33.51422817161045 56.6487355465575
58.58858282992482 58.615658542176895
92.08281016919439 37.78852851389593
16.016279888739994 41.82715531862874
50.76266692236459 30.156857810179837
56.99580064894487 95.73822861072414
57.050017607364666 45.09985080920716
0.643820556208341 92.85997517334711
14.919261495199109 74.06406635647343
99.32956165835624 52.7358406976555
40.8304714908994 91.76147149851663
98.75684075581793 71.96971483969442
31.249612372235212 96.76628159103271
31.58620952322768 24.484680416901305
82.9847211402724 67.7312328830587
87.47050774602513 60.229864839162694
50.97776646124247 0.7250249914146467
10.91304829476728 98.33758441091504
45.01841361182589 43.376005652114145
87.73270272978725 23.481219114869578
52.81060360968753 47.62066424538053
61.79520080645419 69.75973730171417
1.5434671110435505 25.571724919614734
38.583038328462024 20.89405478204174
71.28210977633624 42.883742804479716
56.91356601093182 71.91170271453873
35.33642811286659 76.46148630776773
3.836714574349709 96.62989084023022
83.8101171406632 76.21994075856689
62.51598242012815 59.47511194812104
16.299168773536554 72.31263625104987
92.19025246996168 48.245153992475096
6.134744221967081 98.75273484283399
69.19302915659472 24.583538901128478
24.556877397099154 22.544387020428346
44.7359615145156 62.279631611251716
58.94725562059533 77.35296962442554
77.23128825437276 25.932502056300233
88.66287187968824 78.4991545362803
84.74710374518952 97.38110230223494
91.65740157907796 51.14936830242826
93.80948419197294 78.95644795463484
1.3639857346599782 84.60355764754827
28.507182366569005 13.717165868460546
13.619132202071116 52.35527740742032
69.00833983278825 63.7246572042932
44.2811537545316 22.92750732410118
9.27722237331322 30.435398006757275
95.13192206724636 26.161721206151157
61.17241766199329 70.72109527190457
21.115076840442214 40.87976385061606
43.33098577547108 84.48162998937292
98.1549943733122 88.90308155131397
81.02457440129596 21.10053815443037
67.49873938863854 64.18333347006973
51.576752106791126 13.552348910958557
44.576264873206625 68.42663783955504
4.504936703057483 23.956313332873634
47.70433667628221 99.74232673212897
11.548583454952166 43.310934516393004
90.90492982199532 77.1005882505626
47.410991849618945 96.26295825734323
25.499529572293167 91.6968126283502
41.714459816735115 92.68382406884315
42.83647026982599 35.072964672767625
50.14405862315314 57.04879160052231
25.31797253835628 71.74842377564514
79.45867310382198 13.292102289788154
38.629176388761444 96.79076546970306
85.21857745059977 89.90717611468718
25.390106659197155 47.54762750276055
90.84408376223617 84.99981364926965
74.07706533894539 51.65737676513829
72.00110077425609 6.722842959085639
2.709442861076783 88.47741928772767
3.654250017220073 64.19481663543924
97.15491851724823 8.2971417747717
37.36441465795883 4.369680212313765
57.47911127760342 16.562753760889436
65.52123957738874 52.425787469012995
34.14500036953116 56.97604279439127
41.408532936962814 79.4264456603141
39.72270300641695 76.26840985167928
64.75833125078191 33.294278129853794
3.761731601149687 82.40973434957495
14.519583662539803 44.75789800795739
63.59118271019457 22.694041791973106
78.5205395036923 4.146849688897147
77.68360601956064 56.73710917722583
68.12999479985321 44.92208743031294
42.315685392405136 32.71963762360484
22.38382760495744 9.136281031500593
57.59485086584243 70.15819161398387
1.2455968428084718 96.60998648211876
41.654854224323735 91.5163706631717
88.764850512326 90.58328788660184
41.93746891995844 78.13149419601436
17.560927635644795 86.9687472421239
58.59290820132228 5.387385593545835
56.59327772036362 93.18826138254924
4.852445282827511 43.31438292941603
15.983505214686488 29.574351826115564
45.66886426803087 17.124687426620035
5.616876277892469 57.183275890460884
58.08924889276364 24.483795739166826
7.547141094435861 78.85831331687201
91.58763658276683 20.47334728556963
70.2948118497104 54.80676281967215
35.188900949219935 30.080088355898727
19.995447975289004 70.27709286769745
73.08372609405409 39.16667813575285
7.428988123161917 28.825667901845108
2.3801711219739508 13.674634515765028
83.9666711362399 96.59390483981534
57.879971275397715 99.17115535066458
16.06282710243966 35.90852895698139
27.283462833293004 92.63920367490985
98.2383349534485 71.7445441145645
67.47063256639376 80.37711493754466
47.81676260061829 5.023859448873069
91.94573274904931 6.807472898349132
49.17766865784402 91.72604423649042
90.21070751143246 63.33792456027613
30.863595894969308 63.58613751508299
13.47080642554348 22.30578037142911
83.22941342532798 51.56948499441767
83.01003094493224 52.832384921119655
34.46673664402014 52.41723017128904
92.4018796433516 76.0126341347989
14.077682520958678 97.67561585487476
18.343335762961665 26.418137038798307
12.32033011896111 3.1357663603399866
76.86255925950307 71.07556239807683
1.676543551532339 68.21827421115772
52.20236131046566 11.008254093741133
39.070977423603324 41.5445132814257
27.30972468574031 81.2039804882443
2.447966906367771 50.465933612005266
68.56447625217453 38.729102378914114
67.57592960131107 83.93327841109566
66.43669280178975 68.82169518788956
12.210261629717179 51.4893220073238
13.13638027496864 63.83678282746327
91.90157263373472 66.84603537059975
25.445906574247402 56.054542666310844
37.007307152561374 36.05585467827965
31.33956171515784 63.61331290004598
43.97205309540575 74.01432423394122
7.26542925815834 18.41394962473212
75.68894396540688 63.38445016044963
64.26621689776417 47.47480555445599
96.18715597251058 60.30475646796533
68.63668398145644 27.33104041356733
77.04381736139322 56.37258556099115
41.84574845399068 68.83576806614002
3.424566776595972 3.788659289133134
2.615334920116119 26.99820627667977
66.88656022941545 62.65361147378533
40.06042320890033 29.08567118889661
84.33343270316071 59.48668084660294
81.30332493692177 37.8635121176095
82.17519244931388 3.8183175146857096
54.85888189235162 71.7944926641129
88.98647540233402 4.430928899065423
62.29164417804891 90.21263079898877
25.41879072223121 61.38578990243474
57.76068171351765 86.65420722528313
37.46004877147596 17.30415078741584
94.49609355742817 30.820357975129188
63.520006158412535 98.3609911638374
30.31672489425081 5.328672874382445
25.774559972854906 14.195668023488683
37.99739510455852 45.59349729343924
6.616079535201768 17.312441211218143
41.06311545522736 37.620079735693736
7.792543324026324 31.109944009757996
44.6481530219146 2.7502846635342637
8.159079126379465 46.886072003487676
61.55187128949463 50.27211492313144
0.712725631447586 30.28455233630315
36.38349268047373 27.842769409233416
82.64825166610474 31.935726002768384
85.10101385026708 84.33919803600429
75.67051166526323 83.83577329727242
44.825924781492255 63.12724484323577
25.83527681839275 44.92817293682961
11.509854961270472 31.558623428788234
94.35380506562424 46.649275974555074
97.29756133937514 89.01864089849767
58.33755463079036 38.71787615991198
92.76852693478492 20.709691744347538
76.96198614432811 86.66275685741395
30.174777898458395 18.08634115584602
94.5982291701279 81.85387864986978
47.37176682828963 61.962995015820944
83.30270794995187 33.675800652938904
80.24550355987648 68.78394241390146
58.420229771640166 66.19913554490142
54.61907145456223 2.6415994200470916
45.44786528135727 25.435538424952185
48.22566522304881 92.09242759647314
37.81991386483714 88.36790516691018
39.296866263167516 59.965684415517515
55.91693371517253 5.882373889703841
54.043516145540316 1.365334360912851
92.50692601832804 20.33290971262536
96.3817089853793 23.350172450043715
76.7930281432617 47.949200157937696
44.661052535802625 41.56321362037899
23.920158989481134 96.76943431687107
32.53504818996742 90.4808941892694
87.50374400267604 53.85304439061681
49.52816630531369 48.89898137321047
72.39100939039105 7.338997685457082
67.95174626907784 95.37537191027114
6.5018345870104355 62.23795059836937
40.69033188946969 38.922691860970374
44.96863138499475 55.7699593669275
27.356818849162458 18.130286419373085
83.79866346000814 11.301698680566963
8.154330394381116 38.229044730597195
34.57463267612931 24.408062146113053
84.95675141772321 33.76355233937548
22.63551816819226 40.725051502500854
22.467210990894692 65.31846935643738
38.93744246504779 41.232219165999794
46.94975901873597 48.52082426701275
69.96486612018286 50.38929405335448
