629
70.85588129946787 9.2699886370052
82.60176908109153 54.94444487123705
54.44342538041772 18.138873998105588
60.34353128539919 95.87061984867324
63.344360823438514 44.70503149007838
95.37203919886569 11.193111476971351
80.54933974077115 0.8377898462141764
36.428540845186944 85.84672221120636
34.73767205755115 96.91245338626511
26.59785005992341 56.9732172789008
29.67581306874658 73.79431487763371
24.66342919737364 33.544598126852286
38.243942831243515 86.97618713788357
98.38287517707101 34.64955800191426
79.42561177948721 99.83789979560215
52.45579500778839 18.4106347804588
68.70786828811384 40.82139124462903
61.77061778834615 55.43193247538598
65.61671041102218 19.885212062990355
9.528383578575772 12.964532468579959
16.452235159432316 61.12219538469134
94.71107943888755 88.38326100903068
11.96944608398185 8.420145307823557
47.23049896475712 17.876716884851017
75.73971296946553 59.75014783726624
91.81811591492705 75.83397141591337
76.42033991782827 39.734100292460774
51.175046851224145 26.98736061932735
14.27778981004504 10.68747883496478
45.09111952987717 93.46554009559688
84.11107267762254 72.42275933348137
61.73233619390399 31.980968643251128
53.45312382464217 8.09130422865958
54.734701301615885 22.55721107962251
46.23645806981608 75.97049258854645
97.47693300972456 18.623753028088675
82.8203935395921 68.90854881151958
10.750731593896724 78.19261219882658
58.55217997478541 78.45249819715279
22.828818700714905 8.61342765476013
6.544577710854416 35.42781486945814
46.29783227319179 43.692365994144545
57.98313589477435 87.13966293378213
25.950848460999577 51.815010524546715
39.207755082247154 90.79952527501324
88.83908518760673 49.17790919758732
71.02019761617515 64.7157251286026
76.08074309047461 96.78958444743483
71.87013652503612 78.458230476836
59.932482556713374 91.15217230854289
73.2399441205451 94.69448451773054
11.361904536971757 92.17372014637691
58.336987616700476 36.50360443021291
4.141219527895245 38.083944039983294
10.631917351936682 27.897973544492906
18.669946750302003 34.707902818301974
87.22305348037415 46.54270362103809
14.162580203654096 72.42276047099128
78.84443979418391 25.472012725461568
42.36750272365622 91.67815169923745
54.75962936934452 96.82732042982732
78.52079244261965 22.328669092685605
20.345303958596105 6.222133095827342
53.5131896114709 27.980356717843225
94.43821856241733 8.20089560949877
26.488318727244287 5.77832663058746
47.442617292988075 72.59015432504185
74.2583469966868 44.85446636010596
22.262749415612546 52.54454418416522
84.47244797169171 88.72541416301483
71.46566811662525 10.919853089481336
21.180288541489446 55.486827972442555
45.084208629335706 96.12327657432907
87.62843943419678 44.494622833069954
52.62032110149973 15.988708656350337
9.69066580916148 22.433300099926424
82.25418319920223 76.94060950257821
1.589137166860033 79.15639860215079
9.128956642064512 60.76407819759283
69.52890386411504 99.567844061854
75.60153897692908 60.5505726817835
58.22389842037169 6.38580694943689
95.20184930088953 10.771112490133739
75.4112887408565 2.2563431432940706
4.569842457078533 51.975354805104686
53.99341952949713 97.76032964418306
22.96589209959281 56.527118218084674
10.7792432647552 14.43730049336801
50.337322611610524 34.41091956064708
48.75416394651605 8.793904542845276
35.99077096255202 86.77821924998759
88.91612825236557 17.84031558204613
37.43793178813903 50.20576381394191
38.752286556027514 18.579674918863866
81.65662151797571 33.46294041956862
81.02981100677559 1.5706064235132655
95.73928172378224 2.9408987169064704
37.73602164077297 49.10895105173155
51.2216300016545 36.124359693599
44.55612724726846 37.52540305535984
73.48535966856443 23.86739203547782
46.89450134619768 86.71071659223738
13.880916234240015 19.023747328478592
94.4086632290125 8.463832661458948
57.353088943109256 37.227547839504204
56.91490707314071 13.978746445899827
55.95736210954979 78.12975778511398
94.38991787515192 66.93098615828349
15.889263329048175 37.48475898305039
31.782509035308927 45.63426450343647
22.664736744884383 15.123808849704767
38.68926569373132 25.22773572046566
92.97507645122528 27.911341806524515
82.30612976956986 1.6692930451445487
27.307835390874256 4.85972905144223
94.47030321650207 86.16153525076396
50.71216848350256 31.364988720878962
94.76278576601369 58.531659840289876
65.62484558193859 94.42638294158013
1.5305971478408065 36.66649589391473
54.29755990027002 67.08344468451463
42.049078728983325 32.927873298119245
23.05414468645711 51.81164083444182
79.99650658756627 28.919474547052758
98.5080744815735 30.96604641166976
39.15656040624196 64.18087986089162
36.3257079655729 88.79188366897213
68.89720029882548 43.05333601076368
69.44183370914455 89.5160803789834
82.04585801137887 82.48585230167753
47.992426530686025 48.67527849229604
0.4932422563204919 69.74349420737182
12.826582033026257 83.72181570490415
46.31806039562498 78.04435915672143
34.44797630568047 38.48802841509394
72.67730016261137 10.050051308722663
83.21823778712086 47.51865362923871
10.266164138668243 5.125652110146373
81.00193624010471 75.61275498688438
70.80936043330726 23.89195968281769
59.00137145622082 5.141503521744173
94.78110431381923 40.328799081084824
61.911670409525996 33.298416567196675
93.31676896693727 48.43154803370934
21.902444663218755 69.88532095957933
42.08122448656388 29.01483306383763
82.35609537600293 49.07186612456468
13.150636890171308 73.86388266154215
72.77352382881391 90.84707821385756
26.743576515973267 93.39870349351072
34.328835791418136 61.668613616905446
2.7107579844068197 72.26893493250253
58.847552859825 6.871703332360257
88.02882108510187 95.08572080048387
37.852296697005386 89.25671493837368
15.941052417514035 0.36163410902825266
36.48212730688262 92.83498686752303
67.991061543817 53.78252723193789
15.097109759295657 18.533141746916925
90.80402103166878 8.795323290642331
27.54218914098242 14.084743801862476
59.98634995627319 2.2958144890009913
74.82594608314723 22.111939699103733
57.44684628077091 85.05607169710537
21.442377077133166 42.40955356310525
34.035349585925744 32.617463173672064
37.642315742380546 55.44446063081981
80.30095877480304 0.7835660629291197
55.60490079484537 57.484585749721106
36.276379347822854 99.32709255408629
68.65715056934924 12.973261767075972
98.3027215175846 94.05296615039947
56.99738489363957 80.00376329994931
29.518067525527126 78.29668756432706
44.31395993968137 69.42976631834466
53.574553711475524 78.26540736670832
38.722923950435174 37.38153548602289
84.1215687526941 12.352770001521996
40.29873275489506 91.30977807067954
76.63712094289052 16.905737263349774
41.78004833243217 98.36135874963887
13.216991777332899 54.41074979964357
54.553885609172205 31.0158013922059
90.09469016637546 40.25605988092325
31.282403850989493 55.962501609076185
43.03320647647669 27.10162321324916
13.071778131764965 60.233523875663465
81.39070455287913 89.43774784326172
68.96535597949592 72.7974459186323
80.84935527663768 66.3810118333423
30.67721977475403 4.866896900242912
57.319219001397606 59.171718741979305
87.47806848093262 59.610260783907975
76.17243255802391 27.55456660146779
16.45329658863588 61.098104762197494
64.80622983235455 1.6483896034788281
5.405951118751839 93.74557508941686
26.518978776150913 53.45529311840074
87.81382758228568 62.607532206513106
90.99398860825694 52.66597558916848
38.34379519928377 15.764806286219246
83.35159811340154 36.29966129611542
75.26308194859106 31.485071034617384
30.531829534304443 93.62578203363945
93.6118017833081 33.14340147385636
78.88314745306553 8.793964921307184
25.157392592308604 93.64686764291402
14.424062172139962 46.722842560668354
95.91545948498134 63.72989766147011
91.83842076065794 9.336248380644586
32.5443734529155 45.8819994348586
27.38379264333006 48.29702928244743
73.73703236649797 40.90284692007029
2.8406261447107894 72.55234324861107
42.30760718347102 88.29131375505283
84.9739454481519 93.52116601866956
90.46537314867305 24.039010603126997
11.707333491554783 14.84745203599731
76.29947758381367 22.747754367396634
88.76672867413083 49.29546433733501
15.397261526267346 1.5930598177443023
49.04242258767808 57.05598937702864
44.652076483128766 82.88851365087176
54.65501747720478 17.013324194901138
76.87472791635216 68.1818812245553
95.56079674301301 89.27429548675593
84.74823643639029 78.00977738707009
95.27997872535799 85.73048193118272
90.19863312459006 77.20204693743148
56.72768722199175 42.911295952479946
53.818194115005255 80.69361860326141
39.131292745855376 42.45189521301577
67.47619902835837 13.473168781871902
68.6407809860048 74.87034760580453
15.98739271161782 0.7897121846538457
85.99931290662839 57.122586646078986
53.59351106205209 51.097812603257545
72.92453700160458 0.07479680967736879
7.923164508794178 89.2846256900529
25.80802641339437 90.9866581356235
1.0730926202507818 20.294840016257698
76.91147606137912 91.53958651965952
93.42767081218113 41.74627027151316
95.67315678108673 1.4563652560470985
78.80532967179954 79.60268159671429
48.73257988055476 68.40338126647873
75.112359201623 12.812058031109997
12.837779284100526 31.038958456593726
51.018730664053315 55.03053749955503
87.38913299093323 68.44990294320081
76.33424780266209 1.604818417975995
26.067121206748546 9.849013600899791
37.627160033200504 99.53148145973334
28.514202605633287 66.71824706589456
76.47576216551565 53.4204083031806
86.0146294408925 84.56222156107178
11.729365763598498 72.04737852056473
77.18247435479499 23.238975682718888
90.38963819096682 5.502922010294764
78.57027261316469 51.85102774693707
94.60957108729711 55.12970345045828
36.71447448071527 0.882114706584558
42.67688841167102 75.49836995880777
49.30256708105075 71.29554974138415
76.04063308154775 2.9636808687946603
5.173871032202104 69.987798025198
93.3277539515549 82.74499127313128
60.582542544680926 74.91280404476358
38.561679303615435 4.6654102596108915
12.658230301299866 50.8517978133931
7.928058523104586 75.20215373761398
28.994192436498256 17.366507640783436
23.663659763278964 91.90242838398183
57.74788358133787 33.670179776787194
36.15428659573941 17.43132898190307
23.53163483262497 66.36292837482767
41.91604919469195 24.630790559376358
27.122973515630143 90.07249146344888
22.69504910930291 51.43835247497458
10.155303222671341 14.491922968453574
45.75589091828562 25.999051114328786
86.43331947424525 39.911528500819784
25.949119851153178 54.53014300079132
40.59316331363546 62.22625071047829
88.18611886651267 88.53436694044339
54.71934495822857 85.41113126599899
84.6088050241525 26.806654362519744
55.94176210969345 44.1451572246516
59.24223813411407 13.421200023019452
31.594122943398073 33.41925999069304
95.34664836632551 99.44291771060959
61.663810530164355 3.9935983934780594
33.989989321816125 93.57731329602215
48.5745991853402 95.17798453631193
22.509627427878364 19.7405095483255
56.50197905353775 93.18354299499698
55.234269707761975 90.10509477453164
14.645999250334507 33.15054109127814
84.97920175532681 19.658119204032232
11.838238832167924 94.68355270675538
8.406717291509636 42.672273674491535
91.83049108839585 94.25250681052557
41.08046095308888 74.68532837442886
91.48708309909165 23.531874857081025
34.81681914634739 15.152916186856636
35.33542591956418 96.95513041191415
46.88975714870315 30.595419242787546
69.9049830351643 0.6170285737384318
70.33824748226448 94.42861204757355
14.41693175774461 93.65151861586664
54.80082988012548 13.496645217125335
69.71817697100147 31.525480198492208
93.85133119397105 0.07061967267791847
99.80997851636745 55.50971847552578
95.06180975538463 17.701804605707494
24.405152725032618 25.186998537429705
98.75497746225223 58.7000658756921
84.63079596554816 88.12219014224097
2.17785932298028 24.59311220274123
52.099977341862804 14.565842504899118
39.341600561497 56.601343838177286
89.52880741314287 50.50532582000462
94.70744442407525 68.78464946125393
87.99597596291649 44.14938833602533
91.36645272340988 64.17818397796555
2.043710286129763 84.01886585093379
78.81928303607836 17.523840487229915
77.73403764173949 69.55228992368716
31.076563420679005 68.97910937596053
85.61237055331118 91.0080897301157
72.64509419207852 16.396169877506228
56.120359822343346 69.8420400698884
4.183504207220167 28.795451349853842
87.59391891196293 93.6832940899484
34.53729840368022 40.09750337932145
32.82306321820856 89.71248785575312
7.460452553393582 79.08594703974514
28.5682305103209 21.681296225774492
42.76400892019765 22.49353978689088
64.22317312004289 7.125431150628225
57.80712365397625 42.6848909460551
99.03901585493688 22.897561633229337
26.65615171337803 30.8254803106237
26.237569497519242 79.24938165611333
89.32568259208112 4.584741703750406
6.498507749536908 7.512250608045667
46.38149412324331 26.207416666392657
80.15982799378983 32.56327785963662
92.72550979697188 97.56237661506401
80.63906641398138 71.10620584960564
29.148296047405587 42.91832566785416
9.825489660466369 94.40649936222924
95.26349401678848 46.211879362534724
0.8508724033846726 28.636509394052112
0.4330420098705656 33.850912856044545
6.700323972800826 81.85694568612367
0.2831721622637784 84.30395828331513
81.84747625480999 12.472951673061683
5.64696874967765 66.81560219265707
81.39387553053876 75.09472069748445
75.21128212066554 54.55194787182355
53.13000206343212 90.00521776643079
50.1661461219981 48.1353083655969
57.31649446869026 69.59346804661364
12.169965596971654 27.18153196901425
36.33848054208055 12.693705168978308
44.37421180505924 22.614246371663384
60.3185881038239 94.3847992467648
8.353322001850728 69.37699536094426
2.8586131101640433 33.49554230990842
27.746319826454304 50.16158248757605
1.3487389291783058 48.17261696543616
81.82812365199558 57.106454961330236
85.4260839243972 70.91269737608768
42.743421877487854 4.664052220411962
21.55665919456299 42.1153674263387
11.021212380013257 74.94178491833665
35.690446093023596 85.9448883468683
70.9554664455985 25.959157726527348
61.97296795803259 86.59720803488653
33.96733926214785 33.075950196697704
5.651088054541575 24.983108526875586
54.13954929262987 43.78642456219849
1.5842335823151532 40.56848971719821
73.20363651766763 70.54405235722874
6.112619826619392 64.4170662118101
23.950702651084743 12.742994269715723
43.731240505220846 44.32848297011978
77.60589374025282 88.44467342225674
94.41522442785705 10.56667552341304
95.30782789268115 69.70519634808706
96.09417865018287 81.03071175727334
32.77635836463496 92.40905242769442
61.69142418587706 45.78939675251841
38.40151765353339 43.07363847884733
2.8824294675003137 41.59799052516434
53.411857053743375 2.9855905557650164
61.55741069178767 23.297411521594825
71.35209151830297 89.99063285593914
11.708940025464154 78.45494784447855
24.44600868216632 48.65224657000363
48.82384231166087 6.148062314945479
5.4318798824885555 73.74452676739655
19.51616920329693 17.740291514423
16.930205009787958 57.65165438612998
66.60589999867538 87.20147667632912
84.68937678508091 56.70060408060993
2.9463441428639547 24.1806366835844
17.423227945900177 92.34659815985098
86.95687688021341 54.837994774022725
55.067932992170576 83.3644998971765
88.8420611504984 25.782863861881957
90.0545591650569 94.92500024852107
89.11152576027959 62.111128647812365
65.16585680322589 60.939697946955526
69.40225444698895 29.743292845999335
47.59668009445643 2.3070836759950697
38.21383117368522 3.383695379135343
55.71280588999032 46.72418968602612
49.81198069313677 27.404709064063482
17.27572027411748 23.749433049445123
3.6454927095399547 50.070562557525754
75.98696473636782 3.7785588127517977
33.10786928393128 23.131890470942928
20.665054603667688 53.38942926052213
41.7494677832417 0.4430109466774135
90.23711298599267 54.42301477331978
14.912139072962628 2.96803780333903
16.13826294089774 90.41853934618783
61.54359436665388 22.484981664724657
15.074223393760288 43.8931265920401
60.12069139504661 72.46154786260614
25.372912665956505 17.098398936475746
84.81141097084293 83.40130568735995
26.526839328881337 15.28262095483328
26.12675780004511 27.364135990235784
13.320043296029016 54.9380449581228
38.85132323782127 3.91655091693609
57.166956547916925 10.837712852364579
25.80410266805022 71.91169660916007
25.762849727250714 9.88320925368168
59.59874019850925 82.44344507569627
83.31120857101018 96.56743194807589
82.89154729983068 97.91928137678316
72.50882118887027 42.60319266514849
81.59622998733738 65.47927773131052
48.07108092606662 17.178376393830142
3.170251109174438 6.202988379647656
94.89836238009363 88.1001741761519
28.310799467315505 42.01027325967587
28.854459675182632 11.322168477102924
37.42474802292525 40.868490161659466
81.22902455738142 88.3246538315523
13.721502484262038 55.62203551583414
35.45406569284081 63.00415494794199
38.81750590018572 26.283712514034065
35.03810209979551 48.144982270042334
17.63064158533505 53.50051547023469
43.8241161894021 86.76867564064364
12.105471806533984 47.199133562334914
9.142554708094453 31.645282381792285
63.29179598132703 37.361329511686904
0.8064760428059037 13.231686375637508
57.2062829683586 67.41072864775165
15.714209121048295 33.221951425608886
64.08995465096584 11.946708898406587
83.8623656587465 97.32641558515833
19.215386898282215 44.42882758858615
4.801748927514593 15.509780879957392
26.815067186694897 58.94416816459398
45.674837913457644 80.29410369162125
41.21295750989792 72.89312859064076
37.60417587878961 29.70627023426352
89.29746418726722 1.840408426777962
79.39062553283655 44.56176180041492
20.42833981819978 55.90925673869006
58.819065586347506 27.273692142066498
74.44655864328055 38.15711174003717
12.080996684720258 73.55293275415256
6.632654216870682 10.848038611139355
23.05256532945258 18.71652470973232
57.40291902352035 72.96680375832274
74.59712209653259 78.71053473860253
94.43740702967965 16.73578589281418
37.010321503644924 47.12425248584524
67.46138804067581 26.823686201824813
4.139986410306696 73.3858965987822
7.479387395930138 68.00065373488583
2.1549099409143735 93.96186908905455
35.9257964646654 71.13336033277572
99.24235837694916 40.23511366620246
95.131034349023 36.732171841891194
93.73418799436334 42.71793133346002
89.37321523457481 39.05465937849779
1.970829778987515 44.70586970537441
62.53675414144889 76.13015969586381
95.45305454622928 59.396163292022905
69.77355203546863 91.23933557161253
80.3262950341024 81.37986055456705
76.36476796686397 58.818692134336736
68.50340167564839 82.47732523240008
23.029724608509582 77.39315606789373
83.80729823227225 7.946250911230035
8.814755030779796 39.54544016746723
90.46236877960422 55.059185090929
49.0558465936975 53.56767596200983
25.93500221141539 80.01028760550048
75.18255032086 24.692784643339028
29.53756174683402 38.79373150344539
80.73743241977313 49.678666863638746
5.860401647949587 71.22824422596217
26.50792005471949 52.72657281498435
16.71302500915108 91.2581635920908
24.24855626617394 77.50758649216804
26.898153787605516 13.236440603266008
93.82932569552888 87.51590458020044
96.65726973250763 20.108284854275617
35.52033744424271 92.41535536624973
54.97866027030691 39.750382072443394
79.89170830339746 60.04185992254343
47.21906790135834 66.22551425055111
12.929526518609514 51.33973099589091
92.17918615338967 41.63612970009514
46.25571316649243 37.1246294867028
94.4275910211155 85.28623019592033
14.090589826156963 0.9082498341650647
83.87331326654358 8.991932313580254
56.40893008387954 26.85655194035903
62.43514871431233 63.103539171061385
21.09580908905332 64.67196028166403
66.01632220652476 68.38835993498998
99.56048315908018 64.29253618866814
30.723431503548802 81.89767424494411
10.349595100711129 14.150423321416117
13.962619758677452 54.58885261396582
60.949718727271 62.50179163367567
56.45386961645058 19.805886855577846
1.1693753152344555 37.98857743728691
35.607411308547675 4.525042212146191
70.36420149019291 21.762990310938292
62.55217173236068 54.81559024538897
62.71829285276282 2.172103918743895
9.31332639813791 9.203886587843769
34.75586527418706 71.16119719202322
27.356591209401635 27.3956311138564
73.47637077811098 38.288787741806104
93.71767299284858 55.94822963619883
15.66538774243822 96.48570209850313
59.26932098034453 93.57517938723892
59.29016973028751 82.98515847956602
20.850339104189285 80.34409955961569
34.28926215038642 35.02092316492632
70.35704950645172 54.22388516944029
52.13598568189497 7.227869455037705
40.590945988478964 59.122751634039204
31.51057798223632 24.895244629623882
20.244627222468527 64.94491192243221
18.26119695453138 3.044361687072128
75.78108979335735 50.43745948870172
77.44340333659318 88.94513971686277
33.01543971703996 17.27473844653821
23.283725400108978 73.3521476244093
97.8362907075568 67.90503677552842
97.95010156237683 98.70223106482932
93.51548299271158 27.909714344156356
20.301936234850892 95.2859093602553
34.67546326494112 67.77003355361711
43.12465310584434 60.168790064235154
91.70202734785518 4.560825898135268
58.47746029175155 28.328614186948297
92.74440489991078 33.005545099179955
61.64821268635794 90.33574048895478
7.691934485776597 43.76213967129502
49.1103268838671 84.48396083354382
45.612216271459495 59.35569044689443
52.313448707141376 82.90116492444784
14.6400597701711 16.70750668283516
17.393430783775756 11.973952566094292
14.122586877828825 71.51168558197281
42.82777496726137 87.60935219071091
25.135578754180422 92.38012409494718
37.525754165095414 50.8237617832897
0.3695492795912636 71.69190730284811
86.5355488862416 8.870214664143017
88.15851665164074 72.82450757993489
2.416635214568885 62.33059413243891
5.024231930784817 47.21288099099416
49.98211961964446 56.489167620496275
71.50499285323222 14.459041626279333
3.4593903279790394 76.2420642193031
80.52308280965744 33.66075234981392
95.68532001171192 6.461819119985335
17.2365687345696 84.59064431497646
30.948714768321363 3.7204705911292213
77.19196474502766 99.19668543346862
60.02941303515287 42.503353065935244
62.06255203890464 46.917689207485836
10.969814387794429 73.67397975337218
96.43469750307347 87.80250773938437
32.4586493842199 32.19617301617078
53.10479532154078 4.623476842895169
0.5900992135481675 38.26940214722857
74.95409673603588 80.70263517707261
82.5458118388598 23.00475740972
48.891855942572334 58.784453980549166
16.741847699638523 80.52951020485882
87.40571306963534 12.944524807785251
98.09080855916731 53.905414132106
78.04414494131603 39.720402077618964
96.0521909372242 23.501306941669032
11.513871209141024 91.07446215666408
89.77086958331427 34.63761456752543
95.52633283775336 4.372118261276315
79.28833730830968 55.1924422367282
50.03426775515295 88.71959497173026
98.26409247056505 40.2461479809623
76.1278237671015 19.521847126713286
18.700166890594193 41.97145637818175
66.88207526507472 4.653218008605087
39.49153371411065 8.154205296799887
21.514600311901443 27.74775514953899
69.60921378790445 80.11555438379958
88.90102838774521 37.31163270644336
45.449586740305435 32.37526823606153
58.71962531287952 82.53342706685768
25.466871391918854 41.501925716501745
12.538672557247644 5.08475650359067
48.60887038229578 40.898492866180334
3.2135608862142617 33.8347514124101
