602
89.30708937141756 61.651099768647946
1.893340183808645 76.3633466148628
5.077773842751276 47.83694485482254
1.174385677382872 69.09724809380867
25.477336095067127 81.54359705791045
67.57422226803213 98.22359574945368
6.84243711168242 74.21010614508064
69.53862858173088 3.4631260298375044
83.87857703569583 52.25289944512673
50.11011936148031 85.03166887468865
35.33249184640733 97.01738444607375
82.93689393442605 20.2643061280398
39.40048332910352 22.9138674624224
27.619437477959675 87.12558058078794
6.023464208381634 78.31843656558401
13.966494624858495 51.23741055506957
51.48439574205855 6.4537665199351775
75.83774909635036 98.41897818227767
50.30291546130133 96.49259801517155
96.3916208103233 52.311698674484255
89.72247669916675 61.4927684595502
38.08241526520793 47.84875890805669
92.66970714651679 82.96555217262076
94.55858721958523 6.288138883617089
35.117299133793566 2.262026140236306
27.429749396964155 4.480411862641532
24.22525922995885 56.91570808297782
50.009510209974636 85.86497604151997
98.27738606241914 92.0951401791794
47.575913180519706 67.75122530491534
14.492176470690566 34.70306919389986
80.75023520711706 42.0366790445937
97.78846779660059 64.44726411316731
88.18317728272224 52.57089282456033
20.609130401247377 88.61713976259821
68.63743886194808 99.98492013621252
35.9624339991877 64.05050930046245
45.36174340604787 60.307825304446226
39.785023512248564 55.24004697474159
87.03733857324367 98.10382075991116
88.12744596301155 78.64708837671152
81.9034421684297 19.200614214003377
92.16164873981405 58.5108592387063
37.52331166386461 50.18963732398019
90.95015061069616 46.901192647167754
61.48203768967425 10.747520570204872
19.855213695771912 80.31438697795144
60.067701409668686 71.6575130211342
74.25827965136234 48.46723913015768
19.99014556498381 36.408296915158914
35.45266940983694 2.528234770709703
62.60049205038732 12.588862575714222
35.861051008786006 29.881001500786052
17.58396528736308 24.609223555649727
22.39404074420337 53.248248046066095
41.378307778925375 51.368912569851844
94.92217702068119 25.526304049421245
90.26688840424112 77.18244568381563
83.25223154109878 32.46026609095697
53.1311921641913 40.72785002352405
40.28064738950078 35.55049728702671
92.28242887305899 83.28805388208484
54.258932152158025 21.1167759441768
67.77892776953551 24.893869533827683
29.649163524888746 73.42478471026304
6.022608104205696 25.63407183417733
81.60411327487932 50.49130769830283
29.83928281963264 40.85983744960845
81.4658772891302 47.742693290969186
21.672835549626356 38.48911346833065
66.76156396127533 73.61816860704857
80.63226032884488 38.60299136845596
5.294655705380058 89.74344939168817
4.356712945213115 33.83211234789276
68.018981966953 3.685698753191957
94.99936452627618 41.379186395622234
78.24021285786526 35.32714512742654
71.9397050879739 85.46399098456712
24.873811162690206 57.724097974758514
33.119457536554286 16.309109674709443
93.12405930399429 22.028742452841765
86.10445425651844 67.75985889502145
90.8163320960286 70.87962750668444
74.23039248121258 80.38463435580108
48.75869180062211 10.5437586947711
64.70645546173385 98.08432666024163
97.56998946945768 77.30192893599092
94.71069147648973 81.047570906656
28.915149269578933 80.7350853915155
44.430501393622855 80.48935338376225
68.39841890171017 16.517045751979076
88.2965195392109 50.93457768257673
4.236267945687111 50.6247267220706
6.309556274104244 87.53103690870603
2.231748589191873 62.60213099269735
28.53766935203491 74.05180026302595
54.87974568491582 3.862461688940344
29.468522820662855 15.400994817094604
0.4651592832798035 98.52476412165296
89.427844635453 6.128456737543209
93.81871286624053 57.89722466432114
22.44262722895759 45.61180279703311
88.50467909490035 58.441326926816004
61.49823375849872 33.523224735418076
16.936471277091393 35.12221011514588
74.42498108382536 99.56742871650127
7.645472184303137 11.517820571727643
64.6742245532293 1.7420145615161697
20.51537325248175 91.91658411452252
38.15900457612555 83.19868692706281
6.921403071128507 29.452806127097197
46.44417903237468 4.108889563451279
5.483089022503207 56.38260979440626
10.209146981049011 78.17466651441329
12.060645953535554 93.42286858282087
1.022110824480238 16.643085511990652
88.81406110901347 11.88735011290406
76.8936632023512 68.88375199329411
63.036746150047165 67.47735911739532
72.44756583920226 77.90604860870202
50.14440041675413 95.71215734193896
43.770246757902676 1.0703612286183106
26.02041192821093 33.097301340811484
10.005751196937517 55.225415048111515
38.32947536496001 71.54605809970982
99.63140759579612 9.9214633282522
67.92668291127038 64.05747369998484
80.73902631896154 16.133190101706475
86.3850923780583 32.652188037455154
28.243118656573362 88.79823125970454
18.18928758657894 35.81307638497088
69.34515024012538 53.54350442286675
16.40520172996761 28.205747512606337
0.47917058809205937 57.44513916360155
56.23963378560445 13.423569661246471
21.90184969329315 94.40897428515332
34.732702424283005 83.29808763775355
93.15748223666343 12.558640184313896
31.048055750296722 64.14167655750953
2.1873456117413426 25.381227252427575
88.41880572036331 21.73239204745563
54.934634410786686 87.43158914524233
53.11725725445421 85.98307816324461
18.270051063203375 86.40034657941219
18.809159035653988 6.390530472283884
46.25611807617063 98.27476974013454
22.409756223678546 11.238978038684799
99.90035197945451 21.352533212350078
49.83164447340109 25.42454740220207
55.62623322520794 38.0803070203242
98.64331941809981 67.95779099866839
70.16709384273378 75.74710219891469
2.758123497375986 62.17086355565724
50.13925243499091 74.20553587693107
85.90096007528177 39.84863516677435
96.4754711594021 85.71712077726336
98.85504578919411 38.87957681737711
70.18622429998732 98.40458650834472
43.29299657682066 67.17497272935738
31.598035992361805 99.32603084650587
65.85823490353889 69.54131404485156
97.98943281825014 88.832866509087
33.771289698445905 63.67280931219137
37.20451870166544 89.13975765572063
90.53196800436496 79.18251808677957
29.060199815258116 8.285098729665085
82.10833046042251 22.42834922880287
1.0765914193947457 34.69087950415853
25.186948129977438 36.03106977224838
93.59521486816442 23.064374361269135
65.4548649179966 47.68994313067644
93.31784175935377 97.64267589408114
5.828192782609987 60.652456063822825
30.196609234513573 87.5575680436495
17.908204658590233 42.89606228300272
91.50014375800181 81.21641007598349
96.07198558169053 78.30192168629618
99.28391628463432 57.50558471021135
3.5975405771446534 85.91595537226043
7.844568660195961 99.49524148816093
15.227637592935794 39.2743687382539
5.891219981023632 62.53394204228425
60.402097425453796 62.093842502769625
37.49018078925096 5.9152652975534625
22.663919190773008 94.8612367032457
38.848364357502916 70.1508840432476
45.73687445162696 59.04347209037311
80.37653681388022 68.88256741483187
38.005435837307154 20.479446219626396
82.2566199333889 93.5230879325864
75.66088715436959 72.46428600864192
43.785177530278716 78.03381497001969
66.53100558021504 58.153051984305215
88.36704882669915 4.580679017002998
7.773780705596145 21.655028077001326
82.99746260788396 33.30637848527495
32.57384615754235 80.79902225829602
22.6328913976523 43.90232625889505
73.55778481394188 94.9910079877764
94.22152364219632 83.18079923159779
31.663382347869305 60.221464806633705
53.18323314010546 91.67866335111103
39.79230380914144 31.55935107073121
26.85604874246562 49.55626578110524
39.206435460652756 20.60979693961099
44.730029003003544 62.99416864293575
90.79402931318987 62.51490312898267
76.04868644791759 57.32733771558326
68.35192459325694 51.08790086815617
80.05492717680681 89.99768784281665
24.262619582695542 82.81919675198394
59.64537641819921 63.62766104108655
48.488170352921465 78.49864993989384
33.923574559958546 6.302590201090896
45.72791244708151 53.48171627239648
82.53061044680426 24.947707046553603
44.90607665943489 11.782247734260077
0.08605522963166523 86.64930388584018
26.209321556509245 73.54708312158495
60.45217395504833 25.04131800528694
1.2976511322753348 45.36434703773513
58.54212498716777 65.86729488704984
12.07612928126267 4.189213198519781
48.18140402934377 28.65165900456973
60.06833620611518 13.287368604539939
14.04437796577519 26.407742760950836
19.4275595980531 83.17323594471488
76.54098143755068 30.319948219257476
79.77867551638124 8.889739386647422
36.5234068763189 82.54231136132941
0.40725735159843346 34.91511194006276
50.437120177865815 19.579527603525438
10.741268796285297 19.20684971054093
40.17263022791179 31.1555751876338
66.07250437886182 75.17340183906515
24.535856085808007 2.8738655594067852
92.11691203267716 3.145307219840221
10.186000524850336 52.87548546547923
92.01504325207283 22.690527415998773
86.2145358007139 66.5689612291259
7.999347875261265 22.440335117847155
52.30804928532421 31.449811226521383
95.09049461847464 92.82470669125192
25.298612547301058 74.76196310767692
3.9930523226156756 30.328897995460324
6.004975569671778 39.43361339698912
14.010608904427801 56.37489171183985
12.543427319988554 83.88738771084822
52.07851854116983 0.6635370509472827
60.16663117718195 62.795819605793405
25.95883566716989 50.97612937599406
95.79577538201094 11.549312511405962
13.452078154766856 89.88609301974094
73.76212959644158 29.01458441742537
99.28499433773483 63.88379430089605
36.375599488721576 27.509875390756978
44.21879331361877 11.261532966366428
46.51514164997721 81.07850300239915
64.96618144828682 32.17642061816579
60.81711512868427 11.091562143055988
20.781955011162612 96.3552898232617
22.007357178757083 9.818299893509973
95.33521677909523 91.8589508525401
96.66215411177672 16.781275032559883
41.63625595892289 58.72278800138426
26.861663900880373 49.374245922091745
19.896044123834834 93.20535124845381
33.732604609424655 97.05843140875776
58.5947977865731 71.26826329332043
26.74866824078662 2.9168045686624566
72.17506065712536 24.172973078267923
52.86420412259726 18.539154554197978
86.55781018494696 75.19540458066784
1.5072740105120497 39.94798961400876
87.15699838990287 47.5433859438543
75.67888312660229 17.12530182943216
37.11503160198967 74.44180898669231
10.08608127727275 35.53672338801247
72.14165523199209 47.62151575596747
69.59066585242509 88.77020405702612
6.249355024404791 58.189907878603464
63.62887857505398 25.282284738314452
50.174501002798 52.11406349527494
67.90629579586545 20.455281866061814
87.21928271844702 15.083319506832515
35.29409556193785 73.93375300149734
49.35236804354566 38.69065506198335
39.051991593389246 36.16437939772324
9.558140555387862 54.33258862664005
26.840209601047228 26.103100414813785
53.4373140997988 85.11041970974162
25.150228392803342 3.6817604371559676
8.301892681183375 61.4250876232057
15.039198484184201 27.188024830678938
81.51719973254163 31.102727488590197
12.703315583350893 17.01630143282661
47.90179133106337 30.07316335224536
13.960834170765557 15.249938613664904
95.42716939478902 59.104532300523736
85.83546509040222 54.56660825212133
52.6034870993797 68.54917133619833
72.02875018297205 89.32251599295401
34.78134225308808 6.63774823106772
80.79448523172226 26.747210895600983
57.54911811545884 38.590107324326304
86.66402933167116 26.811786032510522
1.5953166454131473 49.370882195557385
9.321417348867023 82.2196155946362
7.129250128132069 34.65812876218444
30.582872984686905 15.984472337470502
63.184608935564 54.68538317406883
24.10560760631738 18.43371643639504
70.51912227741461 32.2541790019003
85.31426934796912 59.74455528182661
49.25666039993764 99.62933045778864
11.004639250965342 22.864461406533067
33.70132309610544 67.97691681299192
26.657967085316827 42.04531544114809
5.343287982407519 86.83286382068542
40.706376573266 38.7634412336771
4.274252298153325 51.53325024047304
15.542904744777763 17.120897066980735
44.81821628390416 93.99853139986874
85.4499154390305 46.87945877298678
34.62178627155254 35.18289140194798
42.179981563724844 24.07232794757971
18.582072318899478 22.55090024057357
98.56487474499704 43.55665235704592
95.3051338693422 1.1237691964526508
55.913876757234874 32.65384508532109
61.22420867953472 34.7903259583203
3.743720837410003 30.65406256966341
74.75810972809856 80.41583502142568
87.9504363737663 48.76013491808985
10.637163383236903 70.04136586746111
44.83834763863553 52.22783849955144
34.24627750018811 56.034583260228786
3.5018896206411187 70.42345161253756
75.65455730599825 23.398247679064788
98.73413362536743 73.42213574315286
32.5508350503849 39.02255135075291
69.89978662507602 60.700482644003316
9.240942685348475 83.31228155440753
34.27063012383616 42.74751955755976
7.679977868345789 76.71741750408627
32.07447231197378 35.56359303967766
67.49773988536437 96.35302999491326
44.831228916904486 59.92675338125801
13.045989107952394 31.00563746140469
97.95192709403238 27.862022361205074
31.42524305690424 62.09866402391205
32.09206030242833 65.3536307271218
14.258530957300097 71.84333870736988
70.37696413090868 7.034538612455576
58.06307200916273 65.63012718951975
10.005515157234212 51.15592636679691
95.90732179340361 45.86575461949709
7.747605676439817 70.60014307042584
21.41830110455335 99.26713781579416
22.63409605037111 64.55098421697406
55.11951053524766 17.812735103837696
91.84418301494118 46.0732511625486
94.94746791972884 41.08926102995806
47.2307731038741 59.21286486942756
62.173611793313476 24.058028758806316
28.175128873745305 79.02544938274289
48.799073523895466 44.071496192140124
1.5448532378159685 22.54036594153369
24.20918628467653 15.629632301937345
78.55626802300367 84.81567713542712
95.42448022230492 36.24865421868856
8.807973878997755 18.450170218029672
58.53707649522936 79.90050447666403
98.65326027381548 61.14204342427678
15.927132395445076 16.359863678196696
24.05286358057934 63.87225218869589
4.635514557086429 96.4808032709081
85.29134577421983 35.04361905001243
17.25009191576825 52.83568144635441
59.34443579458936 71.20432923558812
39.052728697786854 34.44941904972458
87.97299704774579 22.85221072961986
57.34767625185411 84.77504724437065
42.802793203689426 3.623806910355576
73.81832953791182 77.78299850489552
40.055496845075 77.63047670923604
32.422956671208304 90.80058758573846
79.06856734968757 3.8985518262452445
33.51662910445052 9.08250507994608
1.0270967885160798 44.83105371726532
63.88702220894339 78.4057149719487
50.53058988113798 6.399165577714139
92.38112367052767 88.34594057416844
16.650481318126165 76.64942879653466
55.412657176981995 80.4927631074443
57.16087305504388 37.08761585906255
8.109107455694042 98.48680334700143
22.99796171641313 74.84665868222945
96.82315083552218 98.40636379983465
27.82983840462783 14.461454554015917
43.254040849779386 82.098050547557
29.175970149974507 34.62748913576073
95.35845932440004 96.39821212087732
9.773220000071593 87.53723425778249
7.2071799014379545 15.291187103947113
73.80843711246253 16.15694052879505
0.12668731272694744 20.32553832107229
28.085427532805607 96.19783077071199
57.767935743082575 16.292787493717388
32.73753196651301 36.78703711245013
47.821656200717385 13.153872669704347
57.98152395402789 17.191723669402325
29.03321245077568 86.82590332263965
78.6858351226511 44.168161372820656
33.120458458967896 24.432317680056325
28.495303400347982 81.64622554470026
23.297725546413663 5.620984878397772
26.000549833109254 71.71763089411685
2.8333926130945875 73.7325464205041
40.90377646858479 90.01431912778824
11.256750995501674 36.16690905121229
65.2125377407899 21.740186662571993
48.971577657795336 75.9996368897225
53.80897704165237 1.193241412718682
68.6804493216484 93.49689198124301
62.443109732310106 24.392068369282917
25.19831124977904 33.81623168962998
41.32132918582876 78.71615792689317
32.750183768475715 86.77100662028879
4.045198749224355 81.52082232858167
91.24860912189676 4.879187525003181
23.89252140013913 46.47862072553546
96.24207342764713 11.625462459907187
29.64516947210878 88.97539801511807
51.28393090621621 65.89780319554515
93.76110569346208 27.849455381160183
54.94607223252718 88.8282605514903
22.471207820887308 99.43862546083595
38.843605880658316 48.37046455295161
85.5459795600671 44.443742227418426
46.90786651841081 45.0761746145345
5.79053531744772 61.083761183282526
72.54684112387862 69.39375564297787
48.934322531795814 3.7801052112831135
53.546736005001314 47.89425670333777
40.70267963933596 67.77905535286776
21.333294338540032 44.48081295552036
61.634701238691434 36.6172556186752
45.8109320692397 44.33087012710586
53.8010822666781 21.206037598375627
9.434685867729996 82.2903916137683
64.17550399842334 13.267247207005362
93.96339130114241 93.47429096782594
14.84498062963533 46.42628153078224
27.151380494490375 39.51327954617919
58.13966335190881 35.893037087826244
20.808766520893094 33.793291927441146
19.94286590850424 38.56467706305236
13.875215262215379 55.93494403668268
97.0515015010417 89.57171070690926
55.800123522873854 45.956596492911615
88.25626104149104 97.22026302466635
94.18032358752706 58.91020071267289
66.16665209133966 64.9262810512788
14.30790629072506 18.505167913724573
46.859116281539094 50.06915864897071
31.012626161037783 56.67991291681446
36.305410634640324 36.82049433545672
24.68595039010344 66.02915734301308
44.54526966987168 4.023324066616219
34.58249680420833 8.972522256559989
17.41361176357391 23.22625415336358
45.981540413716516 27.468750872327863
81.83408722168089 66.43694407031488
58.281493012859144 27.494012046230786
33.7631168611699 71.49405649700857
27.021832487634946 14.299100088062167
27.42715862838225 82.26157302775316
40.27151033208285 32.51671893801692
59.48080112500026 2.0501730294776754
91.42276470543196 70.22999134462574
26.3955463946982 54.16830640260765
45.850408571371716 49.815247296812245
19.15497629453694 36.31894431607859
76.01590396226536 30.452386908823314
98.9942158886382 33.510205705854354
83.89473260317232 20.718596686778813
32.15536501789201 77.50793521367481
42.87982286714458 89.29982975539122
22.404535054196696 54.095837541903556
71.32957126899944 92.96662926959868
16.62595748261735 83.1726692121426
59.16453848824579 70.07044402212556
93.02543429163683 86.58633234871293
92.31923868570911 78.57405275188945
9.43574120578743 47.61679451530243
75.41347623708911 98.84524369168325
68.34732114389445 21.46022941093786
77.42955120151247 23.611271275361258
86.85994728791024 40.212933465104705
70.8282784050764 15.460903250040648
65.50865475695186 90.71330455315807
16.4269537044503 35.35233665000551
2.006054623507836 28.3880723447998
83.98574337741053 11.761655954566397
49.21021182061249 19.249629581796977
61.59072059175041 11.544813414970722
54.70776341322657 72.75203176977054
11.886608647094032 89.8953922932385
48.405253172758954 57.6551715482782
64.08159881036083 96.56426713897369
89.40475907835851 16.2727389153154
43.13366501908343 48.49667549124963
75.7732086389413 54.268341831030284
32.926324138452415 90.4856513064782
14.901320706303833 57.618789979266396
36.339576494758695 74.25586491597747
82.0958807593364 93.63419442467648
74.38505807939076 20.710351158273554
58.806888669946304 7.29537676175811
49.546769028771166 18.530977637652047
54.251660067787114 96.70926715806527
79.18108228452641 25.402185837869872
15.060120054612192 75.10872285989655
14.942787534565504 59.10573598514054
11.390435699162381 41.07277880088618
35.84585046366697 20.342907035475065
0.20124342792592342 64.35025836374835
11.817310339428778 42.947680197875094
76.91023894130254 95.44894210084428
26.95798917544232 88.78277441625296
12.311525717579153 97.1940702288879
39.124737083441104 29.144492210742147
18.824438757128537 50.21708762357191
19.45765717791337 61.94903632048131
13.825552532835307 83.51166711583518
93.65323663684265 42.18543745956238
15.10390376372428 54.99248661701029
22.50892951666922 44.3597869952214
75.12191589742326 24.21119978957813
6.202928411527764 88.95692208120202
6.440984886465639 98.84175327655593
59.2609553236849 62.95953126192975
10.330040358160431 29.6326936826499
67.38574663531239 62.80997207189883
0.22315128282484054 4.008894732212864
78.82386056678678 84.15339527293187
89.01824308937724 8.196244079283655
49.05772772069985 79.83030848410607
92.18292765104412 91.40254794705879
58.18620110106123 54.15981957982555
35.51349313528841 88.08396230610582
57.90654138337402 3.031405957420874
71.38691815918907 40.93585454829686
87.87661944098511 1.961705177087758
61.14978153769217 31.66245409847909
68.63319401879164 54.026721303601
14.47412872260192 25.970782059668917
18.45263412765953 0.46445618553504486
48.8980294261128 18.466836114796315
1.5430552785822726 52.0757414954779
9.734457688827291 75.35286115653228
7.065261438926285 45.11312782202216
17.407811042756315 50.09883456124904
26.201278663520444 66.18524500688152
67.54305475266244 81.7684732741779
18.696337401639507 29.327915940619743
94.77307832121984 99.57509389666981
79.34192738362687 29.335511324790797
67.87310332305881 49.09550386322656
22.16002444266776 73.4645489478425
23.852230384307084 98.587591413444
71.03663609184775 93.36635763642428
23.516033213355414 34.96893278290264
60.84496488168839 24.86665870794289
52.90069103963243 80.36672402778355
36.22703235282149 14.353978656816535
12.13619355473573 76.54989540617898
31.16395981320952 98.54253866678928
15.475413229530655 25.57502493074041
45.900089405658626 93.69685698835242
93.02280296349905 50.667401199083194
86.45997763648215 28.031908018705533
2.4613352177898062 56.72489884970897
63.621522776071394 85.13326118094689
14.293761064262256 10.17642841273224
1.5308160469699184 50.77208598791033
35.26981557410963 85.32481459477151
8.975923979289158 71.68863330065234
60.43870117892707 12.071091807738954
6.447023212275004 9.18970811775377
22.35960148185002 93.65436008852113
70.94162993410664 17.038073153178935
69.04158670931844 12.074255994749784
77.94287253792986 62.79635296731961
75.25259575599992 61.522909835717456
84.24537847515413 90.70794034456716
63.06694714007115 19.154516493156837
95.39527498623336 10.437987038355857
68.58290765053103 27.744667261974666
35.30119946556016 32.070129763923426
57.67043713428278 48.06537577646848
