676
46.47751838605755 31.592935514859054
65.04378909879271 32.63405441061049
62.7145016298324 53.935048279510426
33.71983698296055 74.54566507097218
74.96753569155992 52.23196126982115
66.62660378453933 60.72905482045563
55.84664294909398 91.6016629797566
55.865687328674376 23.164366098485246
88.43343420270364 58.94086266766207
77.51131778250063 33.97174858081578
27.074348691564097 11.003850113887303
69.06399127506899 46.96521055395818
77.47741074863006 24.268843394031027
64.00895812487985 98.58234444050451
77.16429360087855 99.07300058541
42.949232176101745 14.2798394968362
26.233603736809197 85.30520938552463
92.08882901021111 88.9944221288
48.59118226429222 94.55898417351433
95.22072709526456 7.220125700870527
91.67860492789458 36.28435016827258
41.427543876895925 81.45404969661058
41.808649683431845 38.82980614359563
67.50867415808766 16.341208554640517
15.612291857609195 45.66244984662428
59.48793267589816 80.78071815623473
60.48963608710839 44.47878888939375
81.11445331785796 94.6307531448967
40.45383713543447 97.54725262088195
56.45588478750554 48.18006787805128
45.08069611067541 77.86146588398289
58.64889661498258 66.14829685697009
85.90066317005925 91.00655569359952
57.645829000975 9.270232513616216
21.444349244060145 10.251210198392924
55.4801499528424 19.313949867521874
5.195008791234823 9.698324414740433
35.97921919581154 79.31757958744647
45.928554498760995 58.7417589081491
84.8252854976212 51.75962027499862
87.22377929888262 40.96183070213256
81.29864651801772 15.454396495989343
18.336567485978893 59.20733439289716
94.99958646709781 81.79807326872938
41.19315192666364 50.04008021916947
25.130447382496268 76.06738906948829
1.6245636176041023 50.97691072543278
31.641874803912696 33.3989105950361
76.24964393507673 40.59483076346925
86.03850291579803 73.90106421692269
60.84821156501508 0.6175435672970297
95.64041457725759 8.027330048223902
62.55996779139467 58.13374952838674
64.25428965711538 39.23410848637731
42.5207508130517 51.73791534977027
94.68823953466952 18.049246353824344
86.53212546870603 76.00098554942741
99.27603314482063 70.78079269485849
60.82671161591168 28.59957529725684
46.521482703888 61.465652556091555
49.75469398114151 27.582330364438324
68.00121509153834 57.665410585037556
11.313445925101872 38.75315302826209
40.546197881571324 73.37883495129417
1.0039220223472145 11.60804011014125
48.64512774131432 12.156901018826428
77.38643046772302 48.01395062942687
1.2598987114891824 86.67115164552038
76.08084443445935 48.273523856205195
84.06241424542895 26.710144314144856
43.38979916110159 73.59883435967086
93.6196441867585 80.69004088530951
15.20678600983767 93.50786040000946
36.45860212103319 25.819157703568273
91.27962427667713 22.156593639951517
46.64671692811398 28.111222437275984
73.22396345054804 40.05320550902205
24.768729444217684 31.983987172351913
6.557434122441941 62.98312790316619
76.32508228955112 25.087002633019306
24.056201183434965 70.08820835024669
30.971787142464237 40.942244814526255
87.24112787012582 19.97493847637397
71.3628172209085 86.92486389613887
5.680605244545777 42.71152689907225
4.994764822501196 76.00240918029108
79.03437919251498 79.96767932557493
27.595045177655276 76.20795267502407
64.40561925729301 52.553326605097894
41.20837572775902 51.47765625966082
31.400858472825412 42.766293928716145
53.281675803320404 44.01076955948843
92.03994588658065 99.43163650855156
46.16648893469899 39.0679718230618
13.292624364208283 56.04911232843618
59.17319017741867 73.90298202896909
50.59945603171412 94.2921546941958
22.00984284953269 36.989713408862016
47.455289442669766 56.42834354188183
60.4940715518151 87.08072057639428
13.823546631924499 15.408265008025046
16.73320944788177 22.67131365966064
76.91892312570148 60.874311394478156
18.119025720314774 67.87707736220587
51.900514867764095 69.09943751259307
92.24275437657433 8.28846735267259
23.275416871072373 36.53478507537492
76.96493211405148 8.828902714986109
38.233914729418025 76.14357845974804
94.82097893974154 77.40187766417567
93.43274055189569 89.64803601969223
9.197927931066852 31.833907855150688
62.115305286548164 22.94795703276583
2.82971909635511 48.76936510162187
71.89578447328209 2.6289147726668016
88.28449653739409 81.64730191782881
77.25909528919726 21.295984176386906
51.578898770118585 98.29468869404909
74.2700538814363 62.42959411195381
21.10337405751215 69.42991434151739
62.77700690259655 81.13662869538688
53.08170027629123 3.2200941611327583
21.590667588065315 79.40537805809015
42.24937923275488 50.052589937876505
75.78754780117326 7.638214674102651
60.35180476462452 31.362986376101055
37.72419604549927 55.54303763511302
7.429867692267167 67.23926542046004
90.84838650158395 1.7683337835564972
84.48907862642892 22.880688329275323
57.259834665571304 42.240996891738
17.387735120653502 51.09938835517597
70.35129856705883 92.03099061234012
21.91489110413486 17.140511848456942
94.02974571512618 65.00392858634129
46.54765693909899 74.79389691671507
47.71269644930848 34.72539620730123
96.01838359572089 22.535521247636414
1.6018627861691837 21.759184448552894
53.65983389663411 44.97441488766668
10.717782771337891 73.084846107835
1.687916711658466 27.218608682859603
40.40429506302763 10.914666478462266
55.551006520148704 5.887376645483067
68.22647275849948 44.73135670364815
72.39965943179433 6.540376778518143
82.53065673839276 97.92944199423431
52.228103882313626 58.67064295341853
59.20168779488729 25.185589186398417
60.95063719818769 24.306142998902956
72.86620426191841 71.65760822412079
64.67151437217912 45.69978894794783
34.64892291362804 60.80624635875754
37.80810730699059 45.39214911251369
74.93559666729091 19.563447491111575
70.97647330385665 65.71616546223729
45.263219227319716 58.578829217384396
41.52416786868356 88.06442238321394
50.96675473361293 87.71006370723083
7.049962315140879 90.52005368582748
35.143459682252484 99.17717392434142
19.50787421401842 86.18613199109816
42.49037494490726 51.800290409254224
6.524781236662925 81.75939936882752
93.17768185707746 34.02634479303912
34.50484017875232 37.006841368402064
92.92599110948976 56.924625408429954
37.79356833773736 15.663450551079839
48.79352032564531 20.328675437885956
6.9611124667517625 62.336191464837555
72.31811793855614 51.41763991117783
3.318847795183666 55.44806157533638
44.64090620893785 41.12958334982849
90.74699736333011 23.624199477399443
12.637226813322034 29.201117111472573
52.761321875652136 62.28370103279086
64.67951871885782 64.62245549143206
90.82087995901591 82.28062618793516
83.6399888387715 49.72558841660542
60.71157089408098 17.35037145523981
3.977839929347615 43.22594910219134
14.549805369219637 56.86854039812508
11.70410624059599 4.961626868890345
62.12961751182723 58.9029727617705
37.34785206620656 31.17179144782426
78.25682174521333 93.29025881522192
10.251162845169725 17.697555515571395
1.7262234383718322 66.3164946556616
76.58378135736912 51.30419795837412
35.56661090944705 24.562823544241517
10.309829151579276 16.1455297834592
82.12459424014949 82.07456119721212
16.49429437126203 88.96786965702036
72.46414452321042 42.22343207369724
86.43157110342831 54.249567148085895
91.49587785618326 70.54149351912407
74.6341893415763 54.7761956866877
27.858252409156492 87.07920852744309
20.62969594506524 19.40961659509457
96.94338405248499 74.6390141779577
49.07107230264308 81.41134636994406
69.28201724900941 35.22834572831023
90.29807210540957 26.280194765005582
52.658807110843284 35.9127398753129
26.58262983233074 33.33687792904212
46.629437827725354 53.61864563515635
77.97187895628309 72.5680725568566
73.21333967990577 1.3991251243242853
12.966020460849803 57.759924864657876
30.897644066864626 78.01474201617707
22.71064618557356 19.631899243477523
76.10889720382927 8.152787567759967
57.43091750331277 61.48352910357697
58.53583140860984 26.171897864058458
65.72878463354822 36.749263392251905
45.7939988095229 19.755968822907278
23.806173524166972 52.8636682545233
39.76250863547853 83.80119091684392
31.440487585014566 88.88729362086836
85.66874836481557 50.80035656992736
24.94008125115349 85.07802974519795
41.98776769946051 70.09420639581768
0.2511194024694463 29.395265135877924
99.28773217967681 26.82384526614254
69.54064454065718 11.656926987044757
15.819336558165741 1.980456486697535
63.5146495873566 7.723960281194165
42.35673876839957 22.417146859541347
22.31991885422453 45.0369925691169
39.63272120590467 11.696736822093989
60.31707183758147 86.13490863675173
71.27890471386903 81.58980053552277
17.348853557562105 26.66395870778233
65.83665477630356 75.59218013143307
1.1050507945553845 46.89154855119851
47.52969911930529 93.34617393941447
52.4532079281361 34.051557801662256
62.13331933262731 6.263931310033833
62.586381779476156 92.26408502198315
62.76709669132817 6.0618088903414025
81.09422019239453 26.651350553353005
71.76126661239537 3.2689462045973783
9.244019234687983 22.427918241387136
99.03490075356956 54.8870243171
3.23432206978701 31.174543483004623
15.146949075267301 74.83756805863686
40.69347785013148 14.123554488793843
5.1183337099601545 44.39792723026942
91.12451236078427 85.40156975075512
72.57803718376536 73.30775274426391
18.34117903708564 47.38939835024273
86.48047328775993 27.73383779815478
12.00697216601535 73.50470237978098
66.28273869256704 50.781317242739
74.10971574353351 36.7289907970181
71.31281321864711 77.25877336249292
25.103627235765536 89.66521839149881
8.088749001595275 20.15556743412774
26.166209001516428 21.541545503658533
27.96339669919179 60.97742735252728
16.106469068402497 62.51183966386999
7.094633152555064 56.05425071327145
54.33331472420253 89.16471613121941
38.3426383021255 57.51466788122498
14.144619080986399 9.753088892940543
69.8849082261612 82.2009892133726
19.814262051944887 90.16687938926442
91.25675623830811 41.442979496596855
1.8132101006629875 18.240613086443346
50.248424723061135 53.1973081502125
93.28053483958398 87.00571535251683
94.92157897486712 47.02395707104009
70.78224348974662 21.8079388594119
65.60939099345656 78.49574392418934
18.86974001054259 17.453529701439862
78.34550676640175 27.144564495301104
72.98148018046163 99.01085241878756
32.754502285463495 2.0632065458410676
52.66074178830452 87.36594923015197
93.5620952217171 76.83266838769427
12.65088172474471 2.6350777481778054
93.74140135792189 61.53609362706568
69.77204576936276 51.84062337443361
75.20087411618758 51.08913646303166
84.74664826157962 92.20141378802165
68.50020375810321 89.88573710726615
49.23955581883745 6.672923527512986
22.05644114724953 67.38485250287138
21.50590146095309 75.52166073173274
23.981391832705302 1.1817261467339746
30.264421606448433 36.353576929295826
35.816968732509714 39.60300817460924
1.070102518469196 25.37602016960654
15.740595935120327 91.15338181732442
67.57434281013248 80.30011725030451
70.85977886816006 35.2270045690223
60.620848514415236 53.781282785823805
22.681688175800797 80.56091032350656
36.256854549817675 54.760786350259025
44.74921306732127 95.06585944167671
39.15676614269073 29.539895839365514
41.96912904179458 97.70635548694581
65.96456700395052 30.14050388988109
32.633957441470926 21.835016603844615
30.39347501484788 44.126807295090586
35.953869190743916 59.99629233412268
17.51787527523535 29.210610637877355
61.508555217259875 54.36136063274404
55.25549897260858 72.14843415959405
1.974756425673596 60.71804565554707
40.5021611224573 85.01375816832196
53.626230048359744 11.138695264260988
76.10979537012284 33.275885469105745
4.275927751634279 0.5781101439525926
54.09140635477059 0.7083826474264865
9.857033292618079 4.995166296521325
2.610823835730136 98.48705630703326
55.044448400525546 90.7714372054629
85.86516871915768 40.46442496298815
71.04895643141951 29.23621038165688
49.61437068113595 75.37681695884201
59.633988993466126 79.2599142848582
65.46453763410848 59.974372853021386
94.54757971957693 49.917319976418916
69.21902349732233 73.92548486870648
28.40711563909971 78.09290689713167
15.851123851414739 43.59079353881544
45.11082334806571 56.81386996035936
57.24860726388178 79.92740643898608
61.37539719796378 9.316850710681447
37.750270523080644 3.76225735146577
10.676176790689851 58.9418569744818
23.27401276933664 30.63978716606306
4.234862783053539 9.125603809911976
70.96787005159307 45.602590950524835
60.81690724720955 13.310867556609917
88.28508824746065 26.16313751832665
41.92904020417464 93.3409304547856
33.432943807056304 22.55484080425003
99.63875397485906 37.29077561230658
64.64836158339702 31.121089117647315
25.598563063738876 36.366740641860694
6.888462036698684 77.39190391924164
27.13043677800968 32.858923933967375
88.48810522073603 30.24112153074284
53.37393646596431 51.528039801064395
43.68395790424816 12.573710385046354
10.07969286476179 45.60253657543145
86.4353872680855 80.09060853210372
27.441538952756737 86.87984921734704
69.25968479623954 90.51614092003803
37.61747416621382 70.69013429147076
4.06712280343704 60.72685606181689
78.0796154391097 73.11658403822155
44.42623526115238 41.064389513528056
63.00197032142976 48.459135435306834
87.1780204406505 82.26290742398918
42.4516424240822 97.9694153845738
84.17041854147364 99.90034892881859
48.27642515220638 55.380620443652816
65.11762861820674 84.19102381281857
79.39904342425365 27.420257471875665
55.872597868993815 84.00469119982371
2.4347635307002236 70.74925673281108
53.937591000566776 44.53279685425494
54.33884682097201 7.9966129902660725
93.0678416998164 76.86267009349598
19.57296710674633 98.57820546533137
92.30246415391483 20.102793252952623
81.93311071487595 18.946298939642592
77.65081873794985 6.1429864619393815
89.52997692493686 69.04976138822302
46.96415747319035 12.352520309873505
71.59622213765503 29.24745720262504
94.9586599162231 49.36766976253999
37.03522826684797 51.81351946621542
27.4002524840684 97.16875669198342
57.56318330637199 20.30357588945264
57.807424588080714 82.97455516789663
9.553451856528184 45.883415826158334
23.86208424393996 6.985019214370725
85.77739272101417 33.5395351869476
35.077785947095244 64.58621787865691
67.16220072826937 59.85601004784839
17.68866252616036 68.32350626519158
32.838352691585214 47.298722410116966
88.35375306296443 31.191077095778297
47.40430849628554 91.7195546534579
56.55347715217122 90.50451430756337
22.76784666458409 56.10191980708239
78.57388180542311 99.7684676524403
0.05563841005712389 86.24111805834293
4.930198859570723 22.91348430680503
37.301015345263345 23.13757149581762
74.45436016013737 54.05859732858003
90.42338852831773 23.539756226373186
8.03222004131432 81.04734828345853
98.80814716018934 42.18025776837801
3.618751097160844 65.2536540032574
37.52608324285157 33.957426063519925
65.79553162952905 20.20177536375507
52.08024592255427 52.70466045037171
73.47252449524588 62.219969506198844
13.909935678577245 77.12503644556158
22.66923089298427 53.42301230954401
23.643251792367558 0.8904599158658932
77.3693354399102 19.91903429575286
77.8565545251959 45.22492758015295
76.02146206850125 72.5675937797995
95.10772791837076 81.78358681646183
51.31670912707451 74.84093626566852
43.09287891643254 80.78532966462194
1.8449176873502116 10.112802377397257
66.74638371082588 93.659594241494
40.2415927094532 45.69492739565519
6.64103887259051 0.9872930296630278
49.50738104935057 38.32930382149251
55.9330490694921 51.61848903003937
37.74168774976614 27.334257979200814
20.287881491176172 84.48084943966755
65.21800633986523 43.31125556853587
11.537143147742835 77.17498329391621
78.10370931258728 38.39953039880905
60.2394917097931 89.31379055649073
19.640542038302577 46.27360025656472
66.97790103999559 30.365780387499264
38.4853592109698 15.737191842995092
44.413512365612775 17.417215146844512
25.314852337343098 82.13004583696232
66.87259494786852 56.63884150387464
68.03592992022305 92.07408203750023
19.28705386483599 16.961675254834006
88.17565977236606 85.09565986081114
8.507798137961897 35.244362241669116
93.60648382722428 85.66946116641991
0.41956580765983853 92.30016638194009
42.598498638223944 75.73432302089628
36.77537553352923 78.54852571582468
0.1663396203562595 3.4136163898104366
37.07916967928392 75.51693237233482
31.4580129851469 40.98351660146269
42.26601000392638 76.0761834677805
59.307405860922835 6.163512778882929
15.628287701333754 29.65511971944862
41.24522061323137 89.58337524901756
12.590030164370102 42.43292134751515
27.13616473894005 1.4068964930212813
50.983974912455984 78.56514272743247
13.564142935505785 84.98206463899982
37.70002792792714 51.14554248698674
20.461687358210987 20.139901042027418
96.57278920485832 70.1441394577395
46.567908295919814 58.02931270278633
21.103673009840385 91.49053520205878
20.444197261174924 92.96839847686427
46.957072912123145 32.860968460372995
65.59450307565635 60.581539289092426
71.72091747756821 38.202484173628584
5.355927331503474 20.116183987444657
13.532055158615531 44.93251261651224
10.1247925001004 48.064037015771014
37.89231087419833 74.83328961364404
50.74425646977573 4.689973657308166
72.34707301234079 92.80655603398993
74.19215051021311 30.047286679568096
17.901261931405866 12.04044597127869
0.0874718865763291 58.68050547253543
3.36327600123989 33.411043283515426
33.12134865536239 56.428797264385324
73.23480599528939 13.02060451152628
22.646334667082733 55.92802205657333
37.47558709011981 93.71338995297258
54.402715935548876 73.93103697093697
42.35822489387887 42.61984509490661
84.279440231502 46.0828765256032
25.03561502088496 87.94497803246594
40.44965982998948 48.69564841824337
14.638770405418288 94.80850228553423
95.75304676617615 23.643862378990775
43.960946960841795 39.86481500443549
91.52375384365892 89.49391828755684
54.28064495403626 45.61342310522697
2.6257661981443636 84.96960927702979
82.22774771187683 74.51335745869213
1.1068725024661608 49.492324763565655
71.80277524221162 36.193574651323225
47.41027144702655 30.992173959475178
4.340812071619471 33.56050162557156
79.72120157772724 74.35395750257281
55.45057007096397 79.42842509889692
51.12351037143251 91.99735918457422
1.671399452998945 25.338317703901538
99.56375166682425 21.93179289569629
73.06257619263803 73.33707603790394
3.398162381647596 36.99555061372427
70.19529161080575 22.469368974747372
56.17348341840555 45.00967252418759
53.96393736606419 22.528036835608134
44.79148947427799 41.314962117220254
78.82853490057353 32.68374396415032
13.305337942287654 22.64228573890239
27.54890448412609 46.9569953623625
60.00561787082949 96.76705469340192
41.77984043525724 57.43843113616768
86.96056525870894 64.68051454112278
74.46223340390617 38.38720616997953
45.10750582185743 66.76912629353174
36.18835967166456 10.355531855964383
71.36880464975147 66.50671162719539
72.1770736951464 55.29438397529053
76.90235291620795 23.347437009147743
46.18696792416838 41.13963610595797
37.861247383004596 70.37673073231946
95.80717073849746 43.44181548031714
59.77350943367147 9.5911502571567
46.53512071124355 90.75500346386679
35.56319850326227 18.682178459239307
97.47468356028935 75.86029325778082
0.6887791450511993 16.10990727880409
32.080320053152874 24.15104628565672
85.65390429067212 5.817748137066525
75.41288331833219 45.86892820668837
11.941124168788075 99.48064425188824
78.52893737540997 6.977329706701174
6.3023415349973355 7.2841830050002105
54.10225553212234 22.491255741879236
45.64766143311905 8.432984140693412
87.84305314544203 0.9736947489397907
31.581888652837076 33.91522171199731
61.0237628190125 34.603933928322206
94.89459648998448 60.188868626066416
35.34681340980876 58.90194353354651
4.754984182808641 31.078359935783663
50.98342410876986 19.372670976180572
53.277282700092755 41.7772597581883
6.526214976767952 1.3746548540094938
3.304757166593919 10.616514352736273
45.030124779110324 19.91593221246728
94.50958300209825 12.40575395101924
99.8266287927226 68.36219151213973
92.85425700241422 46.64864017592244
88.52965506859478 67.86376395246893
63.496293885488065 45.29567129580765
64.62774024816864 64.62198075124806
12.55049216037678 27.648637837234112
48.10693944383985 49.28854674751049
29.787498842338067 37.62608875782403
46.37288658687727 42.792324422377824
72.36101659719017 36.71892844547453
88.56935581303954 71.16257091577354
62.27668063700832 21.15187165914104
10.540440869168766 44.63690565089175
11.031559207691421 91.8892051227773
83.67591946032424 92.23583349839444
81.40541826869513 46.41418793366021
61.021022423645874 22.366242376356958
46.67229438724082 31.900116294020474
48.14105218527012 93.42870724256525
82.24948858851478 42.724641733469326
54.486552019861556 82.03817930055865
77.19618298355621 39.53250207195058
81.31570170486638 1.8592676946043496
93.80536593406403 77.5966919991587
34.5697861927989 71.06097835028054
60.17501990415812 78.254201620238
33.15060419295782 10.872743454673373
18.200750455156733 78.97579477460181
47.102837637253494 62.159849388391386
6.475519139309016 32.188959417212395
71.54723723671066 93.64482418657268
96.2672432979932 85.95356671899583
13.401402735235413 75.75738803304189
80.90792944828304 14.858088618902555
25.49442115826046 48.68932243276899
35.833910483881745 73.11202192169995
75.30002249886392 97.72368407737389
65.88533812820229 19.186979318051023
60.67161494820502 57.63706321761477
38.9831527915219 66.4675086576351
68.27237930772068 85.85583467332243
63.532673109232206 89.79784777204293
90.24428739708331 2.8658334301087995
48.10073028551179 62.82658618516563
31.411008618635705 18.790306660407317
6.097098112061339 43.08811920759842
64.15166336629439 50.70733061210381
5.056416447423562 5.8324504434932205
90.44446452007438 90.32559871327037
57.62037269265667 43.229524797948095
45.60654097052188 41.2069614262069
23.9345054222207 95.56952897509936
95.30172982248685 26.0565658235026
33.44503427533043 84.97555355238784
19.103643859729893 0.20868776455027493
80.4214451601066 93.96888372566909
72.5382246786647 10.461646955756365
96.29504944328028 73.20802985206728
94.78969612927821 52.40387727607298
45.80726878140825 45.5656787088789
44.9333651777483 18.66425128783824
97.83063421209033 35.60914684795159
93.16301633536969 83.56786790557132
79.18498712315987 89.65312376871337
31.077989238794967 17.84925263964655
36.00203915423754 42.16221371073791
80.1693402979285 10.441262308426136
7.170053762849471 10.643778812581473
65.96357566163206 42.23415126267419
5.613620061352131 77.0104814903137
82.55462619173306 14.34738267147263
21.22044796589687 1.9703615781327066
67.13541195218623 72.55903258084403
89.2022640498918 5.806449257971524
20.3565970443652 0.5747256755246899
47.92588641299237 86.71665861152013
77.86740288173 62.76763450527173
63.4820955402176 90.24130858806572
37.01044743018967 16.226074377781664
42.637602620979045 58.80908806970139
99.2475161803815 4.012290681203701
61.85227852875227 98.89186065151611
84.92620943244304 21.348524226248735
89.29433178431943 65.68780326714193
67.49997491817885 56.71688969636214
37.16057176749183 61.86674650303908
97.94776554838134 12.203894390223802
84.64660671793996 65.5351064720183
70.04141282802266 44.65830823853077
33.943791346790654 32.7349456310722
95.10890764801361 97.17024775005105
19.085912874591294 35.379581925916305
2.661463304541245 10.069863565346015
52.850790944536584 52.317624021623566
0.6914131200112195 35.86452632147176
94.5593386092403 9.376294191330159
44.96856016917714 87.93842601264718
42.91717766037385 71.67791864315902
3.129241648718717 89.9787164862313
82.01185503068159 10.643699392140348
12.999574496516264 82.20872115755508
96.89881310835733 69.97870099876516
91.95413847812235 27.59031828557812
45.87910290065192 86.02513311558087
81.54397208894912 11.669961798226192
56.693929944686786 66.69354747735898
45.32163120519568 15.003726577345521
24.635798754573635 17.31674993057282
74.10834487723949 83.01118078034948
79.76303576262008 36.84827775701146
45.30500588903295 37.90189071209104
90.80224060864516 87.78843765885553
37.63654488460211 63.58861133527173
56.970028014602214 60.45602637551488
15.087017501366972 22.388609126484482
74.6081281986639 68.43646693555752
13.5766024174934 35.35763842328252
94.95773027686177 60.40632103472052
40.006425223682506 91.90499561515333
13.21643576956636 95.20153379656759
89.80727486614225 86.77011354318951
77.67652354608529 65.68311791233448
10.018562311518176 7.892464674299271
72.63236976634533 18.35495265068837
89.92398900668975 99.56121907746855
62.19260119699577 33.69639839994198
67.00552967776949 13.320013123196473
91.0350120224573 93.34546762474385
23.302916648624805 59.42142897000493
54.45528554864946 27.136031838135843
15.903827636743618 3.8674135981228264
72.95190861324005 49.80985398990661
99.32822353364594 73.16759458540947
96.85995407803063 77.99512007728855
60.827791605993355 79.5435470389432
65.7904525230426 90.43146443112948
22.143508602460095 95.2242705619734
