639
39.49375446263345 9.145355942694422
7.6710692883877 6.867761231129288
62.657386426925264 54.96945292030886
25.010906099624385 99.8896064366723
63.79891452121957 72.9666740723533
22.39234928345465 29.725372655080907
36.52055148345505 23.598293994781805
25.757728559138815 55.66603903393407
87.1315854512707 42.302699321277004
81.70917929109555 92.68045488868889
56.913767183376926 1.0304734682854089
86.40543720312067 39.24923591310549
63.899918207842035 33.623548045732846
68.69517051434505 81.43876045894727
29.818800602017404 23.00775084010023
39.819895486527 61.96168047879178
32.16995884337406 58.14134433254776
81.14682260558698 28.556272394402214
56.303197577780175 13.87012418884247
81.87247032851066 28.261967976014958
89.45496153288241 18.436826385888207
60.83027454081107 44.07233308837818
55.801407601107144 84.17103086938324
49.01765408883715 74.94366111105668
60.6730813518019 85.1629914594984
0.3475919918275783 64.3584816282363
40.26344019064398 61.06208715695101
18.5255638572996 64.07701818205899
97.47147782977217 50.228272539792705
2.4763752655251547 37.68192609816345
68.06382338302787 33.959039841419084
1.0211406217069618 77.38459635117692
94.52454766408431 73.97343562535075
22.22460371993059 45.20864704207905
91.07997995528544 60.78050237952226
54.86074534132667 46.65562500328003
41.07707017625768 89.11376991858153
2.9169118926949844 26.549182627193733
74.78595800547433 84.80079963562692
71.98702680596477 34.30819919398181
33.83194657810121 12.71113214408911
56.354347987821875 75.51188722018551
12.961771506226839 27.12587882676537
48.07886397557901 4.7594719038766105
88.45912971706977 34.686482918061024
25.25286046457681 37.73696743486196
0.19384792682900498 4.232903327616267
23.688043759862353 54.962408349952675
68.11702754053321 36.070751163536826
69.74620108509694 54.1099447042645
4.79007638969815 85.60024144617901
29.008622225220737 72.21253879405882
73.46377037498802 25.77910700678695
15.663564101744088 98.59141276955863
93.1705581687374 46.591290472244516
67.88112562549408 24.069144695762677
28.23623667058851 58.989252611977285
56.79738473065517 59.86442280590046
60.00699624833503 71.31524197151543
33.441188907040996 92.46179489197391
1.2430860768286367 39.992985316523246
95.25039695102636 24.57326049547317
45.17185207955483 22.89724983075343
14.238739321600956 22.090348267466698
81.48589976456412 72.07581965552555
10.31728734167504 41.570607739875676
9.31685638702433 61.84650733399978
99.91142088272 20.492097731759486
19.050966116535474 18.811091267844958
37.06924303493534 95.94950962032453
85.06952603848423 14.668984633240157
75.48242963196215 12.693026911346294
64.24315088239241 34.42169247592625
38.722391388640055 93.60257709849816
12.805732811037196 84.70784609799938
13.84477638077013 21.115041337553965
71.50985527047551 46.036550895018856
65.01215809904963 80.25389076829504
14.24355599021897 64.11914287337814
91.41458547755829 36.413914130982015
55.89183203407195 43.68631192646738
62.861989272775865 65.45634574062747
48.317947924161544 80.21863507997826
79.18121152384052 57.78503902351718
95.69890241079034 40.37026104222877
26.940008547001824 7.501231166590472
95.2292197730609 93.66926034480242
82.07771409725817 1.8066911145084519
28.772193802244452 65.03588040788486
77.76635455469089 32.83458606928019
24.00677365848971 74.32335619638594
10.446423936457183 91.88500589453544
73.0380066848336 17.363248429648472
45.56547800491529 34.9789901495696
58.17948668039211 13.081001935782021
15.283645718544525 43.077286945963245
15.854929341765034 61.11010003296463
96.1983621908975 27.82891696807287
35.76170409057643 11.815592150571375
41.23533350079729 67.43397929644712
78.56065081308626 28.04218346226044
37.30193352380381 27.937387028561133
39.1696141938116 87.85971171942842
28.075186320066436 3.396959745273598
82.74686342083187 92.32184328767326
74.97161705020507 90.95299345795318
21.830295550095936 6.157506189786899
2.6887107114036968 30.79566937147592
74.78440733450887 10.416445194037195
30.736441732729126 49.56952892619631
15.918357096948165 48.67430639864638
48.26968225096768 68.96212463047004
20.33021743726503 54.18713854442638
74.5021604224979 65.75244392990591
89.21774029042317 17.36972349299353
46.730784741429574 69.35521535248934
50.94961674973683 21.675851438231554
68.40876907214167 14.724084692657758
83.04226593011488 61.763268909960104
48.53757849517139 11.729113944609736
18.466902667129016 49.97582310866277
84.744931879722 28.88124335010169
52.653198196232175 24.887368376150476
35.22631287172362 30.32902377974689
13.396705456362579 6.371222287850198
70.87538437929548 63.01299098194061
85.08452916606298 37.105575790978065
18.507976192790576 83.46479113955368
8.957161031011074 98.4566984473138
39.19326838731402 13.413544540542954
97.06863191350041 65.74304048066973
82.72140140110535 50.931284464041994
35.0751309569015 21.021313169631707
54.748332470904735 91.557809053232
5.132155140655426 95.2946637696393
53.22128978977374 60.18395984422724
20.7575039845755 34.175953419339635
81.57801916994924 40.95201258981055
90.34714045559392 70.09112865523073
36.43915522831907 28.20251911021764
20.94715955135905 85.71226654902773
74.45889480453408 59.733856034075096
3.874549202554889 68.42277082417284
94.01982672403355 85.25510780626787
28.428581819888564 27.390539970192496
50.43298345471955 86.42787438929096
37.05249862268762 12.976929646898249
75.72335048843706 55.01854484772847
34.596756919156576 39.48879222770994
16.600045606095993 28.407243180485054
21.78942161189924 95.31508724637555
6.989580479339352 35.686660198288166
33.2646818164732 30.435996208208483
18.77193545202931 59.683709664033735
67.6247411676777 2.7606825011655456
74.61997075077285 42.59571913191631
85.69386207327395 18.91717236437963
75.22995412619744 89.66339565395171
35.389071527029806 95.22678477711423
76.32546516012486 69.6722315919289
75.334537823808 1.4672927159908866
17.455723705057558 24.870650045928045
97.00179996393868 86.29523419152433
36.78338297194388 22.36267947882007
85.75532358439138 30.2970046000559
21.822287806703102 28.45503729501414
98.87328829037489 96.45621772436182
74.93404672192212 80.32964360385208
46.07115072516024 54.674529937752006
75.41356597455542 7.513182791374485
20.935521000507418 95.1792511978445
80.87245073169754 53.3711375095256
49.922593228856904 14.689674958725163
47.36607585208198 76.98474798549691
37.26124008393009 46.70561233415129
75.04282234252034 36.10712372192818
56.72492134059404 95.30862320863982
28.628193170634685 77.92296679707668
44.79632723253734 20.351354586759907
31.233543881006685 38.31436810417293
99.07125029502377 15.575105929869103
91.0179229781958 28.94212079441142
67.66867792773226 88.6959569514191
43.725695033589474 47.76669256715629
54.34124664895129 84.69771020088402
67.27158477416194 27.82263181538568
74.81826310618096 17.228192627868456
32.819004353193705 7.11481382434439
29.313679421669892 5.266016478721081
69.61530817222412 95.13901837670761
42.451482238777416 18.982416027899664
77.03965413485399 32.75094384957937
3.8655674370154935 16.408226081467802
77.39858746729598 64.72663960475104
64.13575230700957 85.8008201241472
29.347918691231158 18.999950123842137
34.012521777688 63.43103374345045
19.759834357874027 55.09812301521673
26.718592551498254 37.7518984220451
93.01962267503214 82.25536524411083
61.163993053753764 85.89158969940817
26.963190205219668 62.71375519475433
20.886569322656857 3.5576808349996436
68.91598329696376 69.02520756540481
4.525831712389361 83.74574599041593
62.31755545001241 40.188098691904706
30.048195262283826 51.16005089969581
29.739661733087253 62.695059161180666
28.436950355659064 45.036630013786436
62.28570794324475 83.15661617535459
49.335768528552336 1.7557269590740554
86.44257884151646 2.1679573577171762
40.72305293995827 96.40212687987159
2.5346680785368947 86.0081753229241
5.484652748784169 47.92176349387993
14.389895196550484 69.7114194158796
90.85481818708975 45.735703260861136
31.5610821931272 61.24575173586545
35.91562095727217 93.5019579651169
18.919070163095476 70.94666944126827
11.901868011627625 67.8474747593002
20.034143415560834 53.5272278502165
56.59942913899919 79.60912892029869
89.06714152454191 73.72617549927767
21.50928343025279 60.06557797433627
89.07453325649092 81.09077031449985
30.428703369969956 83.4447162904381
21.920968497785086 7.721117691629642
20.276645693135407 40.87148900286759
21.468568164968392 64.59638774362423
40.356862873575636 71.48003479069247
40.12473376525886 20.24944405609581
76.31709811103492 19.029525304172378
49.49923566878914 25.23738115569615
54.639920311093185 1.0825632388791306
88.90190729746755 34.841226981547614
93.18194038035188 18.197958517958103
44.03194483467685 38.92005437310907
14.854780271018974 77.58799213954093
95.49829882564566 70.97046388441125
47.97976489927363 36.43914057293415
61.10455192841664 9.409884593652752
2.352432673670335 41.22324010151408
43.21921952744058 68.7417535776163
17.089334838288583 90.59887608272577
52.23552674572319 8.744518350519638
56.624908371243954 98.84323488663104
20.4574510314952 31.161827485297177
70.59101373632993 84.1683818598973
8.89397837925604 70.84996015155625
50.861271660304894 1.500769076195807
78.36775588551468 80.72719546811817
16.703793164520107 68.65685163685416
98.87839095541541 70.93758907014455
10.796221709841358 36.43839360956191
20.058731058287783 29.13830650219792
18.95828331503363 72.90992600605333
79.46450112276887 26.59838863852456
1.3008258811357587 35.75121723631661
29.960475235860528 39.47870637674996
14.903752402511616 18.843189870143796
56.46723760582775 15.893597071735998
30.82591996115497 65.47119676182295
51.54369823895071 41.70693751646759
3.7074070679732007 65.59943863824222
6.832457453305474 99.20256745832332
79.59633362075763 22.931231747811808
67.80730746906157 0.2934275847268908
24.58270492568879 84.81245956302062
11.866780021746127 55.083527689824926
12.653164268970007 88.11561672053729
53.286662252815034 56.9845469073493
76.00110979958407 44.55540516740868
15.552240521976312 27.849506886277375
43.11061242187463 62.29967520250758
64.2632051159742 79.78224051513087
69.02424036206125 73.00860826589974
96.75200489806741 95.61112379196521
62.63240618087116 58.74371037240166
19.55390728833708 31.628147140006767
76.20965052548453 53.79728242801905
7.979977205117217 16.68616876217176
45.58914986585945 91.90106872311605
75.31002726901262 57.32478468784468
63.65290365893317 32.45443340968791
0.26770263364653824 56.57474060061731
97.22395392402676 74.11081447794012
42.71349415516566 52.32274528970826
22.036691168215583 52.34404672455402
37.35414151081105 14.287617678976194
24.637208204885354 87.05138047231756
76.06552336321441 5.754782671281921
99.82966134678723 34.577585050555925
29.877914722915435 86.63238354251068
46.48691292712833 58.29444964155406
47.73169681787044 87.5085259584726
77.25349591402168 8.393543798812708
81.63504712120685 44.49062020741322
71.20228615896849 25.493473334659132
2.746599226847668 39.38531507819083
76.59181378449387 51.00398672988482
94.97717374432182 67.5180485871994
89.26492555100253 7.1671144079278
76.86547253480178 66.38103787972103
29.770113353814555 1.2457075072063506
51.09208000470482 46.61906848306825
25.84450815665631 5.518800939063217
79.84407667533385 20.29632651739285
42.75803476879643 16.11211455753073
46.11137672630849 60.81939680498114
0.22801871748405755 36.82756379209685
57.84147101316775 1.983461334924208
10.690161875210213 30.668531867737535
61.93018502516332 53.23128910316072
66.13175497167462 67.62647560439234
20.683764451667553 88.58879059003254
35.16816815856583 26.073026249730535
40.51330762865547 85.5226637834516
46.46220272673936 84.88673694152075
91.7470671932905 95.2421322334827
44.434200582978654 95.73510543450831
86.64825120757203 2.575991060704663
88.37894734820459 77.34526990490725
24.18549688215601 27.397905533577738
79.31702349214191 98.32698868723112
22.50123208996837 67.74055961747362
79.95416055704058 28.415339795944927
97.53306593715277 59.71787786616343
71.57721380640014 73.01470978905027
69.32096730151548 94.92251292342523
77.78664029643733 21.214954965669264
36.96602280260274 65.94025775313948
54.1658070661014 66.7840511380055
48.32416199604662 94.99464145149459
69.77745330994706 95.92323267961979
2.5400284988829624 51.320552414571694
63.02332626278787 94.89050230412526
88.56750911070782 29.618255997591568
45.92596716078506 94.72621187285347
25.232132469889677 90.85700391709018
57.860784403845756 80.20846379190375
61.827050159118436 5.569211208206692
58.88288675769879 37.065737140741504
20.106081124258 33.99457036994554
4.82346476988087 53.44520943221488
74.98927296358241 6.359667454017237
17.259174805013476 6.544440916020855
0.8347195598291002 61.31477978821051
61.03929758735981 28.710943443206283
89.8459574246979 27.00488826540162
43.632434042529454 27.15499615734863
76.53094246703515 82.87372137506549
62.581739774553505 92.9822527981397
59.083532848837336 59.973910333685744
63.84614405330428 43.68469681996589
98.8153542313954 1.245191042960403
48.55398397286487 33.771916737921146
7.264600582230196 37.80398836143396
65.44521815173877 6.787384775888983
81.99644959200792 26.185798607506328
67.23767799846944 24.211897553171724
69.3268199227755 52.08254709161974
65.777789377277 4.528525584854171
52.75900848913282 95.67320574905416
2.725209953782548 65.51904751512542
77.55234139240325 11.85629056599703
33.65603060154113 75.54950555826586
67.52592286947305 8.276885592320182
97.70758472820056 94.62226139554815
44.94391758579673 58.37050623939616
9.90385104021022 48.647568158678524
90.40049588667347 44.18216166909074
61.949100105957946 78.9234279340566
48.96319084075157 50.92016056523313
62.95215936818634 65.6412437592673
63.70418731249309 42.352973691800045
20.579907736788215 34.06171339461066
7.1513551374799755 41.54104961340376
34.606048736339744 83.7591315965931
70.9248470389337 97.21612887199844
63.84818358588136 97.3079778801164
40.02239270287803 31.979385686456908
62.119543008108835 55.150432797302365
54.762886348435835 40.83131867651164
22.48420393583296 42.4801560301201
40.72807194807987 74.10366198648116
89.51016760181753 28.351258930462354
2.975271617074038 12.173977289600057
47.950343179878 72.08829269757373
59.24886208297199 84.1511767540579
16.25952092583023 98.16761322840104
87.80246054329317 5.3313546453481075
1.1210415125355255 2.2806097029917205
25.265576246607104 16.299203854458387
38.394794574226786 20.412892584069443
7.347420968891338 62.99318362506368
47.34064603505151 8.075015757257065
87.03918549966717 66.1923028962829
8.807384190217993 69.30238706189127
94.17730204600895 4.160699890152763
78.56555545558982 27.996583317207925
93.61941823109578 9.247107222296435
71.33423162122463 92.58806293162303
77.45720430417711 9.625086238223002
59.3683587840351 48.677833307852346
28.934248691182994 61.89480408550063
69.7941566934381 72.14200791886479
3.0885519753182877 11.528107243222207
40.37932117097488 80.42624534661053
28.098717936624173 74.69930894655968
88.64959823452112 2.8450881414408102
66.89492534022652 69.73736668458007
22.113153187508527 72.69423610343544
35.65303363018521 7.727466405535077
81.60376983044905 17.568978267179038
80.02618949504385 15.86592703745293
11.262241528714178 4.4135460875526
48.757164891130365 57.421419706153856
0.6727219912483373 54.2738481823148
14.451303790505621 65.7347106270489
73.59161639847393 53.06211252219606
66.92491552406672 68.22399436026213
32.35038245474087 39.737852187571356
71.07780229778248 40.907351225288465
21.65872251047556 25.3542866693803
78.44463668302699 73.43861686395772
37.486515631275 34.54923224648362
22.8392790344196 47.185380065024304
3.3245961144412473 30.69505163404651
57.75853422129601 2.6142026256981032
6.1720317185352425 4.296305448687987
72.40034045305765 67.4244968199931
11.17893170008417 88.69449273465774
89.58171027796722 19.82857625074399
40.89866915326754 35.2406535989597
70.06195658496482 99.96096630532638
7.297601878053472 27.005910722528892
97.33094886691339 36.28185645270593
44.68430032848263 66.21757013798153
48.454774542546005 82.5940748342753
74.62015729096667 39.118601757364736
3.7962992601397128 3.167734024385349
72.94866834318772 41.960647510595614
53.932496191673316 86.6114556638684
67.04710995732725 25.626308350087847
9.841744766669635 80.9269228584018
11.093388911409507 28.853892999703888
19.737006466052055 42.06026921922238
62.91505901709058 63.92849698041157
47.66024964181598 56.18570823212633
57.95033302393862 50.171976025948794
71.83469609649568 79.19558114220325
49.48181444899322 38.834331099858346
57.683257905866995 37.02926892607692
32.99584469602729 95.38460302510123
81.9713917741528 25.139904048751383
37.67259313652372 67.60086819836279
15.761866802518599 6.183993389412623
53.97144754867193 69.20574093113895
54.92295563805249 75.38921631226214
72.09321838687713 70.01709452488892
37.24954184849034 37.05091531187231
31.7610158669112 50.310634791685096
51.874903508851986 53.15526897178449
28.04169690960503 69.16557850380767
77.75576292923644 13.106304962072768
17.874142232259203 42.65084288265658
75.44044365889137 42.9928786966815
58.718061440409805 67.6689301252872
5.265263762305617 33.63867007063691
26.77064097023908 71.57359769036779
22.420807005025488 91.04688572333131
65.34181640612601 42.13898711919172
32.612239849553234 25.26484522251967
63.25566460381295 48.508378600137384
34.00128477162595 30.48160068694371
51.905740044154655 53.2161252754631
28.738062043989952 57.82034474960687
66.14371256014797 78.13813955197104
38.1910194355571 63.07678016770348
15.804531856684878 43.21209699752118
48.995524092761414 92.90266310269624
55.88739743373806 58.07301109502943
96.85007904321465 3.240310779954758
79.86309006115218 58.6875867324003
71.21760407943466 98.27555529007022
48.65998978011494 92.99837686376176
82.31866800679984 79.4896495068954
0.25144471534972457 66.56735620650453
75.23497996746917 46.43103203842627
47.784370269469235 17.224357890420517
65.9184803978465 76.55579123716068
58.76839215859634 34.61044545325169
94.30949461000115 88.10773714298628
90.35867869976258 14.795050812778054
2.317220392966224 82.06204142053345
76.15573721060781 77.22645422055217
15.364534984580436 95.0691072431627
94.22687290477882 63.60967683640535
52.071719605592904 80.84019766101537
36.51286444117425 9.004358743016505
54.81677936201096 9.096036796294394
83.49997649785541 55.613699441536134
79.77673097678993 22.786737733135997
86.9559285145177 98.8537745381443
97.5412134185407 74.40187941751032
2.5181445491777366 1.1371947290791162
69.66057021125496 46.45444871763581
24.56568255048488 68.31612433669689
26.379550338717838 40.66372781662708
75.0419472909831 71.48221939680897
41.18652465260196 98.87031050538367
25.391946398100863 65.89315221666683
53.84326383745647 32.148094503228684
41.823433954181255 56.30421439571405
15.98763004715985 61.036864555111556
41.575266846967594 75.64859519758414
69.24954952401002 98.06811873132061
54.476016571897325 74.16521755093925
51.302859053021145 43.733859659289166
7.373526002119535 74.24484124693244
37.26538067866999 76.19010016971845
26.16494960770015 53.15189859804952
26.322553137412097 11.276381446205797
70.63965080095099 4.600117845910123
38.245583582007356 60.095860368530296
48.05148781252605 45.58025118457467
30.003401334715672 13.414390670964115
75.36795681237754 27.601499166573085
36.41737609994886 77.64668030361585
57.44490886155974 23.788635029702355
71.05421900897292 32.94403578030939
90.03602848039071 12.30459842077315
46.657166153465035 23.065418230454128
30.371277614533533 19.170508828128607
14.422906325330276 3.755548584861701
32.11132770297008 10.42750502638401
77.36517838288317 96.8048613091679
30.018971707078666 86.77096773090193
89.24814686421122 39.39983359712917
75.17490423576221 49.722847152712504
57.83528090575081 61.20707504029252
74.08014252404867 29.617438952802246
25.307123940615405 22.421537012085025
78.11171010511913 87.87911843944111
73.46645325258608 19.454344990119687
43.05867577410931 24.106602617914476
66.92558003515329 64.67861500873676
44.912480299746186 5.056140199240988
46.83670605247102 8.08727970084242
4.914174041273456 21.553947629220037
16.58778329438477 92.93920662517922
77.3772693419841 4.209684208501708
43.77524694663908 23.103377130819393
44.17356204674091 36.092984942638985
33.27886411413097 78.81942936005642
78.21124872848787 26.287614926191182
18.24519929123135 8.297234520638753
20.367497325666573 80.13060520710307
34.276415153343684 44.063702731926846
70.37271055067569 64.66713162426674
32.24194992334296 38.2678239500507
57.81938525782777 1.2688285196126858
46.84327844288303 31.229047518987628
1.9068981991386846 13.307645518186362
26.022008929413055 56.122301560848975
69.99297687902396 73.35203065316198
62.31753463628185 3.043798455287472
24.81754775383559 64.84331614041199
52.90625563375002 78.39128115953986
10.161533122861233 8.306654737636087
78.19615844973083 5.2024959820457966
78.18028196721541 40.13695336583586
67.71746536299585 35.459712418841626
43.763074643398724 50.21755326053654
97.13022958470496 56.3185148601383
54.164662950701945 52.21866083349801
80.095014441097 21.7529170457495
87.670159303476 6.831313387351845
30.750319484286848 18.901150326735504
18.796328235231552 86.01596807977708
79.89359991023318 49.98176853717733
55.37574923266572 53.150794571870364
3.0642927749194526 33.562009559722625
98.38347453253053 25.748712559352803
95.81218811596143 55.078633471143654
85.84388550772705 9.709442043966465
16.106571619235687 96.170908855422
41.4403875889351 45.73405156340725
97.09917663513127 84.17338361597959
83.79092683465637 90.7379168807157
22.5462937109965 99.35037347222215
30.23158405642978 55.31171041498344
26.52443340600942 67.28866071277172
26.301547014449767 69.91738565216153
69.45591667035386 31.633799392617668
95.47614841330989 53.364176875253186
48.93874250242405 8.960145028386357
31.9421378807198 71.84081652683331
5.251920278722865 51.69007028237578
16.50088609748468 9.38103031788543
83.48070994974421 53.226829160179165
16.801489152373872 64.64380327709503
35.64914413842419 83.93115694057998
37.99295382467485 69.47667634359314
48.510701419234145 2.0197946510086107
89.86630076139394 84.87073627229877
67.54562648508407 34.36681970970774
98.9225320511054 6.226905006198036
40.35536977954236 55.55405307354737
21.413896507353424 70.2632133268965
49.80996500371343 59.209485913331385
48.747478545710024 19.763344499332792
44.76428376597477 37.58030380762874
91.7334303818045 76.73167814940899
89.38869499739359 8.350691852787318
43.3945678283274 38.18807535748312
67.78063633095309 95.86054237746231
39.915102157118035 45.22103570458894
30.233581684303314 94.2905775489403
4.067343419691472 33.84723356880561
52.68660657101979 48.55093874102515
93.77653607698333 21.437676712591337
3.855595115730459 69.80336205135679
73.3888992211677 12.571972149949563
52.69829624013794 32.11836281251358
26.180570289701265 21.679099858966623
24.024890410488386 10.051088090410055
34.422547629599784 13.149052297944241
72.62430709046757 91.93635114919852
29.295603890554446 1.6892278422039442
37.43309318893746 90.79049964770188
65.68194318254011 81.58522721191041
13.344564530814896 0.8756385060497918
67.17939307523714 71.38994194992028
71.25124240278944 36.479065912005574
9.025400360292634 25.48243429673869
33.33797446231971 3.6693180114540036
13.46573719777192 88.1256731053154
