604
86.32725253578941 83.59011819479171
12.024121602907279 66.99465777060651
52.72548236119361 23.447587997092068
22.066017548451033 80.49617488257978
64.1363890576568 98.05642618938218
74.84380874002878 85.8165737640566
36.734826604121785 64.58986586897143
48.13829736732021 6.038389956406032
62.68545313295226 97.36907309765809
54.97561302932452 8.974100107085237
38.90201412037763 12.117321312054196
64.14574671476923 4.062313021125297
21.730734632057004 83.72068921872416
51.86190568913105 1.8625487930881812
44.97712651557488 33.340795237307596
47.24305385798521 34.59659056077889
2.1194798120456437 93.38860595384668
9.968415550774335 29.793974269064073
18.02357050378086 95.13367890716252
18.325392873443313 24.151414252845747
10.970176523480124 52.02511995593759
9.099832642180427 85.22759278133918
55.33654603477374 93.04818105481594
0.40687068042892793 27.668557351040402
73.39133584978967 38.843139904156686
52.30246739952506 66.95696518310208
52.738476477136345 97.71748752708274
62.14040026305614 22.629127297289454
33.79821781414011 98.45557173100326
46.974848896283426 34.07427103633993
37.94094633252995 53.64520517414068
39.19372827181702 17.243581516617123
63.12093003367032 38.736599299879956
97.41797687729344 8.386881911000687
98.69717346959126 80.5164537727046
51.70345164235633 28.281779929115693
31.041141180312557 35.79741569951827
34.02022164090928 70.09310249445156
29.99485549152736 8.134930878853774
42.624230742685576 56.31772791712114
52.38803848365807 57.54722690748418
6.8926571251546225 63.443073095201306
10.464791774939386 96.69529147951206
77.90135096604455 92.97795261045347
16.74176457656045 76.3701505389621
77.10053881849912 44.66812149529078
62.48461115419575 55.88524649772656
17.645931167809604 30.100238746754403
65.64678069753084 53.56560988359467
53.38512108719319 65.32350143575053
46.29724563457964 60.909594534196806
80.40131563411605 33.31734169658598
71.52019177372478 29.270867080797768
10.820424481467905 27.365271704722048
33.982189011111494 66.14369342944538
42.82704951560722 79.99028988306952
85.95743203882348 26.01594543369069
56.55887835625737 50.12547653279788
52.852828125452824 74.38656885352158
66.5848731842086 19.548547052744258
52.06880649498574 47.288816414881516
95.91702439382921 26.948609162338798
38.473022560453586 59.96197561031498
70.44180652702596 92.0090085653944
82.43264529813302 69.66814541429552
93.17973367058265 68.96394714884163
66.07728798229246 18.28728674914505
47.00506336501663 57.9658308444078
79.36366279233295 10.605864398123588
25.516103067962593 5.888336384091197
2.056969598352665 73.50963111915559
99.44470706478353 97.55625585625921
71.72194217319992 9.50101141548354
53.33454490823172 31.693324516630195
45.84192651929301 9.462323545951945
68.92161021937407 45.31208320660801
82.69789244635697 30.72709029156431
95.84871193453863 93.72989689612521
69.01927482269554 17.610447681061835
81.0750446959351 12.779752869836901
68.32758969943734 56.35864190841002
43.749390475651964 11.453399115993601
74.59248697603796 64.25182323266372
39.86372723236249 40.525131128503624
98.18939637180601 26.50887239242149
48.267566021143196 42.81885088725594
92.47233960166216 59.54467978543081
80.09733333915018 16.962249067046976
27.797582247863527 31.98540605221044
43.85053488875569 47.60473119782475
88.66222514460118 74.10063447656485
79.2771896796108 87.20578088130519
56.54989596078429 5.087463742243625
5.285076454490268 51.59197238967715
4.681136533584585 45.35157225681375
85.27738074066662 5.793425436345978
21.241799652062365 52.23355855670204
42.261712013768395 11.998087389855371
83.81308176412206 67.01603159430634
94.79261314084519 96.81949003842844
51.15730558005625 77.52179433320443
6.3700582381196575 1.6949152075523055
96.99896746827528 97.58564736333439
80.78554854352679 24.76862318765346
18.97497331746808 23.649643181217318
22.984048500886033 56.21212394705082
96.70391939708149 40.75980782442947
18.989445122960092 5.102194316023956
51.43623544410938 10.07509698873017
98.9970832247335 35.441921022494306
35.580402226588056 69.11182977773936
25.04342081989216 97.74673796108598
81.74983211526671 48.05631888030318
52.00785873533461 56.107089256715895
73.99804935616763 30.92965560742782
34.76200860588852 10.949768878895716
96.27008227084937 24.730619009074097
10.810807013042268 22.742318040727838
76.5446959195625 63.696438043526015
62.24271586962741 73.57115139358756
54.84862453769633 69.63390956576251
27.23870411206285 97.9424600180906
47.39806926258805 9.20592584473382
30.679399036798394 98.272026515708
42.6881875799069 20.296491261163553
88.83158788151343 23.043859810694713
83.53837965766515 4.944207787782173
76.05947473656765 90.12566952901136
30.351431484549707 0.15055933476558758
81.97215699159845 16.154259781871016
34.21315095923937 40.06639902249795
34.54771005968817 0.7121289338399173
11.480496540436292 34.32359226468119
93.87876963419353 37.14391158067845
98.85312358239977 32.011712443437354
41.16788582095533 67.0489286700898
78.24301231857285 85.76149206350107
46.64120431011006 35.70613345235022
63.34652358117568 44.881239797520045
47.48423812584115 84.19029471980176
4.039966557821151 25.358266529583105
58.33665047668766 46.64756311226997
31.098459371397112 86.86090487439611
65.57733715415895 52.643699345730454
53.848740891829095 77.50527862903638
15.323663256440911 5.587823699141225
60.25333746701944 3.868556639596743
96.61495347095274 58.88955302248055
72.80223746388819 68.21885809876261
25.88382396134492 28.09829546233724
95.00812798710884 48.02914040700615
56.94540181234146 12.24439143150513
70.44787117934209 21.852627342186516
85.3764552855515 52.80800949480201
13.107319644905392 63.41343025251099
23.66836463160824 38.973499060024274
95.36201692001482 4.200713909915232
10.574380076907353 7.138562353349154
13.416932929146952 10.352114839713167
45.15957563446166 0.6804577916108001
73.1217762151529 7.445779984853895
31.788923004707424 32.341845706169096
8.780268952919334 40.429343796243835
14.422337264611485 7.261177346575931
87.26768663439456 9.438637322627185
67.76399977927858 3.1068020305472066
46.19012418795991 22.84675029990144
36.547690065216244 48.408108802419356
46.54118189805253 95.84507390992188
14.512019065917336 90.44806351999307
59.35613025067583 62.3446503671207
14.06644379784774 7.813860340584588
91.12928652869063 67.39803720973039
17.869424686814394 51.2486202887565
4.487834966219861 90.28572389063606
51.515351094628144 7.159679437125266
40.37127288099488 2.5305105086213198
53.83851247466174 94.65531282769152
14.937572754651429 92.35200531361168
99.10158456711251 47.444923579372634
25.909385351635173 98.3304684893865
26.397495469814057 19.207255841802052
96.27903860737729 73.6217842486368
49.44009982830785 12.077369238568448
4.567858105873956 14.449587628646832
69.8429249494511 54.452658925142984
42.98690620534905 43.251457517096156
72.67486352368692 41.38995406285196
18.796769289777725 1.006225054767329
81.917351164717 24.156180339737844
54.30941709965052 34.021870861198835
33.1151431364787 53.62700731341648
78.27888871310485 12.785095342170383
36.28910029169652 77.2623235628255
56.646629363871284 94.08151758687848
59.17657897232074 71.90754129882626
3.0985692543582077 33.41237921256782
99.41745497540437 64.29282145146983
8.91287622186072 28.736009009981167
5.077278194223189 3.0487315185620867
34.84767195578994 89.65627745977716
53.3113546044401 16.63861287907764
19.5496946819819 56.134625333179414
25.97439185091355 27.575776166778976
85.15818676949553 19.84662969569152
42.27115489593923 52.33751779042889
1.6097573440024715 56.148764868496684
47.831983447887325 7.032761000120313
11.480385665503167 25.463350637069638
19.477711271427957 69.68814655913492
39.4293795032888 77.65689332499235
59.87305031389481 51.82221234229453
55.24589935314565 56.32328195808641
78.72253782524605 18.639700361813127
28.43787906670562 56.52990228764906
46.04814963331023 13.786487536973613
98.13716084772277 38.71949137093979
72.85753950924924 69.91283347978148
25.167062273102246 8.31626337789907
38.90103211674143 47.12543041303453
47.26116278016072 13.945278433787045
26.294007314521227 63.253451652272574
69.26090784955579 12.47220675729852
75.84343104890064 98.95895802336918
95.6651305685454 74.28624645812518
73.79043340913341 68.48541805899478
18.672677467813482 83.38985797673126
12.644812646404269 97.34551224932633
2.4710747816340195 10.712166725654281
49.87407382444361 78.84842821639812
78.34103960770045 28.43351235676097
20.507047991142368 96.07546804147297
15.270575019983369 70.91383102946476
95.54108089891915 31.281650339901823
66.72749659465364 53.210918949629914
61.07158234619426 5.6099549654534115
82.4256300875928 81.82709397319749
84.0413743455422 21.338018403311164
52.46203819718397 91.20449739532496
2.5270380706059914 65.66303687374085
69.89963373035302 13.458326745709314
55.034513437753006 13.849951435809405
19.933911110717982 2.2369515108594085
89.67138638180201 56.72119981899053
76.23589499216266 37.33082010926887
69.59983519861089 61.681578488994504
29.487123312965835 96.17537635452695
49.19152240907668 9.837110704461127
73.05906655147669 25.750207163737258
57.22544830149481 56.34200279190181
62.11371458682924 44.858382360092875
7.586571260594432 78.54781187574022
9.58465200904004 10.752803302290681
44.55072783671794 89.69816781451756
5.11013968432652 86.14456835488382
86.35954116045687 36.60877527800203
80.83788873585934 98.527548625809
91.97369567817142 29.834169399070333
38.092915477028185 41.02791901472086
15.759471226632883 29.19381431990008
42.084718838763365 22.09769359095233
17.82201513440104 34.78739182166688
30.932802272523098 86.43727602080331
59.849802800555665 51.171273215213866
24.618660318453898 93.16030696975349
33.419415190966795 99.37693869929002
34.995503437514145 75.55755956498706
7.252602722073309 95.08245259773801
35.775257198374845 9.665726225594662
4.286067569684427 27.300980953015486
37.37506388809698 5.0232653856867815
50.72162221372363 92.31920062569353
22.493193749158745 94.23745164069287
80.89722416776223 25.207465948879403
37.93887192513316 64.39131428721028
83.21057471440984 89.80218216763092
12.242881631241321 35.53211463657656
55.302503692633806 23.830303347079486
12.251144190108699 93.96891744033677
6.376738819758943 38.879442840745085
92.7116529489963 21.62519127390523
46.18505322272177 23.423023058999792
72.74326081559452 93.14142990455657
39.79636557541636 8.15705679803268
40.65738574806317 31.892641767824127
68.8389209277533 66.4451531809145
23.724457521345 97.3173063054281
52.193000392036126 41.31070681576655
11.464593909283117 45.729097798905585
37.03902670035676 2.4477481531741008
59.93397838524254 28.10980990924724
49.0693505444106 29.03297419099109
95.6415566760804 39.56918390397185
56.94778284505914 66.47040521483338
11.519854486918412 21.87605573203326
55.5229204817626 18.148242099229584
33.345593387232185 17.78051812666127
39.83070300553102 90.04521271962234
32.78982219076347 80.54962445548047
51.89586061330247 43.2816745140787
44.408104338259605 84.37480186889871
81.1876358931863 27.72027124617552
92.16567451238893 64.18087073857026
27.703802631397956 83.64724513431754
64.86218687985127 66.58554321697781
12.168154227579109 95.66827703191476
65.17790339962221 89.03652796882758
42.041838022573316 55.08036554537462
50.86258695623733 25.41611552149513
66.52732099901294 2.091255963276606
15.83076215035839 0.5705836714014478
69.34311942450783 57.41124236861101
30.934942960876942 26.474684637596578
62.98232793991342 47.7440814407578
4.006413432023281 74.08546816058188
99.06732980674278 24.96196019474525
9.391035501203415 61.10963904167255
40.276953946050256 5.58357864477318
0.566191311906683 15.774000568747738
46.4261493866008 33.01287570142573
69.02975526287054 37.05957895780871
29.19681977761156 38.68849951635882
66.88998704832939 73.32935918458638
37.761204586205345 10.438151681726515
82.71928942489528 41.076453048359085
10.821476191577151 26.709468532130888
45.48589557930871 51.47218675470281
10.084518063044467 71.1695053685891
4.433443781850821 12.090519348005213
30.24969380029293 58.73468478010945
60.78748621988053 32.435901902288535
31.658618876683498 81.75560537790635
5.151720924028846 18.474321069368603
98.55208326827353 89.9008379626685
11.599166353170487 21.08371152857178
50.49613304600052 92.35521525190047
29.294751020696708 99.05537787926376
16.79798696497462 63.72664994613891
6.450368871801892 20.534373457587872
87.5297947138831 79.9987536605985
17.61390524200619 81.04073938158139
35.085459119548254 98.67688981014618
14.20054804234152 88.78182874737065
33.04140064551645 20.430131629169303
66.82871547199193 46.781671040409414
1.7398356567447704 25.696174799407423
57.0889903695512 78.78275423730362
4.110117010835435 48.43672787930778
87.49552336648546 90.89826952571138
58.3956320776119 58.11573633381866
71.72353357051131 20.486434106149275
10.780456059451293 86.50476123070935
9.469867860011217 68.88149101202174
7.845802218218423 57.22640458810188
33.56341115293026 81.47912157913359
22.555922469922074 64.11006362314833
65.62897589780893 24.401633648848808
16.828273045486064 42.373853056802126
50.69415940631883 16.602343725212865
99.63209274156254 23.405814369432797
87.12923172853452 74.41955821369865
26.222260518148854 27.495309471301667
40.44124225580528 0.3800414868898927
92.79273865329269 11.613748276131197
67.20574181421395 53.30634056480661
71.29445400743022 31.330493685206328
95.46380383315412 51.979695112130564
73.96813160969057 95.4734871948144
40.7756498127244 56.59836022247756
84.50907300193622 35.88475797243515
85.02341759891999 60.84736006175242
6.3032113077024166 30.01502512605583
37.60762442829784 68.02946523161319
70.56898952768877 24.92452764919948
37.79645238447136 55.76171884190384
77.30087207805782 75.20201228961655
9.290486392095975 61.7236485179847
24.996430586355135 75.10090512777427
66.7552085947691 71.08167559633053
6.910387068335099 36.25648548600733
7.378743447045677 29.455346666462745
69.58777031467197 27.365781812653466
47.76462831281189 42.064100047063846
83.53132739326973 1.3769243383680574
62.66633734740283 44.13200800476249
45.467846493838636 74.67900696448208
7.907637639063103 65.26345804453796
14.842280395127238 39.59526971392416
72.70955576018208 15.426316656929695
22.238299966430564 42.736001242046676
68.4673276580329 86.50330783825243
18.45001886570753 25.57929504799521
83.84204903569413 38.0030802404619
51.26984508532233 38.459953350610995
94.14818353616701 43.90961278109251
29.203359594425827 29.936946939889975
58.35397537565693 16.030640205953826
16.17807939113155 38.12274796893082
2.4652671616045008 19.188470734850714
4.106532015978992 18.898494091887564
95.048770775985 17.66529574709238
25.441557379006607 7.468518665093726
18.2425024324381 44.093999741628075
95.96644004303934 31.736119626646985
0.8171610172655663 59.40558786352399
81.27129130371752 6.867846296471535
29.261994728506647 88.58508875488016
30.518112096325968 96.85102082699856
86.13584548186385 0.3972632100829987
4.926510928504402 49.48613291400679
94.0477452483218 54.29512931411684
11.986198930059755 59.64015985842931
68.29439291901245 47.22016449669795
76.21323803984913 85.70621961347587
78.95337549732702 95.5762661047735
58.80918477382468 69.4099187066569
7.418668453946065 39.498560910692206
52.17247174293589 28.57564314483756
32.69375353920844 7.824309891782965
78.84880849681389 62.46977564618879
62.5058939803129 35.04562251316905
26.461174077033245 0.9129803566872652
24.01495733408463 70.45330290096223
49.461096155916884 23.64686334695829
8.955742780338994 97.59194305057581
37.92940286674548 20.355783452227627
40.15984671277649 33.87226896078963
17.52831000488586 92.94730406273844
45.275215845694596 3.2471579667537553
22.114736553571735 46.564124513739024
17.72751345641691 51.944372087987645
40.30139960467287 33.28267739160734
6.79617954949846 36.87403408140065
87.87202544507018 19.016287026573075
21.012605796822292 87.05497043199261
4.798922989343291 88.4167960807347
83.47908248067878 15.171140036396258
14.927170817328006 38.43946497998931
5.784723875471642 91.63973884070788
40.25993244978254 21.089459410188706
63.68173212480998 95.51099452134967
53.155195722138515 39.115358998103474
34.576861568079664 32.445455682199686
3.5828353635051102 46.31184356441773
43.6792816949652 64.19057742213228
3.4554987892855493 85.36994779952086
36.88859169144111 79.43370797726192
59.21346350471018 19.973677183210757
15.36643200026525 99.36561905257344
92.00282283624989 93.46854212247459
23.68252606189364 68.49709132251948
57.49399032204755 27.844589976193202
38.57235293906067 21.874400697589536
29.0324107716741 77.49740083786088
91.15754808861988 39.87486153157265
27.50810803727639 62.78435133694399
3.3031590534174926 44.93093742497992
83.81032573500393 0.12030735990143926
30.31087448787668 56.59555705097043
80.11455554054157 52.37686355926009
55.75933754456952 70.98569964910894
83.60184783361682 93.88875050510396
57.60055775616068 19.947736261597615
98.61319315665904 69.58975365074348
62.291488073062894 5.02018174671025
14.671963511405039 4.595402759543132
31.04731792469425 80.74551878910016
56.80484265371406 47.77646774081119
99.27233173622557 74.16232872276235
25.192059090673947 79.00082106216543
28.54510933700404 86.98090575306404
95.12095676722771 63.124003565868634
49.338748053373884 61.002569048641156
60.554423700812656 85.45533306306812
74.35185742649152 24.416243501163304
47.352154854412156 69.29703367436271
62.18033883663211 23.3366187664781
17.529174731242026 88.6870140608556
25.973925108951956 13.729503641738926
72.34323598920118 60.019268062772234
95.04261872405677 73.63585146060746
30.178042584576815 75.3887090750018
93.6937077743247 78.82041875306084
62.237912266758556 14.229312223749357
89.42035744830214 45.604179446900396
86.84846169971505 75.90139129805998
46.30165312663975 13.399747013794617
5.57265562287057 26.11838398190812
92.9277014846439 55.740865065835585
0.5279977213572762 90.8267940838776
27.60148946169788 81.97101691175831
79.45601701331367 68.13258371293837
18.602924761295604 49.12785404905552
4.856397796233636 35.11159789243445
84.18443387773426 47.32317449627078
23.23223454348865 40.02173850081405
91.92389520898827 80.2570974244871
76.57564256081861 58.73324227596102
51.67418771588868 62.47549694535913
50.992565652040575 52.995801988036575
80.72437423276804 8.289788352172867
23.621869104246862 33.538494941945885
68.0856508252709 18.122172865558372
89.6941100574864 61.78707277642722
40.371026908234676 28.095174778461473
99.77374499507773 28.70824322533194
32.60594341880275 87.23449735563304
84.19946280609807 52.352609182383915
43.113512065180124 84.14347208387356
4.533563456483803 42.82033692880252
19.962328803338238 86.57354027422292
88.23011896224791 92.2187397352599
90.1500531840961 57.32025674955226
51.65512812997422 75.39743746379514
94.10761845900963 10.535888900243872
81.39113284890865 49.00815337015837
52.339787494109245 85.65672888877818
54.50145102565303 50.193906789193285
72.64592287669296 40.40619213047879
58.391130959952854 7.989281166582263
42.85219629187402 67.16698917254166
40.59955170555809 8.069390416523802
9.452991000249444 68.43300728776227
16.265485754861363 60.089127615459724
76.72959055821995 80.42809112918474
62.91069674630418 0.2098431659931954
46.817635170123104 43.72932613009246
10.345090702556192 7.007398749918236
43.875329249868834 14.985886373785595
24.791858037460756 41.960106155395025
9.254246724928938 72.36680650899272
42.66133472870843 38.83053065787452
17.398021953408282 87.29171789977579
0.01659665809575772 58.44180989456657
72.97694885702822 19.02837606286375
32.29748094133698 6.931592679570475
90.1539649793029 47.575485973702726
23.91296232079425 21.569385500754144
60.57555694261306 71.00245760355432
62.57014330797267 5.2569327491968965
89.53422258082733 31.28439495796085
18.901537619189423 93.82173563725382
39.664159863263 96.77497387423226
82.68654076319 75.75492563778164
47.69437529146595 81.62763224971214
54.80376369917822 77.38797416572818
84.0094022486231 76.36483907551441
18.3500814577538 56.00414992378303
49.53634763520205 30.18006717147408
34.141532440873156 13.266128609472949
14.763875234518087 72.36944833585709
23.78899393578915 77.4963144976753
9.058697195246745 86.40113242939499
45.367199588828086 98.92852886609246
83.90216600165007 70.49033526525274
57.37592197124326 15.618821063919642
30.939852754961606 29.524079071832677
95.76792125253785 42.08499005785373
57.82759344092657 36.187870743808034
90.42036151101075 11.02168553457089
19.388072270049207 14.73435505875289
44.68988687302373 57.54522694311171
82.62040449419527 70.5064468919008
22.761815823189615 30.00261789870097
66.98027667711608 19.133487040327434
47.716331115545174 57.20486570276995
16.945564797692636 96.79900214900464
83.65904672471288 2.443851523979512
4.869653912492911 58.96027284492563
99.6739377612459 61.49004722869965
64.78386981404469 14.294894010435211
86.55007248406021 73.55118357272333
47.71766117689024 57.15534779823138
33.77384261639057 19.988422462514688
9.590489755694398 98.23802095091966
15.269754732270025 10.103834776613086
28.16817859719635 71.84148680892662
7.85575477305488 0.7431460895044317
1.4730416179761563 59.2815608728183
20.02479699335835 82.52674901740775
7.337454705945856 2.8523801646030633
50.66237945013125 56.028458283604564
68.73139633022578 56.966865766292266
15.889410156758055 41.312081512740086
4.871655766243766 68.62880659645272
13.071313852740762 29.23662899698328
76.37480959441464 16.02171502335825
10.240304363695662 2.3499070900340757
1.208793778910866 63.451039682600744
75.53188672897588 82.40766955661925
5.089490329660751 28.21043077795632
26.513088324795643 44.88471135842909
53.38477903536981 83.32974631621009
37.13401109988423 16.41520771463505
76.43153017317016 82.42330838543788
90.89243422784205 9.376870472371257
51.156544969297734 5.811385459140994
45.30885855111342 35.06113192272048
91.24364097679775 11.309366987592185
32.80415972589849 70.26545417032354
43.78147742320715 83.81777358254524
8.430055366315258 57.447978273308266
85.34360792642501 83.372378206204
43.12332308995188 7.349467462455783
