628
74.35344745848317 4.440918759753432
40.71929456993573 62.37283570212172
25.841443209966197 35.57077130069503
59.24837592530735 12.179044425183005
44.0257195630147 87.55906703504428
73.58001963432258 66.55553243718914
12.033601143000794 46.605377013594584
78.0374499294588 30.662247206386052
42.073786962851855 74.66284842181827
5.1576874261429095 78.01107955473027
91.8342277545175 37.58078917553307
8.954950657773686 76.53371957780352
89.06836301320305 62.94068765977988
14.782877776954262 39.81401392943824
50.88022407428837 21.864381456247216
68.85703652703545 17.0918404272282
26.68807621671556 52.90119111120145
99.16424903654642 48.722052990313145
48.14552080784424 41.51874384517733
7.00402610478581 54.52685583262811
85.03901379692263 70.4108575494163
87.93552938848512 91.91098121241076
11.03974806576441 51.142044740419166
84.22427162807928 89.31009277338478
43.46697392275715 79.82502294640307
75.49376512509588 34.18091889846657
29.579195562515448 29.348647261914685
80.45728369048321 8.487978781812789
97.76948161716335 23.761663287051547
52.957944982159496 80.070942744001
97.59527439283146 95.63879019893623
75.79711070846224 11.462899215867406
92.59678356120821 23.874145424019833
34.17676932301653 17.129999878610256
74.18347349405572 3.29320997707222
19.06929576038555 96.32997707528367
90.85006552680444 90.71874828239156
18.359545899913865 2.1611301952882633
33.28009938078055 67.77134706940997
75.46083911172703 63.15916099005282
53.21354414775025 87.91754585951834
11.913450194443653 66.41825477752766
35.112190833464055 58.99829821800877
63.15765223179527 6.6145920141289505
32.861644575199065 12.378448000909136
20.286940385029528 3.087879301180496
49.77907805569356 61.253332989319745
11.79176037293832 82.16338993909702
7.226497296930567 27.794194146805353
30.352239131844282 36.54955238879373
5.738865388215886 82.45827155821974
40.068070270822545 92.96004548750628
94.81257984495144 3.804102940985854
7.235182640106775 81.21417468674828
89.30996506252633 73.1171734595149
12.678512216503968 72.08891288514117
96.15292283233825 99.10157815105752
80.4682506809258 92.34535055007241
88.44119862685737 72.78099486143591
68.75763855208291 77.55996930376212
76.60156503857233 22.32655690190969
27.61812354456049 16.628627913095183
34.258337702074535 6.603642926193776
70.15618673828261 37.62795735786746
2.618338102170792 11.943397469874206
23.83983261597711 2.9464903746407756
73.4161603611977 88.95302289276981
69.409987761237 39.62611240911499
34.31775863959376 75.06237567352191
11.791372544963941 71.05484660905023
72.17323171350174 63.367587818926175
17.560564808027134 68.35771575202394
81.8174135771588 49.952351463946734
69.10511453146285 34.33892024599591
32.74566974538694 73.98732009808568
68.82111306312179 22.465787875573596
18.79791989498587 34.2041564685212
65.83860332514534 81.74679351766477
96.83733674689168 96.17245562628803
74.35325615570122 93.10055611030901
93.16996917247128 67.64161356390298
35.841003220259125 43.58817949607674
48.18184000396932 39.473413225320854
55.33086674993597 67.98315076412767
27.857968597654526 66.87675402741898
91.90085884607508 68.32195733298538
76.55326842713251 58.53763777461437
43.14032368177203 17.930349715437387
44.08209597989917 99.51649250252493
33.50438048743351 31.761419786392775
82.48168209191525 93.87322206324588
47.141211970289255 12.718150312253373
41.73474117902014 35.701213952853394
41.43058897185542 93.73129615206341
21.5182468036202 92.16037209633295
10.755915429299401 14.506657961543102
91.09424036636625 40.55282484741329
90.93050970218273 35.04623149914978
43.94646264542901 24.318364238708167
57.368464424619106 10.731687097160014
24.344552553528143 73.66717655716953
23.8254404492103 37.11181990618266
20.409631167322594 84.77739584496423
60.703415366934934 62.92516376363027
53.21262072562792 62.70663865493075
68.38548024115954 32.14796945811668
83.68875688214051 80.18441652755905
81.21515912532149 68.2782693807485
28.346110543925473 13.199059412288506
34.04992023922036 83.6907909231032
75.08685091302098 21.509726741768386
81.04212922377071 12.322333364495508
94.44907513305785 29.81904492623818
85.9442173126279 25.52752226155527
30.15760811485292 62.458426128719246
50.428748197318164 31.018922847258036
26.430029265439604 58.829998248142424
2.8763510157922445 78.53553422944134
6.48491356744244 18.914329115876072
64.08771422843697 74.59929398486832
20.354521810669922 79.40745840096574
84.24219590099004 40.20281066419579
62.58733809760588 2.8597364945113557
60.86103524721529 19.970124899508956
29.990182672914443 18.93670274742928
25.25762993030568 33.61494584212777
33.788468573297045 3.2011715950979958
22.92681829934705 53.56723467776233
51.854865364867464 37.26099467254412
47.80718589118615 69.83979993345662
30.421395276187745 71.90448781597884
55.016372145804304 46.47071532313357
82.87431230385768 2.965752925103815
57.89857607583095 50.2555932826411
88.15339258073917 66.75513519511534
7.82089413930831 96.14954418195816
76.61655291488061 98.10377181285317
41.81706517426632 27.64315330656586
98.42482875683422 82.68871376201089
35.57674048249092 14.613100385410293
98.48579969357503 8.834224534853508
81.89479945277431 84.02610146833636
66.7224132660323 72.0610879969893
25.30552104833701 60.59220933721957
90.42213026795632 4.30344703647807
71.33054446945464 9.619385921304557
24.345556173783123 71.84964295876787
33.24541809079244 34.157734583748265
40.35166984388292 90.24996356308621
79.79822132107763 35.75913863717336
31.066566933170346 11.538090099652665
64.13833640718828 37.066360626245775
71.56934259064535 68.62362279835163
57.85282731964778 81.37027459968505
58.34071537724459 48.91430965979174
79.34053310211124 7.869995202070912
89.40973866290474 40.62000541807149
96.26912854388605 31.522393975155406
64.87899702642743 2.8671230859180774
33.46162331042637 27.88708234293359
34.594049916193924 33.55387313677857
20.995244403831116 70.44002319341935
24.581922055718785 25.489700508410586
7.4650846666614035 21.8743599923817
25.159285082107107 32.950280887049566
29.0539349943457 17.061756954263853
71.64218554403139 28.509268386854338
6.455902524184232 77.27987247185261
16.602403879827865 81.30074780489078
73.99698169030725 47.35772768166709
54.481069096724625 59.43515564794781
71.76124605763793 82.96287618777137
75.86832262523835 12.002023433212683
81.2714413488215 84.66409535820148
78.57826884123148 84.98193371937245
65.67880053463672 0.304465855496483
91.84230804656183 52.315946535051026
87.50382116882841 1.8807773663077842
78.31406322930023 91.43955462914506
21.31059138637167 41.06627795306559
78.56325410410618 87.6991266231983
24.375605885431373 14.554398296511229
31.679976139203337 31.031058041445505
48.83225891166904 86.41275904223168
64.55548178339586 55.336098807645804
1.5421877093002911 1.9387716906002161
15.556439443303294 64.7414002916664
40.5975872300528 64.87050715979707
65.14005741574135 45.40851946126342
57.38955729614107 85.75819501513693
25.404972411963335 55.0217323768298
8.853858734453867 12.680228798077176
73.38539036780837 14.846992853313933
37.247293194985154 44.58982810984099
59.28769913327101 76.6008277563055
11.757077095183188 94.84498591572022
49.90254450660589 67.99665224436383
24.350601029499853 89.21017392146744
71.50442810235417 23.39014210898768
50.72619297692111 15.430453896454566
29.87454283521449 14.43421392061801
67.2768197385033 78.67561652179027
75.48133770788426 86.00339688133796
81.50703312654403 41.94540765284063
94.09813431683651 80.52163034693125
32.97885411046168 83.89937932250847
31.88514782103624 23.36637330327157
37.11335043354603 91.60048849114361
33.524463142422555 84.89731914365184
66.88285891336518 39.23546154147388
82.171158974689 53.45622086841784
5.475892825921457 97.14127252202388
54.95680757895593 77.20383609978529
14.202094878404148 8.807812268760474
3.968551918462504 26.108055946439013
45.71374889489144 3.764611204270174
12.30036121309006 83.84896226127954
82.52775965741822 40.4225118122022
43.38669969806745 98.22264786277216
42.498330754957856 4.169952854474768
47.20293453992558 34.494746487462876
9.741353761457017 20.82392046977164
2.7700712699850194 90.1201457589245
18.355833635032827 90.16433621250876
83.19924255876676 74.74843959571693
8.961082139876897 20.896090212771835
17.18244631841198 71.13614458106231
64.7228632521108 85.55385518758874
3.1419428746427114 76.55594794985761
4.269899672634059 66.24268886583395
98.60336347626503 41.802960077523
7.695708057690187 70.36754794979436
12.826557300177887 16.948869811314616
87.51351554729908 94.23373226165893
25.05472072431214 73.04519525925538
13.397762947009195 44.39656569372189
49.15967774934633 61.31979381121526
82.05558130722756 87.38730606050304
97.29133961075004 85.74219188709316
49.50034433159701 23.736186787777125
44.409697960132966 36.056039414408616
85.07074967269523 56.81822328049044
53.12895573730497 30.725315949757103
71.06690243921831 69.19171887821985
4.40047802168989 85.28086199512407
21.073052889804412 2.9814261106346995
65.36189983998727 74.88241212774352
48.722099738573036 64.05254620058696
52.50724717573004 36.28056155682082
31.96201717333298 50.948409813337115
63.702112548522784 52.62250697066999
74.78456073462868 91.8353035863833
25.002710525267403 53.32624100551659
80.61343177639681 18.651035460348396
72.76452946730225 42.734176515524155
77.31046430842919 59.8733921492955
10.231556006898291 42.644478833808286
53.92429843610831 88.11993498446104
41.54479190379941 55.939949619158334
33.494490506525466 85.3070581054928
40.42535057369725 16.55016902563313
84.57733210513412 1.7392163337493272
67.64007595742282 85.53213622604136
99.72510653559016 53.66038277765062
53.821173477450415 80.46724334916001
41.079445507661994 62.039122157278705
97.24201329719556 34.947071131744536
59.1051735430289 8.234029651564256
98.2130894996385 2.088711754296979
90.6735025305701 92.46867265552794
28.808270425338634 94.8373305255656
80.64109049237754 77.4442839542653
96.89043996788462 32.44026565395887
8.678446742091472 79.72940076900963
6.795534577404916 76.35111207965825
44.89765596250499 79.71547847098643
70.03716279894941 78.72629528022452
75.8655738777261 4.4462593811384625
15.679270528240806 26.12395882741917
50.69195518549413 35.20884915090424
51.745726954122915 20.790333134485994
93.036193199903 72.97498931455904
68.49963907153422 92.0864554409773
51.15721761792486 14.199368149836022
60.58048175884901 36.487173626247916
32.7658637563932 78.01606437117117
83.89174469218614 63.197406156034155
80.41608223947784 70.03456327090207
4.257743725673113 76.29077454989667
86.82235141272913 50.012885797359665
60.538935297530614 99.58429271285533
16.097929943728072 59.82706779392875
34.96286609336685 71.30055468498217
54.624378231637316 84.90047240612647
86.40420211213919 78.48403035309126
31.361584524855434 47.261279850504664
94.97849037935298 93.02941787179502
76.23548302732976 82.72587683979941
53.61266957902113 44.6775248630817
10.783366224674307 22.908969883822007
62.23344517821143 54.46422933019414
16.749784703551363 29.32294092618759
39.59599929597295 81.41501236931728
11.91814662501568 91.59491720483128
9.534071207045457 16.56454066775592
93.09813747665808 81.45497368338486
1.5289871584265202 55.77053834999809
42.91413590277099 51.67910287683629
30.269420466840224 58.82309412451353
14.98510092987335 81.14387131534001
71.16133605292121 29.440688081335598
2.1984255386979457 43.28089798394007
16.164776645420975 82.44251767646443
59.194193576888 98.8680084794246
89.8328050974895 37.20198464619489
6.067821934951246 64.11370295770682
41.20785194834452 58.76946282159503
14.329108831518255 15.245860184471594
19.208676819600978 78.35852598836655
5.1700614484618495 43.832125964643275
50.81753769562837 81.10992958875103
10.77711375281315 15.911496090748312
42.489326160007835 81.09616172120042
33.250913665858725 46.41070667940967
87.03489571592141 88.97302751043188
3.7845735900170485 95.2366447435142
47.37047405191189 38.292517941755165
36.72198595740662 47.95003344857333
59.58638348189513 25.287235855913814
79.6677767714701 45.89214105686161
71.32414552834841 88.49254723385292
31.123693448426305 35.343745135369446
9.065048401779752 30.756668509976492
84.74847673450347 47.496028005845524
90.25892206129032 86.84957641796196
65.45619075091989 21.91288522707213
26.122739906177507 90.24614499587852
48.927862442274716 87.8889360582908
57.29155632023183 93.33355314304642
55.916501695773334 25.31840319410733
80.99832915369699 7.360618073180058
19.81038848979638 41.88079925697863
85.5301244044737 1.7994424928944874
64.16908284376184 92.60770734868818
72.93548741116157 79.26301795730029
88.45942919160166 45.41346464354585
65.87896373827617 62.98384247584402
96.19430681352463 92.05690421976513
86.67051050675668 74.17751317225608
2.0701503245135644 75.54078651210052
57.5984858821191 0.34656011710009205
12.17785607396581 21.83793487326746
36.57207369979135 18.445787533092282
6.362944658766301 0.6199528771993812
34.72348505023013 32.22993753956403
14.88210386936707 61.63232243179756
83.08563882942893 43.32935284305535
50.197762484095335 55.60380515999989
77.50403989916471 69.12492512235434
67.16444860285436 49.424071730574205
6.746324696827088 79.09744396873309
65.47261753646477 67.52569067923493
21.807040658915934 43.45576709852354
18.88109568591244 30.90271704754238
85.69636901767684 34.233271951142406
43.10445359414749 37.93918112732613
18.904198223451353 28.615706985834144
9.78765197495587 82.05424526521195
53.855349152208646 28.652432125119688
66.00219566537753 0.3878725806998329
21.952869703737555 75.68756833309324
54.4119581480215 15.295024308791728
23.743974164674352 74.70738876067249
17.62015605175811 99.1439026052019
66.09358122795744 30.16183297084165
72.69453254337162 40.74326104089197
31.759213911628635 43.43278325199746
95.76088850827928 78.44337585938567
26.245733629758462 76.61517043968395
97.46702740456034 5.756963833909079
66.82536925659248 1.2859290261557965
43.638813592849424 35.58595579894593
90.39429040338968 56.923744500301176
94.65545249407495 38.433289181392794
50.039137323649626 18.83071828522419
12.32990893955186 52.90538420284023
57.50955331911931 23.714373664814403
83.13402932950129 34.82948024979598
78.48955954572394 66.4969822840915
75.60524684922491 75.38721802536925
91.30666494369888 60.19490038372276
80.24915935181848 78.08081183450392
8.007016428097746 87.24022848922363
18.392223358950556 69.6904071939892
87.33080890514151 94.75418734023044
65.97697259850409 24.555443827802982
62.36132729970121 49.83183836539749
58.366965067843246 2.9454953706163023
83.38780804814782 30.776087489254213
55.3560579350677 36.83139291321472
4.989512294429666 79.67750315331436
6.300979573196819 43.47511061677226
30.685035312795517 36.31686528354731
29.565348600336183 33.19609006799871
21.080701502029363 24.271850311456365
33.36952210794429 34.90869871104509
80.86677399635455 54.00247803558849
55.520016365368505 14.391808435084375
65.66915311766171 40.783275061682886
70.77209007457371 2.4670723256983496
33.31969695495327 55.640968281562394
16.298811851794824 53.96315127923573
25.693452797062054 23.98213737079703
87.8872497328173 44.920033376358134
37.583806682388186 19.950293182857248
36.00717527668016 89.58554363835952
57.26075970083168 71.10643834840234
36.74360669435836 20.589061750802664
88.81820348251624 69.14788980969703
11.48695323831136 70.17480155427691
32.37644562100226 13.536903931816713
33.84541690143049 87.50928591515161
27.266480595393894 63.552834291542524
30.55493077467688 38.37886025575998
10.283102054968507 5.849157865715082
98.7823790788272 99.07765550859237
20.670742123773156 50.59272709522057
69.83809268788411 88.90996535131244
36.4255346236849 12.456192276987144
20.265191665357374 9.13315877901143
50.454875341362516 69.22375872326096
88.47258356948497 26.734840407581828
45.03854092956229 54.04932788344039
8.810519102270032 98.03241751584031
47.61357925788796 78.26231655819991
19.998524480497892 91.42212211774392
29.359147931863028 18.66786328020472
70.51374337050282 82.8103896509056
98.565625101539 74.4212114532264
71.45721049621609 84.83718905034027
63.64568788772779 86.16983569659963
52.348570662677986 9.574692748137837
59.51013384409535 68.4385414283144
31.998237639172643 26.2053820259853
5.888986309902233 53.41874657900911
30.84500897682846 41.735220636502845
66.85216644607563 65.44791450297186
97.66002430644095 41.75221059715825
94.31639768556965 49.590576340865425
33.3714001019714 25.5395890978513
12.283305223622188 49.142299992062455
44.148156572724375 37.5417109879461
98.4892594389271 80.6882096927862
25.863523407645815 37.405009776605105
27.406647204878944 2.818176297495656
79.5880130866844 33.290357151470694
63.311307493010304 14.34015399412436
45.519791676842736 44.419685832394464
87.60620086076307 28.71631913620688
95.87119579968193 52.98809216385144
66.77361919278992 94.24863101288419
97.5112354872843 47.5608109029238
41.562198782239456 77.04115759518206
80.06521331670146 86.85279431019461
17.54915065207744 30.482737867967202
45.04359846217506 85.74165802789149
3.7200909848893127 79.38513233895549
97.76198634783123 54.68130742950458
97.5203321254406 75.69265344624779
42.006847842128515 42.55894196341223
0.9097591002874994 0.8902211390513726
70.91522460231144 71.04829485391974
25.27157050628389 40.47588847682656
93.86901987946753 73.25123896192032
9.418556836123493 52.827711712943206
26.979370666187396 46.81303179575147
59.90082106605149 34.58067936830969
81.34443842827453 27.99194882514543
16.299427125273624 65.44224555249191
95.3594100513526 38.90362293068009
2.6765228307014444 8.373658167292586
5.672784404613484 6.309490119150373
94.33684594990979 89.63185831874459
79.12516980310552 38.287876716542044
54.81053140642636 29.369865622181514
73.82487637328649 55.38318292119907
60.26512356472556 89.93321226592514
38.95374980712456 84.27007153522617
25.558301097225378 97.53379471802863
19.772628862577157 10.638222731237079
71.77176207802167 90.82161122115583
3.734323378663329 36.73345562647133
92.98717040874156 92.26701539091103
57.45707654178416 67.31224777760887
81.14769379975655 90.83662472388494
67.99645565195809 27.29284901962722
24.714183338655914 53.97455005156636
49.453104885412934 75.64238210009273
88.54694786210955 68.99260007921167
16.78903384364958 11.846209957819076
20.104678675449705 67.63963339864891
6.6285132014328845 7.075960161970518
54.47529318948092 2.934289314665295
67.89901261219384 43.892895500459325
81.28892188427726 24.94564816807302
45.63740513391975 96.0418288372772
11.273167249956694 57.08574621224549
41.859169631972584 86.42584428968247
82.14535772417472 22.057802807684745
44.75866124958065 70.55704229505987
52.37811109161149 71.70027046295124
48.20438927094257 39.82600955690012
9.193492161863958 54.49907721088978
6.627483468935791 30.976000046405872
81.19909560121488 62.37915476386012
57.281843065881546 24.511323384760598
87.43212213862908 62.52647597732892
26.755498505754215 91.51348705778167
29.290073732591804 52.736426698184545
11.385097507839337 13.90922245035081
52.01623398203693 80.27093145437529
49.059689853846 98.9556629018515
82.30717759145499 36.749475350762786
46.49500773228038 56.755458683245095
98.18729221574074 10.847645548293794
49.957262813210235 59.28835275002358
16.369875509177255 65.30217032306075
7.65242237420537 44.08717642991928
66.0677597061045 21.626568915824507
42.11462129729472 88.44920638694589
53.49055072401032 70.5995090540369
13.655942886796668 16.047525236793582
91.72866437891611 77.52524630048283
47.083977967800394 62.43951703102502
71.86392072383214 8.623581929446312
20.700828346944355 21.644709127486617
44.296682997027126 38.82185800465297
18.997818195532666 96.47784002150755
35.51744700136281 81.49664203065919
52.61405139944514 87.14633493417195
10.345739745250615 22.9887785931264
72.41008168365047 89.245316780491
20.628321834972184 71.00373596465575
55.18097526890978 59.575756159992885
81.84214983499007 8.999466431624237
41.40316333354912 74.98848588622302
13.376411728014437 13.805852072177938
74.27162110345932 73.95281372487639
79.63754555682499 99.75720577162035
13.4709561940198 27.941019999425933
59.06160072943132 90.98521531832525
91.92992104666305 47.869658847273236
27.929557905016743 52.45988102772149
20.067721719666988 58.93590007190964
31.4635927232092 24.224183421754308
29.29121338586024 94.54334848903552
41.5366454040754 46.02104725061902
64.09603766667632 57.90700141600814
52.98802114088341 38.062224059795646
81.28911260228514 26.650352750782137
16.287191908387033 59.31016197505086
44.55580514037396 67.32992202483388
72.59329249396302 15.696916534442007
89.44863228119968 69.99432991783507
70.10001374960677 73.76578007834861
79.85872053344406 78.04723322799279
25.985633683137632 90.06504175364924
25.085090137135737 16.97072303736471
9.04636400456006 33.07159124371412
24.16783814396366 89.0722016209439
17.382889952253677 99.00068883758358
49.193702858519664 19.0405746543594
2.5421941106632095 51.81163130389482
65.9437226102795 47.31995581941983
26.80839730398832 4.573732320434187
37.12587420265567 27.71980391541674
7.323634007286184 16.22970973793054
67.7065239965143 29.615613426428332
62.824452743560485 45.90960719839804
72.89959981094421 27.4051884482187
2.6567366954057703 78.03227425808979
2.3412419737465884 66.6085759961268
60.612285816220776 61.52650096123736
6.801259611309407 52.9377348148776
91.88588526907526 86.3627718608125
65.86400983248996 76.89953653202112
46.94759503634861 42.78168575017206
48.3147013825098 89.43307465649252
53.627206752551494 79.17189388321357
92.48756374813232 71.76885439453554
38.89799435249659 97.95906855769285
57.96681027732923 32.6869377168398
59.368765697901594 38.63831982893523
33.849358959521226 4.6259264115690595
15.563423396670473 31.204041305659313
26.748378693480078 35.979038742429815
58.98125514945561 7.45665899704856
55.49665073438727 94.87828360712149
8.260766496957594 1.3347050136159666
84.29957972984593 63.07374355705927
84.39605568219385 74.71456168285997
94.28436372897747 53.08302505381878
66.96819011079486 20.824440934008237
86.31701435042055 7.598348782616271
63.97809324831939 69.32680852558623
12.180204177060737 52.567921231808015
80.01727640075364 96.99560238987753
38.66640083729017 27.288899125018062
35.542634738806264 97.78458926705761
81.54259745105954 74.96257972296219
53.84092403132379 89.74762452767696
65.83912713546185 18.49256654327853
7.1639472949222345 28.83080235043677
29.88101190582164 24.306038589311964
31.062313800643594 85.56189384178474
8.496460071021705 40.34583871975877
41.55943732181445 78.76427106716234
63.74644884507772 93.93244129062866
81.9011282427434 18.58863150244332
62.35603700255907 68.65087460439675
64.61254212398786 19.987684981300212
71.22090643376427 19.810786718872976
80.6071199572741 66.42539916108626
51.11989612177401 47.93335235878742
20.411153686397853 50.53121805112871
46.95452990545469 65.91797232122755
76.06564130425204 69.8047121043922
9.80570546999866 41.85325877397186
