70
3.462519459829494 13.483879903905294
86.32198602695574 70.51806809044666
86.72960578102918 49.28747207175954
87.55510579605917 59.0075162052738
9.051250318293814 88.50961996429233
12.313561705097896 67.70173597344535
20.061706351689324 10.533927786567897
79.79356661389299 39.55993434393093
18.35878265261043 59.52996496533905
75.09632211158963 54.7938453764034
71.28775221914823 16.40218224979584
1.8824210032311162 93.60405466265424
96.88404331695864 4.698955702213947
10.92978214940742 30.881607986490966
52.00742461624126 38.1354586222095
37.07884197398382 21.186648055855528
9.633393901453546 71.56697524698377
20.82792531179519 68.11567246745588
27.09213685899645 79.5014696839807
15.509034367408614 12.76298037498208
89.8589631870408 77.8218027946371
92.20588075042116 7.138934693578225
70.7984736597092 60.84382367717735
85.7253826893343 47.652025780462495
28.867531888759622 12.071204439443084
58.30324135502345 75.30544491130297
29.344402902890298 74.76103998844195
55.77937465545363 95.83210046247021
61.17826852949189 49.15179730092788
19.10914969899481 36.99672663032578
19.16102189657024 73.04798796651508
72.3605312281251 93.40072670054501
2.6205520933458515 83.28642843219318
38.87343463020366 71.00332599086418
59.59687159010788 20.276461268475153
44.11730406058396 66.20642944902401
9.162130633697608 72.08570576752787
94.94133937004337 76.00147388735303
82.6409942779303 20.299680928482765
42.43000511315051 20.197643539449604
7.451462389496443 38.53722207500344
56.465711784035044 17.860510832855482
22.59255479330129 46.55340155267776
70.73203216398429 28.819128592623656
55.85142950560432 37.54205847996413
94.92197015388659 54.419804968031706
29.09756414749438 17.963807783914167
23.043755329371617 12.53943582724858
88.47512144188502 80.34556778931659
70.96024756322156 61.53299344963726
30.712032549343917 56.39870558506151
75.96595137691644 97.66066441433449
27.449909960206874 7.404628137362113
6.6377036464559165 38.98406563552535
21.242782439576015 42.96295981330269
72.92994549388368 88.85576084054343
75.83002250754285 70.86979071098665
34.59805648326862 10.427605320310708
95.87385975510678 82.7431776614733
54.05402481039964 60.27858805113333
99.89725724703048 71.1228025624101
76.67276788651152 82.13504330856901
32.27862719353403 72.19942161928866
56.022923762001774 49.57177637234877
83.29231131059903 31.690054201833505
19.618140513996874 67.4880782169863
16.88285029835157 39.608646030427906
46.33654053838412 45.09331699495848
40.428424897293915 81.38362773830221
21.81705177828971 8.275385447938966
