617
73.10715593746015 25.22522868448871
48.21634453566589 25.407198295700283
91.9437784772731 20.445822992036778
50.3117713602796 96.44304576271543
51.33790633535041 75.39508149939951
33.34799751746882 39.723264748841835
87.87117061562782 7.677252388005485
9.901936909939824 49.57197555954752
95.10754827436313 79.94243623577329
36.0287741243142 29.424665546582762
59.23120039878186 27.919307083508492
46.68481038758679 51.200330788496316
92.54480406532822 16.777447393995903
18.17473050545766 54.695004769419874
90.6904325843643 19.93646153860028
9.135800640629931 57.63443168915063
85.08011205303902 60.793579597102585
58.711098205243275 24.80334538760903
88.57615523178329 64.47803957464981
13.587301670503882 71.87110081329931
63.262351007175944 33.04060329658529
34.11096057315017 12.876293021379459
62.10965975401559 78.39654623132563
27.383509934852192 68.95348307367139
6.507045925461563 15.183889808646022
48.94123633024874 99.49791648988015
13.524109730617283 31.393658013318916
84.48867558513223 20.0031153054837
19.06791724529405 55.16021486256197
5.920261460760267 91.14177052187654
79.92596082521705 24.936657951537644
45.05179617229912 57.9852827982569
61.560529545645316 10.717932783966589
97.51223888601054 64.73276212468954
13.599982444936076 74.79715406150468
87.44575681507628 66.0187243960474
7.999526985542893 77.27263369883298
96.89329410706445 97.15188622918424
34.12186904463557 60.753889216770396
58.58778359749876 31.12079492989753
54.85361243389977 57.19761864420138
78.56479219679021 30.103612738461415
73.36177629003782 72.96091721629219
19.13013617295163 88.46699453761131
59.25981569065921 55.99204000185021
53.19813391464431 72.80805884706187
67.38442773416149 98.10711985470682
1.0191855280138218 70.39575708191957
91.07457661488178 35.618735495914336
22.11664787862381 80.45558765058196
53.76766061382989 21.806776987906808
98.12850948985518 89.24002936645553
22.953012954899886 53.38032283990144
79.8876604897129 61.22220280860445
63.13394546226699 51.099806301390636
58.833876944811045 43.58321033931617
88.29071570224487 89.5323372193704
82.48230983537624 16.37583140528689
42.05091439696136 1.8408097020260583
72.03439424979105 54.937548927911315
59.68994710600124 52.11558035054145
66.674997850212 33.78012148511099
80.27096846570466 63.61851125160404
13.211325791419327 63.81964190359349
88.17954885970491 47.369867832708934
61.68086894386848 2.629896163091028
69.51785938760317 16.62262146996285
84.48616682017213 81.48070910758429
74.37382831017857 41.226917487571946
23.706551753169013 2.663046920707768
89.53687570268245 22.902297160819572
99.91523967626324 89.44409855518246
47.67831469472136 57.968128721901635
57.9034429582259 45.36309668679179
77.21058432738754 16.215626285896224
22.608347817201903 18.62255522729007
38.23665042416424 71.18797238269919
47.04485759725762 11.840724571498939
27.00429135562523 48.25148915466397
36.37873425289316 69.30056793357419
66.35958390498693 77.12207719107882
8.812984810570267 58.326791981363804
57.86495674089862 63.4027619654848
57.12677116573995 53.462317618250175
65.77000930308127 80.93597130361482
22.925231136521962 5.651582750286677
20.042894318615744 45.04421919896634
81.7255802683329 92.05214426683264
97.1928611832659 15.383074405472929
18.710914696801495 79.2155872911691
58.143761494016765 99.32316009658162
83.56164644043312 37.20334123433343
95.33741549334003 18.536068215270195
80.69858765725898 71.6265446672742
72.75568191142064 53.88277531895472
55.901601332815645 56.13165926732731
95.52159128659623 79.90704105119593
29.856291349769258 30.57046116548392
85.17414972736866 39.16339005773549
22.124829777005004 20.29232370525339
79.61830879129175 61.59443163744789
62.11432326379695 3.8017600455594436
81.35803081728122 63.890422509141445
39.33536530091581 54.4077610068474
93.91608230756695 91.22530161747329
57.676020188206614 5.338730631168332
37.78826664006133 66.0029170469946
45.39651942837264 12.11775198489603
2.0777771491412467 2.7787016648679663
3.965698265109552 13.345171868285433
32.299607342649196 74.1517112724692
60.2503791080663 9.836262956495078
29.34958608485776 95.70336895724213
93.68400433217252 76.67349027221375
57.591951028131746 49.87750554132961
98.71504130444869 25.63345124947276
85.78540340183312 75.29979126222783
43.21035465229123 98.09647099418517
67.8018596344036 0.3345657473713626
5.0411058191221825 39.256450018367616
12.666767810530576 13.783750988924137
64.94183380292561 43.54182302567955
54.471803083731054 44.93015414180572
53.2653923590446 60.690121563261
51.851598226599705 40.467970383129966
72.73409738429206 20.89717873230518
1.679782210911862 46.84126506216383
82.62581527093543 67.03965988856037
68.18130742040722 52.00189822886093
9.911099008930824 71.35754986076337
53.84948754681077 4.0343488235041525
47.42229976922968 33.41971990277972
24.86577465689096 68.38368985679747
32.1887764468851 32.06562221566552
97.87111440899761 60.022093437201484
56.36167586081206 36.36182256580077
15.207209246528441 38.7238345273771
69.64399474397877 66.84745301517971
60.138704517703175 84.69870692546709
89.52905415860666 17.631641752074113
37.27357140083064 95.88999249106584
16.116075004944662 62.107837744213114
11.142929151851167 9.63742013395159
82.42989480926238 21.65212714648346
1.6561436195030699 64.57317971310083
28.296688670353156 59.41473761838325
78.15687043170722 27.390862769714165
46.96250957819244 26.856290793853276
64.52888351066593 14.348201919797788
55.068649712043246 88.06611178054396
68.43162919354857 2.4775183447170113
33.47601958549048 29.481498143971873
14.5354663806173 62.47102331513218
96.86798160175505 15.733178741799236
91.7334890720391 33.88892463086689
1.6934284872816785 30.929052571182424
47.36567526124892 10.226956168515999
13.972261763889026 85.61679818465969
70.0947475101226 97.7117925519695
64.31655144614179 25.99056650464918
53.176302447631365 77.20211220309213
79.07093952878758 66.38749564458517
52.26250966982071 33.11553936602074
53.38790621717866 56.2878002317548
35.467986534408446 10.29796057252308
79.09069160268236 10.525841579992079
76.64488026026886 25.32227871951577
10.483690628684139 13.947945705734599
21.00681573440206 92.38285853236654
30.11282040139689 24.28965683439276
52.57219009512147 0.9758354244599476
8.886725590156896 40.224317649310805
96.05356237835599 88.74452308113031
86.21580252697927 63.90618950728994
34.185965101716256 95.75328519089317
28.62133558737636 85.70021120286737
15.513756016192627 27.249174592452828
54.967877308938384 75.15642431629033
82.08320131592498 29.209175296671297
89.32655150197122 68.47292259076741
48.04796355855962 67.32192865368934
32.54937581451994 61.79086479115497
20.633276556096902 42.54726627790147
42.37696695109746 78.81951406235305
87.63828289412847 55.78593121836799
37.214040682478874 9.528752682746322
12.95308544078313 30.703710158796127
44.19965813976924 35.34622181663815
1.3077560819376166 75.85242156112459
42.75005210392286 15.555966022233159
87.34634716612919 39.83565596408765
38.765516280025814 47.49830222469183
85.04534213016166 31.956276550232175
84.34690463714384 67.48115718047646
99.70080566120318 75.00143963874947
46.61548822794019 9.681299274060729
33.77791145168697 7.621473124292299
68.41766223685147 86.05707051214785
72.77944578786587 3.223915902196395
73.72897606512484 45.15298605213239
17.209644895213394 31.661796315687553
93.39646640319931 4.323688389873648
63.9138221921005 48.10105312554709
11.692646119479344 39.92173881001779
50.915538306083555 11.132493740433546
70.96889572345032 48.09252204026663
29.07526658955375 30.164559454527705
60.19298634098761 54.583528631520394
1.2480884272075055 90.22537744714974
23.728782585627705 92.85993021471799
32.45104651360064 94.28279016173818
59.3538191376159 96.24707296432287
13.52562361685653 35.99861425842866
5.943595439742211 12.900630371009614
98.7676127260823 35.08254804471386
67.31991610972423 90.20834900520845
35.66722663948405 46.76412380801352
24.08354526129265 67.97405445234973
62.36497541465575 58.73781342844616
67.81505007571369 48.7626021848731
30.212103213553988 84.07069799826851
51.07507278662604 16.298624978232834
19.916802597954597 75.90941540041311
0.5154978650293351 69.37902430655333
37.07402729424785 82.6955926091132
83.81676543593069 34.907069690748415
23.322122150254486 65.24179463275117
54.71113455186427 21.74272399729187
85.36009419969834 54.73168428042568
57.406195906131764 52.41883022752788
58.72622584330354 17.974124478530396
83.33923533291924 92.03547883300476
60.16898579142963 55.8086170133397
84.61776117350004 25.640095812016305
51.12424563599897 14.4430268447441
82.1319295666215 55.286121130319984
34.16157000491512 2.2680462283430014
5.882451547420331 99.2775714359275
19.46017107695034 50.16675430960247
46.4923561578118 86.26996088331221
77.54937540258423 90.22206213134153
81.75434136281496 9.55440955926019
20.26824627349023 76.41546807866055
94.31941609580124 39.99948236409426
65.31805820222996 84.49134860562107
21.285852318467224 19.23405141890595
51.297146488114755 23.261515872363812
7.755242540040131 82.07721812999607
2.410391039813631 17.315166068142396
1.4546963512785727 11.849893860411886
22.529218502229863 97.86536343781816
41.01023385530886 99.29335222597791
76.53641081367194 43.869243909686325
9.020381302718139 23.62164312431321
55.83656780674823 54.16809908539767
38.18810241292992 32.81119139325909
61.56344784252197 56.48682144889583
31.52920694392688 95.96301532704679
47.479797717678984 48.6063811722383
91.42584649424944 72.58334538135848
78.36115355824896 31.500000749113667
94.3761372335051 75.40506197774513
17.558727432961707 10.94424506849453
33.51216722548763 43.34193713300189
50.17378342274801 4.111404672072405
37.61396449242754 5.100920086433936
88.66815650390852 71.58810164047432
90.47919269508633 69.45766543857366
45.00446448656912 46.24556359553317
7.430645762751564 8.04856558213033
92.2062589284436 89.010017929122
23.71828786423852 86.31298091324963
90.86018253647347 88.18201190821692
60.53721532183539 46.68373412747958
42.22591384762796 67.53975803940911
8.684094235523009 80.44973343640915
42.42165255027553 15.321675815756885
72.09794633858641 36.70144717799529
66.26171763641267 32.76606337440138
8.450167112733942 75.93977831403214
67.81575614451225 60.53205303732484
1.8600319568752854 68.94658662250521
2.6266237202528853 50.35618364632002
68.20084858354028 50.58737820128519
44.07540715677564 69.4841774701923
95.25869374717585 29.771451050477317
6.263428955792283 43.70365065026491
0.21430391743580968 66.3629970435019
69.30987631500767 59.49577005875617
39.798527103256376 3.1652898610266544
53.38964965260733 12.532375656490535
61.56115109806035 44.667301611680074
52.48936840638382 68.89433112896441
67.30659922916902 50.04484141553144
50.395678839752854 45.580695133047534
35.50487173504989 18.883503426694613
6.796547277054454 1.0353168777921473
85.39613251449228 13.177209814365721
16.60828074862277 35.78103401588505
68.10469725952365 79.41897632997633
34.625250327003144 12.173209912994542
51.47107763470581 34.22786135173135
24.50090946041388 74.64710558911251
61.320782141090646 22.370059542219067
50.24417138820589 3.5135639079291847
7.0345331385245125 90.55853601991454
50.04573436996549 87.45811550211877
32.640409584572396 8.403189749219042
32.79672656743884 73.19654101097736
51.27560589702408 72.40691296211817
60.89157418301028 17.691857237176333
91.74062897364546 88.65440194098831
19.129054852159754 34.97376495964289
75.77307328418011 78.8054149769998
24.38402493083254 35.78247872911765
1.1482045683198994 59.62516237971474
53.124717378858556 10.653723733278152
99.58596943283172 60.62825968570844
68.14382603956786 71.74709327130519
46.04255765625042 46.30772807936844
54.279123195129074 85.63605884703888
82.77263722786724 87.4145419059848
62.36244152666938 90.42409772231063
28.365953804104272 23.6669163209805
12.696163084024615 23.67367850505515
51.62138865790755 43.23053014067529
84.90499308090347 81.41405891907827
28.746169981985304 84.24694802482486
17.301725566867454 58.22215258843685
32.257856218990376 87.71014274537364
44.288695551006754 63.63437002287174
63.77406710907677 58.86212602277933
31.062416881890854 40.249335752306635
66.51477390580473 5.517376552885278
49.425567462548194 47.70198502947609
9.441217776906342 16.370202165337343
12.858176240330899 69.01417274780373
91.63483204452662 49.05713942635093
79.36652285540681 78.97133797255961
28.117944321436184 66.75151384587743
99.21187759318427 5.129153884024673
18.334139187835063 35.467825319036784
46.367795229460064 9.801567024743196
15.420997212664878 60.05938395321028
64.87942712943516 26.484294165263865
80.58143597730704 30.98198101449512
92.89092063202777 70.37477810445232
30.200024642985923 79.68202926709675
78.18985608432646 57.21296316098613
86.1756476810753 17.594001481300648
38.191353919697505 4.155391573085943
33.76650991241984 83.23399497250155
13.037784092981553 66.18971796088562
53.45615553578818 73.34340970646183
1.725719462287556 3.1229023404536704
23.20690967314728 11.649122243037569
65.63204674264915 25.370245661002187
74.13057281456969 47.84681926939288
85.49739105783432 66.69953104105898
10.582528308255945 55.0075520333013
12.785606084504186 20.16904831861549
4.948818853567105 65.15204632731422
61.43586613656918 18.491144473201338
97.28132623634241 43.43404407495818
65.68771972322017 41.54421245409456
12.51245399490144 10.08013538799224
13.199657722446467 57.03032949950624
70.00148281906193 12.53533735434389
67.81830340474085 88.28492891023907
42.52271143861706 41.029844536770696
89.25361013550688 30.56174847753511
20.078467460017045 92.77952331512721
70.64066383931097 52.14997185213156
47.14552065511748 23.627762361981375
87.63106178751909 41.8269109954187
66.37585135052299 42.78693143098143
87.95786777105896 80.39648490552543
73.2331440494187 96.91798214085347
23.825922430477664 63.49865639907522
9.431809993311703 56.42083167850426
30.91283224551865 24.664368300735173
40.38386862605942 9.6093457308431
24.087115559397255 56.9249085712748
12.516006938379576 74.15472387685489
43.07335781047751 11.1754719530769
73.89454307179084 24.597131531696416
20.13758362289081 9.021209859832135
18.719686054314412 57.60333430023456
32.10351395987622 4.5332854387833414
57.540358147851435 38.48576540661702
92.71090405847474 69.88989142468938
93.21778449446933 83.94629128200503
86.8897515008088 50.88141324651807
39.815319218414814 83.22247484784786
9.740494490946016 40.11122852477643
37.90425066409466 69.15254763276118
85.35073263726551 52.732247455797335
97.83262398926574 47.978242718300535
46.37795679313703 27.229207250924503
12.925844997354474 68.48139084767399
41.883633679770206 89.86942687541396
39.234123517528666 27.074144537011225
15.546218038637072 66.58832750612906
10.058372876788436 0.8015335491984854
96.21374925994947 41.6963743489591
95.23371451461486 91.8704664590329
74.2820230374894 76.70397454573164
30.964332749721734 86.96571722071715
14.802447852340805 99.28206152431758
97.42388653538745 31.40379818556007
94.13902574359855 19.073308248161357
36.41462780506025 48.78785234341551
72.74690815278042 68.49829777417665
10.73999944536672 75.8206679459377
91.77655145563763 60.94470241361534
59.87068487471694 76.40789178193906
33.870719698448085 43.77308840750855
53.92637006297745 5.539484363495816
16.522763202111236 27.469104454705985
59.12511464462784 36.79104634390329
91.3711613118576 82.00361896781988
10.754259911849594 88.55622009560689
19.786795438727545 50.263643294119674
69.24517649833265 99.2799189701603
41.402235141141254 50.767599322829426
91.7506192640855 8.426214379272034
92.41695461263997 5.754021316370917
0.3116751238530613 90.69357225450875
47.69462987190673 87.70957973731977
41.04145797671153 75.06899161850964
8.621618798283148 6.464236755350372
57.44745112804889 99.03364156975687
59.97351176194912 94.49817571404716
21.716031646862945 39.32430005485137
48.21171650035537 88.2986527918306
72.04094288786823 43.508523599084285
26.146228563897257 13.065311444672556
38.412889826279375 50.19651742348932
58.33705564895533 65.9940826514038
96.7333297985452 95.6841076294477
23.042350585611015 74.69966316803196
86.4814011791283 92.77426600028078
69.39709680428628 32.525826499676825
41.159030748560575 10.35619336496273
29.07132521410418 87.50560669269565
18.110115376288437 47.26356052599624
20.557156798154807 9.625837317372143
80.02200886211139 4.926009446685143
85.45502221475657 56.40214459529111
29.721005223374497 40.999403061898136
46.43899176978127 0.9202852471867251
31.486602655069362 39.577767123337516
23.857220480180843 38.9835985936045
0.09164226689275523 97.7383593099935
72.03744070837872 83.18939642029613
20.2755719245866 54.79761785620031
25.66435223820005 22.52078862456427
68.41515633372389 43.458020125020134
38.48957800744016 41.77967133767226
24.691212042787203 0.7978884173967193
34.276949691482436 19.411117583518124
47.959945549327045 77.0722544026107
15.424375029092674 75.75366010598952
35.217380127298945 65.1792277170607
35.54696049494176 97.68611707059584
96.25974926665593 16.715905409993535
98.76725309146283 15.490004292130665
64.00938268156321 24.518215890358597
37.45150136501804 77.22076347416963
77.89845616947527 59.0409443679623
65.81476136783955 53.08782209932127
27.70689535576044 36.65598257597665
68.11929195554774 27.99783856919745
5.480123695852535 84.87007010353379
38.34659703861647 74.91755141745114
92.62654741196695 16.32145514522021
6.7595391888346406 22.22684147656335
18.110904339044854 91.89716277456802
79.13975427870163 43.68176861471422
67.28494252561438 80.0418767670743
19.976572945189673 45.74303496453961
42.2759116391718 28.9340721553345
56.56365122405443 1.4230764277643249
39.127897010658806 97.54541893316964
68.47057857420728 32.37997573180863
75.70545239835087 47.56275058379874
96.7638669182058 90.81715269304354
40.77130650844285 13.450737428738801
25.557609388359715 99.57116408645537
11.347579642265382 89.76726327268466
98.13696999828072 1.4601435349745895
23.989292077427926 19.89807378612676
72.58017411010304 56.912861792325145
86.11017369670621 63.52988761465992
93.34148135745696 57.2712973139823
28.589682420218445 13.255012977090097
1.159367605507966 18.106634593196524
69.89018055110604 73.52919202813545
32.77254372149607 68.69566485388872
46.74136163000052 24.89825008474027
92.894626518477 9.296440255900052
59.28587762890001 10.835022831085073
55.4286928416259 62.21308847999932
22.482336398794413 50.25194007290479
17.80977286281342 16.900900232368464
25.430252952472397 92.30537144856939
39.79565182115095 93.57759766411728
73.1290534953686 25.672423567406476
48.0369542588933 35.85050706392815
33.61460317062558 45.635547399462936
82.61292344486797 80.86438522878223
47.27686122140155 67.5763569148064
2.8675092942154645 67.35866019832702
98.10260992167906 8.872827559989826
13.872641355696281 27.174029811563138
23.892393070394636 11.166018036659342
68.30784770174783 0.859886497229323
48.99596312188385 93.15202068141156
44.14218196125069 5.846291259896774
90.59642592528087 1.6555650780184505
75.75103917788655 9.95512965245755
63.631796339045245 64.17175650476327
48.91144528766201 12.627815647323304
91.07125992600396 16.92658166174892
25.961129791482872 65.53814843343952
67.51112351642463 54.7979840053046
63.59132680016734 13.951342167873548
94.73257562151892 20.468821387144864
81.04247699700763 9.282264302016507
71.30341748875925 10.666547277543359
74.99061051282885 69.53845144807579
80.74367265653952 18.264340393532375
29.260792051265017 60.95315447378129
48.41831673294269 16.67711265355143
38.24343239645456 87.53123835437991
70.56844270025042 57.73041762654692
71.06213279136836 41.000952696029955
92.8721738494899 44.17612181003682
32.08395221131385 46.37384829982255
46.45643788266928 99.11934920995868
2.3658776169965368 70.18095847863708
17.198242781859474 87.70827415754972
99.36675876173874 12.604429750145506
8.045217026549567 5.539838431352151
11.901933144474707 0.043462566377605594
36.18664622035425 53.48602107334741
82.99687582987963 48.690021506891725
86.74833974669 98.60336588139205
37.05603451643756 11.870509115965111
70.57836679468281 59.92563664571673
37.825315933193274 71.50593639383837
81.31667052292009 47.47009401551313
76.01517227034945 37.703521808532116
56.34644179322878 35.12913951048836
39.71400536216881 29.341237493923156
86.56082368186361 6.916929419169482
79.78478435424198 53.583801893008065
28.938852691077244 97.17949559826684
56.68310774439993 12.601047376662322
1.324441119969244 45.31434844555224
32.91589055858142 30.49940056003568
17.419775083148302 4.959950918152723
65.47426649950359 81.68303453116656
22.60954429750086 29.27686877319432
31.839048964287176 42.48190196677536
74.48828616333934 24.988304162623344
35.63103107740383 18.10252573600509
72.31336584664709 91.42748091558582
47.62264287893102 79.57438146145329
6.807803104045318 46.01274765535831
57.43621348533583 54.393294387634896
57.17790752251014 33.404734073983164
81.71029733980372 31.6356288728443
96.19838096412565 80.74919641671353
86.93730832100886 12.261779930152429
19.710549786614152 51.05220328787671
43.34964596472462 98.22625957209168
12.784984850714032 72.69827920406023
42.546541077867516 35.2725037681338
39.9045880373335 30.469471129174718
43.67117470467573 32.85821229208773
46.9900456906278 25.495089272211235
44.914818588353654 5.782509087008691
89.21209958613852 54.594208087520556
93.0764915912327 79.96206855330624
30.922654951400364 54.67479855975025
12.868248993511855 10.912186588549233
45.107230079897676 52.07808669081548
14.809064714596298 31.426013658457762
43.55561951317769 14.15470908699521
34.4340660222059 20.037173009049457
39.057436151346046 16.62574726048457
69.45601500658229 28.707908091736822
38.29712721443313 36.12405678188391
80.53214598251365 30.6285564697526
16.25518920761516 96.13076909594236
23.10550948789536 8.77494631129563
91.67600201306007 54.611988486945314
39.185316532055616 93.48836475525879
92.08029929672969 49.494377417453485
12.39216202636384 56.625507767826356
86.76407946443999 89.69921872150108
44.88533722761765 34.445635534523134
74.02430536798914 37.515489108080736
97.06606888372814 34.328551681074515
36.86938555291815 99.31713193733663
27.120830770289693 41.441007236440164
85.66689444363561 17.31783619749432
68.78803966868365 77.95333852721846
35.079452866646974 13.153249889188201
57.189440639628174 79.4512272560475
2.415804135163624 39.232798531798515
71.95790700106933 86.80352083693967
81.66013572822652 66.77365406332605
70.15660570033953 39.17294887489516
82.25200698314099 96.86810979985711
32.32327334080756 35.98678157703969
