64
55.73959821099205 29.041239891562466
17.678596975607817 31.444532833207774
99.96671797433613 52.64101800168528
81.94108747343148 79.77973412345553
37.58523257487909 62.484070704336304
52.748300266818646 88.10906770021765
37.639769836792624 61.04598193487277
10.250102838037655 75.00326683318377
77.4271007489519 76.9949605892598
80.9034363860332 56.814681919272694
81.14406162270623 0.7117719550560397
97.05598533520914 53.11323895615325
18.480892516481017 19.39540500188831
84.91753478258673 89.5129574311048
58.81173098392982 51.37726667836788
17.700806959673542 96.71036185819761
53.85796140542295 34.975618431728286
63.26669620739883 85.7434703596667
72.92103931658728 31.80397138028066
44.343337315714436 97.66348783878416
11.715068734237722 87.54292102961413
13.38193006760825 86.12043744203474
28.757341757645506 69.83421581514506
30.031612164491793 7.1182369524412366
58.62517843866446 53.800160769254965
23.17158936704984 53.067840693471204
1.0446133408705705 89.62224638684903
9.833116376961959 46.2776729641382
13.29634455177613 9.114074325811405
53.28975632707228 12.881894249255488
75.91320376540487 2.1487605362186635
72.83176803108226 78.38195181914097
33.04988079869167 35.545558149345794
72.85458551852062 28.139742062565432
61.31912141548999 88.56574029841595
68.68803346535259 93.82398658527447
49.91438714536864 46.86563367429822
17.533471933011292 20.25433092985257
13.178579057345175 62.82542240746587
32.47964539709749 22.07341078601902
64.61728653836113 80.30233272317938
34.398770395725485 47.07359629084198
80.66871714613842 52.53630362547634
69.15137979888719 11.041207752896554
6.525950986764862 60.31774962614303
44.02239050899887 5.825733708205427
39.69776510016415 31.974607743226922
24.804394604883452 75.07818294763771
3.286612381784726 54.12616995361058
18.095318988880248 69.53818686609816
57.615483244973916 21.281931154273405
82.11317730514081 94.24196003957817
97.43377241219771 36.1718699976156
92.18785223377574 88.81904186226907
0.22752986272057685 85.03090522836871
97.70394481484925 2.7232375341265325
49.24053222532178 87.12284031750279
52.57649543751452 96.74354845132014
2.5535990299941913 91.9715078681827
55.60823060387724 43.69529424681563
8.817665813008023 97.47146510060325
46.0192495529165 87.77854992606596
98.64384220972778 71.9408724757045
38.12131251684628 82.8516241725991
