624
66.72688035550806 21.445311912893207
63.40854961913096 12.400578003905183
89.08775679550111 89.63697572042223
88.34347203563718 89.58965149566819
0.5627504583789356 88.42457387891335
64.75902338224697 23.922164249555767
57.13592050224135 90.56701101055303
83.74413822543917 27.71709137109627
70.86301700303275 31.88632618831172
25.511814712846327 12.086415180511922
67.83663092544872 65.07711957714561
28.239846956749027 39.69090977668009
64.71741659458988 90.88833859156301
91.3488341543586 82.306599615234
93.95008518426742 70.39172325774334
53.7783242845044 26.004781254109087
60.44410852713914 45.839936104572764
3.3241347623050754 21.97780425133867
2.1163724301601183 77.31472734696975
92.10558138109552 94.92409940143686
39.96034951411717 88.58971343782501
54.37814882595665 82.10324523843605
88.64707289535345 94.80895680504665
65.57814764971306 55.36146102846655
62.09653235839572 20.864515122849838
43.12850743387635 49.00661997732282
46.22313530968635 61.91766126075366
7.414196658468974 3.1965714293784475
19.523122998167164 14.924341487025405
41.990865831746994 21.694560026031652
73.02385290575518 56.22247663639535
36.59957960077534 21.522375217844193
60.31117334922478 88.25282900626405
48.512028606498106 82.59652276966855
44.47770751680008 64.86084861988982
30.6994153031404 9.100101491900226
61.70501865816108 75.85645048162452
90.76981612555672 87.22814302920182
22.312998099040115 16.831637500743536
57.745261167519125 0.8986242367027497
38.52569004469672 0.9585399836326558
4.286474511852378 48.24175496286831
93.07742013679177 8.304900198167154
54.23052977055883 79.84863347375438
60.64095647829168 89.21494704083885
9.447403894149865 1.7253595346375161
63.28467897265239 11.897105681587238
30.21804745291553 45.09819567666932
67.52263082123991 46.02071968553895
12.734067019386174 70.10382320805944
88.36455539469713 14.851994667609969
7.146539454681289 73.57743414596358
71.94061911937017 20.522333660724378
0.19396740929427114 60.51183428905055
63.184979082869 84.8642532013239
12.73470073701608 97.12974624825226
32.64058133690203 62.705886671521505
69.00794167614056 93.43314067651114
97.83838013623159 40.45800724253711
47.067487783857 31.913426049591408
62.6726981950553 8.925505903583153
53.129366435355465 70.24306493974373
62.69876592227077 36.906879284934455
3.726463101395394 4.883255691254829
3.0289183719427903 89.4180523635477
5.557572606226346 58.23366937653436
60.42023357714591 42.86427153993806
64.68883864194869 84.66573079001371
78.68339602843629 27.98703466813016
49.54373198079293 69.25374027509211
72.95477404176609 65.164706309059
73.61613616637962 98.28557695321282
58.866114236084485 53.800658882946784
73.16736738698705 42.28977124100387
51.86352900293609 9.935662562945902
33.8917446571365 90.83209515476918
25.445508366074844 52.477537009255435
90.7383685786313 85.7164135896251
33.34384209697953 94.72850712897214
52.285106071195464 16.467922986238538
68.59713055904074 28.017645826469582
16.699146200792924 23.155002048318842
61.334761356549485 30.663379253412003
59.77120548128438 23.576599313041548
3.295460574962017 82.82558558113112
59.316911046070956 33.01796364045187
27.278866844312443 14.844710476401268
97.87911206967753 5.865697545391891
86.05931328018731 50.965991404122676
99.73196241051184 8.317065134758995
64.82377334378053 58.2265235917494
78.48976997753311 8.619363082991882
5.835703776225209 2.5020837884060843
68.91306915861124 12.471180911236102
68.21863485804572 73.44343123664522
21.35330363313923 88.75644817726487
56.43561673650331 67.2128422074432
60.97858466423162 44.66904999885595
23.3131549784644 66.03550288955701
79.27939999252598 6.575624648340794
56.82997052242481 22.049422265100304
2.5467064402640127 79.87185491966403
43.36857016292416 32.37979862290624
72.17711205934701 6.041803023540682
72.9029923421394 77.94119958503866
87.35529457768591 47.75442255061112
3.9206589337398956 27.009733999258867
29.332428564810765 98.5978323861049
89.62750539869327 15.551903806022704
82.26539368780688 55.001474264162276
8.74432082943839 41.59846122639772
76.45501232797194 57.50337047072179
78.40269414740867 18.777747911593334
46.500640464223444 48.703390527735614
46.234192896114465 64.98456659334484
88.20168789442828 25.2039185889942
32.74459451982869 4.379377811318729
19.57057810718188 31.322101847365992
96.78868342523997 34.24367687184734
32.57133575297559 49.87595171714438
70.51115089002752 22.20090587633696
50.833514003503254 12.602401388336515
37.86739724453294 94.95171368042286
38.04510590917519 44.14299798754193
50.21133044356919 35.85870142738595
1.6170744615164656 96.34640384410022
61.089964033733764 62.630150742644034
30.8755588362035 64.65288980814702
12.92145774021356 2.9700171254733676
61.643927112934314 63.2972153844632
33.595465499251254 15.431870299605876
88.64805222396755 9.430933286269738
36.989028347112 81.30953954030461
46.960361033223585 5.9992277252452375
36.828178725121305 46.9183176277614
22.22176929895644 7.39912971897393
81.17675079290764 88.4837308620864
51.20403917812043 73.58843907772162
76.53535371065551 87.0618117297699
72.76126358573485 85.33792050483898
56.999642948183435 7.115792516357788
55.737391409126914 8.685402182474967
6.173631578662697 50.14638860551312
53.638090791825476 94.19127722533133
47.96109003215254 27.646949688211564
21.135092687072532 70.56413205251191
61.54629061258957 25.047909571186842
0.8246330430930482 56.76686198300176
33.359994168210584 59.077163657351164
95.8192332054688 20.313071378457114
83.08052351281349 5.598265039858985
28.36227603289837 23.70328559550996
81.76225864884069 35.63458271482421
47.67206107035409 67.08070892296467
79.12415430226861 66.94804157206039
69.60676831659646 57.32754133232771
96.18450348669889 83.04341918844781
46.863347558471155 1.4442363343311726
94.7611033466933 0.3107450562448655
50.20984847436976 24.88490804286173
35.595796204766515 25.37682828486132
74.77798118167954 24.19202775604774
9.175806432669553 98.09579073579854
87.02309670297765 83.47953156197889
48.087697944285615 55.87346202813529
18.05291039491199 11.351977454941009
90.83106526642325 76.26546189357197
1.7445768606743406 60.43461814512345
55.37181214673562 79.19410365378022
89.22429948747241 52.91456815166271
95.15706899038962 30.976185916320908
65.28983304076871 83.69562873989774
39.1324748585413 18.37006397326387
88.59467011420979 14.380576387534582
22.04777859376872 82.2349163909567
2.7180708945951926 17.064279956406402
9.644227866547494 90.62097545589685
60.42270016064555 34.21364600694059
99.3735493830704 24.786292710273962
84.87536505088555 35.91935909007511
80.68240629411409 12.577802876652344
73.35211265912353 57.45611236068615
53.74594095016415 84.80933286399339
75.37809240633754 26.40253523396934
88.64460833447565 98.18211987158666
15.886030757502812 54.10851810255451
96.62627013307427 71.40645766491687
45.3796419839152 39.478739609227354
55.59663463425717 24.805390037026243
48.05943800150011 95.13582337519611
7.16786867061896 59.66884076399317
29.991581471741192 84.98019057006684
50.805436944648385 11.198420274131315
95.89343183910671 6.321575358609211
16.54668368061609 19.54325310105475
98.54084420475586 7.36596447132134
3.286492724102519 30.95031568445148
26.559736936997858 13.127734031506266
46.2501918449863 28.30483086503324
12.278992811981338 5.43692974484471
30.516731686585363 56.26426024042564
90.64107569231521 72.42181812978845
93.79535082580713 67.57028424787978
73.74471053588844 25.183710022932914
53.98144503222294 4.704339691021131
54.32391519165274 63.505697484907806
57.004405607247264 35.089199365935706
8.19067434311096 62.17258909855114
70.92454882763951 14.413285488251892
17.548827465730376 94.46450775504857
47.18598741872135 70.16215550435408
54.667224484206365 64.68117221205385
60.40341252218779 91.05550241404934
51.80823487612203 31.9887059665214
89.0241288724861 82.58291116839621
85.60028729615593 84.3969197763424
14.821820962661668 65.58359625608374
81.66945012154743 57.11435946403524
31.79537338664069 82.23188392883398
73.55211806464425 79.66541997535303
32.015331538847015 0.43688027377711824
96.24474564779459 92.58545365375858
67.80203082797308 39.40906359006813
80.98297941969459 58.92164931758342
0.004058827251551822 4.69621929167271
76.03292485355418 67.5743389963279
24.033238997129615 97.59314296943782
72.82243281536996 26.552692936439414
86.94761812614101 10.105202684167391
73.86224277486389 97.02403804829328
15.874766819894614 92.38461310851872
77.9686894291134 34.957847787710826
83.74159617206081 5.60008316858166
97.15921446482676 90.98310045968627
18.373142419149957 56.827439120360644
59.64529718509445 45.608467397464445
80.32189278466949 83.76565748983838
44.56176400774052 33.99641097130556
94.24601996696114 9.811955292829644
1.8116622175028296 22.925643599123667
31.04001344319962 67.32253328188553
74.48120724362965 74.6505995486902
13.45515175304538 50.75986864819952
11.17027277363829 38.012275780234475
45.28108731500031 75.24395854244112
28.21023127088701 32.16550271863441
34.96422915985207 78.48290787482968
60.32116575007649 33.396040941957374
10.41322040761009 45.75671638913553
95.56654683931394 67.83142520295729
65.35871129164228 52.02201475993837
11.773234184161163 41.341420490950355
72.41623168763726 65.48073335843671
3.530245838873758 28.856163137145487
19.590670116715636 62.35258608599199
20.007669308571764 31.904787481139905
36.972685132267614 3.146811538153349
97.77624136251018 18.31638623002445
59.756459981981614 7.003698373536893
58.586123172535885 16.330162447564422
39.117451398878366 62.66522029506252
63.43410297986233 77.92218575759328
4.696063120586613 86.77417628040246
59.55455635757432 19.461233911765284
99.17432708160678 48.1544992094056
73.39179352169711 73.64200351433577
12.094199039959342 31.008053833342363
85.48978651825539 50.555791650660396
95.69610292627306 89.97373453972683
17.633545753789736 64.75302423197705
56.685505507291914 89.34534833616351
67.60179642197681 38.5764276877236
69.03678269400412 53.614962122725984
38.32190654950715 2.4646521380884856
84.67318513506233 97.65068797442893
99.40862030719366 33.579566499471056
94.54193917649619 58.50224525377443
25.207965264916453 55.846878240582775
0.7736742373702254 33.096064265187465
68.38268904620007 63.00748322268517
1.821638350276511 8.222036474454164
85.64206567617906 10.047886360952097
73.81023355332358 82.51251299690308
36.8958402163723 11.31525277397678
63.73092021335407 88.62742867771387
7.983757836546124 44.603762659357436
21.844051623625827 66.81834483804504
72.35268926561143 49.644383265499116
83.57686820505631 33.954607575532215
16.96520056625396 88.7475821204859
83.67952790548375 83.93391876131129
20.38852784568732 74.75530851851835
39.77935482904063 11.797413851233507
47.181425797078866 93.89583624069276
72.03279788065221 82.22023585112271
48.31606683816771 63.63388827892717
21.393866471024747 75.67237065518232
32.41916839691624 9.2200955321886
76.33382621026419 17.75960356715065
86.32999730250876 62.36006466650592
34.434272826054766 35.251404271690404
67.95820590519772 0.7441958335669407
41.21889373468368 97.34642142396065
8.676023229534858 54.124576275810846
43.29643665967124 6.539096022408774
1.8222554377756217 59.96949531821867
78.17219976209799 19.167540925255764
53.63334651188973 16.983202639134763
78.04055782190596 74.34835725068176
8.525835304473794 45.68378508995248
20.77000650291666 77.60231538020577
27.97706352380245 86.6838538444251
50.6277793970601 60.63239628927371
91.17271669346746 60.65291114500657
34.979906664364634 73.61471036050277
93.91223867873052 28.435000457744618
26.989531937885538 34.28834737552362
52.59085855416081 59.340940997571
7.081066445663775 34.232541210557066
98.11656918239878 60.619381405863535
60.64405096011941 42.59770712354014
8.621907184812006 72.73644467830268
75.51635872633699 15.836407367923933
9.95791558762511 23.9205843885534
51.80833374199527 27.292735635519826
71.8593507520735 50.49394176851602
28.816541381991144 18.76855003350971
10.885754054727792 9.753860027607075
43.78936652636922 94.81962319886233
27.611103656700664 7.497194634826054
22.451208232983277 89.76057842723317
57.09364443615975 27.48702834757386
27.92781407485293 26.99504345053375
61.95387540203917 49.2594989657175
0.9470182258156101 55.914229924822244
14.346337510257323 4.923968374379939
33.972878714613216 97.23228732971366
22.256283702134926 80.82192682462524
74.80562208864559 22.06145730949647
98.56451085798965 79.72330263114226
29.07242450256652 73.4851006528554
15.094986265016153 17.98048293877591
70.80933146769326 41.990301395082966
45.65565384108701 63.75870374910303
6.048347791838394 86.07129439320317
61.85051844511833 69.23486496795759
90.73026014355051 43.90667275230097
44.07843910712968 71.92457711449032
59.381324547234534 52.477048821535554
88.23852335498104 22.131959391084
26.33132660899957 86.8364941370616
51.52504838191585 32.957717194393545
0.6946722624179613 76.81795313926044
75.81787765083412 47.523447392259314
44.00214263355807 94.32285635906128
26.333662896122945 37.7396618266464
4.077524314698167 68.59092322347225
48.81558855237689 13.517352183319066
5.724175577265045 85.43182278877268
64.17562476709195 20.770330793264936
11.22357774034537 34.944368824291224
27.709480459781123 75.83600286315107
18.021576704807984 98.32850806565378
1.3910050475811286 65.58491817379651
59.78433291661229 18.564082938797487
68.76059386356472 59.8492769963604
77.45150483032226 46.998458326635394
26.406271148996407 7.489266191783317
7.159305491065915 87.61302643635878
96.61961859310536 88.77238592488597
39.614300905635304 95.51083950415781
51.44043157154709 22.624594866863667
72.58805342527805 54.46353812712529
60.282142423027764 67.39570713048526
69.5375086023784 49.155921839553486
26.94877907977189 70.20095167147085
32.23899346046066 1.191397716166409
1.2483288376021084 80.37140087683173
1.5322422265838576 54.00051051701683
74.80567164500772 1.8272104001024303
57.303084577846185 25.320997905301425
74.09388389320208 76.77502620467546
69.19234127857133 14.85377577650283
49.045812487874606 94.02572652542095
34.016978743826286 64.84440053988313
37.35384369703216 63.86547098653268
62.53030487634682 76.34316684238249
55.81656823684141 38.22020703330441
99.11989171468709 83.68900469916196
24.38111215187071 11.709886647493517
66.46322496013151 32.91313946956785
63.657096940689264 63.98512041057259
92.58347365375126 33.609184838654336
57.550696740426844 76.31947684878138
31.9062257259059 57.78598339915566
11.834711305099654 91.89284065219519
78.32721164041743 65.94812717465874
79.7623758376425 77.36304937399152
5.295576718021944 55.663837663729055
24.245882230918735 73.13839875890686
82.45170207377998 88.31038021967899
57.8276898071728 97.40272998183592
49.262100408810014 64.18480452425732
11.045894961473323 74.87708629173352
46.86078555225879 22.986798113279573
30.942237858007704 16.689285491647187
37.825596946097065 10.287496944747032
21.508341021436728 92.44085609482849
52.600292725062026 59.13234881384732
82.54969236845821 42.14141383346417
2.9911424246844676 40.020766872310595
75.47005784790124 37.43594876608761
38.89728494124663 45.78716629353246
73.30966609030688 66.06096104510273
16.203406004022447 83.91150720714514
85.47505304872331 68.81509787214078
26.859923629122086 83.78764876315931
97.33924992675192 79.09312735207318
11.777456749104498 93.85729554732605
8.373860914535792 41.81215580701117
35.82328995284792 56.16640005878188
70.42390544954465 10.687207174486058
68.36440802554499 36.54721483393109
42.689611322997344 56.9951466185212
52.72084082275511 24.306865615749906
67.75915908793017 94.35689815508725
70.40118562525603 27.00344102813357
3.525114959455866 66.86978372890763
78.54342733927417 38.74645006450675
93.13927061714354 76.52663637749782
71.96158632246743 57.47537268244407
57.025561795636634 74.61176014050814
91.84867296751821 28.42345124775243
74.54573989433327 36.59653701881472
44.155802523601054 98.1408717977574
42.59420278196888 75.32721798244243
28.43829590222109 98.96902216955928
38.70116894031981 14.177038882252502
51.67912818663927 13.456615694603059
29.074061719588173 54.14891574055074
37.8172977086518 65.9447597823817
80.77833985636232 25.181586613928463
16.15910259579334 52.874944633010244
62.27875049935463 29.5406401202439
24.70250349498455 68.5246627995746
46.66139148397399 37.462450368420185
34.044975146139166 3.5712919607999494
67.13377542038435 34.24993123548092
92.32577148041256 16.911750929857284
25.779480936792787 68.78587282373098
1.6951474140751488 27.477417370083266
55.49003233768186 46.72115001940875
17.168310183581525 77.60690866340175
62.64877127456313 64.8428004311292
52.20146893429918 4.667228495434806
91.29575170126799 53.44112408322073
70.3682446162151 90.47753190612067
57.39457187693849 9.6567856183304
8.956681778160803 56.73980953302647
75.7712705867438 3.970549413780322
68.24780877543739 21.737529090269504
1.4729220144085176 6.965610113481535
66.32230728977049 42.13745683126545
65.20015584609452 88.3910502163228
20.451396849580085 63.6980150504606
18.054122397818073 62.09426684159172
17.688863227702424 85.96699094224115
13.319660986845062 31.116441170446596
24.771527958287354 7.458239551382684
78.12562350245419 80.48894980068823
27.757154669982498 19.150403721455767
75.3466257898235 82.05909878884421
45.71619778350101 54.352021684108585
0.22024087281795612 51.04638946802993
22.170256266485445 50.9885417889938
26.91882067801401 14.90541926078459
45.56645765016643 28.972641758175723
2.55765245191637 21.160120741900922
77.2709522599091 99.24610655916716
13.193406973623611 89.65874554646716
89.91226000790478 65.70496244187812
81.8085937441219 87.7088037945818
32.97590419760502 24.10790100892557
20.12184537234235 48.24753184102666
79.80533127487772 87.34894767192284
24.75131187510735 28.138712720982827
73.24775595422656 45.99871266025285
81.6637930949517 31.397124194710923
33.39780663273578 76.21409404616618
47.5776781377978 70.14733769310097
32.69864905140856 13.35479916527359
80.37401353562461 62.56079163237565
63.07855896375805 10.572484323833386
80.8458179579237 87.27471498053913
29.884678820794342 70.19700394481009
31.405079062902363 82.55457199297953
93.78751419793515 27.217419654515098
15.68319588195628 9.087660280970711
98.49679665493409 38.14192083218967
82.38199468261072 31.291970933825485
26.000836829117357 2.155844813751473
65.66442064864427 51.09792682740184
47.616488235308985 74.71736078869027
81.71332742362902 30.619148734951594
53.70241203658709 58.415961379594435
59.19799751058805 95.27366069775758
25.231886851867678 27.012464448904062
8.861674569799527 96.79654692961627
22.88335999304083 26.50289457404834
70.79339567666536 47.446154253189796
34.29414032377445 54.22865254662989
77.78416623631523 38.848633872648634
92.17495207051508 48.21455349479953
81.72033483152444 68.11026291560998
48.37158714277186 13.461856490995405
30.26312810635473 8.257520039512533
72.11984158215341 32.4980467908406
91.20432869582629 33.34027400414576
87.71685266801452 61.81618381072634
46.15816697753638 0.889087900853347
45.97696323666565 71.57656377300769
52.355278882768474 14.39054222169297
13.113168473065551 96.46212138926589
86.27232707429187 38.18769469988652
85.92935114554284 3.9793176103725902
59.041525484894834 0.3159963284788403
39.20766115355722 8.292576559311138
90.24032673152658 53.27167469418414
45.18458653636427 98.47347079037588
41.64359569150366 53.08658164212227
55.23949559061134 32.69880412417072
86.57039460768138 16.951912633920273
82.62337967210757 64.73408375065064
34.278334962433554 53.192873330358104
9.654424367629256 0.6004015043580502
28.88913628642792 53.335529529320624
29.851821499527908 30.784077906916075
21.676410706404237 82.27993770340429
91.61747658606491 63.26142962697695
93.64931277181435 10.6045890233736
93.19457182708155 19.44341711923887
92.31757806479037 98.20383582237943
52.353619601741876 18.234308090893936
3.897679356051631 53.65796017293791
50.78324249224774 30.412984610568795
38.691842856814986 62.03647180683638
98.43977214256573 95.81536580617812
78.6975189325422 61.94401083038339
26.275429456236587 64.35674176983535
82.70701218034564 88.53706764907656
43.309709804039585 1.1653495041291873
69.72122304619042 48.039409201096575
64.50283695712173 86.0260892631391
2.238733640881818 1.5557077080417647
4.393839178748227 42.843456398150494
77.94422017230949 27.370546247242654
0.07901312683660233 56.27669267257356
4.276872088017203 97.39107164868652
61.0102335367364 66.72052278208456
83.86809911928336 19.994313708709377
18.14689375439841 83.09870434896828
58.0065964748376 53.53550606736612
51.20616093437194 11.675236711497327
93.48981612702829 8.509464334110618
11.065047039379373 6.334212628883462
46.37446613532945 70.93831213300447
17.0845387554989 39.296862741785624
16.625355515558837 54.22571213936358
90.33667517248463 46.70536894419318
6.9517721192354 63.4772737162015
44.96094269767404 98.72790803173808
13.553562989355395 94.07220755504586
22.87330549227753 84.03380805099889
98.64018653847974 12.154229648327142
55.89299871184349 65.90779583274653
71.68974002831438 11.947630991751158
50.22454419327846 87.22769301959376
69.17030116600245 95.00752165180793
2.1366722960480256 14.084321180305082
65.81004980009101 38.53158881049571
44.122952662618296 73.87621532452303
28.50307182781233 52.08530947601151
19.837247483094387 92.71663716947538
29.58429342833805 90.87664670039538
10.835154340097297 42.495316573803876
1.2138030713451098 43.67995305592671
22.448135686967696 64.47021082265888
84.33596139040185 13.793373354005922
54.42629986022036 7.542518571235646
36.55816352339318 61.60469653747885
66.27322648478577 23.20393907817333
76.69940434318836 94.22599069616213
52.98945010382262 73.87559582624512
63.39755493872457 15.366111905777114
99.85182301051965 34.65677214312925
65.39415263149155 14.243966418933883
18.7885041832354 34.19889012757441
40.05834228643885 9.341700321586055
38.848764023805145 72.96594761004778
45.021228196019095 84.00958227372872
77.64595262411949 89.13953108599608
93.43137009130186 91.71085683879203
59.156456500300955 47.146048898936534
61.713013429960384 4.578102012352259
29.84011251741133 48.71669891533878
42.828898323920875 36.03255724669865
29.420349247576063 77.62504974491804
83.01293049465231 48.22125472613739
18.573005187439694 44.49341651108297
46.27507610916902 57.12550512352319
69.2195075647273 45.60299354301443
8.031725417532897 1.654086277145339
50.7996896660469 64.58069593691458
30.03527125218135 13.268856171567034
26.011226266968322 30.34822491886846
17.568866917480598 40.43969431712474
20.20677424122561 55.40390005308401
91.55976385773498 49.793954887179815
42.783342288039606 59.45662364252692
46.462131413468775 96.1711666436372
15.976088808601574 85.92595644808426
69.36200715612345 87.31857296685192
14.390825375899286 56.16628644079178
71.65029007386296 74.16525041231775
