616
46.80493997763365 62.460339400028744
88.45505799704739 12.612494146494068
15.957703223865128 59.61613814139224
92.99154574171484 94.33724332076152
0.3657060174820259 47.68831140944745
31.22288183846691 28.116703318757285
78.836731463698 83.33018656068262
28.432891221742207 0.9615031353286785
89.94054821429906 46.382790324854675
1.992114930694311 84.37354639405483
34.14296827309429 81.85029275358399
3.552917921131582 43.56420211848435
33.85038846997197 54.56118537374821
53.67989492131531 71.37175449800559
32.434817890212884 28.504009941087528
21.437422893356228 86.10471589278589
58.42466516281544 82.26542067931412
19.013633898514048 66.69931751944618
23.807334384146795 18.30243879703929
0.050433330065347004 98.23377213235084
97.94095366233181 23.049396768824217
81.65006024390826 47.96978046544409
2.941137553141826 84.0129994530393
22.910003195193084 51.93113361163398
88.74786090459294 63.495990166879366
17.24444659516481 52.69796999212549
7.554679338818138 4.135899918236596
40.91893679751056 94.44582539015049
94.8081646614107 85.7985663730225
94.8903498549893 8.535092559452117
29.643677662648894 19.419555084223372
48.43389408564026 4.922354180317489
51.24270054470915 58.95856448829401
20.1603114541559 9.243240262500063
10.402287227790463 38.223405458639625
59.253272301320514 43.357909749744294
29.54494351041389 24.84870860234588
65.91320413326915 85.79167743624546
11.17917983044311 51.72767150027953
81.3206658383527 29.853913214376014
90.3486805526959 10.146600919529703
3.8760887051890736 51.12084881647178
27.110354400183358 78.50217446085072
81.59354027364937 22.612847175958883
44.77807067403204 86.11340749720931
45.27803184070886 97.07838967592637
3.079527182243913 26.094366852423978
37.901697095214736 30.328826704511926
92.76012394185665 46.57742743380678
41.79745981953184 82.70891233916149
57.74732290301519 85.48648611001572
17.43858280719057 85.15509640162124
4.142092560297861 77.26219763048259
22.455860873284482 60.00761299878904
78.46362632554623 59.96320778824796
62.89793702854304 92.82346734218689
80.45322610150201 44.68428043352426
16.8696421863719 61.64688636795185
46.47288607563639 35.8357528347311
20.367964868044584 49.90237539634731
24.65427302291604 96.22772471369316
24.336573462327273 9.71752921580321
31.2617051090058 9.892454571961773
78.88855821207046 87.19575550321204
78.88952769497733 28.34896792777143
56.709919383338324 69.13394283917238
27.53913803130016 91.58672445754765
86.42077183846759 82.37922262408433
5.25537262456962 13.854203354133842
41.84153404549997 69.16359073157719
49.15710673171979 66.96613247191954
83.03972398296551 88.49805503912437
39.4874163722306 42.72108232752541
89.88892605836925 52.171592781307105
10.011846861589923 21.2133028499522
53.22188331502481 46.520660227512145
58.91121671727976 70.27934328955985
76.38673032424262 15.393033754958275
83.15836698078071 37.79386489791155
66.86439334161017 67.28061116671182
71.4160742962294 45.47288498693914
50.68265855616079 45.9737458304926
17.436814277638824 46.295833741139035
71.55263551736077 4.980324851612616
59.34968952777897 94.0795154675177
30.618128195229367 4.128483003971595
82.69350450586175 99.34544800541188
9.733456909966309 39.96267218152547
86.78868172341565 29.822329764222854
74.70019829186755 2.1990946651074372
46.39376602651911 26.148428865683627
21.047825633740214 77.99348773020938
22.623897019537687 34.82447915185163
3.0232077407162827 79.45608609504568
25.663565780509746 21.709676862831472
67.90019005509211 80.0240494712741
63.009638465865905 81.09686762326544
86.08224894052367 53.47432542520454
75.90910868865052 73.4087715592128
71.84618658582798 17.562617192851203
42.65736625722947 70.07124615769845
87.49813737276646 74.12171729627055
52.66090619177153 88.90793855834683
27.16625929647686 99.91384226164767
92.9627720346225 77.01811045429497
53.48037767291469 85.16603132744652
61.26660062206001 44.457644829299966
33.94348216677609 27.585761373010698
65.45021368382177 6.374315354371407
18.183899568750682 4.367521496389082
12.260121112823674 9.634178436277551
31.532919689005134 59.24425384497719
84.75185865718919 4.961125917402209
24.90948616481462 63.075545365924526
57.59810535152003 50.561210148419654
28.950732480089204 96.45510630234759
99.17892089836981 85.3748786811725
37.157030226217266 88.70237401421362
74.2819862909346 18.04533234325293
28.228290872128447 63.546862791967776
43.80187433444982 9.114929178308095
43.503057154636984 58.73475775884126
57.37196700312407 10.446604004257864
35.35263096913034 23.84679514390121
97.10339717368987 2.7407975388713424
79.07074194350544 36.45881938089129
78.56031558131853 93.96843803238956
57.105751893416254 58.25372071975633
80.10391189756047 58.83910382990333
89.65270709187749 70.3614489899525
11.44756545569059 4.554152368130993
99.0197738299345 84.599687341321
5.745432656217853 86.76353936458563
92.6648005615421 29.674333199264968
62.83526654524515 10.505746301694884
68.0173576893099 42.03687417143986
81.14624269358582 5.320989147742649
5.136248736360772 52.37679809624461
83.5353067731374 27.109710794012166
86.19228900190708 57.13854083520101
41.78911205376286 74.36534120325857
50.68983370441664 29.63673890566849
75.30808049511377 3.218255316598728
11.545942634686657 9.514315038385067
13.632266151147798 4.852542895167256
9.065153187089802 74.73465682811728
93.12911185473288 22.959867605574058
14.0889598934422 55.38957197403366
45.1016549360854 81.18025644822035
68.78706213797697 60.29882519393578
14.936367608406043 24.457122897050233
83.98831437640511 38.86661063478216
88.43238813816785 62.0356179158273
5.932279797862694 79.40097713433074
87.8701845438631 28.66622712518324
75.91560740209876 23.663294392590807
48.27939252846164 73.32732226207068
58.651374771576435 77.60495809214844
17.855330974586504 94.3794760140581
30.62627078876856 12.810303313946935
52.65036731795598 28.261094613554928
36.18692946056098 74.70802399813904
65.26344847411629 1.266021424702768
80.0632032966217 90.07425085024921
95.36493975996974 96.43159945258579
39.396467361147536 42.0611921836298
31.17198270307395 51.76076487364077
65.60593484102229 93.83225131578034
98.03548720004083 54.72038650497911
7.53333471248766 57.29009323951215
4.633400305642221 29.129589392236156
33.052236456221685 70.91375560302288
58.12680371767512 57.198050249546164
51.42269048351766 7.405549370869391
23.051312260365453 70.39636628657351
8.369292531679163 72.58809787092255
53.06843740035359 44.740440909957144
8.168057334666944 41.06204960215899
19.69226165037431 17.573910844162977
49.491793526068975 80.90612394670116
10.274935209031854 50.20846098356603
27.81989176657359 63.06590500184146
99.48056607385959 98.05392647859709
5.306625286583177 93.43391207933547
54.70817187238624 50.69427356345945
85.80622432860609 50.717672617543656
51.14600314158586 20.450644947991115
50.74358977410945 52.32697341687573
61.15814275674537 31.457582876388845
19.092472521267855 79.145525960093
49.14569609704667 18.47697793998031
39.890974177661874 27.6026640412803
17.171602753408365 21.33059250312138
33.36455377976194 60.61999823924893
10.461733059257671 9.846221011346323
21.954625192870083 39.73552306124919
4.587872006483529 96.16835116436744
31.586714885056356 76.71090695683982
68.11905714692212 32.38445870494231
40.5319187433068 53.08975806974803
91.38038852466633 47.81953867050308
41.93576204547574 70.66652732425601
89.64125150602737 9.485981265733855
41.89199617093973 54.7009371300911
29.81126409701742 26.356712739138633
60.702871399161076 65.68887256014041
29.149507120057194 22.538958881007296
5.025623200124906 33.73169264220343
77.36796527413118 0.4452676654671084
64.21489569625972 52.46365548867087
73.58387931936137 91.34762828738532
92.4236504569422 69.42570392829937
83.68769225211335 31.18874538296954
16.682970681615995 88.74426048708256
11.549024895451387 15.95814819447311
59.42535117378955 86.02391752281082
31.46456219949012 68.64278044240878
57.62753258338527 85.93588116841836
88.60843583064575 29.752143312528347
23.035560073032357 89.27209512262756
81.9160425104553 73.81264981986084
56.81979800057809 81.39029264875123
42.06111761095559 24.31564459716009
24.067399726745375 24.8138181430433
52.52756755441863 22.787533943451756
49.33442859935896 71.0825266868147
91.660870637075 86.24669821390522
82.23489552256986 43.71624790590036
1.9846120820572355 81.74092784914903
2.9128489152379977 60.98510999865231
75.8492673059591 96.0964712228998
35.56933502061519 4.882884257419217
9.58365320643938 76.29243624028646
17.396329879890548 20.18599486866376
9.573213759917676 48.51191886395782
61.83292921334345 70.7748935402121
17.37363207495862 64.54545251047035
74.3314252632296 6.820727947463201
63.87451350693043 37.11205393625065
55.36850914231126 76.78517442177673
55.73177962446966 9.593391318318245
25.126843573322677 60.43258022171396
17.264659058280728 87.9709971345646
77.3582851517117 38.53867420418804
31.60697625546215 92.60582140837764
3.181237796459613 87.78192855335988
77.58870316742187 55.22690292737039
70.20384533822408 84.93358173668211
31.12244409308067 80.26539871731757
52.525355554834064 46.68188219576494
39.79545671459207 51.75566707121517
83.94863844752673 21.971389668666664
14.134689481799988 44.61622901959984
69.55023831027533 52.55611691808368
64.09913809514991 40.509930749263255
5.581331145879453 42.53334620423651
62.80006563836429 75.23093687841026
75.41883855791855 90.91012613800099
94.59466317585537 77.37754463234737
45.8678577879882 3.7617473361758136
96.77174916533883 14.448476561797097
53.00162003285915 47.79040934166589
43.206942431986064 5.1862739785876855
30.95863587813309 83.52298902062726
45.22845986879512 2.711485221479437
77.09126148761248 73.54019250064229
41.68550258571607 69.00610721583294
54.258686335979704 31.7228840331205
55.41976904308107 22.28823888872703
2.0274603321432494 96.6655490391506
26.76419370074151 17.44961496535229
54.17428511234419 66.3431403882904
57.209810802787345 93.99573423940069
78.77029978266874 67.73612478926509
26.23103408579479 7.2545444303483535
78.1144855915763 25.52761583534746
9.8584992327294 91.28306822620374
78.51827490564989 28.52760898903428
64.59368053659215 30.683534072612396
28.62307724192422 57.181588984021346
99.24377594590058 51.938115521838455
72.55470006691138 78.71845567103865
38.69184576264618 34.11692177742081
24.453759508975104 57.83291887619686
30.26011940701655 61.28602180435324
96.8409979141476 36.562423055709125
65.45422002000151 73.216516450832
39.2253011752168 39.34800546197501
37.86211890089749 65.24733615308182
2.929688156060173 1.2315086027221755
96.60468793833626 11.64321190618639
2.8187451178616207 66.9797212109266
62.37978817987968 62.72562448221037
73.91579096511236 81.94320869147799
85.53764848190872 64.56430921127583
25.497922299201804 21.057811134706395
0.5300646360526517 18.321050902777746
54.50910390003612 48.97943099163409
26.6937716407723 47.477552071903276
58.58328505493683 54.68018053261795
54.436482734972124 19.956953863324845
28.127749976200313 91.0803943171113
82.11907152128053 33.23698470014595
96.41343989726717 72.10249540762463
75.07372716745039 62.174232147877575
46.03147157605579 80.73717856989614
14.560376011355592 62.66059752165055
48.865041618624346 4.362297269880311
89.60430223872623 75.67905440930308
56.32498138347758 22.779865525522823
97.89039386425499 84.2936477590759
52.370422907598055 46.299953726797035
93.10962757490137 57.75333773454647
98.9457676216057 73.75694673805125
69.22524998298604 84.87588050797733
22.5597541064919 11.098129652767197
61.13208071763137 49.15200773741365
43.56130938899939 44.68855461870288
2.628537608809689 90.21892169054654
77.34184595915843 65.73411882685556
52.72184920306774 39.16874020157941
88.03080116716883 80.64366111075583
37.665575655825066 17.766398722709386
6.930358182132013 46.31311888306563
7.819183481603742 79.19684818697186
63.64297534152905 87.79074642436203
41.1960743879888 8.393988704729916
88.34350251363385 49.36181099398649
82.32900199232284 68.44186415963252
95.6481129240484 19.80290086342563
33.09383967168071 90.09057553991978
23.803415108086224 65.3340648503458
55.50937325964003 61.215870305646035
8.929262255180227 98.65539669842906
78.07674686197326 19.357686165384457
45.64282572990416 83.7584581728123
20.781239762337634 52.56761980183157
62.646156691812834 33.83572169678305
63.05060872200552 80.10610734161297
94.39375317190996 12.745644590570294
95.82799774943305 54.897965974273596
75.86272058114396 2.3229820041088534
21.66779941365249 29.52658241492766
16.62895613997423 36.35850284901827
20.46772678005623 13.233883030680271
67.01241492676888 61.48623783983729
44.426664496631794 65.98841359271935
82.02117407018767 5.519506153890575
56.20270670751493 85.29194858197316
5.563279686622846 9.99058879679321
40.647392885879796 46.52004663659072
52.62443075814562 54.257081300187735
36.24175681214904 41.830262251725
96.23876794500974 19.17612990858657
60.42163658947547 33.921361554048666
15.357359258536896 87.32460079001027
66.37288826367566 76.89718465438095
10.078746578902386 89.01486280296781
96.58277217170898 53.45414709785678
89.72550175149169 48.64953823774029
10.105252118827169 39.12526982900479
27.320021342957148 54.897780241618456
91.35726032401593 44.09386636032736
51.68243399685336 5.949712816645015
55.630076210895496 38.46750790712472
5.89654486654797 86.32283089962766
20.247228612971966 59.64097408425547
58.24402565915536 91.62367641151722
87.89586464918001 47.44028763519462
49.90620603614785 64.54612694160528
31.20993111237256 57.05209329806553
36.48258664092806 31.429159167942434
66.30708033357318 63.22227108987914
60.2221328936961 31.389414961897522
54.78530671825672 33.796111556550514
27.89197310160887 38.63229033349435
97.96066009721008 57.564791273280214
87.44172124729519 13.73503791261692
53.44400211687507 69.86493956202617
52.86065774360343 90.20906299889194
15.182063474576935 90.95747160698
46.14714984242146 68.7236838520026
20.32311137809757 26.645073489793024
5.799229066440114 49.631842461257335
2.406219728048875 82.6343733980574
64.81381390945836 57.00917996668073
18.836094597676688 92.34220894340834
72.50851505590057 89.56640194110803
37.704498037042896 28.576340777543063
39.50486250532318 34.60799911634989
59.52144500114819 4.8818580457630105
86.99360812303844 64.52231348635722
4.469365337440889 46.087848153933884
14.155394866753468 67.77406627969641
6.003748049288404 98.6381928413348
74.90520200259374 51.96559022956679
14.990833084734268 95.91877304855583
30.703227444705682 35.482540657789926
30.89960125442932 32.47671330856896
22.428001121388764 43.51095362256703
76.94386032142648 36.57462932492959
67.94355229638948 32.66211635354139
41.7395522571399 38.458985864029685
95.22140351632696 19.511563598514513
37.686623271165764 67.69476900635702
57.39066638546141 21.018168234538003
85.00630993376843 99.52946313039087
85.42549938768242 87.45729173818565
74.63560313387124 43.5809047442403
83.22328082843356 42.77355453355447
6.045512902318406 74.64688470695133
65.80383296975707 52.36032097670738
76.91152822707707 78.77362799017088
48.10872928718548 34.959378005417044
19.647316595730402 19.711938231699687
57.44416463947779 46.39119939833579
55.43086712792944 28.056442049031205
9.180364573010735 0.2914481086824128
72.79509148447441 45.699299880974245
80.14493478903212 51.347684950952434
11.22286000971343 98.15602448712573
82.46389175907368 58.60464756717606
42.97333056497441 34.063814415243634
82.73565807896136 9.600382065688018
10.54463567353039 77.41553845258714
83.1422113499687 64.13282352731089
74.65831670745087 65.83382261605486
3.7122058496881216 55.66299525891113
7.999763418495009 62.454171860950595
71.35471907528542 23.005491072067606
53.582306721383574 8.435252655030023
13.406449100966222 49.97601460265359
43.66270802746577 44.39832047812276
41.51708800086838 11.4287149777613
96.69419154689263 18.703642490167425
56.020642702983814 41.87003613504168
30.113487197975942 52.42419890747726
88.68300898464105 47.09723893240976
12.273567954918796 82.24561205204677
27.727076813613593 63.979069918536844
93.03758433866354 7.886664384124487
38.7665308883129 52.053827976379196
22.343143906547102 94.30100486284555
42.83234702257648 72.66159568227063
58.37336570641041 75.94696999702121
55.50889619477461 33.96874651669501
46.09694027969831 65.04733146010763
34.135655225514896 52.017082764897424
83.9952738095598 48.20960336886196
69.10024100588473 40.83263066004137
7.647945428923997 80.6738069672735
8.981716402674023 99.62424727755753
45.583694156596735 13.005991996872568
91.00897956378377 74.02711634722104
80.82535647175571 30.287031241444605
61.3503429005611 72.54540385027958
16.100325899484915 50.50466982019444
7.359668778367379 26.896869655021426
3.015287937044908 1.8568287676124506
41.330924889696206 24.882207172153247
80.96790655227504 76.52760518762001
79.40314148428142 24.257417476128374
87.11912579833071 13.155920846899694
77.9089041055733 97.20475800439766
89.96611910611529 61.44221744441273
95.1171431031192 84.50451365939074
70.27924005423488 41.70939955058904
79.7779478995497 65.24376363576908
84.90582238681257 5.378949149061995
5.2432087847228415 62.81710438870866
17.314228085781057 61.252705909957804
8.930518677516996 61.997330563558585
77.55414884264069 47.43295519187426
2.2648251187990076 78.34340425569958
16.62982526032579 55.71340701320804
90.44128329329412 48.504646403800656
28.180065588682567 22.478594144542896
73.64627188476474 37.534952671328256
77.62266099129444 77.29381739015491
59.78078113354063 50.743035625311784
96.26646976020479 82.11146282687494
68.70701361717678 9.597308271576665
92.99634816394098 13.908032129649882
29.23786943666855 15.575860566791544
3.6056775812236763 36.433395264669144
69.65638492416987 87.0638208638598
81.55517478219625 28.137919105178653
13.627688725688024 49.51756201263936
57.59957442295415 35.13566156406278
58.91680482014944 8.607333519716098
62.290416480775725 30.816367610206473
93.73198624622711 50.44426944276908
56.53956923967246 86.48686629481502
38.115641198797725 69.40212392290826
99.56826959144328 89.46376720038818
31.1516016181018 7.038618334316449
30.782535380180633 92.81544314083666
43.377616069975076 52.90070145655137
76.31593091353439 35.29408751591784
82.94313307613395 76.48950990639086
48.36096032599343 23.9983113807014
98.02329381585639 46.86711210904072
17.361832969467805 2.180651287529245
40.303460071776165 76.12283247295161
67.28777845591635 7.680872389836635
64.3118543150317 47.750934639529554
2.5689990486259084 47.68287649603218
60.182182423202356 5.256629618759423
29.826041570231222 81.78202463548044
85.34001107380183 76.39652522829373
64.95825405724341 23.069905004717704
27.120520955497796 88.42729258492041
22.46506468940931 68.3002925064596
42.31382449143685 75.9794895707006
86.77955800342741 81.45815230769328
32.899918389480256 86.37441191089498
38.81740922583553 78.30318907174758
80.9547650774353 94.21986802255391
4.768467772128382 42.32687963856242
10.624135416900627 80.17516816404199
28.280185772553523 63.894792801120936
59.17228550580988 85.45508590656283
69.80081559161486 3.684608044219373
48.56400145725325 24.204415840899184
91.73079995324255 36.6734996695801
3.5242278128816196 72.2474155772696
93.96676060202985 79.44621182944962
32.47157391614775 87.66257650662455
49.448052543322675 97.15265169471512
40.38558253802948 83.21911741274495
93.50838026282254 2.52614551702115
10.140646332066694 92.51630285916984
60.10495380690427 35.12298696686832
61.43087853366891 80.04140681384749
64.26072363546912 90.86911297626769
39.940141763624226 4.998108238942844
27.512460109512926 83.34623779067707
62.79095753183436 69.7552563521189
12.345621606656643 85.94326252620745
64.33295419586202 5.870447280782343
37.623324919491644 97.18948600703861
51.097547023100084 70.30558138897285
2.6896315143096317 35.9856579402129
35.02118444622647 42.10722933555305
82.50013474969255 85.83233232150077
15.926000772739945 36.83077025791389
65.17932902139016 20.0067304479427
16.34089511881789 93.8387505802765
9.658392670042847 65.33977659357338
37.033382541935445 24.18260831795145
79.8089806390082 36.25627878983394
40.71846649192386 60.60125871506632
84.94222455965915 44.327429278075456
82.62405645716049 19.934584556241543
2.2464116174657933 21.676559858686506
38.707929859728395 94.63582869933938
57.024948904502324 5.980614807390861
88.49371293600007 27.686115684984493
39.50897529690188 47.756239447613034
30.144579426896513 56.663007911554466
83.44779073749923 74.80430980346804
70.4555297193051 64.68261817453357
41.84952082451707 70.32047622007438
48.82740479435914 87.60076553930082
86.17446525739564 67.13177470432524
26.099130489848964 22.21520808361901
95.59211939995656 71.83625193629378
16.6495931000575 47.5004954640456
88.76267649373406 26.58942430374158
35.75982018978592 86.93431196792041
53.30575869552562 10.77934544256406
17.54211083698276 13.106977277520892
55.34165283793547 47.676340499329875
71.51424368652648 37.50170671473364
34.18413507465634 50.97601432771177
93.10537381475982 72.19663645412076
16.986439780926244 19.92094933068682
98.69696102022306 55.50832216327727
21.843365562459404 75.57184609471813
53.641916496910255 68.68557651874062
83.61697394606455 36.75778187067351
0.33750230334271825 23.386008675546076
20.415961253907867 94.07483465651546
35.121289397797696 82.76386945309643
97.97980225369461 16.944127493443407
26.934572798126176 97.88971878900473
81.02536561611677 4.329381228652984
34.258531051799935 73.57079030030309
72.59525433154036 57.37677725502901
4.887736005144971 79.5852344544911
85.70865085397737 54.76010575412463
98.78615358903559 70.56625558561733
17.400285340559552 5.208760349254071
2.6492677127125996 67.03667241018188
98.5869168467451 19.260399682953867
70.76078856906184 35.57428783246765
21.183959614455816 57.31369734141079
19.17632840579947 4.793732825791519
75.8434329634894 35.91925244640205
15.091404689560296 11.837879628825931
3.9329334298982666 69.40152116912621
36.78718434282524 87.86471243867872
10.722423891833133 85.7576578702046
24.027800750684534 93.85027275817762
76.34010399351635 16.913729000447077
97.48983828169246 0.7237173376077655
10.287911526323235 80.14190927189654
31.867385864095134 66.91640159082311
49.90601315656797 45.56619942277603
15.077994726408317 27.66183372380946
74.03102073077025 48.01085003373744
95.66855384610949 90.5577629382425
11.577194833576065 13.807038674189954
84.99984120379555 70.6966919370647
90.68980856798761 24.31809013956786
27.249539462117834 68.58784922978495
