656
73.90615881716745 42.889843548344174
73.4587221772741 15.401215950545112
58.09659679326609 14.655363283542266
26.097708216302273 95.95082589379518
54.45587104433719 59.452829023299905
65.5376767397133 13.996150001148111
8.381562609372462 76.02710435998884
86.77941716842068 36.62844431682903
37.30177059364149 32.899012190442335
89.03888505248675 93.68453576088169
60.81683089939901 69.35163998968535
13.611596402802439 45.826128426790355
9.554393681062123 17.331020952525776
27.283950274463585 37.79263080105112
82.04607678236653 59.679460735173606
61.94218614172705 15.845746723045295
32.91338597411888 91.66383300286692
14.40037299848278 31.244363419999523
49.342068676836284 99.57662511409698
91.99183441395658 35.19781561929195
86.42183294039212 69.45572150561632
14.532867160693153 78.1674924805027
16.1179822421063 30.277017160346286
12.741959697361027 39.948739648180464
34.27437926939439 33.751383225133225
10.62396893359654 49.40222145552946
63.04027030378293 73.77205441672157
80.25511027121775 41.210045912660775
44.24267152784254 22.61587347654862
10.399142166617226 6.073688371341035
1.266662181488587 53.744549362906334
88.03452330754885 45.83344282334997
49.593059817169674 46.53885780993843
24.590503834736445 45.892201651613306
92.37135529986352 80.16748864051576
57.69192059993296 87.59979683121226
83.66207304072688 14.345228751165006
81.54113064109009 63.68376740034657
48.7459387777708 32.92591710003504
97.47977207384416 51.916830995106324
61.66932014506069 4.968849309272494
64.80127832618527 96.38303975140165
27.850793277952533 72.51713079695743
92.10549271963434 32.76893306538374
78.38121377474022 81.37060930714188
79.41422949416975 76.22491436517826
78.25241814710103 52.62685966057722
90.13774376445313 86.84910291776693
45.31182771756133 32.998542975159154
67.8546586002877 71.97663751438236
0.635769755553961 62.009973538881894
52.69187378186664 8.171546645095262
38.61158370197454 75.75430717834672
99.74159200970949 98.47078533437326
56.086203200503185 45.99943295762263
43.28106222050935 92.60859591311872
54.169911153207536 11.365888882110974
11.281824837823018 5.635158472145585
95.21764269522521 73.01569222111723
17.13247824801405 51.140024795829945
25.48969192389795 68.81098873241166
77.76643962424541 56.59886757023676
83.35560633298186 25.61285947910691
12.109412628396443 52.45220694744434
51.59405092780814 39.460080255468235
1.6997131987923741 30.34350012746837
33.990418188083716 29.23494576361613
58.82269932775138 81.7732352216611
23.907991366816617 53.41372238471747
82.92316296059234 83.3344221490515
95.64764070444222 31.752306210346525
58.756708780849884 73.71617651040009
39.59849886883726 17.73381193596827
39.6458344647885 13.73694302010443
92.91009442881264 51.43590520950239
28.788331060921024 6.775710797404944
15.46394069437741 32.071098457653335
23.131792720481325 97.67260947562461
85.68152883420666 91.17071942207048
2.0193831572496324 44.51657123455428
56.30013189284866 44.73696614763857
92.16779253108179 94.7187791721919
13.248567051019188 34.62001229162889
77.54128237965918 99.5210662682633
46.98709335427754 65.28868351759569
97.29529491808584 79.51374308469434
99.65131393590295 52.88384845845698
71.3677178163972 54.154957853146136
61.55592670300515 91.03842298792107
2.5690815312126913 30.042058490720404
70.29718254733905 70.52816077206063
79.04042090358088 69.30855654967093
16.82808580652556 32.93252272401253
35.44197539561057 48.33860540185363
30.470983686837805 56.986380683825274
46.21548833125272 22.91477360935419
82.0963622543247 81.49040860128663
21.452370423343027 63.963187353264104
47.01569485719409 90.64955001559726
19.379810150046094 52.819778479963574
48.540050902668916 88.37550988135234
43.60457684298478 54.5352587066222
23.20734317642802 68.72321206189547
84.86691937448826 11.482960511510576
76.0000760162468 44.296827638723244
50.09589557528813 47.08540867139186
73.63323561129496 57.934542302118544
48.78317382316095 81.22804606449496
19.772643312224236 9.947508583900987
45.15629282064614 70.57415681462307
76.56830029187473 85.77463115982492
14.618257327238283 22.99112359126615
21.685719178920216 24.575265128623226
23.306539304758456 5.581651600940896
3.5973738634133334 26.397544438356878
65.44251551598076 20.248321170941853
89.50728720297462 29.521365508780185
39.71795846824767 67.65159435537345
98.66456566645923 46.64918066941204
48.52891328310044 55.59600764356648
73.27524664709696 99.0700430312103
71.90928487338302 99.32602996286994
77.58387042311355 99.28516525070344
85.49616527267403 44.918211161158695
5.487517614500104 14.084014410908608
25.064706261539605 38.23795495235978
29.941106552214926 68.81073865180954
49.88252180653839 81.48094989620418
41.834797841886775 56.08670845315741
41.88568609578621 34.27251748610325
87.75457884708244 73.05582826629549
9.672656051413142 87.30993948428014
80.70353350406789 82.18830112868865
19.922306096827835 64.90023305649333
89.95269686211289 29.811121305123088
73.0025201701013 27.789224248793587
27.953696647673887 77.06208531049286
0.7031066963568144 29.042634019096482
86.41095965276736 66.2630405776644
93.06632669755486 60.697251601716374
97.52099234960296 76.42054382126435
18.989141521430298 50.38021111088133
41.3481717754829 6.375777500976099
41.375574141224156 34.84046144887913
54.679663559392466 11.648643001373715
99.36935836688598 12.952764878995893
99.73714524910575 42.56728643736001
63.54150863859906 13.91594301411856
24.4226788838357 20.18088577495105
98.81415230140284 12.364252066756409
66.57962258814491 16.915881789915332
74.64237254090989 45.109146634145326
97.80231327467014 12.47387177712641
13.725814681556958 97.29235369438427
30.320935690107774 74.20168959787932
39.97918737147601 79.8278799097523
79.45023371856982 25.30773606113724
46.11608525005507 95.72649315312599
18.14705596077193 65.24126558521492
12.473760011759083 36.14067786696771
57.19134746137401 20.96703188893828
76.06783332525005 48.298596919050794
93.1841521001022 99.86913691027513
6.948071315145842 31.807802010756824
12.205489552441085 87.10157612050992
4.17900928451711 86.36330503230252
43.58893125531069 11.322574367465531
84.64846707475228 95.51498746486186
29.81590926301314 26.488594198878367
79.63540798772183 36.05210853132353
13.368122357634737 4.134665370247015
42.14013757878001 27.385989032464607
80.78044567762521 9.23611788277885
23.63090429019332 65.10997526891948
69.16307353920591 49.039819459265935
12.58533208583874 4.100470142422596
81.93970476016923 18.97615847526456
21.69320946189717 28.5246268935316
3.564887265111105 97.75837906745566
5.235714989402663 42.82056514372611
83.54278758479754 76.86300288137225
23.053071949127755 22.063179151397915
45.31932488228737 9.68095370380051
73.55483028532535 31.55486781701775
63.09446053698865 94.83610472615892
87.90656165519826 23.58933826323969
37.53158950629173 95.49717562997584
38.94837454816687 92.75389931782276
95.80302405860358 16.225000302882986
31.173838147843714 32.85112298784274
16.30324986690479 26.469098681488557
63.73334647850955 65.30007745393596
61.308882123946084 5.211944337027985
92.10362132099341 17.649723469821932
61.07908466436693 18.327442716984454
64.58563506427852 74.37091659149773
77.55061186841424 63.48362837024823
13.412136508960092 38.72160919460741
22.916867405396758 97.93908417415501
38.24507372310225 56.63897817574173
72.25166258205756 44.6356176664685
28.745229788063508 39.2765377734813
72.04770230689107 68.58525027855798
50.71370749795518 69.01952992413071
29.46672980387688 19.502335922851866
19.01559528441049 57.67306726150186
32.127479162437155 97.6911419164769
75.24665313869608 48.83696601021336
93.8613346928476 2.7639976665829846
37.7061106891164 26.06154608488258
85.19113822985626 87.39762047019329
13.454697617287037 44.65637563636098
20.752781379399753 97.96395338551294
98.69158319770978 66.33009421594863
23.6147745860491 77.98567280532492
11.753261021035 68.88746271105546
34.677888133273306 55.73908124327265
1.4783709444912807 3.063488771117129
73.57580030552643 51.69750179085501
76.34289400658415 13.578917548797575
57.380275359643484 52.57773482739741
78.20144937180035 53.21264455343362
72.85556765391486 30.082294115384535
37.55652547021355 34.06320135006584
20.73620128058675 1.2487403066781422
83.74193116661814 89.18675171622648
53.79611293048345 6.563663736510672
64.87085181998454 95.55635396163382
81.68375636307114 12.6644544367712
96.97911163614812 40.27125622198627
20.904633147208752 56.971681008518104
3.212463012410549 50.86056797149029
35.15199394978391 85.53300557439275
7.944886159335452 63.18060770663012
7.77713726557836 50.07774760007826
77.6304676551217 26.321482315611398
12.72527631112742 90.41309771974157
71.36008371858603 17.557302203814217
18.49046989317733 23.02954176331854
75.62245574316766 31.396140191639432
73.97668260972479 86.7632910816787
76.75078304931732 99.01277687164773
78.12163284645973 95.1198862729117
40.482088004883664 6.315302104678356
34.48633783989743 93.14068314733808
12.197717871994495 75.68595152737171
60.066597936268664 84.96547758770352
62.40725662627524 72.28659801488314
18.693706405995623 65.15261431108964
60.09684494117856 91.22400730213799
37.08530072102997 2.5768066857564498
58.53746467772565 76.40616361051846
19.91428762046512 37.58623549069322
78.22244297362741 72.28048003555433
70.3869648179128 68.64466617895995
26.303209815169016 43.45212952256121
97.03660520936938 4.6667247900347375
62.93679575741896 62.27327523111173
7.043123244152117 30.629566007293498
66.01149728448117 74.34383687678711
73.46195843641276 44.74656080700514
47.75920381843874 13.431601635981917
74.8712310042122 0.9526344589877
67.02417680434685 46.31073018856424
22.23673424924566 73.89741855570007
57.43122754353481 35.96836375630801
0.9896201656666825 54.07452981198036
29.795330440349076 98.70333066317303
41.057162290028245 54.273295626210746
5.307300232716861 29.447246587702104
27.64641673083498 85.65812522284034
85.97246754491978 96.21444881983675
1.7835769050384531 96.8941969545128
35.5051412807174 66.59425988106507
15.832233858650756 80.02185137909174
69.27953903609041 80.9286922652506
70.85938628843334 0.6221766720541089
48.75881266841594 19.494580514506797
56.42460053891432 46.38872593756038
46.87599737276068 28.27370061468706
1.924344762261454 66.56585034136235
82.48838302951475 1.0154816538670786
72.06110203982871 27.372894452447806
46.73219361847901 96.12783925409433
45.10144377955003 25.962145403746916
80.35742672183204 98.3421774310057
54.540222333312705 36.09289087980079
5.287675039739048 37.794457922338076
57.30506303355649 35.96759235371201
13.231059162558356 75.17538973627582
92.89804904852885 53.574442738644365
76.8425686495824 65.7869830034281
52.46427347660546 45.08035247102586
41.899769979445765 68.9354429071804
92.21720185441646 56.34976370897361
35.44355270948154 42.93182650568721
16.60052833604093 33.25518110957931
26.404700864927 26.124205954392664
86.57687025966732 47.111332678370424
50.40718166358297 15.680379323035698
33.00017948170307 56.66395016325436
24.26742117329016 55.36557322719388
50.495686258046035 99.7205062420371
41.40219355578605 77.61338981941934
19.438296994423844 43.61042305159475
43.107348701245385 41.61045207857317
7.785453226500694 20.781878960944667
69.25359859909669 39.36738632730435
50.62445641272725 96.7612815102389
32.70506965059824 70.93308021380714
12.39115481709966 27.464163389598127
87.66066706602878 38.19435793047704
91.75494080430423 42.04671319815091
77.78380072145018 26.470786415353096
66.32423175609958 99.69752014372199
4.9404606020612585 58.516263440768626
66.35491600649205 12.202780126905676
25.603744428313966 82.07187425043145
60.62680335800491 31.098110481967968
45.02564539371649 47.680056044984475
57.178833976188024 87.92851057922728
80.16841788401415 5.403476096828108
85.34434507125069 67.54822892556986
97.10920484274152 67.32169073350602
1.0616807221953017 34.47266029658343
72.11588075911881 60.44058542747129
43.3760742839366 93.8352069891119
58.51164149851608 28.79135495006444
0.134513551353721 75.18220309347883
97.77377235056134 44.15470253113526
56.11350181022785 9.676996672837767
3.1030778168616324 50.049926615425925
85.63663399395641 31.459636310665427
21.24206646232656 59.96701660965877
73.74309481756734 36.24122653939016
6.482133715492077 15.877004428066376
57.54974748177013 52.934438018298245
41.532086836494585 68.0154046392811
71.0516402837694 62.30299892430603
68.918829128963 49.91167217873623
7.903132264488944 15.97236940452882
39.92036176549361 96.76945206353838
61.79268608100485 16.696613133094175
84.60313149717939 64.43594886565852
96.15065987043103 46.169964140152906
66.01041590457905 24.90836600949986
98.5157426458701 99.81663311108382
62.764159428048714 77.5142873772648
68.29402184873715 59.371726508924596
15.215541922307295 13.677526864806222
80.72644719731545 39.101013137578086
30.12027612390589 72.0545610728582
3.564428001697717 25.170653913105546
39.26342727347283 13.271954335833113
28.385465222311346 25.396476359242016
81.09719678818546 94.56276780348307
65.10255407211064 4.965162504898268
6.658064679997821 60.472860665577365
80.30294541713793 66.55609802477363
27.45543369386286 92.56181758400866
8.488818897202721 87.51820958227238
29.920007163679372 18.96167954913214
93.43685870031948 82.48913662095865
39.2848546603592 51.073239235043445
57.157144882542624 4.81227097095378
87.04447593498763 73.314455796182
93.92079544916041 71.66933171884267
35.771008707990624 43.61383675991771
82.72646095638143 52.732644805818076
21.048535443093286 13.96895752952252
0.19081292905183123 22.70210520943724
43.61203868924011 92.47672443232999
9.300637541763358 1.9542264727226977
3.893095640538624 14.658491826793918
3.4445326732046366 60.40586809672573
82.778512450354 17.252510092289885
96.35975179969 3.3115243391253824
61.3257752653835 13.753721461024027
14.234232059613039 45.28201108894662
57.238386134212135 55.8118841995528
59.53906131340443 91.65950385141976
57.213174207007796 85.90074286837577
27.010299429621533 70.76644466337262
21.54570990214857 47.378320939834055
20.37778926131092 44.04084424939341
81.29834007702785 94.3911268486207
28.148195550966648 56.68397685965859
42.914800864302386 23.773364337759194
61.4727455396783 9.333981102395605
87.44357627681264 18.488083982415848
66.5934657425142 57.17924265631416
65.2119602607253 34.37340322017649
92.58586829481878 46.834142422533084
60.09978457689606 30.43030429323513
97.3795870356715 95.817337457726
9.556741653054868 20.937493958618326
33.99645444882324 21.425541690936168
89.9793335749425 71.3887623783197
20.067055839431703 1.7415803530246743
68.47901366237811 47.541876449649024
62.08813954724436 80.33995966659796
58.56210798475168 61.52232504523491
57.45697634630337 11.97846449212443
12.614971040737998 78.570014927672
54.55538387121243 98.297158925278
82.78262127763041 23.37092181448577
49.5958968497048 67.28081007861574
78.36853605200895 76.86593083137126
85.23538947773369 37.3601089775348
56.002840310347615 92.34922649828735
24.224113946698754 1.973247460963723
84.14424160257948 56.84287144809904
99.41657142276841 21.879248587065025
31.33208712485781 76.82208951369903
22.040753227524934 64.6550498914884
63.34827767295298 61.800415520908345
42.02709282070196 42.37823138484317
56.90860437176075 32.45518701884096
4.935288856937037 66.21895202218333
11.52902808410965 66.75062593790142
83.82248668880493 8.19854800349945
2.079546983480063 75.4200681233889
91.4744905720278 8.460678369831264
46.402821289898895 92.82683566340955
55.28441957096367 96.67490101145945
12.607857817912361 19.12194508169598
98.24938717022422 51.163324183972556
37.77585073223175 94.88862210849248
73.85522688539292 65.39171651507112
96.67546429043317 58.42582772696119
81.67770363151745 83.20223541248176
63.859620410880616 60.609065300693935
95.19341693373634 89.83267222251847
72.25679898205863 83.01149101263545
89.40691187018012 40.24038203789924
23.64670921882751 42.607082223229234
84.23942783863767 66.48655617602341
47.62793037445229 92.01425604000167
75.16688184977637 92.63009501237822
43.20791158038097 31.849445486748895
29.905821935073185 87.30924192108584
38.731453737830556 67.70356317377974
46.65472231928768 87.77255817170455
2.0023095711129257 88.85412747039125
6.285658973530561 72.15621212638801
58.097767838866076 17.841238827673966
72.65284857371276 1.4977948084105686
50.42004031935031 16.997935695693766
15.377909902734254 2.1802219814880175
21.32673638532381 36.34828945676756
42.25119859162159 91.16502852699846
79.91214355818992 84.9818302957783
22.798770310311266 5.719609078096221
9.212209425218632 76.90950744698695
88.17215827418792 64.7529208358246
84.27026595743263 8.464807450352719
74.99268518070315 25.771402497333995
4.811818181912109 6.484014837007724
56.98542872599506 3.3387251247832372
11.843557813526473 69.57114392692296
95.16660860401174 15.214601766842096
1.483131850357211 88.51712304600309
40.762865813449444 14.961339747632474
51.63601978778123 91.0939940855767
28.129725488193536 31.021163565869003
56.91196496007458 55.59403519069013
54.71129644237217 42.4062029756358
85.2076114412765 11.775698304660997
49.90139066850404 56.223288913017655
69.73485660385346 34.76602944614808
34.11112935638708 87.33515181130083
5.879225527575205 89.6101914560916
19.741003953575575 56.23123980413146
11.42745917396888 74.05320673113978
35.42076736248328 38.54899498925103
35.87085978615509 71.7409913222681
5.989965838032763 84.72328146001232
52.966006487099726 42.721416563300174
54.714118519449414 72.89570038759251
91.43701945195313 7.347618035674874
30.98097108517981 93.73424765716933
61.72820164353702 94.7646832250583
32.66300669651324 5.196226551858107
29.223745025597935 69.379285210445
58.8054805868118 17.558272602585557
47.24025790637967 29.223203163469268
66.61907976564643 15.696900941010083
65.79612035881252 45.775034519384405
31.6027313862845 69.23715756894931
4.41882706575255 78.10036613376205
59.78872416832773 3.8380978054881387
98.67958170438257 71.12544945192377
77.21414233069014 66.0311391507962
89.61521801651543 64.06255445490024
82.3604796448474 47.45659890633141
84.77260498533374 3.972312377982634
55.33760096287593 82.79420000950685
22.843464827582572 1.0741598905768757
90.35102081928433 99.78745063713646
4.494240364789793 46.39087921510061
63.104861509836795 99.31578997642679
0.949136437881748 95.99395390699605
77.31214591382016 42.00196411846093
68.83222351513673 12.435657335778005
56.35647750605843 97.44651386122861
52.793069942779304 36.181808635846345
68.87215724352156 94.38179385090639
66.23767667813047 30.238249421613993
51.60086516035109 44.6150983574411
45.75987687417982 55.926855580857406
56.30048387679324 17.040861683477726
12.149573452057238 72.60732277258911
85.87286048892861 27.196675824577444
76.02218961087569 44.76422353888727
6.00198095127854 39.41086695114665
33.37822525829559 92.34207506775122
89.41311682842301 55.42474711387263
5.82759570751441 26.055665982818933
84.85981993145174 50.21369983683357
54.64945631209843 92.82290156237309
31.49459536345205 52.8230477850155
98.72574920046382 52.74803526847208
18.97035080004511 42.88953036548801
74.78283623783874 24.296761551625313
50.2319186436454 86.03621049261339
96.12292598626514 78.70128898714819
27.871907094720616 74.33562439400623
15.618775769112803 9.395749849680712
54.783805568048024 28.594921219912372
83.7512365233176 36.39274575787746
78.93578543990606 26.33306344793207
43.73820502432252 98.0029290564697
97.5126129407667 66.03975287085059
79.12213925816931 7.4271009404626165
71.21863569317583 29.974880707257213
19.576412984031542 93.86570612762104
49.06131606237021 50.293237331736705
7.679461296586565 17.777862981472104
98.16266933588315 69.2245343393595
26.42575659712034 45.05670410904157
10.669252656289318 63.88547233203856
67.35026984648114 50.565430263674536
20.66773176343366 66.56987036295236
88.1245487769719 24.516208596416146
83.44235190158051 35.31880533951606
31.752981920184897 13.848429598365463
93.26558950649297 34.41498940975739
52.74536920231465 50.09390093488126
23.012086216014648 65.25360078988652
25.322557882229212 37.36839129884331
48.410773501751514 26.06360750111161
89.10577233321374 33.52081274535119
7.37226438423958 28.848839098673363
89.1023694814967 24.58255661177462
48.82529058076261 11.689044307488029
35.821807842530774 4.774659141645277
23.418960246714548 27.78528507685918
35.1093055820323 11.059282892674604
42.27042263556966 57.22642946898322
60.73988869957508 94.71096885727694
52.75180089331369 46.421775397202346
90.50069785649542 65.40905069276101
62.27916810255323 79.26230229729528
91.31580171833008 61.35420213107814
76.78157709531801 20.268885835846962
52.949690611887675 14.298405402497206
47.647865164806625 48.35147069408588
28.232802985906368 44.2991044072078
43.65200152768237 63.67811868053642
27.300584348158342 61.801996184379135
76.01651029425904 21.52462038390961
51.08964178938995 38.37563926417239
51.53525705897841 90.74244349398614
85.14719172473976 51.88762771982323
52.47174805080351 30.91712131334
23.86801949487608 30.444112278543077
27.190029503339698 36.29913424511552
17.471688438921873 40.63288997000837
49.66585840147618 99.18504718603118
74.03195355454739 25.792973970846887
16.36951924356197 57.00871926858514
59.77143535714373 12.098610536975784
10.158753236226403 54.490420858878444
53.29704107971159 66.26403605327653
9.984851905518944 28.113031732852246
88.16442793033747 34.88593998198349
85.62803401335421 78.07730802324066
70.80550469336977 43.682900632530355
47.5456881501658 18.563404625699565
43.37103930534808 68.25862460818604
71.16580326680223 22.60182731724395
95.55793295664112 54.5745134434654
25.095980188111355 15.33686731804973
36.910930320845736 71.60130573336924
72.06251129788416 62.56630652899544
62.392371554207394 93.04668153902628
49.66562331923473 91.92803856943593
94.6042307402788 65.16090240396
32.24645483317941 70.25684763297969
26.22999688756472 7.887798981291294
30.530898972577912 16.6535951713189
1.1952257501497754 69.11915049059971
26.849906962485704 69.2309845991923
23.19975965398209 35.12519606164247
26.89502439360116 56.27582692490113
89.57233704651256 63.95956443243491
24.095191141135953 13.885601706313288
78.68029082484694 62.28602526869006
38.256353239386556 35.456184662024526
85.50044426228027 71.65692132688129
54.33145625952848 32.276236912482446
98.72207734284686 4.763653712191484
6.181405071554924 82.71874222411377
94.30064074167174 63.541168775950084
17.844101393821134 92.3885054770103
39.2994994291898 77.32976749772534
64.41519452369235 86.1703018257309
27.976977462613473 75.39611919129693
0.08584454626168192 87.3137070404798
58.95889618233188 9.635445783236051
9.18678596640432 4.8188809643849755
54.93037053286726 55.58143958679152
49.09098012462053 41.65495157139829
33.85706254027223 2.977547853452811
22.71096903937655 17.96355003361798
11.613429961239296 94.21799349910384
8.406763529372284 28.185937221713107
89.981919142244 2.473315438846302
71.0586027080518 11.536771819108049
97.72946135926031 18.057496955358054
26.999283587036473 81.13747572772917
97.01844382385424 82.77365350006846
70.64198612927916 21.887152235574213
42.64506454906416 18.40286731251789
12.34572281489108 97.90413969533122
58.67996837272421 60.56891974801864
60.567737572678496 26.1687547860569
77.2969530117598 31.35703594865945
13.386473979598968 52.32055141087263
73.12668347368324 16.458743541904564
45.24414316397625 45.33569732197007
64.90737455861174 64.01847253415644
18.250407889677533 22.827772615034213
53.5847344877597 3.7435359585334393
78.44893109006604 0.9689814862925528
99.24287803560604 35.77073010022269
27.275064668914485 73.00894802384408
26.263283957329918 6.976377669792377
19.355576258647712 54.90780166284455
35.6153262634744 17.493903183567504
3.889457775711247 58.29063190634596
63.38747072397302 58.3921584434303
98.08291124375808 33.09658543897477
46.837522363976234 9.471814683924617
22.663629100828953 0.8758480228439169
19.88949450655725 28.289171434312234
