692
57.14294803792286 78.75200859643343
60.34267267958741 7.171458028039723
53.24749565968262 26.419202387405672
88.93036265678292 88.24110020222234
66.62085792739416 14.722674553436033
66.55026863121296 25.316821310319625
72.54094696678992 25.972798962367605
32.18334431974753 63.511187436626074
7.723332530995819 7.424185219595669
60.20998796231116 67.02013470682037
92.92010328012951 63.61094257002474
39.85133370259486 60.84929124471278
54.14417230244363 94.13215152125981
64.36323144797775 93.85613830154306
62.03512178399041 12.200478496373691
16.017646950501764 7.5673385689330015
96.29248706431338 76.45812390393435
48.1276906316077 29.684985986611512
26.028263543925423 82.29411157298404
80.54912336073517 25.347763891705753
85.837146380733 16.09754749624843
29.13243939116017 51.942843124425764
55.59043988570844 16.675950637670113
10.226691302272616 99.58974345334325
33.52866787524496 4.778466070119536
90.71790948707428 11.66909525962636
5.763847411412337 58.45667082116967
3.272237366344688 9.396398194074818
88.9681340683435 96.0950605746438
95.96923875698647 22.095793859780123
44.1820610279699 29.150975838420624
42.34395550595297 89.32687045243972
51.2053329715064 7.812141210243806
96.10157516968631 30.58208533436153
75.09968194246737 45.44418910094116
54.29269540031414 61.03265013619635
4.240434825398087 82.6335261118323
15.774826045126622 67.92355461273127
39.65376887724303 14.817676878417974
37.040459313803055 82.71551593471258
36.925720396129144 62.55686934103709
1.463184454584976 5.309090062938859
50.22339700690674 34.48815059431084
35.21530035678013 88.64396747991816
3.2867966333387844 24.952169401442823
39.65733014327476 47.95865572935253
58.591474770993926 51.82108228966129
44.309320945858644 40.36651199858103
14.889718439609123 3.9782720034107544
27.65252077597802 73.53713935934523
6.210699215502857 37.95945241301286
0.8448722777482209 73.61324784801664
8.403363118212614 36.057473236611216
9.281037137730552 7.425219735957245
70.14476087984677 87.52330039929778
4.3268940763689585 29.650516369428757
88.7162154106081 19.352994469168173
67.93144482196006 36.284894749760966
35.06580122055807 5.512122941011832
94.83799091723904 54.37786347652042
92.84067473137408 94.75636523292692
6.644963679142657 77.54697341337172
87.03995956994439 5.727763072993075
1.6584734246597566 83.2738975087762
49.21441118429905 31.986631220383444
40.99174324432583 34.12725933848042
18.36365493355514 16.217824436182614
40.07272773587721 46.5071947467945
19.119387518813934 30.937913713565056
72.00727178211788 30.276524903594847
10.276269688745177 33.579812334261725
78.74131910725406 93.5319953893408
5.653450269592786 19.241424364343985
63.578623622091776 72.12034026386735
78.22765142514794 5.699389805579214
89.07537524085242 57.40912989152106
52.72434866965976 54.22992346921395
50.49266241797644 71.53945537823296
29.310348648033248 94.54255606363562
39.76441050401477 19.09913496788034
17.20430395195578 70.77695400735897
47.408912240384424 97.35730996139728
76.31721200184022 33.77412528994371
29.557636819728096 99.4882845019956
27.320307559278735 28.368371862401286
37.01643404119702 44.37511857299414
18.195016488921024 67.08220393006629
91.5612815531666 70.34524339734152
54.19927129074536 69.81866314750788
25.825587519140882 43.30775053903581
79.80363729085612 38.04698340608736
61.9720954901126 1.41172784771173
58.27506357767729 27.6537970719145
89.9990399500213 99.83888868642786
20.330210874373456 74.0769606793223
29.19599656327406 69.15742150710057
5.5427833503634005 49.233947490187056
14.722666014651542 2.678643645461265
70.33356507652566 25.683089784347434
80.21499560028424 97.6234549881402
24.189630372906436 3.874138916311154
94.4791476856375 33.79749278981817
28.11512564795017 57.31521452989158
34.28615162988705 20.160584686666805
3.284485555955563 7.3519969576176125
90.83474880367966 76.65636222171169
5.063688013983947 52.86929366007629
51.65829515076774 53.5356697253741
27.255978865679797 80.5380273654141
70.7535253276757 91.84150852005159
94.86431712689144 43.833033462266656
64.63330395479679 37.32092243844451
92.80426841342835 8.362792936875286
35.434790310306575 31.66450830582177
76.8385849804502 0.3800248064429912
87.54831601232168 34.092755330707
94.18833425598105 93.05898100009777
71.26859628681964 25.63885566227082
82.65843273916151 56.00535309473157
7.9101003883450645 28.933194081314028
68.37431268701212 56.63983419337878
47.98728126853354 37.91871750675754
51.454705181532276 6.22657562111435
3.242685367689202 75.05583187789443
11.411826396592794 96.14714971316494
29.061135631208547 52.654611629253644
4.673247140125724 23.63100708256749
20.660222287939845 82.60763460095394
66.56804895680573 83.59043238873612
25.767530147632232 97.67794909595561
0.5478768297591752 80.83579153733773
17.846441688760372 70.44318507691233
67.66473106782833 42.87161125979101
81.28142678852532 98.38766450943413
2.987102944588582 97.0051441923718
35.041596054018584 21.61686125471838
89.96024914976795 14.929642591417124
4.867042564569191 79.80473486596593
7.4249478248532235 93.03290962785279
14.99142863612134 96.0443616264283
38.74944012701496 85.9846832345736
69.74884429348862 50.926999158005216
4.930096366648861 10.524182355434986
51.3582999735118 11.646642481242486
0.09691237270044173 89.86054774312406
65.73146914114035 80.4693040041165
36.426563762103434 31.23373478357466
64.5170738908244 68.20615399389236
95.17512174034235 84.09354711238622
65.63241479666708 32.772091874997855
91.34031467714765 89.53442250859062
53.71554861663191 64.10824587656361
5.482475509846296 22.196380013746765
9.513936988233752 42.306137844077575
77.63176446054442 17.18183885156477
77.61619844493839 25.62334612860644
23.481171326172934 63.81403383735474
20.5986924513191 68.03059248177898
1.695342737574812 51.26791476142986
73.40395731832399 27.278787804584603
21.049879754302136 1.3253271418589785
12.747432223652044 37.33130619805419
25.869466143562036 48.446146930050126
6.189450145104125 82.32517929659372
72.31013165841574 28.18012672028585
80.74472434202181 10.103050634093936
99.51315684554457 7.110426681996628
16.355427795237375 13.852860364180374
69.27823057021062 58.985172920700066
33.30158716414364 23.676616251001192
64.10454941717433 68.5082405114166
10.771697206229614 75.212792475484
81.54837809245365 83.45746538590156
8.29691340037433 76.4800359592214
89.99371229115954 96.96042337343522
20.4078789744793 98.46385044093432
44.23526214373468 35.917120912098156
72.19644177641095 0.36851373500058626
62.734046191430934 65.09789197322576
74.29524597215003 98.84619166834563
96.65667551939225 22.7492990413656
45.10056269007807 40.60668809011069
26.783125361221916 46.56186378595459
41.46579184946347 33.31129070129428
7.114871794488254 14.224474788333541
89.95712350894351 95.5495713250253
14.942588968197178 55.31869705738668
17.391495607097053 3.0849378284271367
46.3234787073574 87.51949796974533
35.64114632226576 38.30925932801988
81.39043496663972 68.21297036897434
79.12173102277242 76.45653672594077
64.9085591359967 42.39808323069971
64.53737650043078 21.123817025867265
27.102441863695415 44.921489585322696
9.352199382625436 13.825434225894561
80.8868346016491 94.67430473681517
68.47489873896787 11.85264503351382
41.02095888095916 13.05209111744794
56.60392227331808 68.6156461412
90.8626288558924 71.40429004930981
31.675055045676736 21.410661078140226
83.85766473332366 24.03443422082473
10.90921514603096 80.38652181889199
15.043843647840038 21.022617065911454
27.87186636571336 17.186572414694666
54.46094031704614 47.57587682339675
80.21443693286439 12.925725193292292
94.53899435253594 60.185602856575116
6.391829436190132 77.43308500116403
42.8203226286316 47.546355501015306
19.32442260016247 81.35131915425279
8.802344588791932 34.65969713822133
64.425975152788 51.18325917775694
62.35858641646399 94.54833705589596
47.82986130931116 91.42817405598265
57.2660119209939 27.05003443184989
92.46728554667214 97.71526184873596
95.43788619519916 57.44087810948728
61.41218794053407 38.05803115170006
19.212577264464503 92.20987904752126
2.298716820467228 73.42043914076433
70.33925044709977 40.348142955774435
51.89208732726651 43.03965921582799
12.221627645799437 69.89590559510147
79.04565602565839 10.201403359275174
69.92496665609349 53.84797416845613
89.56960165921267 25.188647794514996
80.9392806708951 12.51141797252634
97.8752530988408 92.697158829415
81.02496965518758 69.0099346325026
99.71819893391259 38.36827409645536
48.344216405166364 66.71438836894083
36.27210302128325 8.914890134204189
87.63373728487755 58.10170467806969
44.80017770036382 63.61131346384978
89.3676177244476 53.10990008812766
34.964956351096234 42.669065170344744
15.56506224391143 13.273789199524966
87.24897618219806 22.477487936366302
22.665905803320374 99.15583913866021
8.840492715656655 54.6425784319433
60.28438237582212 39.52463036262822
39.96061929169682 68.37376447477641
31.806365531245508 82.85363433395918
51.823975422990884 55.05168128058513
13.690793691224867 14.349659473923882
18.921319272811065 47.546026848036846
51.67296072885599 85.74212007532202
15.878201105075284 71.2746080457248
65.48080465284968 35.323619298815714
45.020328783115396 51.18540267375058
27.32891386266815 0.6229617311389934
49.34313555039866 36.63066536315771
22.79077959967857 40.331561069073715
30.61947670744295 92.49317440646594
65.17978666047769 83.59384277483058
30.24109367478317 45.44165511093256
98.17008763465236 32.68721101102461
25.031834303829314 50.877443277934795
40.17946233685647 79.30760030736457
49.89144210894278 61.620156306565
84.08602971550687 39.15855583743494
54.444658140412315 29.053613920191445
26.662340393047035 45.07365845325319
64.91166100154616 77.61317482509557
66.50224963768066 48.89992593708142
9.928551594471669 29.979490125865905
60.12634573017832 29.137971624122805
82.46541010589196 77.79532401796858
19.97531084732066 8.296189213542371
31.10346023998314 2.456667576094307
41.378751521194154 16.891065915647264
6.173223920833948 52.72033376081411
71.59587836809612 97.28015728867855
7.064030588939407 15.962630457018479
19.45664493688821 31.372561050286397
95.14477463253786 70.47602450784912
43.25600816186146 84.27409818084242
69.46213593319823 92.23803623185655
23.564255304673733 87.22907653034297
6.601351806330779 41.97538620074861
84.38835422379186 94.3961832498926
55.33460954294128 53.83796939209004
26.868659893484924 22.759416475525907
26.726989347710795 72.46804362437285
18.21603082848522 13.520214975936861
47.780940539455315 65.5511331649596
27.949222107091376 47.31955711633131
88.29410198512404 22.260171731999712
89.24083092016151 17.241971831934944
88.72524032598263 38.10629316559384
69.74673466376356 4.4553055437701055
56.86277720765215 69.72554400572434
54.48458966058295 49.32053279381433
32.010115799341264 76.25971683083178
87.39395726553425 3.5743346730651493
12.28877686535208 26.394954925893554
97.30785029103357 6.575277113483546
89.08787468577395 84.7708674131465
86.94000124810003 10.391548199899137
11.670152118558041 15.966527904563188
0.9122152171903486 39.66244025230243
56.821625518308736 96.56647628737399
2.8722471007947004 2.216679761016005
28.247149410130856 61.228235148986
54.82363354501746 88.45672041729286
57.82721778448613 21.49593754626663
13.51816087903277 25.44144421540998
35.82811050590836 99.78673594229687
16.41688340049029 61.84839696603295
89.1094523957248 18.333657879409415
27.60496606524808 9.79352890614017
82.25724131859519 56.231197221533904
53.649532909183364 87.81728844479011
39.83855075595605 0.6616630986458483
79.53586881323295 92.91471002083892
7.455892675594389 41.615113337990564
77.0312293526117 30.053282514579816
22.186828353187327 6.3927229297474515
51.0662205062506 24.792798297679962
47.21119291485648 62.86976540459425
44.228094037227415 85.73329952326871
50.47662766745303 8.893967670371406
98.38914886009772 30.545291731674496
23.309695826597764 32.98260308761426
11.469556098826528 51.833719889630935
15.715837631584295 36.21630616317356
37.56659487306073 16.120381681386633
54.10851094854354 46.65735768807717
23.251851016388326 55.60181864289492
67.33671940577662 80.03688346389278
53.968231650198284 45.38304984224042
39.99628420169144 28.800339058450053
82.18194831374048 68.74558927589287
76.54200883864776 0.13913947162782492
37.7456429397404 29.092688047904367
57.55197211496481 3.684748671828164
68.58329472081533 22.831648468538713
90.1458562472268 60.50459674432715
52.03427988241368 11.1533881590962
65.15080688911907 78.14870544858495
8.210589358912523 1.626007419558284
54.58537668686117 89.11078725746363
31.798742951437898 5.404640097140789
92.92893043985777 75.08490685407867
70.81854195283273 89.08538269809074
73.05871912005841 76.30688470530738
76.00203302302006 73.57880745767625
33.07401231351501 1.5586975847590834
80.93592203177855 99.86789319749587
47.78496346281238 3.9731262160260683
48.46312164635962 32.250895793507276
86.83683698582637 44.46956990655298
75.63563858922964 91.09913037759375
82.97798823484568 11.549529334511387
29.12176488619458 58.98286778383909
29.13940823741098 4.479049802494717
48.43836515253592 2.001585776924908
35.62874308448131 42.01155770138322
87.12668508132147 81.32471343069945
76.20648745114576 52.85631847472683
30.3766093425067 81.15988977428353
99.98100353713535 77.92981855745515
85.30605788065593 95.617593615538
76.86776306802828 96.73193138609646
66.14947279076736 63.82310151001418
12.588074906964653 1.312629037781865
15.442516808588602 66.35446084350262
7.565703110679189 28.369427031632966
2.9452912193971503 80.41645863766696
38.131616180172024 15.822987102201335
98.25196519779938 9.022059834680174
18.273531019441368 9.738154834903979
47.96800880776689 12.386204320143401
48.327782059466216 59.585644353191036
50.82232399903012 99.98715653631857
48.74788242003586 74.14463028402064
83.72076556340667 31.159520781595994
23.185473555183233 69.4800011992715
15.416843083188159 19.388127663810085
88.33455553742274 46.66355204897149
64.90250829329631 90.92169683286473
77.87731606179936 60.58872988847116
87.10518506271377 21.434171437039307
40.080957500404146 42.33765804070037
6.952924627998902 9.608395033135686
36.428599300114264 57.084690985847075
98.70274054516905 77.04834870847786
55.763522678553215 79.78187935406977
66.20556126753362 41.34633123029459
26.706313863538465 99.42275034815971
95.23060233020306 17.523477209107206
54.28900870838418 42.57054601294422
62.68385429652265 76.22996352297584
43.673331975682395 38.37623802835007
76.95682564135667 58.38932197884187
86.19374741683082 95.64592400346038
52.26064338002592 32.749524660647666
53.5017373224891 44.468025054826974
30.320541296227432 46.54028556530463
7.609067537175019 11.812243813690726
89.17921123416257 40.84515217187605
33.50289330722202 75.2877059375317
17.746709202852664 83.23572273773847
44.21785889869181 30.580092439575246
25.888853038896777 51.55636948967577
34.700253074087094 20.758089666263892
31.317558396009126 0.01952839371102133
78.00650622024283 92.43374299577766
93.37605653444474 3.6922010745682687
17.512539380315317 38.61037879201624
42.87911076108638 62.141825489069504
44.277927653809826 69.69346296405948
45.96287057744313 85.32328089361084
65.83004850286463 8.684759837278143
92.22381415721152 38.148334944731275
68.18410105653174 90.12375448827825
68.35747018252077 91.10918689490957
78.25933199934487 30.707993336641472
0.03666949148941612 83.43071416691642
11.329337829224052 36.02006217195539
57.170084382132835 60.07754355200575
3.5544377100398816 62.6649441383656
78.98683765558675 32.318127258389374
1.5424337906317809 33.45810402164798
0.05470624817578429 11.613930882440371
61.91170468020923 80.2738286456695
35.856710379322884 18.392048784578783
18.071482968518605 97.64996634113727
13.693306880657419 59.44412336554784
86.52408445669586 77.79629521915217
2.682479464181464 73.65841783004961
98.27683285618185 5.187970717276147
8.505780175850674 46.40351032849481
5.770506696566691 96.94765886225767
97.12272514143339 79.69497370291758
64.5677479242162 55.22486408326029
14.496667968553378 19.009080817569547
40.3557709444941 98.78896997482933
51.68919659244787 22.455016736418887
78.12244677841923 7.0494628672006066
22.274920420039436 29.131356497987817
74.58878361271556 32.76896012546657
41.9979710275168 0.8198960176967973
21.407417989439537 52.28749043377402
42.201849132705874 90.85456538728587
13.222050939198148 4.2170956730325
27.77309856814304 19.083078094268334
92.77516451145512 83.16273736620747
46.479239541337655 86.89632745117181
33.49867825158477 28.004284519395885
93.24557740329652 61.34415861016381
37.17211023319948 49.045494517646226
2.173524486706857 28.7525193385904
18.46968426454311 55.15622570766975
39.338362643915495 18.60931580474037
27.525455670004938 12.285491307152284
71.73011925545116 16.047649349638903
71.79962917392521 15.41538820486531
66.9911269195034 13.432022144162115
99.80937160574751 6.790874643207845
13.942922324915719 74.5869218914502
25.453790370429285 42.57147454613667
42.77095885333234 56.74431834666136
73.95220478797117 25.446254092385058
5.979436602662414 12.0127864558367
71.99522398046787 89.33395551076573
2.537300328843217 51.743832616045225
8.202341480913432 10.900109794216151
89.82186895080663 8.533543306347568
64.51276164288291 23.036591337373093
14.982950226373838 76.1571141373535
29.2693665699541 54.10720589026512
77.84580923160146 66.03345699205391
11.56614509338565 90.8518718441739
82.84680518486421 89.32326192960616
44.93818843400372 62.86484888099116
29.814824533286433 55.486914620749225
41.2184205791686 5.671105817866273
44.835842727989984 55.196659088867825
4.628042895568285 10.549699309567728
67.25875816060685 78.06493876948797
0.5644823297635715 86.11216339832824
11.611427458576507 61.43380794382266
81.1529102732143 72.50776434859564
59.65908972979985 24.052585459700637
28.08858288337187 55.65375357889567
98.46714914089091 78.630067286922
17.92649175879196 86.15865117548974
54.85294629256702 81.99020458965826
57.373983864975955 35.0027795056195
57.86997020687694 20.044873697896914
49.159550856331514 41.13729306205369
90.27208672098769 87.97861971974538
12.922354619674259 80.35689164067611
81.23726355890217 23.965841348839632
52.48320731489786 40.84324850715998
42.87906351541532 31.465223229505657
94.03416779798289 7.499817359385064
2.1924395549958953 91.65814417881266
31.624962573234072 84.07981724274426
71.15999731213729 23.784270823105135
42.85060406235264 17.64190211711375
29.903985375425325 91.59327603661737
98.66883994906969 39.21252472319732
1.0628579221297785 2.0074884998431353
27.47062305748973 29.401353029522316
75.46877259786903 90.09600674570238
14.150913622587657 53.77723950100134
86.11698596743452 20.542867489463646
57.63195530818154 85.46324429038793
42.65986603999713 20.32797721325068
39.71477654942138 23.916534167252244
45.68435543925429 66.01643456361282
35.23908391187038 88.08015788650123
91.12687929297286 22.486460807404008
9.765443910017835 76.49030801768232
56.262311192498885 80.43204534396654
95.08172919667766 47.42898634678959
25.91333236831732 5.20905506855086
45.27888629013245 23.510689989714205
4.460859754298885 25.00761263098996
59.9192288010455 41.128469428036055
84.74878481430711 65.21563112321698
84.16758372809717 68.72053004881641
90.13383155191595 94.97662704791357
52.09389252801778 5.405182846439027
85.37538867088402 45.42935666185245
22.495748525944638 70.73223113027386
19.652438046438625 81.10497978832689
0.8423482084879641 74.85740667926726
50.125475347552765 41.39847068974088
50.767569653273746 33.644421247027765
84.66277726578163 62.359276534823195
80.00059731284001 14.05139320401142
89.12025920224943 1.4869398533687739
96.73995366236362 77.38381109914812
58.886003661488296 14.515856400664628
50.89202614755083 83.03098340815582
69.56438980236048 85.4717669163248
77.94584349174802 20.150305113353163
82.98839216119302 40.402311844225835
5.6392901149463714 24.76149088095001
26.533263976646072 92.05890338473304
75.4929771122243 5.6493087136189395
33.54570095187034 91.65219669347026
9.558386979404233 66.99873713913532
38.544490192819666 26.399537934866302
58.16764385734382 97.34249811663722
11.764647319410482 4.175876038513559
83.20749634894425 10.63509388899966
72.75391805519756 65.95056619409611
18.222095003406615 35.7610604452216
7.7070938026933655 31.50787758166245
89.82521862316808 47.56987223153426
53.408227953311915 89.36976732966077
63.87519478648257 58.07629033061069
89.95844751177692 24.038711633872943
99.30248220860454 16.663652525077033
25.060893171814946 79.29599065052922
9.238528984289218 69.93053572225719
18.37598414798598 86.61467432348489
4.628896509533309 2.0846587012194995
56.46893481436061 71.66157010010129
75.57151675302273 86.19496231707707
13.251225062622096 31.827787181766766
42.528005028988794 5.320694239901858
48.6154217416714 3.88020380296511
82.07868647872543 31.936479909870783
43.17800708714422 71.37765537904589
64.91127648033633 1.150764691955375
61.3240449366398 2.9240010709104647
31.10800585268647 94.70201916518417
42.64243933375531 55.63758160756917
54.43639922420035 93.31101611228512
41.23064793646183 21.945667357043053
36.95108737722256 22.621184599080046
12.687023248447504 67.03208485567208
17.267587663597304 22.268548966291814
71.88566582914319 68.70632835448103
38.1183085373589 67.7043825249732
62.125728600922855 80.53739661390563
16.702579082084736 60.68320059924458
91.13960304244722 85.00851954300033
20.124001778982336 79.37781906172829
41.04626400339332 85.98786931669197
44.62946945857414 24.038602651364393
7.742415094762256 99.67698860107814
66.67242174128457 65.1466304386972
61.94969670804884 74.09384463192002
64.9719795754207 36.341396528618205
1.7914746303960838 2.2875641842670325
7.54046973334156 18.75029828964777
26.147244983762707 35.627169595422124
2.8648759576914706 66.85496773985308
47.26550036730188 19.331033294659584
83.97605580212749 16.124973900787754
85.9758465921312 0.29421936066108545
33.48616605427647 37.95890102544421
75.8253963423232 7.792873387137722
6.283644243715991 13.419699596859092
91.49894287139337 73.87405850978293
75.03873763595975 2.362479616967106
25.796955518728893 71.91145311543336
73.68279923908506 77.10108380154412
78.7461541929575 21.39845916225145
17.88607621922197 86.05232649287609
0.3692812976086257 8.922526576230661
30.557268139714346 89.98724687144775
89.85747242288448 42.61890621147002
47.27943753791328 51.46355621566252
32.42425628206372 34.22624492287631
12.957729615439428 28.191222560298222
11.37109226748867 9.670718584960502
10.53366337747308 44.49203668235271
86.33778803007635 63.107148901887875
69.90745556301808 10.805347875879278
68.97958830448651 19.84787232156542
90.2104941484451 50.215140658818015
43.63384981465725 35.75472126604918
76.52259030861156 68.53453442293598
83.76262027469184 93.62905924106107
7.1434438261484985 16.255697735152562
60.902542661359284 58.75802482618996
10.694856235970063 92.9941147455026
85.37593094999005 62.87178131984342
30.204826841774967 62.42368176413979
66.49013054052753 87.51481343705895
0.8883156249063884 91.22944083607685
92.75809965002416 18.28113046069334
19.52657524786886 25.011547836985127
73.28975496770096 67.09231558917668
79.5345177009883 17.078120361438575
58.35794335322089 77.36399383598246
42.78342698424134 49.25218545994892
95.774114635829 31.351491483332506
65.63014773071505 29.149494274866605
99.85744354240967 54.68024150721293
4.855941026345578 25.78447178502166
83.18573057581953 57.361107247716035
85.51323304684811 51.135356311105554
4.631439588329989 84.36284321016375
44.95135839451759 74.36172101248117
26.127668982946084 34.36224540023085
39.141536863483815 71.72563867427168
39.33821166319454 55.12952061585086
14.130225217432702 52.08351857893629
98.16027230142943 61.03583018191209
9.621819821517953 64.33899721000114
16.128319455147 6.010364849065608
35.0721717041802 40.32742537089617
86.1167054418129 5.092877834139076
34.59734191122076 71.57639819789723
67.33771639795934 9.29708198250112
77.74067351227329 99.57919671449318
25.25590391854736 25.98291208496386
33.6193102232541 62.21962394988461
22.632850953883842 77.52792669880816
8.20671438622923 24.30187511387428
14.311075043479649 94.94378818319773
91.22426448555005 33.45720389697908
81.70128989649722 49.720925462800004
97.74679386670556 71.09240677221644
95.27010586057497 6.997198786145942
66.62373764546247 8.038033737439632
38.84788523393388 35.95707267070026
18.18163793592116 65.97187656894641
15.058983955628403 84.1681834998206
62.92463776563947 11.33627595657477
15.15634440355248 14.523691629979563
10.661235429074212 15.851219581946152
41.369882471985484 50.35513893809463
48.94157855943077 60.81769661390999
59.24621721963529 28.675050485521357
95.03621310033867 12.916178095368059
61.52598402801781 89.70439569800442
76.61935620845911 47.14355275916281
22.105032160058734 44.72818073828757
57.713534228020144 62.31067118419317
80.69501279642631 43.80300233001252
33.214059219417756 92.72185050719006
94.85878340531225 18.62947613339294
29.932583993168105 91.40179647005866
36.20569090864652 49.23184057658231
22.235127143621792 71.56001181617833
56.62264511957289 6.447889607657508
12.049952798277118 84.68198735095399
54.92287004860926 64.13841187825922
25.009482834763496 7.110537551358109
99.43172683804478 54.360744835410536
59.007495817194425 35.67110063563598
