700
16.041539757070854 13.662577670917042
95.64252875119924 52.122503402995456
34.368375167731394 4.9603332067366
8.457690776549164 82.62710857321315
51.407671905442875 22.99006359196134
4.634073553442198 33.128252176163706
46.07964869958163 37.83820784734252
71.43925995876145 4.265229499335188
0.34221095885454966 31.720741285525033
35.227369727961 7.083212366797609
65.94924688633598 28.158513738015877
47.05844725591384 86.26485738875229
39.845926193911104 40.03889955077037
8.123632768079148 2.634526320569519
76.4400196350185 6.888350772448904
9.42476693157931 72.62417341080763
15.760411792578477 68.5370611244421
52.78845149291648 86.56921093597528
91.82956105366186 60.06780466712771
20.42311103610085 69.68340516661631
57.22938062612381 25.907468836139724
76.292824828369 41.982327338444534
43.476708772690266 75.87110051508657
23.311409542392468 21.819249302449283
17.456520837100232 24.38504377796047
70.98942893712234 82.16495389663453
25.183355020852282 57.1758606998573
57.84049880155872 29.24301542272556
89.47623327774335 34.15936007641852
76.71546683846398 83.74822499862182
79.74598954149047 22.409355205492908
57.661038000590146 67.46576365358489
61.364873483401205 11.66978810392899
13.147700402837891 45.730029012466524
71.93605177619798 69.21117157218634
60.43536247030341 1.6156720741244412
94.91159763332101 81.79005565612638
46.120700927634196 74.54077700501264
69.89455193476425 76.91249948721749
80.58303707427109 95.3691303438983
2.0139954660764015 46.02973562420923
94.92310543429181 5.009060961070377
14.844780920957723 91.662808349928
63.435965239205274 74.11994468165035
94.4694613305667 21.984705307354258
31.56323252530693 17.11495578575398
54.53394762883184 32.15972819670541
37.52937374796649 41.98268272283078
77.16445282719494 10.674259711849288
68.34245419844474 29.454706091431127
31.506421450675802 92.36282347390839
79.95331076064936 82.1436387922447
63.93912710813813 3.11215833171381
80.67154900400608 0.8884986832054409
15.235744668553043 23.39951224529426
41.04398188178099 72.3769125948291
87.66036385161763 14.596708211147869
93.08020497886842 90.87517596144595
33.84203845316587 31.217902907578534
76.52100435995605 15.44177702780094
28.94337972787572 67.55739046818421
84.27764199321766 3.4793556564632344
12.197928881372045 40.26571916644306
33.529507192052776 54.57989904290748
25.679950026455977 80.2538650935594
96.7630089020766 64.25631004192374
83.53191101965936 11.92354804571515
88.32039303941539 1.2380154889757744
63.458490268351234 52.72137653266429
70.96826973671492 17.375156892232233
83.87983613083145 71.18739960520408
2.6508615087420195 14.22693958168405
34.3267738490819 28.825500451298723
77.15581032175379 42.43710871803204
52.94738516102837 6.103719883371472
43.472620234386206 81.34216269909143
7.184503197592596 88.68870722055146
40.36497479157119 95.1946966246845
78.02998979534328 17.216550538435516
12.434152152545696 49.717722826881186
24.324511060464115 5.00216633244942
69.58583579052191 76.41622430740001
65.63172423800754 45.21171830767972
97.25350945522179 85.96918046689771
41.4538153182854 0.6611868018516542
74.42872013517211 35.01395739100478
32.003188464072664 59.140107089677095
63.298677088499865 55.634348920944646
60.074073190038 29.646166522986928
80.74374533574209 42.03351283678464
72.5384810037669 27.659667759081497
44.52673791165389 70.28188025433822
98.63068044767493 31.549157891006896
41.73674118999992 44.586429398196834
66.7878995428259 71.31611644457547
94.64267223943502 49.69334662865591
98.11802555597603 77.98489574689555
7.073668309268988 63.452558326488585
2.0551753700805198 49.998287788116826
30.364895520297143 11.608960074623042
62.89901055092654 66.94236934038032
77.48394760128453 86.84984716061717
6.825781060891234 47.638037481733285
18.288035077518693 50.89012421935505
12.66089813889344 31.146448476451315
77.44748910189003 86.85731514737023
42.45483706730747 90.58510977103982
35.157469522765126 12.82766164787158
12.064129174359529 52.69123875666084
99.11231685317058 77.13887002388317
29.10627956366746 90.00885131341896
50.40073379520887 31.23588847604544
42.26226764462177 19.19028866711149
74.04489023611886 41.23285301891939
80.69560196685127 84.23879729517863
7.89729253612208 81.8775377115374
71.317358525072 62.58008649987647
95.06660457093469 10.722791755164574
72.91075634964116 9.532756827596977
45.0367653240939 36.73247548122994
2.1944685528787033 1.6685959829735753
1.4943690513514296 34.030933196572086
5.731584231195807 57.02937134174252
7.305122974176115 26.640656529545126
35.724166451251016 94.94817303775088
43.772280336954296 72.31136388754506
70.3460427890039 60.290962070924905
14.8676265771699 33.82158765026861
50.50442457373101 75.1131699670681
59.95371567342554 90.88137024556818
11.77820391003589 64.57267633711565
77.74996657293326 2.1928858663571194
74.42408544770497 28.36883222470876
7.499538752049039 82.55036742614
0.9491406858664231 30.430816896879996
51.52790064164222 31.55064642734542
93.76083325041319 14.233817487536204
16.682333543150552 93.07489938994784
68.81528448720019 70.4383684600029
99.021758602364 15.061326795075347
29.811329103495478 89.05230010612098
85.84297323273164 97.28702058305132
34.853214223179904 21.20563966387895
14.011402420635266 60.43972774667732
37.79846578137956 8.5481625017384
29.059389298399385 57.928888732022834
72.52361802130982 93.98441881053735
47.60467728144684 84.29120128125594
69.48685786743962 12.283080179999285
72.89346230718147 43.26465337799769
54.64019315385381 95.97819843300468
65.82226238152728 14.136462255989823
19.031490725037926 80.17977647605844
41.65171949946534 45.769283545720704
57.37504964575012 15.841008094219145
3.350727826814448 2.44089230018093
63.257900872233606 28.22409533910588
3.5941963799283383 19.458917437482437
6.042551375292938 13.823668835787418
38.71970142862965 55.717608884964335
39.695740382241816 69.964032138432
63.72274626382991 16.73108419349735
33.781056506260995 98.26510816368858
15.46379544702482 70.910605937951
10.248943103652175 20.97094048516882
19.693287928893866 71.02555308446904
77.030908376463 14.357507792548596
86.40602314153828 9.332551448424397
3.6840066939293536 27.9723242695904
76.81214364701572 28.112283644606308
80.99443999553779 21.093346698246652
48.68261034343843 41.72642654417735
23.45880725690591 46.183532436607166
69.02399806770376 92.54983007135712
83.7100402782894 62.596389390942
6.11965837543873 20.4681807558429
30.6082455023736 14.587364378784729
22.80694025326042 37.18566478677552
96.9305751999872 59.55195060779799
68.64114211571294 93.48633472393459
70.84176294100318 37.3316110402038
2.263852648528819 2.049267804544619
44.86463059391769 27.59747351118357
67.79736537360652 88.45234897001164
60.67376038635231 41.67239674384575
33.35596052769218 19.815826704506133
98.56842076302826 65.20581846297787
60.69583730979014 53.89598795384508
30.02284421356939 79.84124645810687
34.161642110177596 11.045457324064001
93.27815415279309 27.46239296610753
75.66012301467543 36.472068968016615
76.58449935121327 53.814954857547804
31.80884939694979 71.83983491785649
83.59846857049914 49.408753658692504
10.723166535598327 63.940840388642975
18.341920785155942 8.793472856045458
89.18602149011275 63.53912515823195
42.031750300915036 82.09414669346336
68.03186004926852 37.34211029793624
82.79117841281479 40.06735684529011
6.406430931276031 26.124142527304308
10.70787689926721 82.40986492354115
87.14672237094825 5.379133485833654
81.00417572407824 37.33993567969263
23.584276169582775 96.46426468419288
41.898799348713126 19.453697832339245
72.46354116476866 48.19899038099861
66.15523099448791 6.184651366477767
90.59067811353879 92.09169417301007
52.743357947529546 80.81723060925492
14.144753568485424 69.56957388278245
61.0247092467212 55.92260705648183
45.40249295856681 48.943468823722455
12.380075816806801 9.073307196736536
2.7489692713719927 47.71448658103705
17.651154354396326 78.75746294166083
1.9409852397167304 96.45131084878442
91.89121254165488 14.500366795570752
25.43925342790917 56.27860360577458
18.446772091477026 34.78595934188967
8.483083092768574 63.829341207959736
20.05220777196276 20.595156385873892
44.95769665031957 96.00692704346339
35.895413701409375 44.09966795202984
80.987158453078 27.517894949609932
82.90591775788624 15.28854619454636
78.46525594419771 44.701518096017665
31.189970936708246 42.141492705880225
96.99629299897057 54.90525543465654
40.33810427741938 71.54180812075323
85.86373949133498 4.854545136230481
26.97379054069685 46.55669948971652
73.61861232993768 48.91222358023653
72.33641757447378 32.14966866862955
12.590940302069331 19.795133903598483
2.619263601653543 67.58082554044177
7.948668319760255 4.444023243849415
58.89194958513556 76.03857238483313
0.06746821481791176 45.74771075180991
13.673100366128699 63.035824247664706
39.308029285252374 51.26478623562916
59.64587188288386 24.210850759256996
31.58605224213695 89.4965556809658
18.564453596132047 57.241757434152
43.17883680215401 41.11927454630132
70.935381306503 56.61519827278171
6.825486833532235 55.49346417960501
63.05531945907167 99.7314459276869
50.146542581470996 86.35611419782634
93.02332216616837 50.799150640259626
33.078593755084206 53.11908728976614
39.97358049849502 61.32964544624908
50.668364023803946 22.11328901052474
21.47291825721098 88.56195399274111
20.0849890829496 94.62301675258955
20.83475787651906 80.18045028538558
65.51921146866378 87.97589452160582
4.261616754520969 58.42444596854596
59.464657833126 74.29615278729139
2.4239176849832678 56.03876482935829
83.04062960276617 49.943479639561225
13.42975347342784 52.60798458660081
95.34725404428897 11.346196832999066
84.36854854503754 10.310993651418576
4.109539419519703 13.231440076271584
10.018196006024983 77.78314202465471
46.70015880856964 75.17633636297624
69.92680681622171 94.33834795911571
25.70376714745174 84.35768630275022
25.485447759815326 29.894340629511174
63.043430090040374 0.8261173673655642
42.72954181184342 76.97860863665967
10.88358730628971 19.14665156276798
57.67690061276868 12.04241858923767
69.0080027895179 41.96667239929911
53.31348505970325 53.551601227221965
51.670142332453686 12.720187015144734
86.08074407199503 93.90003568736319
67.79395933329937 43.714387681331544
26.392419940900346 85.0018360500803
18.273879960093076 60.7955069732681
30.820458610151636 35.707561121091636
73.1609750879514 80.29330758159021
26.66409417919906 2.4167129404176313
5.143988637502739 92.94543057162105
64.15012353356329 33.912399585155114
60.20879201222611 78.55693830706352
52.633341374184596 94.64751144160685
65.89008419233733 18.703877492942446
22.50252669179811 67.87555277987511
72.32882410789999 28.888050018126155
83.91234981842672 62.172566339626336
63.32064108440421 54.216886647495
4.556318117235126 27.377270944343813
13.116138100994878 44.74832656071071
6.381731458501394 5.106019295015562
33.88023122658681 61.97678802318305
86.61169962876558 59.34114373408828
7.365107375816915 51.839714456695496
61.62766657160334 60.046298200639924
59.74369035185776 9.939481351487967
46.45158446537741 98.94041779429675
38.65346312836107 47.76570034556755
12.771106777091179 35.5103720435651
66.86917153622845 37.4891244000297
30.339954118626412 23.70490356314453
66.21289759242693 99.86466213793467
25.61320188462779 7.6607614369857195
34.91111198871476 74.17338571881047
50.62172102374295 95.46315665487002
44.24694933361326 4.053942808576904
88.85247367858305 0.4908261065444841
91.57864666840993 24.075751152219325
80.87278624454534 28.99690758182536
49.363839330199056 44.17105951117956
67.80716841606923 41.14632218446703
1.8882295182829911 32.07112145980274
17.16232149822391 90.1989037821996
59.067988533127235 63.908662433335174
11.560912116864042 18.93598778309984
57.84281646355447 64.34012199640972
36.25916255166782 22.56037942904684
82.59900091438251 33.63467790636883
38.43176023564483 78.33403660085901
32.56733968688871 79.62573805839594
58.42503211959006 24.82078878220191
39.22110964003426 18.9907160636535
11.132528436174226 46.34247673312228
27.859585584852542 24.979167722781227
90.04936047230082 25.735510617814427
27.224788686174872 5.553569640964451
63.318997670460355 54.22133321471121
24.842308396277456 63.07693576210164
59.27589815054327 88.13951247178913
23.061549399932524 97.69521495148676
66.93534129996563 81.30938868060373
18.4446110870805 84.77252085035244
13.100170578935744 67.41214002700839
81.58817858228812 8.276079765903066
17.5673282207956 2.49483504693111
50.543581846150964 88.19237518413698
16.354098069607957 38.2742616469063
54.83157475942361 63.686403593279316
3.354998636676909 52.83276121966083
20.904240480761636 63.31899124366007
26.10691628846539 97.93514671397367
68.99567046363953 6.003703221391621
89.07478913707064 45.57103498273813
70.89660649298214 13.975637215057102
96.0895795467905 38.99390748478139
29.585195304528455 57.687451422140555
82.95398062533403 52.038059127574165
10.702919936672162 7.017506052238376
53.704312934947076 64.39711403544365
49.83254720798562 82.10469421460364
75.18501477967327 0.5224608653759955
44.68461818677197 41.03010141176612
18.549379845256155 68.72958275756035
57.870100848347825 82.4122519734296
17.359390748085033 63.45209078905609
1.807537397120329 62.56171819408275
6.783695560108038 94.3424277166898
37.085129381580295 16.53585902106115
8.986938511741972 76.76963443020736
57.644214019297415 77.29842501214031
68.19642073890668 65.23778395787167
10.02863439972177 69.45001068617378
35.73804649394968 46.56365898434059
48.08958496002458 98.36245158886427
62.109709840603166 67.24334519217801
33.50062214240381 73.49980669663945
99.59271735636587 91.38278716022816
56.244942144244106 44.959010239983336
5.485542824506329 61.594594347965725
85.68890080769401 84.76380198459479
58.17679249929611 51.270546743885326
30.162615440854125 76.05137610399268
24.223684655730015 51.43690974451831
14.59783090996616 31.740974598398473
33.477570200460924 90.87102060055693
40.38249204218884 38.883657209802095
89.20707728066176 15.864440330976926
66.19928199431442 15.214475238119052
65.45900984974111 79.81815120066445
77.78735215048728 85.81379848638304
18.07175273747328 50.52340802255858
72.01320875726027 79.63056552340653
41.37879697592142 89.64185026528759
10.490664425944985 58.30571401255771
92.78650701403922 50.99207932289948
42.23073963074084 62.76965792677426
74.49883055656653 10.669621602485114
9.155582580213128 91.05063944966399
42.385229581058056 75.74653923313527
47.951395038727405 25.170501313978065
87.97485907945659 88.33304086068803
70.790466320659 34.66134826225201
43.19054056727323 69.10338223957446
65.3928264014892 43.704782576140474
4.398604834204312 93.92261621823094
76.30595490026177 15.851692497660686
99.06345465908478 13.54426514769912
44.292776272384714 41.168211816518166
87.25797819736175 95.76317276908244
87.3171749134751 8.510204323237868
60.7721033195124 26.293025170017426
56.94543380985239 38.58021319128609
0.5801038744216003 9.262016082172241
30.88303422830786 7.602510613961655
7.312311928934811 34.07955115064832
75.43793950342247 60.111300478218176
89.92393829421084 6.124769257528994
80.86436385575719 46.5578200192881
1.4122036601745602 22.861795500855088
10.057396981987843 46.52461625967322
46.27679334936347 14.7724211774791
72.90715781956129 40.34757136412369
5.787114202496091 82.46386885984082
32.88904726174054 14.338820460070655
89.39159582650727 72.89009989308461
84.30925165133357 12.636617121969984
95.51258383977195 91.98808400554864
61.53890552676282 74.4991790824691
42.67906191234806 46.08144854863908
42.46918142706014 52.126945768861766
38.09177130228192 30.989285094198905
8.349289970229767 28.258291540436087
76.94338811140405 58.726656935201845
3.6711162183918122 50.530226080513344
7.443813460044002 65.6601342784358
26.94070648628424 74.86194379086828
20.226788805865535 21.93667478246907
55.443350090663536 7.197987259122762
3.7311703358606896 33.331152209223156
2.909962320144599 75.5450910307244
92.03495839032992 87.51138518661541
83.83846085562416 4.647827780748425
11.929737044254162 94.39888729702143
25.791506204367533 53.27814375353527
58.28274477606622 79.972600948133
39.946149263127786 12.086435977263665
66.28188355585016 53.18555851987246
84.23154762876956 34.267289177015584
56.041857326955636 46.89698763828035
20.22752205802646 45.24395032123035
55.078809951440846 87.76490599272417
69.82315449148348 20.27424110238717
33.96451320193362 93.67724362345484
71.66288005944807 61.786373446436016
91.31162829488534 24.23008790244109
75.85058727063246 36.71533917515282
43.5089671827028 9.722618375589098
90.78894806126091 96.21550408985229
60.99469874313236 14.631863721472826
91.77615973796865 88.30656584971774
45.53284839363264 21.82663092453567
53.74656706314694 92.9336741102267
70.3610633135156 79.93337694260335
99.96169173827585 77.40514656925995
15.762378282777501 36.045345343498745
60.4553416714796 17.863889881400354
71.7588057573586 61.79355794491962
41.722972960047954 16.73762860499388
26.304828544682646 19.311919399178144
11.108319317496452 37.9379980377457
16.93609589235521 91.16754592292905
75.95325219358283 14.981316246183617
1.8540282422272236 62.48381851118485
73.51154456993908 21.36331625896051
25.00524717514575 86.29185360622385
12.528554859894204 81.66617419610802
30.525268974813326 76.20183782644179
35.18281972205727 29.829575164643906
80.87532946156215 72.12635864573707
97.76896580068659 38.31901226739731
4.212628493755133 72.43026130659153
7.664744749243491 77.54820015693346
98.15356629059936 38.56814298469358
60.83642036478947 49.120836362876105
9.695697504439282 16.323284975479847
24.886393802456976 58.303835699392216
39.77030753948723 76.40559389273449
56.04195365587675 35.05733718275549
96.53457204466432 79.54291856975578
40.34147472964028 89.31139500568496
84.01532249406016 8.06225228202
8.125316850184971 1.8925811141018767
98.82361746552358 59.4931255428566
32.924396899476804 16.32586966957037
45.56568474721497 66.52609541096157
31.409779628555377 60.62223037924254
35.64363605755692 79.94060268202155
47.09680160890577 13.9295169335092
15.790587875064698 72.28396647981783
51.84473840342354 65.13117153793473
41.4241762134474 77.99014743251821
50.74599633934791 35.43766193200567
54.151306931874245 42.72253551453857
22.42027829620532 29.905669357206467
14.78213415514128 35.28632847353897
75.39371477436593 21.741777285076868
86.49267934248326 95.16705743857251
74.54102355723607 48.3626143340367
57.525600058739734 63.24680338442654
11.710554853081668 19.492593116853662
42.82268146400591 32.01759156874454
32.44990767459068 95.28735953573765
62.101571087215035 72.30214140393755
4.593527366247674 92.36803326150151
50.014495783557024 84.51914418631125
97.48571859070901 1.6320011019491987
52.976226569348995 44.592671145075556
28.01208030524406 85.56086609404517
59.48593488688001 53.75986296311528
79.57073219922039 16.785748188634653
27.415120644013125 56.01289978919735
90.24580286348177 53.98343097119146
19.90654979339741 65.54529652174138
58.667696612697526 9.688141502178604
77.55903525875398 50.71017433319609
95.15894444758274 72.28117443944434
31.33073389278842 38.68903185250816
83.89369899292637 82.46347392336712
1.5987828102217883 74.70573340472899
14.320435611839644 83.57100341968206
67.1617104775104 33.150971679084705
62.480553376619 7.395150807881878
97.28622789688733 86.5578826171226
65.53031894424744 51.534178861003646
84.05509211928745 38.522712783657845
2.9016262928751924 3.240777201628886
86.4937690166106 1.4915015311235513
3.7393102115640287 31.597214413702
21.225321143316588 97.01725184342708
57.47089926616653 13.438912283273696
13.31583940820913 12.261482891726716
16.44205566662159 98.65315060855376
42.99674720233556 26.822874583934198
67.6576262280109 46.20731935009238
49.61025209216733 87.43539539699316
58.353591247456684 70.71477886202698
91.98746653294229 66.5652439957561
40.06768836750791 67.4272863018838
78.78395175996471 40.256878494223834
61.370620042772636 96.61061347898729
54.71075330992937 13.688359766464275
17.384916987003972 20.67906407497414
54.4257196851053 95.0541967121094
33.80131547093651 92.6568740107122
64.11797475543047 2.989947555539141
1.9280108997543288 67.55607931249486
82.55811163307796 65.62064492561645
83.29575245606837 13.419194404753409
79.4624084113469 78.80702773015143
55.925061626916204 33.06436384970664
5.736401222218845 1.3148459046470662
46.10949799826363 75.75836914672855
49.76421610811702 29.242076983414467
18.791642225824678 7.24060329894658
79.68767433644926 38.3292319965566
80.75949181739082 98.51906832459518
61.56043257434868 82.35927733517546
48.82956225323502 26.57142250214729
28.17820490645214 23.469199867347513
98.3134197636516 14.845384964297681
20.385339732176146 58.269257551740125
86.2019040990957 55.898921449299564
25.528163909944446 52.032555185874884
66.87467619854917 47.92339478656178
11.814270160433571 51.230898659870604
55.26298045988158 63.474171792764864
60.744231597366394 47.71231323764395
62.32271361356639 30.433688609134848
62.82741362067716 70.03438045790624
42.91642441437642 46.52038994730301
10.291200302343896 67.97786967713712
8.929791371027541 24.571323695289816
65.64712754178717 37.237423519273314
16.475218973354288 37.08189736107729
66.55066884359316 51.4155960697744
79.21328460417524 12.17884224288095
60.00901350030641 38.61884323469352
71.27611645132178 87.59044523149868
25.18831674645692 96.66366103661962
72.48856224590203 83.81493220972348
18.076127243988815 97.9203159040803
23.987351877762407 87.7891614970808
69.42343051503642 15.324941587246755
42.55860604799131 44.909250186540376
82.92374596686093 17.12034472357249
65.17338242161775 18.413473619861442
94.31272743141893 2.190552776338406
30.949674295371675 27.799948472992263
80.2442293362189 65.64374083502705
27.20751360184346 82.92357701088706
85.3565279896398 34.75547498741118
39.11094851031566 97.76760431639548
36.92726477601713 89.91444835427728
76.78148840154275 59.687626300695804
22.129809241389754 65.60981206099841
96.95101583567138 13.802293309510294
16.687284367165123 82.93638338125105
65.63592520316098 69.74139395899712
82.50170965051257 81.21598134652558
74.04994518141527 56.693810816122394
68.62739336001643 75.73216345527082
78.53161022610826 7.936595341466191
68.42974540707864 67.40127511032497
6.586677930938379 94.85303545999747
43.15576305057047 25.55114514426937
14.125508224777427 54.95338717574408
38.3499403861589 34.32308578856706
83.57374284865944 89.2132815883117
54.26554022393118 31.43811571468835
69.46788583184585 84.00138597833514
29.925315026870138 92.35522195772987
95.99024365680737 80.10834879915559
38.8985757939089 56.51901102312915
34.481382518533174 12.31376630223593
25.130444091824955 23.704529724197165
13.214744455010575 74.12093505549123
56.42907806426359 68.11364332856353
59.00711050649578 94.12336047213006
34.035733255729895 37.425857667764895
63.65465600985644 84.58680242303696
7.2891595111135965 92.95173729240264
91.92934868876719 49.59231137496377
0.8412042846270174 26.621037203025153
10.71851021625092 22.675807395903625
43.731077718138245 83.89515181581478
0.9721878479527102 46.86030429006268
53.148179287688514 66.9511069711357
67.84848331373226 80.5963613358326
45.51325312612736 55.04923233287131
83.57551377851298 67.72190576313906
27.8507815856204 57.734471224207375
13.605215992403508 64.72769926926485
1.1560686418583987 16.665109602294383
70.99862670471445 63.572207225013535
56.22777637283516 83.31083085852494
78.71677734817511 14.513522913948195
82.93428410972952 46.77857526145144
43.493969062688066 6.331003261268176
80.57870274655991 30.77757574305049
8.605873612430436 27.61632613650282
55.55730348038173 52.51887344166495
10.416644605975666 64.8551575504915
62.620936886258704 53.81143122121698
5.071958696720924 23.51330587451924
28.491895292215 2.9962058750519827
12.453901769659904 5.2885853569729635
53.217385831624284 0.799755757515408
84.1628658434053 25.004557857733246
27.3240288938161 5.800464666627992
68.17451086877398 60.52793840267622
77.04307638386821 1.3674483370309853
51.15744552564493 53.14522218847161
23.601682965590086 9.218440570305708
40.72984088768011 36.41260767610527
20.199336269036806 98.66697151650077
89.60959821682508 90.47810729212804
72.19907187498276 68.50449784922206
68.90351993754497 34.00004218159746
36.180931431332255 50.26163088253871
34.81193764276447 65.13245292727163
66.40189863824921 77.01132415196636
26.78662570038518 16.708045794454527
25.83313646672123 45.94956078718718
24.13002397484868 51.73034125341209
42.713661252433056 70.76196769109622
69.32975047980645 63.09119243405276
92.2399286878256 98.01075233809041
84.08059277665507 1.4412280819117274
97.24520915266471 49.552145555186996
91.21907207828463 56.49499751820473
88.64868675298048 9.321302199584148
2.06079468516579 62.19082452302002
4.302754183590896 78.96711290452191
90.12122702231264 8.215672884247848
64.44538188985004 14.12926509218233
40.26589246510886 37.6838315911225
75.3485114546783 14.07005639036445
73.38266407456146 46.60807605543884
80.68093261098242 71.5492639257078
29.1928422138084 8.201531797475925
53.674127886199685 82.35708121591242
6.4364792037233 88.62068026474017
63.88071763406336 65.20614976388617
12.686546748907679 83.57590504250679
16.23067977064584 5.310509562166299
7.9443207931721656 70.45475580668992
39.199827367405085 63.05827685627457
62.711297586203194 73.9479490990509
76.86237312424574 13.348439926314605
32.88223562487389 81.33331271706179
61.18696014996801 18.17742769469929
12.626393677754866 11.317121514807893
30.195242596156668 30.527683210321023
1.8477165478252178 57.19015420340128
