69
71.3828156763744 60.41337783235421
29.9731876834638 32.57235784991265
34.80633106803156 0.5595993462911508
79.0896673554799 17.38625596671206
99.34489803796298 42.91838223435364
95.45182168114947 21.785011743351525
64.0318736521495 91.59428583159371
15.834422793795412 14.843850796068791
30.32200220734449 75.2941544747737
55.42218649521835 46.34393321604793
15.832324560926004 50.19932017735217
2.80756972024514 21.72269347054925
51.5842000206778 42.728399832495334
22.324695765671066 68.76173292705693
1.518600834343431 38.10498084288212
76.0472365649994 70.09038632064397
45.84358206831762 84.93783271915521
65.37417919876441 2.6881140794106306
51.323470723537376 69.3667875509973
62.49371817819451 20.82843642398611
32.86479329668184 14.926139502699087
80.9831708735986 12.992274971561557
85.96928430139837 25.633748981838835
57.21562172657778 39.0376451886907
14.952086967464117 18.300631446364267
57.53661875102685 21.17343054426638
34.37014202509261 78.50854787236585
46.426389121146784 48.897538876486294
78.30066953218295 8.380095906788354
7.115100548225417 69.58348280428551
65.5072863918928 55.6555553630988
19.337792912422913 21.24602841320109
42.61965250282764 62.488251308542644
5.066063641466167 24.35362200798862
41.5265690581327 28.910927992479863
43.50083399124204 2.7463125992623016
4.298880686437934 92.83951390923401
80.3187849590139 12.399528665057268
28.2274453927704 91.9232349628998
3.862597574419946 69.34101677430701
88.18288989561955 87.76818526717229
67.37096493064828 71.34443210939743
11.36397233992974 65.06269155942532
4.765915784968911 90.11906076987609
68.8748078618141 73.3686309311704
32.43288103104723 12.390920635319736
69.29115210167795 76.32585608777013
68.33307577730804 43.43684244012294
14.998028857544698 99.84653198491073
0.7957042268531667 66.52568957555587
55.86631972209026 50.56624974875168
1.3825425851061834 28.55001657250461
9.600783220278908 10.76191588002139
79.99334009789885 4.43293601480862
5.782826128977392 97.29642812154887
48.63455080228901 68.37695824133452
56.509000411716535 26.219251184385485
16.303769296964944 99.05510904541444
46.31654309964996 4.34913521743333
7.359525948869317 15.029434989052405
17.98147380274705 49.653701568138885
84.06407155103277 74.48711201057353
65.6048157025945 46.00912284363423
87.25788826666509 46.97928136774509
14.551948014093385 27.916675340102227
12.654571284296011 78.87234822075015
45.429746541143686 91.36304592733227
99.87797968510633 28.901432148254802
44.3261858062321 17.958512217798717
