634
10.585524281246695 7.464167189892523
25.92890544466805 20.423860454176047
77.63910607292856 69.11941240584166
74.20472986169294 25.288828771203143
47.17080394643097 36.612836481179045
33.901419980469484 62.28109274505946
68.49238210068009 12.26604098134878
78.6110857247352 11.109124287067186
66.37121129452811 87.80234338579291
0.661587549137943 15.862211996298702
65.70632364284134 63.600461828609134
23.34403221596547 20.26992270646343
53.80941621391548 81.43917155655733
71.78419531522036 73.76403477008621
97.91994791683236 11.77029874809331
3.919710985815561 46.882211742588495
97.36361573074693 89.9281023174744
76.7413112717475 79.86383463472447
40.0397798507875 60.306054044558635
68.52528897153097 14.815118915791825
84.14183251580917 56.72245370570458
61.26705466863797 56.32034798522607
23.781671255244994 25.728048259158598
27.615375049559866 48.074871045463695
80.23464052742284 49.234851718042826
48.17601383288933 96.07239560914564
91.69435803957153 91.6182527252275
0.38107538442216926 69.3157326212214
72.20182142531351 95.82075274104827
70.48484787388755 72.61233859891003
63.31181053183915 96.3502593919097
65.20407512365904 4.49243769541302
5.724051913895389 24.631155464919065
36.23029583784941 67.05994158050747
91.17729478330101 68.92630533504995
66.76871468729473 56.3435085913835
6.838291976875399 56.225010847645386
28.722660063575834 55.17786128860544
95.88201696083567 7.739360448643162
25.711769565408005 8.123539207537512
3.9351940271234565 41.09484285145745
46.25579710025632 49.930718066592696
52.54112250495121 63.04795327381959
4.435447810706872 78.74107913934819
86.79489881041326 43.6451167577424
37.00609329483934 44.79323392136446
4.002579184600408 12.904093540662187
14.923024682373498 77.56074482871666
75.97503027434 12.176557045080749
19.22527503248862 16.717836107292726
14.82897859331901 24.21243004635202
39.84282864065949 61.66486398151674
71.53109833190385 9.700007570649072
82.64114777468082 75.14416206132529
73.01202696294288 65.69800757136477
29.46735219884673 40.55487163496133
91.62058446630462 1.673376803453186
38.379189384212985 61.45485993385733
93.6098785791759 64.53363154794181
98.22103403016392 75.54698109620456
26.45710425330663 76.41728566354136
68.42238498706314 18.708778495129273
33.17367131651863 27.023666215235508
14.338430266102641 5.747809251480485
80.43768752158661 46.81091602991477
22.387142098404244 47.399870320173754
7.235666604103308 78.6575902977008
2.250232694510901 2.5160471664817052
66.96879168509238 1.6348843134215585
54.48462122821434 68.807957253998
23.874283267401232 54.834863422698334
53.053957218905026 20.555258299097602
63.23020509686693 31.8560618165043
31.61134683016755 79.55099914886252
50.621281815249276 78.63525953055873
18.62711490351412 49.413551297159486
98.07484631645568 78.90242098071347
55.853239474418444 59.5115757502622
41.841003765547235 70.96023135837277
38.036820991038134 46.955472517445095
20.084335284375886 50.81211446804774
70.6902437478027 37.095032692175955
44.656991022021245 12.190549979216348
52.5274166210979 87.22827923619329
76.05253986902464 69.8758880417286
22.249230420595445 22.727052732899512
6.492916521870706 21.770619040505135
3.2150547483670633 33.36312422920167
97.10880424308593 77.98203783531221
70.40050882995071 10.500952540459174
70.5664706200707 95.91102334569288
97.07671283888153 33.232266218230635
30.793402570138127 59.74378970598963
65.10609112820798 21.42605850623879
41.86181928096321 77.47733473822902
86.90743573179049 3.618148440980673
21.693625170861008 40.81414113709643
70.591289858293 19.73962247945672
44.55467422700489 68.46266620797874
98.268364618917 13.356547779105743
64.7276448564372 97.96271368794092
96.86452904711857 72.65159564720275
89.49704056924189 61.374024200486986
14.99981121864863 17.42806942823031
84.27607055580889 49.039629773926016
25.450064749590197 85.51838073710624
89.90491951348952 67.96408378222394
91.90983274431412 74.29114136295767
78.49139579414798 37.836986942680916
29.351653305587433 57.32644663453998
25.375056562811636 29.948195522443232
35.17557967218907 53.222912492072616
8.633546661197322 64.41595728649098
71.10667256044283 77.19291313839773
20.997860309891113 12.244095533537081
27.950499233430314 49.1312793680883
57.64945181765351 84.55163314197134
25.888894682837215 45.25375054710662
65.42450971532071 6.687942754088139
19.75822784922885 95.28486601158805
5.179183295224876 53.852010913329664
23.46133597891279 35.93311729076621
98.56859353574896 5.16771462015293
76.71223259947386 62.92554191035663
37.77925686787207 61.54739703123228
51.27581896615223 29.35301673131886
64.1348319291732 70.30185443076265
78.20568049707123 64.32309198422564
43.634007614097726 95.77135131575399
84.67022997509287 85.3934245702463
2.4426056462839574 28.778096494351168
11.95095025520766 20.67960290538019
74.20688650216148 53.41508490349407
83.48738338745054 88.290459705691
70.10808189909038 45.72490127862883
77.48792990082289 34.060347947742784
54.687808835155685 71.8265127050554
91.84835181145704 3.6967922831179556
4.636086039652421 14.109629292365412
65.38756168110326 63.9831378369258
84.32292579595682 84.1918021098221
66.90738993308992 11.29781459750463
25.04225227830428 88.5336322734061
23.725478325915518 56.37853785949998
92.82448634548126 56.42305284610107
71.99148151264879 49.56658492308974
42.0959519291889 35.860710257131366
89.43287596193194 22.04410381728933
52.2297158938812 87.02287347757668
96.85615978232336 82.83838675260846
43.167876184295814 38.97269615021269
44.83002538511245 9.135583163243233
10.059257006059397 89.24164562029058
67.45172858792644 67.08271354829398
91.38105921584993 0.4295649695686632
8.032962385885256 56.323677338915324
74.72222889117626 37.640114781349396
31.38774330661316 85.76106944206686
6.435900813330598 51.71850946686908
71.31223025654741 86.83151559462019
11.634992242144794 89.61279961228463
52.34556795328624 86.73023963306147
14.43014892901836 8.23435004472084
77.38489317997518 24.31060391660592
5.340867292859198 83.59031771437083
20.47773629594757 22.653176451499558
88.39083378242053 93.72904352839456
99.81188646057603 94.24539732317922
0.8182658403662835 79.11940925692018
65.0856986232317 8.87063416321815
87.89426579620981 68.24198870271609
15.976867014439334 89.44787709106788
73.01556271002185 55.64539156120446
15.556350731587731 64.4331132460158
96.61233936396592 22.87161375407042
24.176334125797784 28.7007035162123
9.151001382940683 44.0919111536404
67.81665347549885 3.483119710402094
50.66473440760456 89.36386216491006
30.5108775477005 44.24831380246987
95.28472570629371 22.4207743252258
6.256538056158567 25.60664737823717
99.76136219157031 27.533291634144152
26.864074102769408 19.504993992089315
17.874452454703604 86.55251522123545
3.9787871192067947 40.09532260305115
57.39468579173115 31.698513664733298
10.021706782429273 81.8909384888369
93.36062000822672 15.011770682638492
33.67175494581094 49.64035218833994
16.918606872237994 77.78803071290022
4.2333445295298695 39.608123077480236
82.734352915988 21.80816883658071
80.77631570041879 46.94451245534545
23.473816308660222 85.1416362760823
1.9525177956986939 8.47171326509959
3.357221254716891 27.938953527035125
28.62770485515843 92.61874801523153
58.703486833840465 66.88615459232723
24.517876245071303 6.31813574829323
93.99226083555388 86.56211896971165
66.3424084126619 40.860213006813154
7.474175263439586 54.72172400792912
68.74733959413504 57.38805920624377
7.1732548017059745 76.97235248295704
4.260927869619213 43.24028309630901
1.5410438745233845 70.56206227479079
33.5824441114869 32.71847086191646
94.69719433543602 24.813296895160462
28.77703516507284 59.3153781254133
35.25401574222206 35.87813758382625
35.332809261420216 86.88414112328773
17.87440287429718 70.46815675332266
94.32962290842198 45.289117718658666
74.46698518865932 79.09557559226734
35.58225943142084 33.536964398685555
14.34568751649068 89.75942301015425
36.556811830400015 55.52498765397312
43.953638535990116 74.33209039955513
96.79167068699984 41.17788519576745
25.39794678883115 83.22813443414012
52.92183050279293 34.251789263316724
63.714566783711135 23.955763580658573
60.16057450090941 81.17197957989401
39.50919493666297 41.748345330221156
99.36578091600256 49.79748260980011
41.87912252582628 13.185461594245574
44.135167589399856 8.524020888557605
74.2424610790381 19.251486892614267
95.13087133636381 21.128655660535976
96.57866720835132 56.9611386130931
60.88740261083699 8.571202981339576
53.2486715113083 17.113713024825138
39.46696320083078 76.97440987067972
76.52403711296498 19.59864202609789
51.08446668661464 50.371952309801046
64.63851825306494 46.9837227539378
28.79893784395311 10.512370387652602
8.935412860902936 97.80526086586985
0.3710665271404512 75.61881042848427
34.61710989353159 95.82331656171314
23.94250528316236 13.317637251190328
61.731397909966645 57.33549816824633
52.61590239571541 59.248490733500056
16.385739440620572 57.857869765573746
26.570405553733313 63.74068157137061
51.870850752997555 39.07704720176681
5.641323436357748 21.11953882146179
60.23476111235658 70.75398718044514
71.83143559952342 70.01292527053872
15.239797563576285 32.69021320703984
46.046610654959565 64.05617788421655
53.33423056468006 62.347550184362134
48.576835495011814 11.602271864424873
35.37235951428678 61.11201062485452
49.6203227905785 71.65329844590727
47.293693717858076 81.12037253316312
55.06436128658246 99.18919378854164
14.522622956307252 3.960833613508441
36.47596935874321 18.359572031836414
30.660316024088917 3.107313308243065
76.49862329014458 43.832780857100495
22.077962801942974 78.18684844813303
65.22664324972894 66.71797581238697
32.01485032127099 1.2210142875444085
54.226555397095275 84.28519586345396
38.67440739175719 92.67347606572187
75.8948054792451 51.22732164958216
13.25043759486768 85.9201796868807
77.54636889810944 99.45964688830612
10.195235201295127 3.7516747790912075
0.15807347896026336 26.235298201174317
89.70284160466517 64.60892280650103
56.740669452213844 78.81080432850331
92.39128407578472 12.53332533354924
69.99633525929366 33.23885768412688
49.4492589468175 84.63426501520208
45.546887693310936 80.47419180752397
53.45532288035408 71.36914959224123
23.60560778902112 96.77064352998836
88.94941294209058 64.63381571390482
25.874629164004237 67.52409746392158
54.66841970571446 18.71637000557658
79.92431413195142 29.6575050171609
6.619771972956123 5.1679086048643015
45.31219250763585 35.116014366935175
16.079952797761898 69.08826425027034
17.617133300170796 56.94742130903258
16.93043366234326 58.83337817105648
20.53782727785991 50.61598218030515
63.24099109639116 70.25245650501077
68.70319250574856 9.353879942198784
4.127098859212131 13.171891677157621
69.00757697647178 45.46266204822075
91.36805129436127 98.1684088280728
49.265240082693104 47.47194513696312
98.93146234537791 30.82570936709581
52.66638872927292 15.122255149642317
58.09018125816797 16.106545760995793
76.8351828123645 39.81445087272603
58.426501081762424 26.16880968277445
28.874972507692085 80.58498157961542
79.23166652379004 34.58937843145381
98.1628737614059 79.95118128742537
78.33337741912698 46.106998375860655
70.91015227515578 64.35624868671849
0.029217881064314 6.723439650176055
16.755672281763445 74.74568721551711
94.59674043157966 93.30624362069231
33.99762861308544 46.2877379417544
13.820021759945567 58.46556947948029
92.35193928799413 89.65366589710426
77.0533395341319 62.0808420824907
75.78000771723883 11.302691250715258
74.90508777504027 64.19188181437532
12.617772102093216 13.800333382604812
87.24792653431479 82.00681983397514
98.46521083846342 14.998673412204166
40.140927658015315 46.857612835307926
83.26010480283209 39.6155945186633
72.43091586301216 56.204394381462784
71.7126824448187 47.26861585055998
29.819464735356316 94.29263351113138
48.70914012577047 30.137864310355265
17.805423936496034 95.35425476845974
52.31449329460428 20.410924930625328
27.072917729921 94.27244733327099
14.812520676024777 41.090546264856506
93.67457055191468 44.73067500892515
8.717952291180586 56.465109977750615
58.5451978788465 6.630544164597274
74.06701905410021 63.40117153220491
49.67003084293471 19.190133298532107
19.61723329229248 66.23397263256251
25.536525987330982 44.89811463912125
83.29986199374007 81.06961052278604
24.4767878447553 20.957231259182286
83.66433614275604 97.52918892938982
23.81943399224612 78.87022375512883
67.7254208285864 27.369631462957155
42.39674132897381 11.422859473894754
5.602724848940421 55.40060273674654
29.121002473487156 46.474153037042875
58.24013366216042 41.95246018852837
49.21180847383042 67.41384281552702
34.14914001733486 7.319644549423243
44.93836231577064 87.54247493633378
27.74325287984003 32.73475769331823
1.2285030638611416 90.15897019726211
34.30548298215063 54.812824360060915
25.513248759801755 80.06479117899073
12.225806763996106 95.50534487821794
24.745801803570664 89.2094106515552
28.163580185363855 57.484877403510296
25.27313004717201 60.86271167050399
87.16888891298586 14.428741158053683
48.354394523773216 35.32714508152331
77.09081676126844 56.49745137383798
41.54128526242986 63.86671205314545
50.84690071255942 45.38015425661648
81.60730690416952 59.528933607554
97.64137778618456 99.77675198375115
98.7860864889934 43.03063884177148
74.53086265479205 92.58580959832008
43.339781000522095 18.58478402624506
77.92361824879598 2.403625071948512
16.067928455829104 70.75885835913972
61.30120621309556 71.1593924660645
43.94958588410183 75.6585758870589
0.8896497996668473 55.1922956881971
78.44767088464563 74.52795696962376
64.82871340743668 27.511498100798846
52.72502854865103 0.7429392135149038
79.13428422465961 11.562698905557223
20.848808860199398 58.75828439448533
21.22253842599595 85.56331589733134
80.2568147216258 60.29895678995851
2.8392934142830284 33.62185926615099
36.613798753459605 57.73774384268121
11.259779960134331 34.25462316199902
88.35100236973237 56.30894090688934
9.683298192486312 0.9197286660774684
25.63847667615492 40.864830828565225
41.99286902267365 86.39234511183703
20.069084382237346 87.14536941308346
30.80317786225759 31.644614953978845
31.042365642164626 9.731867199743082
92.12570416578875 66.96783028988717
42.04827203069962 82.90166451656958
8.133795256031263 38.60389841571797
14.505161726582871 83.4961912286243
65.86521312535476 75.57171812777429
73.63491423125687 13.74490977627617
31.6791981684029 37.549631610334046
41.8682297545185 4.548563392402083
82.14490914208601 39.84406339470369
56.31056001339869 57.56602516191494
10.43862407911924 8.237213576945134
86.4751030547358 27.23053687832885
95.54539071256258 27.494036775794072
39.83019088617497 82.15536196408267
72.40591165701346 21.87321447474063
19.896515593421206 89.85728021462353
58.776422760991366 84.60611574414348
8.967503218758743 27.407219460016353
28.350156972579388 16.56192185896955
83.33445387434361 25.657013937438087
82.47427761102921 42.76317548824874
30.22231156812073 29.17144258916111
53.757352357946296 43.62908199867529
93.4420386765958 62.51938056516156
7.348305917125253 38.82855377141434
42.40595956465486 8.511423319287204
19.313330046695942 83.90204386539378
63.02469251033123 13.498859397128271
73.09188946321262 91.59103812812562
39.562251284225134 88.26021203413363
12.457615332712313 97.83915826927246
46.22576227202268 2.036823870623128
36.64459993896734 51.306296285029106
17.508247141039355 35.81438377592322
80.02559206951186 17.277025971609007
90.58958672884415 19.395070378220424
44.02753990001087 43.39651440115507
64.13655882794635 26.079064407261875
19.4832962503662 50.67590757455302
92.96914067535513 31.966768820026058
94.92661454853834 29.659487997186673
55.43517455194359 75.78809352057625
86.22442915986615 35.61104666792125
26.564496209162336 53.82733817783548
40.50595541497317 44.00565578121718
45.39833754809691 66.9047239271316
79.90878738113331 56.49864758252112
60.017370522700034 30.379741630074065
26.472143933585734 48.30009992517097
0.6398240552434875 68.8029829975009
94.95390917954849 37.585017936025054
30.076488187707962 49.01665476798698
82.0630513878949 40.01768607759229
40.997133388755145 87.74512437912182
58.55508570747191 2.1798061898972487
98.03024626629438 20.164335632276888
50.75959787843387 42.383323343505275
77.22743471210646 26.538016955977216
13.560838216475402 16.540639015693472
16.280943350270494 49.29169907825774
67.9376648149106 43.025255572163466
68.30079916846574 96.63708283229656
37.12509038923577 58.13097541930109
58.78151147168255 29.11789420668085
48.41787735514858 66.58106337296655
12.40911687142534 19.885861403771177
77.18638583994311 38.763476527744565
42.002214631315724 12.589481448226813
57.765717003861695 88.40032906454152
54.99644909250716 16.20825289536201
56.00468991065258 47.950692124854754
80.1730119974333 77.72547724070036
58.66167504933589 42.02403965067857
1.1648863102051599 98.44260294869625
43.75107527320725 5.275369978283728
74.61943497847247 91.96845737506148
5.603131279347706 41.650526206338114
21.53116819573002 33.01165334460111
72.39787681057017 87.07746449416773
73.81766848465608 0.14965122600931746
64.5639233556282 8.992177125126888
53.26925327173906 33.00159973246102
46.41353572970793 59.22476996883452
85.99485586423779 53.21148822780003
83.3654057225667 72.537732668344
27.15679156669517 68.72835708639423
69.58933932964831 19.911905679668717
77.39205672693066 20.466327580606347
90.14544585052343 4.90653709836999
24.62760374518771 70.75928210604377
53.64101488275136 55.230690930022384
28.328955628461028 50.880643760499964
0.3323362350449832 97.37767624273175
31.497631388016167 81.30827431095882
67.26587671342065 97.97237222263652
0.8062925568564805 41.41560054028761
29.86351877606921 35.74298510541565
61.19310683230076 14.036350361861938
14.884246545028724 93.28719984413817
53.24442272531519 93.62699910207996
68.110794017861 29.151533364104985
86.03520727611462 12.293880723005401
51.45173673718081 29.963428128007664
87.83335870567043 97.43962619626714
23.612254468677072 1.8395510650353164
40.270623336671605 8.02901216237536
70.99313952625188 53.3769536459407
19.451218680980663 92.4008871755494
56.54693464796981 57.565445875458764
22.107966780626633 66.12682361376254
20.420486393181026 50.83893353497092
63.24637667938543 77.88264669120767
67.89844467747552 8.44499415854607
91.84086451212758 81.83797931768193
39.78749007364502 39.711288603238785
87.93738614249472 20.684572838102522
42.91539042282272 76.57398942662857
15.563926776832716 28.04397897476725
93.9618188770175 77.94014695047511
54.52900249080845 31.67981402417057
52.012551439554336 26.838748155889668
62.690807693407926 42.13121904367413
33.04027598602697 86.70511783211678
93.951207119775 74.61043639363547
5.471363960597763 19.48487367874335
70.04912754821935 44.34091527509854
41.945471474724194 98.298641651771
85.26499970090691 70.10039919918648
85.85745703682794 69.00270034915951
6.641950005464736 83.38465904373157
0.03085598646350718 79.21137124186211
72.46705958555421 5.3034989479565535
84.92914444054611 93.48443505506174
67.54308706623412 24.990372745988097
30.599579221305117 49.83322615311303
35.03396450589704 29.489891877152775
44.59094628597037 11.105356313987947
47.560256275185985 35.95081791520671
46.82127564837941 82.08198103514796
13.836445025660272 62.72316566849426
29.52508554325961 7.5386790002354935
88.51365851164907 56.85873021902409
80.66250168830334 89.58128972057573
79.42388669332624 77.0108129785658
97.65625230272386 44.92061821209701
12.373795964927615 86.08467768042172
65.97759577166336 10.857915674151087
62.94757870511022 30.657279905019152
17.130712290631767 67.19420474178251
23.395255278932236 61.56662425691912
53.192785292476366 69.83055991457513
3.06078261758459 20.05700615912125
62.22630056965597 44.835434253161836
38.73452535227434 52.1856318345856
32.37966257103038 15.048078736688508
95.2315173214795 59.65805142812647
12.57572115807497 97.70035444098588
54.623239482902406 5.123451109388732
58.558439565717194 42.78676432640211
99.21188138843885 73.80621991472084
69.45583109591797 57.5377458607786
29.768242885504336 46.10734590716945
73.64291922145223 20.811707066356533
36.28530614421863 35.86203162986642
36.100935031837764 28.793723948824514
26.998879730772952 82.77953318781942
73.46686238838804 80.89910772716244
70.47023784458776 99.21590698571828
61.10838641845871 71.7578144947242
92.69626666630163 27.181114422297558
68.11331919345015 2.1940421671726384
91.3134887700214 51.41156175007629
37.02999918687372 34.39285684477963
33.701473177645525 16.491716458089854
48.028139588420885 78.33887674494217
78.39798702863759 76.7631444420033
71.01982477025423 67.14136410105613
70.21221675609601 28.378919246320354
98.42867282655234 19.040806988802515
94.20208838462038 20.567147271361186
0.8964009616181712 73.95051477084266
87.62824983614821 26.187990121874606
56.88043558636006 1.5250091646471065
8.404630307635763 94.40362223641998
98.46743438318451 84.00512180611479
78.18022233065332 48.0459718779222
54.359796586882446 75.10391260316737
85.75933276151729 23.50020428352434
98.4247243471774 27.538223366042015
27.360619158896615 4.328353334737156
81.47002776867217 24.690279826762872
8.668207089797342 10.091847244101015
45.00180871244602 16.513426180919154
18.582026707764186 93.30786249471036
81.01773407740941 84.75303155605441
1.1085587823172816 45.686924136689434
78.27936538595026 24.837526292664702
4.348468441950426 23.336029954907843
51.56444209762685 12.88757772154101
49.24105348694573 85.35231618498335
49.08024855242561 98.33357358613924
70.2797125546266 41.90740349662359
85.5198610399813 91.99758561064529
71.22536755395306 63.66610491445781
46.253073544111224 8.317590215229743
40.08410455197329 49.46457631292387
81.69484188796379 32.137796968539824
80.4258137673576 8.214494182222776
75.47364716814063 78.12814482432474
22.72773990671829 3.2797539947597376
22.278071976354717 65.99322847582482
91.76522474082888 64.95599028790434
45.52776119051667 72.92920201070669
44.67064776152008 53.330542044305076
87.8279265379158 85.23817190162337
58.37432263257145 34.89433802404919
65.29753600554656 21.762403742675673
4.612553835844202 20.6451258766311
42.07918506104457 37.55974898036839
76.02304800682631 96.64047071805477
81.90777833114183 53.63243794964158
20.28966213787151 54.619662258041956
56.08861892639536 39.22693310821117
94.84027781491402 0.06241087536840162
1.116193098052487 22.409235403368555
4.858735938463976 86.85355132228378
83.78328009904996 17.51397982974938
62.352031211091564 19.01653976592087
88.33035920449707 17.051507471492357
84.25111741775562 2.1823866837067385
84.37943620778022 27.859864693922997
84.45216625384437 16.81190019048747
6.05838618374216 88.11266033919269
57.724884455875944 87.15632374636212
3.55798340657969 98.04430317278182
71.44563287020105 2.736164861020929
80.73094738858686 38.98326593676625
95.4515626310717 77.96410164724232
78.65165923065493 96.68237680106934
49.66313470440701 15.481376930683066
7.376112432356175 76.73827790915959
98.25114053747662 65.4469705816192
74.33725825090515 84.53103325975513
3.3031206394937396 10.943201210394104
84.24368159706182 4.0426875936978135
84.98782452511475 17.817236097550648
59.83359335760794 35.5502780530757
