636
43.42195480126877 51.47427095336633
29.73607281697106 70.5642389303562
99.75965360984856 31.5586134387275
19.68140792376355 51.49503122309971
83.46923669411099 35.413941343328446
65.58506271006333 90.71144930475356
25.66802211756478 42.950397211357824
53.090160916067205 53.54032164574054
47.85951973710154 93.19647240730056
60.616158735643424 32.653280350829036
84.40130559790153 18.716065986172538
37.35831602707852 88.73656675443186
19.048613034521246 0.3319803996052917
70.95547210413719 66.49024682299599
97.18098121420097 81.63700979426311
35.89950424318895 3.8483685179909966
55.07697546071876 39.84831618774357
30.32021458866676 1.964100878805608
83.11837067872435 74.91932908085839
53.86969123513595 17.886566292938433
51.047021250549676 96.91116940134202
27.90236188824675 89.49303470745873
37.31243488144401 53.76724561279039
24.079609769127874 59.48350096127991
44.643439286467746 68.1999072277462
13.304048955372217 64.42782649673863
55.36506473170959 38.175170889848665
7.25147821424339 37.35890271651613
90.59068670247177 75.83429726581308
93.61916201095808 98.57004159688579
66.31963986459407 27.57121858852185
19.23574623999552 36.176421246067626
38.377736695389366 93.60652880791389
6.096998764792472 65.25968912528603
33.76174638254099 66.09522583750218
84.52147719290241 95.89808221893948
80.48520128633469 6.650148016834267
41.10986637794108 65.18915316799055
29.12530596872053 20.333170106506483
28.617529945417164 13.006985123437321
41.16951395300421 77.25477257626598
87.09011457491921 62.4172306467241
1.6034958291552326 91.28126300058068
54.20764662822234 39.31469364802813
96.02108727553357 81.56666189051906
72.70345151472213 85.70175695651767
54.27770930592778 44.540184898121396
55.54205545120039 95.49525721517625
47.64751808809359 27.454749459958762
0.7274724359457974 76.32341341808733
41.49124307653146 71.8621479729043
61.82508710624345 98.002858984875
35.15831486288105 1.490479610712303
24.868481487734527 1.9066849337236458
73.05198847142108 79.44168702394403
7.473440335754711 35.65856922862085
40.06601269513165 93.2651125015466
66.60609594590441 97.30474942048035
39.03163157448418 80.33512731491892
11.267886492506019 95.31097374042893
74.90204554316452 44.34380721556569
88.69577138739618 61.148759201870476
24.40893328977296 62.787237380725166
36.47337525200586 71.91735428645603
69.58415702204488 35.754424683444505
69.53635838215342 15.706715143402361
61.761903481210055 43.97297875366626
12.85585270629901 16.234102088548674
2.1261778486429406 38.06731669803768
66.13296352843693 60.09633414625413
64.77294366964964 84.62042954060149
3.524277349364535 57.19301851166264
39.4872866729709 4.8893961567629045
73.93585665040962 46.117902272881864
43.43565169949952 46.07740730513138
73.97970392228468 54.45069155251356
6.156182358691753 41.316490926937696
17.28075218112003 9.105788924842596
94.16651868856482 34.47775454918738
83.89508505946135 60.754805113757286
44.98920029801647 77.18131373956727
28.10264381447777 10.435473988418241
22.54089240200775 68.49835626408624
25.698580334603772 69.33392438729335
31.984639161068863 34.81703598343115
91.52803014736456 42.878635769049126
20.969979262974704 14.812658832169046
60.40390477754764 98.69551048823345
12.303124907168462 75.65852974600098
25.428313848388594 57.81523756102985
14.87381077219565 66.02310531027605
38.524943003520086 63.73079804146715
58.04689616919302 13.035975037933179
57.796232701722026 91.20914549519226
34.674912507263855 94.65650254582071
35.17993641653927 12.142892556547713
37.89145483881231 48.329185431643054
19.32119964217002 51.57382440351617
5.985147939448554 15.610764755988916
16.80827127354827 32.61494652716578
85.69036978545836 87.42557550112508
87.36913649994915 85.93722409387499
11.510681889513485 54.97004878518099
40.7218627866966 48.95560977146269
86.55304355086729 29.063780637991442
88.77710635325444 79.31793380088223
29.978928270785122 72.9735651300531
60.202376586443286 30.12117893839097
62.37677846336629 96.79210990720347
92.01494664854654 42.33698289684836
58.81077538883541 50.84695193716511
75.62568074805215 84.79790132844649
22.37743324486985 8.322923298943042
23.001895535809247 26.854607150036703
22.563426953940002 62.98231702536336
75.23019127784806 55.46197775548559
55.969405150963446 70.75374233278049
93.2123385090294 75.242954582311
4.095494329729032 91.38469389045515
27.82341518285586 75.84731554858902
81.33511960202354 35.662020177338164
9.818015114497436 24.763518405233697
37.07616131094923 93.14574338683526
29.341611786302956 57.35002466196865
97.42705168385726 24.981590497954453
76.05556404601909 33.64735154432152
10.278061142090266 21.31302729934098
82.02355721481199 66.19351263628658
26.63085744520969 36.49707568988988
0.18861065859577808 76.8294781848823
64.95234387205471 60.35250580594087
31.43654330932606 11.018203857963304
24.050686777310325 78.55208243351278
19.181733685449842 52.43239657189416
3.718941590512137 8.181139945708772
55.273323300418674 60.3022568976455
6.723812389188854 64.58524547036055
29.62517770554881 83.95602329830602
0.6845448458739689 34.03614572719583
21.353455863329028 5.2149535014040405
88.13473283663964 33.60023436280748
55.86695600965347 40.26268373809467
58.61997070050984 23.56319485481603
54.598394924748085 15.222872090103735
34.276891261438955 67.66282049848864
48.466623160470576 48.80439381923978
42.65460760356233 81.06566776069215
8.290509418887314 37.05674112234486
85.74932865178496 51.2583812116322
57.73515166237878 4.300414903466255
25.221637046037813 55.85601425465113
75.93220792875822 31.59339667377321
74.13813670627418 40.80014254551551
44.365475888130554 32.677728219562994
22.26193100425764 31.53629318337414
8.490686725174134 96.02683613533249
75.6236885320626 73.49038678126803
48.69921083822943 71.39173712588982
0.4101223471345228 76.79259490738973
10.682677254592576 27.70495880968138
47.275082423089074 44.10320647748882
36.36254185236343 23.786540938028878
49.26336668343675 15.369134376670479
98.83287015860006 62.013078374409645
80.29516923990573 94.34792410299889
77.94031043377807 15.89387549423641
64.28770210305555 90.13613380293141
44.04656426942607 41.843880600820015
4.247475111371768 97.47899061256278
72.5161793880822 63.106490836442106
27.20273727385414 48.4108999788202
98.03789135186601 49.841853292837136
4.8090088550047705 43.311136934828006
88.06799726349243 11.561702344839219
81.30768870535621 42.630592412879345
49.04310538023813 19.135867590637556
27.782729099514224 86.95686465892125
44.45797760618354 64.60335295745429
80.51399832807576 77.18437092728165
87.3152043127212 35.10284558198315
90.86815671700546 60.566955074113
66.79801009794033 90.63883076593575
83.22823154161486 87.6006333811778
80.04501488670051 44.56145196827571
70.86491398391144 75.97820495165881
48.36644970641123 51.57098038480877
28.273643025522908 18.199820490528438
63.65747945058627 35.30926276554855
78.14084268643673 25.19630166768402
71.6162164048638 20.407861929650906
11.42710558565162 66.25225860842849
28.992771349191038 35.77874078894315
79.81785434294316 47.23766289318782
13.633459383796787 83.15064131532642
81.3054935342444 31.518687719621386
97.80612442831837 51.16101575831302
19.216402313829995 13.9609894297541
99.4602749866427 79.9068193744509
3.132510939709765 34.06357232531057
45.39603489547732 6.974568406273917
92.88391113044302 50.54469420043185
61.61063770480997 72.8364657759965
94.89580792187738 95.40620426694966
6.339078823352306 60.88054811282143
92.79818217433284 56.10280901792449
64.73988056916743 24.761044363722707
86.08384173516758 81.09714193016109
90.21247447356127 43.885017631084644
76.47081042290912 73.08145494513694
26.446363290934872 74.1548846236542
4.377675225342181 51.25587165205058
80.6025591632816 52.9480784693592
4.942019142039323 6.372885384588855
76.54089737316355 23.759222438172223
64.82407034477039 5.335011563746461
42.631849381804734 90.10317001871971
41.22518639961667 83.00055579167854
89.91336494497727 21.48022949019279
80.17984619567159 24.572796371829664
49.45843732298374 66.40426292895295
91.31925816811541 14.169212979173484
76.1935428421268 76.8255098623041
73.39080894823411 27.542730846232
70.00575680196093 57.56435022819982
91.63626549090533 66.5541009351745
87.81231543878462 66.36135450700802
57.309104078671105 61.404512963726745
93.95924375034647 31.070730030444015
18.685936266162283 95.45951063581116
78.99056249278964 7.5171358226972185
11.076607714997156 20.297631601478606
51.586072907285626 78.42925718269699
59.456787415293554 33.191400638419545
22.016414826872786 61.99346321581813
56.205611785248 0.42175807369350116
28.31613675377166 26.52044134008107
37.6864268140508 94.36397710986971
77.74859212548306 54.55860186218979
34.640636861893285 28.180709262558644
66.43563627014237 93.83204441688025
73.55928249207207 58.31798932357811
64.55135699163115 83.67709218595948
99.20613144912033 48.1949921761265
59.176973141328084 96.93357541746155
77.41083681233472 44.75365061643226
91.11202366456656 19.893680364604904
90.14508286261152 24.481183785167893
39.649903496000405 81.88295361916951
94.11259997726815 23.302722697190237
72.3473656156512 92.23576372678993
32.78759058736236 49.724327277532645
77.22440505358682 10.757271874196949
22.154458335682957 96.10793008718291
5.90656263841407 92.16066660026866
52.47277650354363 21.498501578876716
70.2209657335563 81.9466428357408
47.657797782429945 99.85877969957969
96.1595870996842 47.215068235059235
68.06511331547699 12.590776023038796
35.58620253364923 3.9152982824225524
93.70343062779017 23.086197024708998
94.41565259788935 71.88030241635121
18.908439299271596 20.928429513921575
50.67650497537832 76.304550879108
32.47820731315052 35.22382021435201
80.26441485886197 69.52877483325591
82.27117658779342 93.9014639087466
20.067468852195724 39.40624860662194
74.82213203828825 75.24764194820163
42.87135089913414 56.8286255697935
66.31925271819159 21.47532278014249
2.099634167457065 2.710010442435251
87.36457522018281 8.63454731836849
77.33839178366641 34.356258541095265
63.074584439583134 89.59699511385867
92.81326358453596 54.7988261323349
13.726352473724768 65.82242917252701
78.10309544509938 16.7439529350885
65.73412411664926 90.51538399724569
65.04258954261563 95.5983412721464
11.18394448025507 29.361241461692845
89.68907846643901 39.4753446170335
5.265166497283813 78.11711646828581
76.54740944434842 60.780567795029626
51.4869937406256 17.4845075536918
16.207628814765307 49.89420819663389
72.37923291948803 47.580123074410764
21.033521723394045 70.77586917096747
69.77305907008162 63.24053384214731
29.140884139962587 75.12083491569885
55.1559503425681 86.24108304512141
52.42497216193185 51.269896037935624
29.787203757354586 72.40574249356726
29.61396502168917 2.327545292603317
31.966526848914224 79.01714588083325
0.34558290550147364 32.718360399795266
43.47600463340826 19.326698718824886
19.455566657574842 9.183808985758091
92.61829098180809 34.63189334501456
56.66883488566652 49.46250333635373
32.98791126846143 13.174929939077417
71.3701039198397 53.63226717683914
59.74639442800168 23.656715626273737
76.67395696545421 66.43839341581254
4.090537761762847 68.47261875504455
69.1437667672283 34.84380422900071
48.90458533903058 55.787218585273976
75.60185401581401 48.66739825024143
74.83963804727871 62.55710224513934
35.20805823361657 1.268127226684268
1.6025439168800615 98.2394871170076
41.23411120967465 39.76018963255819
51.600444348404515 68.9834442987967
14.804038110891193 16.584059074707724
49.45910604033643 44.3788480302384
80.60675043644277 39.844522292368936
14.200483094438699 69.34957423897332
43.13461820302642 22.21180952863664
88.69695901071013 28.439075175728966
83.34698841636477 20.777222475617172
56.01859544158779 56.11758801088702
62.622692620143624 98.82571518591342
59.02499126331673 53.191167145965736
2.419345861381339 38.64785955573113
72.51013709358904 30.57151914693388
13.698125257351501 44.38959612474609
14.389684456673713 66.85945858820257
80.80895081819844 76.55612545295438
88.82460358025047 56.86896017732372
36.032768301685856 73.74527277907806
86.66717356102247 35.98401500041771
69.7825245950567 14.688209843227717
96.63246292394557 65.29347189076915
64.83402488849838 55.81091140480399
93.1098297173072 23.49378307947362
23.26998081993611 41.19411228599441
62.264426416900776 45.139642325896546
57.86478241996566 46.05464677602193
41.04127343984978 39.60313192756774
37.26849825000511 81.60849444649504
7.627516865123985 82.11816129672226
55.20442528317203 20.29317208833037
22.397986339775667 20.252841903459096
28.588569595223625 28.729829199960943
96.35556908736648 69.25512010497367
87.13998615837197 53.68976531044528
81.56418895289012 76.48801258993647
84.01704736819336 91.66338296176171
22.609174478213944 33.14921229249552
97.65756709308181 30.474477030872304
62.905974229003945 37.55620508597698
69.6971927797113 87.34376583253274
89.10681655802942 5.106655412140382
88.08315059050031 65.41886099623804
94.71411703214461 76.66759276475685
99.65645248520576 64.72199225078262
28.245017574819297 54.92148637800464
80.14229064860899 50.19721887553757
98.52656899788943 63.72639810975554
99.19405978190161 71.565840916653
25.967515476840752 42.77083395918587
98.93738701759523 0.3340516111003833
14.913658761375526 85.38964399022919
3.685814686339628 16.390571454323897
31.110755586822602 98.04219246387323
68.47563487757152 64.03864203718267
63.97161976295257 22.058656131948908
57.21156214786968 69.4380696971807
9.528400873777798 88.71220426382803
12.728621952171215 15.848432887334374
54.65196378916928 71.10495009363852
24.76715581563108 65.3580013224288
80.20067358110515 33.43652281257995
34.59313786316676 59.0024235054783
13.161510500655794 94.51211743659766
90.0933823853205 89.54508281776381
41.604946637309546 66.67572512461494
76.48136401795688 3.515531720645737
66.15848549203623 85.95813687592684
81.70264252180863 77.68391119824282
6.967553086911993 98.21952610966771
95.62205005413101 37.95618100915307
9.033774883586176 26.204370751695272
6.114664958835558 5.174668167305374
76.35601582892936 86.09782765141527
32.62896341308979 75.73633127061898
25.198592182359867 50.440437685414395
61.926558611213224 92.84427071233846
16.79524179069708 49.28730439856829
45.583989987136775 41.370495605903436
90.16972112859347 6.879887060147327
63.677431828688825 42.76610310260443
27.582371967493856 2.307782487618071
88.64805125941314 62.48354878465111
51.32146896668461 22.36884164878723
82.40180230551827 84.65863492327301
66.65984103032403 74.05799629216578
78.28107044395071 16.278236312741225
50.15174020531349 30.999084038637324
9.371500981121827 10.226344391069752
60.55084161616286 47.6118616139989
49.74166779963169 60.29865633701621
82.75131330010385 58.5389786699068
57.058370095931 67.12950281291285
40.043306986600534 90.26709020374359
44.80204595143162 85.84030973891961
27.286024176980327 86.25419668376163
34.63641908128825 67.66481228154184
57.05359284882996 17.24535404563069
14.602409035439345 91.47041546333826
78.59712703304814 18.23294177943747
57.86809498831546 78.08624815385252
46.86748268147076 76.54906078461313
8.648853335677254 14.395160832767495
99.0923246176951 90.24517003462829
23.91721872820163 35.05746112660898
27.225406485375025 85.91184928748979
70.41040448908974 83.79369850133666
15.955176040883345 20.90821926490879
44.73182636705536 63.086300550926644
65.6895889421388 32.80067319444478
74.85943603306747 37.61408270071341
27.11718082678547 87.22278996623227
15.036555578490052 89.99226563582981
14.558761287052535 98.38242961290446
48.66858301538356 85.28557236237813
16.63826590593561 68.59965831539708
46.05511885565504 67.02525055957422
16.006570870037805 24.485691905951455
70.85335950273353 97.18515069475714
83.47825830112232 77.22448000227683
26.468158514739002 42.68334554085691
11.72714998605937 56.074637168433895
65.04240405378805 60.74676945259691
52.16754390288475 25.131998879186533
27.794957446491676 99.05605942612965
89.1786868227775 61.04169582222851
98.69918495012891 59.6684813333584
28.3987066936503 82.80480406894455
21.364226777896945 58.58835797806597
38.16353039982171 54.91830350472943
98.3897615478748 32.889118591245925
23.25129593902535 54.671934965241654
98.34336750960642 99.12499161175707
68.24059251998922 61.7257385890695
26.59270288774591 28.59104669707029
24.36059507384255 74.62517958734081
90.57521799790838 43.09559693796297
75.25899872578532 87.99530630434846
71.34521607098311 91.47170669289072
28.8548081032689 63.07197636493217
47.49019458091433 40.78855686456164
18.01048553051584 15.87124225135238
21.125734094234705 22.208144041509804
59.748379250451514 0.7927621104535265
13.8843540686999 33.80101289265247
90.34291683343595 26.781605407342845
68.00016398704274 48.548083374913766
81.59182899745517 27.00635630821543
94.30870637096814 94.06515690696287
42.9179671798791 16.314324471810572
61.03598272123819 78.14331641793203
0.6641713872396426 78.18057235726906
40.16922666577615 28.68458971078325
62.64386648759553 13.261696169902725
82.24208170100512 10.485884176837178
14.659505517237204 91.60829783972424
15.720531369767821 97.32201279269144
11.247675211977782 67.2572165149735
70.90980746222397 67.439165533804
33.99053193385797 85.37464625843883
65.80736891764529 43.27607177617193
99.03789711722327 21.530641334576707
93.1489247450058 82.14758467419459
49.67653272188485 41.19830907635617
7.495124955928656 83.60591726868495
78.86866519192893 98.1564214083197
30.340858563224803 86.5179966675796
37.735719876447945 39.764065784413646
23.80691050543956 98.72475397839453
41.96767823110721 92.52883949513297
71.86273927810026 2.2784641367377567
65.76745610833402 76.81410780347608
57.701535742780095 39.06161266090778
22.658902674364345 5.115436333664647
39.33866313759664 50.14724584178555
78.31474536179412 18.286967293604086
41.03365398264518 39.49729166346903
65.5532506242113 22.82385119857322
66.57950278411077 72.38642981207988
87.6184740391092 45.08288421513199
37.29242838031285 71.61319143520572
89.15805035879542 34.52980991977239
47.01929297840153 78.52464656926554
66.60400918431118 11.912511413492199
84.2722774946216 62.59067649306267
4.84967038854106 25.294247240102674
85.52902947873862 2.9706467672464987
40.81290663534668 33.04521237651238
90.01432468299305 43.767847680756276
83.95926250954564 43.96950249040652
90.43148827354185 24.25237812657377
81.39856981058139 73.19903592601439
14.891752666638137 15.928718018096099
68.3583565950446 99.0956374869021
70.3725902399112 21.612405017769987
99.15280041882318 82.97795681893115
71.96019537921838 17.8769327477582
64.50659606163053 79.71775659520598
76.18807625879236 74.08188532376376
32.769596929231184 60.638318182241505
49.028278117542015 28.674701283212634
74.98186631934303 54.110401494879426
23.62045962425514 5.703463754974425
89.75384841786651 20.773895444299374
30.605346356506757 37.10026121532255
77.62742095058547 18.865767116296418
32.41813297126326 12.345323517331842
53.07165982408284 52.20816060799432
45.037326203632354 12.257573487162876
58.45601794751466 42.503299357069345
73.88049920243262 58.55917596635574
34.77313216189787 99.89440552765195
30.42394173503393 81.3046552442443
25.953730741754853 37.50533400498619
59.12152238254238 56.554650528924455
75.47781822372158 66.3245772034591
89.62286687973686 50.35514520810847
76.6671720858538 10.011435188717355
7.70774362828347 78.10281136502651
25.452518165961802 71.75636281823343
87.73679596198802 31.423956158441968
14.204096844599711 62.44365271464453
32.68859982884773 49.84078480819263
88.13339224889256 38.92202123551041
19.891835956828707 31.282253987779317
69.45096512467966 44.30807551702546
2.9686717299006182 37.34733214997662
90.66993700578332 26.69926205580152
98.08826720520388 50.36879800950816
33.53434047239422 65.59765193343028
49.55799375724722 18.396513320329056
95.81419869532017 96.35946919906732
81.57740150549648 39.00451874247884
4.754850650200437 36.334323380147225
16.764039192503766 64.78975665813633
49.12747377172884 43.153083979623965
11.625169134831436 22.52228105075299
16.8420291522962 14.160356006984676
91.38909299657452 3.0456947495373754
39.48558110913828 63.634099485852644
25.008114696833783 94.95768275444445
13.021133026742305 18.14430218881171
82.01257139068086 28.404874240895918
54.268032199614346 10.762207299427551
74.8403130656113 7.073748608571718
95.98296409163974 57.542144252691095
55.20731408149475 98.74332676190642
22.398377861354835 44.49460779174992
52.85220780614481 30.78278970937609
90.10226082328067 27.734906517755164
98.80173318215843 47.393652230843244
83.8680617728821 25.061497207920468
3.732681090753198 25.32707523965324
41.694231489003876 61.36430208952272
52.757815291792085 97.0165671983462
98.66617166635868 36.990726934072484
31.760617679187487 15.879515228132101
60.41709169847477 36.86614829779925
13.270129287945098 49.172696649403605
34.128269416802304 46.97229069458688
65.16788360475243 59.718379527767404
85.32429193835891 1.2195724059198776
60.99172167266109 37.11180521498269
58.30318765298146 24.1831951460311
48.01195078269029 22.95338232682157
55.02964055870417 33.20177964262997
66.23996466213433 98.19507235274834
89.16184322088625 5.82666551881541
2.1743979809202285 93.27427581583329
50.092904748261034 83.08395208800135
11.578156611437118 11.760205282535951
3.1723571544295504 92.42857354648558
91.80853422737975 1.028932627345247
22.234661217792418 63.35114320140306
91.94858243772921 87.20527683778649
22.9840769824989 95.82833210918803
21.84141835205772 69.7778502117306
27.580474855323047 14.095982656732442
2.2881800916212836 9.50440706991923
86.11759021042272 79.32244002094394
52.81672515974684 27.23812754238899
53.709404037831746 9.067093157501272
74.0931807359729 72.03624655695864
77.24693214995904 44.279934560931764
80.0950853442204 3.640029273286882
19.33097061602923 45.87215111110636
21.15675515667048 72.3511731966866
70.39992505112369 9.86145212966113
82.46425875575206 46.618843988374636
19.82200604206693 99.9692257610285
31.57714837570722 50.22649281369047
84.92259358609667 61.410908570227896
4.84277390045621 95.28341526317215
87.40391994969605 24.74453969721103
15.648008764969322 4.11989973597816
71.02507453365538 31.189466791534205
57.84518458919719 83.45184497727934
41.6539007256331 90.59887682474927
90.89322405199283 44.833500201838675
74.25572682735566 44.11002813879479
90.91229807801687 36.36339562535369
6.9412873529933865 99.3790473101463
31.94484905765834 58.953213263738
79.32055647775485 11.760367117319259
32.355532605507754 72.68101462499395
58.17292162931069 23.080264415448525
39.047654113236064 12.543827639916639
79.7507771320357 79.6169190241888
8.75069536158114 20.99535684255852
22.620199499766336 18.7367186754298
63.60387542081525 80.30362404937891
51.25699214521309 83.591603945431
2.0197894112977455 6.371379527327903
99.71550324991907 60.00773456182233
85.73272082664167 16.51348875726376
93.20149056488127 44.261009372091976
97.53001390774682 4.153336291003107
99.52954021950589 80.72486331058961
95.87529982373968 81.8866547315029
62.182655120125204 51.29844104296814
99.32124735616182 90.07530839315135
48.46200417100175 44.47742041488911
94.79051266411187 75.34644220942948
97.75779898827773 51.84275028519144
21.216076663284568 74.05945537173011
