62
81.14660171260148 69.75842104468988
60.84495002778705 60.2429987783611
25.32599206897448 77.92291216519669
3.79908113467754 52.499072993748506
18.599126513009967 69.3370043067092
23.91962691692443 99.48355709355292
93.72628481817145 35.18068123121228
62.76807525553537 83.53413056668882
54.9675826041902 56.119357387930215
35.575097432884625 57.9753035325537
90.81511817775248 40.576129805748536
70.84046930502767 11.886735647784386
7.030549530623508 93.75120455285672
82.76387628267874 10.298888074862333
61.556788465103516 84.71113206164877
14.413043788400348 54.997016353698
72.3958934382714 69.1733575073065
62.604545374886946 91.7610619585988
81.23182509809465 89.38638277814682
99.54886054297613 86.3427731555231
50.7927464176409 56.55904387427868
92.81176943273773 17.87673426480999
95.08802154298928 13.75749596750877
61.85516154151504 77.44482216156851
40.75788463088058 98.25678514014791
11.862792925028353 20.71451447105289
63.92363294976499 40.510146255386694
99.84264578003868 4.588888741617303
99.62081584866512 63.73546148399463
67.96055712697259 62.677324590196825
20.56691781802923 18.062876363175207
70.40794265820033 43.81135700822229
51.59826940488605 11.256086110845875
4.926617135570732 83.16351632583185
32.969487220340135 48.77524255549507
79.56345564557391 85.37263775148914
24.665197567012555 90.29570501426882
38.93880366019212 44.43802346296166
90.06791267936737 11.336080289501504
42.82575517846693 58.85627032733694
80.88754715784842 5.578476266537935
32.500747598918366 81.4985094612175
77.95731368326395 62.492485719164016
14.25184146791645 25.753776312810693
61.53696372599137 3.9059033390306253
18.031331779593273 28.532818716363096
38.772751924729754 81.62028298566148
52.28018241738097 13.800210683167947
55.557935588730125 36.855931524477946
87.64623567613651 25.82202529513945
41.77659569823554 2.66992801042768
52.21861959951411 36.67763877792887
57.76457074645418 58.506604544816874
93.25563727204431 69.80461806523448
45.55204712779093 69.5639180268591
84.25134281213283 37.499295181720896
31.903822154550397 37.86529659063065
69.79243827085082 20.981589951219902
12.749807557682047 56.741966080253505
31.560625507869933 46.61587579127339
32.64450152260889 84.18235905339353
74.60009133335429 97.332248843762
