677
30.976074856077528 49.11158125321579
79.68704258859812 58.70429431958284
89.08428630619069 12.090786252237606
14.452114678019946 18.721033550769594
37.57061156346134 47.30854792541479
40.57885106807254 39.05921310098029
5.691870458990067 22.77797087404424
97.31534308066605 31.319919245881277
12.741357789416707 53.57551854983282
14.199853178330946 4.749155739340704
6.671575825599751 82.53044793871383
66.32507177679258 31.907016345155505
92.45996702268575 66.77424396367722
80.32220003537036 93.9302730655535
72.63146454078861 94.9925932117307
84.16533320038792 45.776982207046856
37.46861922597874 90.16441454854419
98.25248591913753 26.57207113723046
59.432203719451635 17.591507439166364
25.973051248140944 52.804927505962155
70.91225025945664 5.460357420891448
4.226325622949457 42.63792370689151
76.95061153931223 18.490439272662307
21.679648844954368 58.223394383145866
35.926954819171385 77.23988071739089
35.74568000844416 97.5475966967584
20.956695782357006 97.45573887738722
58.01146198416616 34.887635967925846
22.8145517076087 75.12746823018523
26.341880865593794 97.30330330296273
66.02688574034093 87.27278755464096
30.82438395548175 83.13068853682489
59.602233536212864 64.86983421467826
60.43097595447357 69.11584057230914
0.0030763744704565 15.742252220550279
60.24696421813491 36.19598966463161
94.95596536655246 75.78848537598812
70.11542767680888 66.11441793300928
87.57695093806693 89.3509878957113
32.73404805953696 62.73319814320073
39.60784407065224 10.330506784448513
11.60526187481824 91.85945755689137
99.43855818455607 82.87471104158365
85.84977556322059 31.679460986445108
22.91711529595599 95.92594173564349
53.40350877889705 44.551565998492
69.65406039353283 41.973509001797126
15.330321217506649 28.669806657585116
34.41683594596372 83.3925619849082
78.39607896840135 88.73160378649632
87.88814284395143 37.791646699648986
23.688374243823873 91.86976552264048
31.616719218580748 1.6533918432733885
79.62660045841415 71.18558324136868
81.69579893163612 68.46943276435368
89.68972580265111 98.28929804158567
2.088737560973042 97.10768755906915
38.07320983099035 3.4129348554316263
92.18431843001925 52.67309439587237
2.578088664484557 27.56100835115002
56.937042746239385 10.482477287193404
61.53110971583862 90.94467276025779
50.4623570123958 41.030653814142845
1.7841464348428149 50.35061818973231
83.94992226638706 26.70755843386159
20.88343608094615 34.07460300771703
0.3864963365549423 80.20040894209298
2.0226252407206657 63.836277838495704
85.28172436378684 86.44942813722295
38.8967215948295 15.468642360634433
89.94550428440824 34.64642800177891
33.974984896694046 13.541046455610273
34.38879651535755 84.6869496905251
90.36851584253434 28.989339247730793
87.03121842742327 35.32410310048194
26.737972697758007 34.78846928883406
1.2939700588806557 4.515413421753323
16.965415441497612 82.06209552852607
69.88943435431678 75.83331348733043
1.5768725617472223 98.28892029836601
0.6153880773655085 80.09474025513794
14.800915249899704 2.9051898818798993
20.51648801182061 74.4922292094732
94.98060399456847 95.78434150450205
82.09367689481611 74.28803758462799
81.13366993139415 90.41856285129278
58.72107955040331 57.96931791319412
61.96898638662841 53.41958249488925
28.96375318087847 40.85621207065936
87.22598326266254 16.242648721926688
58.26038591633896 67.31481395815703
40.997588070688465 23.97924196425053
91.87989478014434 70.69889613339257
56.74438907860527 61.49893699755389
34.229375122410566 7.605829001007269
38.291191557095196 62.25612006915877
18.142221084024456 18.123463428290176
53.04490731776386 65.93547075738712
76.58956621945285 89.89658958034823
26.085703557630758 61.87119002773619
62.05571928927016 2.4034278496265604
67.28939449699173 71.53969774858314
46.78786995927111 38.13216546026633
37.36680288786191 70.53984226286252
43.44725498939812 4.516753737436041
59.1787642300776 83.11411203151533
12.034834284397677 85.13452536546806
69.05971665923232 15.78580100960031
80.93422738026587 86.95773894844194
13.303290456167538 89.29549089181317
48.506398662640585 89.0155938853118
8.40741953946419 41.930056569366336
27.769094559071796 60.83255064836237
18.027015741463693 86.2551327278359
18.991222016013676 28.22583895972083
76.53967862563468 88.32899012155279
65.08074016276342 87.26191972328643
66.30764533879413 26.67154058408705
52.60297278798804 44.99073662517136
87.81694187976021 11.27150866518506
18.734487507699736 91.45112479660594
32.14436395222583 3.0301936715452005
69.11937557141597 46.27260990368095
80.07936714454252 31.168131678936874
76.98059317601324 11.53559637466538
89.26756173758432 73.37160350132149
56.20647974424821 31.54490257994348
56.62462503007577 22.784286548751474
1.166009847791205 66.63569434085404
59.81219188837764 89.3948942415045
58.481090176413254 4.676951514995176
9.784167786088826 61.6875624934897
46.65516709808302 61.18988827155989
15.185155067935007 94.72264540250566
70.5022015092197 15.254681285125304
56.73778173409717 87.2343268205036
64.4466248733154 75.07562833989863
83.19046057959976 28.95252567478338
69.2384728106006 65.0989929444133
15.400780774472478 41.94066711203167
29.20136900242831 90.37477560452373
89.17671166928471 17.760220644897828
34.85851152723388 64.37272273241263
31.948333034987066 88.84078617303861
21.258281274341016 6.043969122924198
39.879746449110755 93.25346316059007
83.01807308619378 44.9659813808292
11.673350907517943 37.406048104854264
83.16902432931644 27.97789762239956
57.325157068103806 27.918893460304883
73.87324396381541 81.2503957174971
95.87237656210928 48.83336385446951
65.99484446860129 84.77931894940427
14.494493595036184 14.516002769115754
62.26482942419827 33.89251664259915
68.28785974247657 12.479781209411279
73.51593253506825 1.752964665482637
94.23897697893729 59.62598955666252
14.667675011443126 60.91573196947486
89.69843398227215 34.493406426483176
4.908729992251082 96.93275463962068
30.110786626061316 30.23999480067976
74.37980675449613 45.93649063659871
84.14341828458804 86.68018694226772
11.587183953555858 11.002067709632712
47.62980072632551 66.29734606591101
4.986969967805132 12.103450134051352
77.95870685473099 10.577484016267746
48.80319562829102 82.16745408428156
28.718836175290786 9.028666286925658
64.62996511573897 52.435749241174065
80.35908908154661 42.22211540392645
63.06484721197595 50.46062114626578
19.465084770742315 18.9769778922672
34.49721127152269 0.3093442192144469
24.189407668514328 22.02342818567484
51.917341709749934 47.97432478723592
5.229915432500953 41.2279299842973
57.10009017598502 13.255553819612887
38.93365683642539 40.53475201849637
31.199089705835902 22.625777796414624
67.39857947226075 58.36342730282319
62.55188646221297 29.38038147183566
19.500012688634694 24.97430792996642
94.48489935600088 10.201870110034672
53.53379394329559 33.19854423344535
13.576692649874023 70.6939809067115
83.9288443485156 46.856098570788596
24.543284600830106 72.1869304413341
33.351685075477064 77.85696656966861
2.5908483833094187 39.8780928410756
79.92949455889136 99.27587176024367
66.21067928688281 39.28644170419876
11.441858013232531 84.25861247157262
11.748223437730099 82.77415199807085
73.60901734719059 11.015201346610903
64.63658196980145 69.04938234601308
20.105128323698295 88.36665400389082
85.65033437355399 35.71936672672823
32.87886841935187 80.32834696126352
47.40716594886886 56.67359903484856
66.7578765958344 27.248721257198827
74.79286562979212 14.422275319871748
4.925302153072575 41.53447707437452
67.80394352289234 6.156154174061856
44.833403230804606 85.26660734304289
26.790076887750313 55.2313974613787
99.2807950609755 29.62182576839435
27.160397538632854 77.20432975988135
79.8175493734431 43.39446077063026
87.6124495234377 43.34340622280831
50.8452481319845 12.38859365862207
37.222838010877545 54.537688532198615
7.011187337050606 50.66451700765001
18.607868836035024 62.039162703655336
63.643792154203496 91.76579061873959
21.44583890426611 81.51637408546438
29.98064315804918 46.32231883856765
34.59033161948719 69.70417335161834
49.95996130861206 83.78409087030934
12.110095708174107 35.75145315917398
47.670862053791154 80.75599050291176
45.36242834768125 5.092303755121774
12.962256733885935 35.61160866325341
32.70725176954138 17.638422843413025
9.121426595625815 97.55441148973291
34.965255953841115 38.155829600142546
71.83141429175579 6.540579495853304
24.427997093135858 37.29557454096176
35.56379030706213 30.531777134716208
86.95708400358312 4.7869244404339035
15.481175431464056 64.97361793221009
65.40974210795194 85.74519545781416
38.57444384336587 79.44699393267756
98.98379673046634 45.78209519060523
10.50703733852143 1.9633884491095488
57.791848438085545 12.154254274818166
4.11724208806964 26.501917158831734
75.20458402093573 29.139510889356835
99.7244552623654 93.84147727101539
38.60100372525315 66.76635550511124
48.85538578169475 60.65508815675139
42.11738576794498 74.92325183259312
46.06256652546894 50.22628305907546
54.73567835772104 63.75729878024774
46.40290663444213 42.778695846106515
6.737605862347207 35.34601082334653
27.4556617244999 56.400522593213
33.30540786460474 74.92999125722778
30.008585322559732 22.927697234565116
2.7657537939605903 57.11960325472477
41.661510231268814 56.815068452116314
52.5874673209486 20.183752974519653
86.5957775536745 52.6889191449712
41.03580265494205 68.17167988875998
27.896569835299758 65.24700921016361
80.96305228765256 16.096834734439756
69.7559501198421 80.51886323771352
71.48033218967356 0.9016070374713303
5.068359352963059 74.58576166668617
15.644112615726247 86.02524810783711
43.625450013664604 20.36139765211794
16.447575087270337 70.64174833777837
18.161676952646676 59.95654376252661
53.08622183636456 78.22953416987947
51.96507330655107 5.276993263586571
63.52154445071854 46.315174924781374
5.25657142409095 73.05437171771958
63.683322983236856 54.04772490281442
31.035072791112672 69.37827596531399
59.6715399643682 57.46467213248234
64.17792026738698 40.8813645445739
99.481639162377 19.38484765215386
18.9981368243479 1.4209490998200236
93.17715743727707 10.61590892076094
55.28596641223407 62.48394679427026
94.83987450851055 42.29982090934291
2.2391242039426884 49.558387056078516
63.90784817353179 62.62927582245563
17.087185903050937 20.19907092226668
36.627977824529935 36.56094195355536
8.392654492081409 25.987857002316815
87.76583362079963 39.23051487632113
92.4509851456477 84.38920135686197
48.93497003581062 56.223219550228954
81.06321845968645 43.29960618164554
32.27066681321035 23.767797066760554
24.587429886683143 23.288330122453548
29.772424761044725 73.72880696066522
22.208993825761468 10.462166198709566
85.07748979380335 24.20510129824396
38.57283818819172 86.35218566023218
34.551726734772146 23.204631628212734
29.36629020777254 71.03637862505498
90.95938191907503 13.449001712548014
14.45781405283425 17.226633331856412
79.90044377788504 17.175919595294708
6.873901580207087 13.853285804383109
53.72930035166604 34.79938727603044
84.71375187166129 12.950857614972477
19.857615942076535 4.581252163342741
72.74266503916435 86.08920588072876
39.99425942580004 73.40826411165773
65.88941339989954 13.966861382163497
43.3189312206905 84.38567890372252
33.15186113309693 28.32719012163053
37.04304734685493 18.5873507533756
30.403970569126106 86.23540510288676
36.32777355324419 72.5886494251615
43.86957426004244 88.84159489594876
86.97202265959211 61.219105923786685
71.49231192994719 32.8963579904486
78.83156730161211 16.924417887877873
51.56090675782639 77.1372429796545
46.04350754150646 5.156849364055982
4.112148527285619 95.40149945851755
96.86277466810232 58.578205622154215
97.47828385244124 29.62879911546994
74.83399396240904 54.7459642986255
53.619338486973554 4.430751124802656
45.99090159924031 3.4005004921143556
61.02654769064063 6.240171035590858
65.65764798567258 76.20140973912582
69.19233907736445 71.37718292900733
52.96965734313373 20.722539996696042
12.467475498405012 12.570559291252458
69.70346812968053 38.26442951460965
1.77047883792526 9.305219628866801
53.77410953253224 78.17823040804447
57.07312250210256 50.35785324279095
6.481349608352504 86.34852228804117
51.29990966972168 25.70086073884462
48.978346014830734 49.14001958942074
44.00614334215345 14.234860220536728
62.14424622702205 66.09093898707944
19.633486822791134 38.63244820001248
92.25773923213707 5.203829445284846
20.16836987138021 12.959321652950894
92.18456263554086 78.72105726479212
29.735185627299586 30.983571848778734
57.276710399187806 38.84218885265061
92.42851631535004 74.78464766969887
73.61558149935874 47.127178214099516
95.59377993093689 68.38854442290976
88.1092775640505 4.036175692014188
12.571827712815454 46.97278135309509
95.66806657226014 75.64901586016461
34.266744029771814 88.19282605435296
75.19276143700962 17.955539790247343
0.4158588283372233 53.848635798911694
24.96068738972861 46.99047835552167
17.8614574160744 98.93967645919368
89.41600929594686 67.63853112535462
50.34249605661717 44.3070527917191
68.42348489267232 30.645366762336558
69.36946720066481 80.6854972416465
62.8450583073066 54.38772687944709
68.26137360583242 9.817773835267706
8.46966271184334 25.23183391943764
34.39663804564136 41.322795309199755
45.76002621716657 54.68446348621207
96.7169583182704 6.163063276678771
29.541208230705873 25.243330765195402
46.31770395301732 77.43873483060254
12.536511986394494 34.77684285534261
5.0596319961450416 38.134099849785116
35.40274961016738 67.91032981748953
81.51939702408765 22.38098838263588
98.51863390158123 83.77540201490451
84.24710694318256 17.945785590562135
90.70430717116315 82.86054944182004
56.63120569119664 23.835311515064394
86.81243578116606 35.773644455422584
20.589626306618246 73.04938657467848
27.674573831466464 33.81741748047161
99.6972024548185 71.99889103223585
30.290107734865003 70.04859872662442
8.30406901356806 34.23612929074869
35.015830085019374 72.69542490107067
29.632069155972484 77.92798632170363
21.662591786485088 63.8138861568357
68.84885890203648 89.00064919142618
25.60109605516947 75.35731986795037
19.792712340557916 38.661471087458466
64.88017622786394 4.2579280376868756
44.48017958452507 36.73026056303882
82.42369039051776 49.990023265207206
92.57389224680595 59.25868199642201
44.7215934789793 35.048389995107684
43.802799288684724 18.36979104292785
88.81437425627159 0.28713083278112395
43.70950085405213 47.33596408354354
92.14062008988334 76.31089556010792
57.98369363519611 38.72515721904869
40.360738461478086 6.253670534198486
68.36748137924332 38.38990311633361
35.6511770020715 68.26944044792302
87.00709280839496 53.91490853413613
75.1812725880658 72.03748714784727
52.85102322455055 96.18251731659507
44.91090533616327 62.09215222504321
55.09975455238701 11.795818830808924
33.338949028653566 25.78112309651527
22.599295030643553 59.23296009021729
59.26319672244854 85.95496683341865
9.446073003095357 19.193910293158957
83.9118323458883 9.03943052598153
64.24434395109317 61.14013864071058
16.604080427993082 61.3751326544913
63.03675656029766 78.83143699050694
81.882471010152 30.274313339818427
66.86057489701518 23.589325274148532
0.16122885847839052 33.18456784999704
17.776456698177533 98.41990059872413
75.8551566559651 63.236365770928046
12.961070443658318 94.27939027398776
26.85008879159908 43.41879575192189
91.98343997643681 82.05919085419937
56.93256606530917 4.811126467642557
90.76332077975098 40.90006600514378
75.40279609384133 93.02050507629505
36.12352258561313 88.71825806759658
18.369090521712128 46.26380879109849
14.353660349793074 41.27386418332885
0.6877392853507303 16.85459082424957
93.31180295075245 78.35888374612927
16.3342456893793 80.82985674479085
76.48914998197365 69.74128359088625
7.152909663202056 12.845073606237955
76.93307695624694 67.14554995419809
56.98909450884801 90.71714331312974
63.4965693896645 30.13525255026458
83.15703780256646 78.76494775255041
97.83548219092437 91.74415259108308
12.062219498617587 30.839997897693326
18.193202804479302 79.23953086179343
84.26082560722641 29.418721008502914
64.5560087090918 69.8062872006372
50.78443874584633 4.792030546985416
7.986173134231089 65.16282649297057
31.515803919429676 13.303336395132458
5.7486362641557935 11.300018225399667
98.88216236523488 38.35454296901884
34.76495490930448 46.44998265387542
40.23089510248575 11.698346597554787
90.68370121863822 28.050425768826738
72.74443231044926 2.4146730426748753
50.61746484683022 47.32149264271028
95.46725346717496 71.24146982819958
26.274796683086688 92.40810745381933
11.93305966954622 66.52672716781916
98.45829775510549 38.145340335037936
20.229833024842147 24.633699416021393
17.481220594357193 56.19036182336225
56.589017751033246 22.24569381662266
98.298540660862 4.943021874177644
24.809883219527773 3.601883145161111
74.18249609211557 58.51086454416317
31.373341425402725 76.66428034882541
87.59610176495501 43.84766158146333
20.62776508369192 51.24830456215273
98.65857288241764 5.949056089745774
39.01642524112552 32.73086439583406
6.4709881058681145 45.02623830536281
93.62484872884855 67.2851973835796
31.450126439679938 81.23373470095407
97.9654408025061 56.05807659456752
36.129643934498056 39.46483533155827
7.3380228934018294 42.40740553056025
46.80539886831768 89.10268302075829
44.84072481989712 10.071332523943543
9.52163231951898 75.11672898613836
17.22579570795886 26.704690300938584
7.547871429250275 41.381000775079656
97.80302550557424 61.486409318304624
85.25431762344893 4.267584433584492
60.226966811382674 8.801254839611317
86.65855443820895 0.855532521322433
35.46344012637866 39.507268611423754
34.570352360459424 89.7980314787555
20.660421260396866 22.423114091247687
18.032497586315664 32.05975908515584
48.14553726585537 87.2366590610459
34.15884887225623 4.802451687763421
54.31711184435307 14.950639574733282
24.752997054054926 25.402189746100355
22.296897847039375 7.590852230946843
25.99682594867694 78.48706401720989
99.68857637745346 24.393399595072918
26.70300031501469 45.341008083637156
44.015091570320344 88.37838635924385
55.33550076647727 58.473807604783524
16.799331725897694 95.84926948011716
64.20858557843344 18.89810558157293
91.47674524635813 24.663344320551328
46.05332499321227 16.261469561685406
85.28385004269278 39.746471814383945
89.05330770601036 14.123626998152904
19.06012499812445 4.559946339896237
52.85349840553004 9.223093817929973
49.08279367617352 35.247143621653606
87.2640183792041 54.46722873631015
19.871068883850285 53.22202807724996
47.26459027803356 12.08629975858031
64.61257819370448 91.66662567288829
90.22081023114707 1.8011348751653444
53.48685907680786 97.16641717373635
96.90725300229768 65.19118277000662
1.836240012205681 80.05842035338144
26.783112353894424 47.67300632527724
8.389528339215413 21.634426326371504
96.66760144830971 57.47104875281761
4.309440710157741 70.14235237388856
79.70179420945016 61.602992115256136
31.634867383912677 6.056142040484325
68.22497013274467 7.2981988516066965
90.7849450447532 99.04367514671459
3.462681804763579 81.05992098618195
28.92279796997972 87.89560375192374
9.460994241834875 51.70649704674286
65.39501567606268 35.7048366909546
95.13685136029355 19.727719638939334
88.75142767670059 45.008519817708624
39.839451132775785 55.68081660218227
27.38019981002924 52.1314309099604
61.73858271964274 41.1786253603937
35.52158703350853 62.565506241578696
67.29640955409143 32.634342785419676
31.3142454484166 68.28696510760429
98.5688413778746 29.123503066159493
1.4299487052308213 58.92977757891781
9.825179909344683 63.62153130839165
30.759171577160593 75.23476766726185
48.8121096294145 6.389601190028782
91.4168832728441 2.6215383568741424
43.35983512496186 48.106771685952445
38.85041343978642 32.126068226446556
72.70216974575101 14.125592626832596
8.028786696870183 37.437763881176636
43.49474437535464 57.16234984991303
49.77426485472935 39.67059658505762
65.00048686094995 83.65636234188614
17.519593078137895 31.850945204846546
29.66329947860743 36.196567124406606
62.0018782070223 15.990435292045246
46.945424423959516 9.394031573927453
1.7580793507423143 2.850337986942908
30.10692723489977 40.13180281706361
47.444288590093166 13.429824172789074
33.1581286390586 28.962708180694495
85.85293656165412 0.283080981216266
54.73343740533386 52.28410765593432
10.382320160576143 33.024514604014975
39.6850910800267 18.7911031948782
52.289149256772895 20.79627642455798
71.37014916801193 69.07624035830902
84.24267430963627 69.91592759971739
57.79130020943586 23.505526309908976
87.05642332804976 20.5932925022829
77.75721558137866 53.40856452697022
44.086675195696735 53.82260822477909
78.36538264212635 75.74167221016637
11.012387710854576 13.704604925454644
17.170550798114082 55.28741628668349
30.46378944321311 63.69853464217805
63.77342870160538 11.39150498527368
79.1968125195467 33.539914712735055
11.052711591710295 48.64798549390946
23.89015670870259 19.843728086125633
70.83921192279348 92.91656668062703
31.4970727326236 46.98859834332144
57.499374903912845 88.97376981538903
9.185636709964118 41.78440160955219
80.76740266552532 1.8994704681103314
24.166111542567727 36.479243159641115
31.547995056071287 3.601341782551115
87.09701407745524 99.08340241575712
10.143952914644682 8.361918629406695
70.07637308562668 78.03756943147565
2.189763954550772 88.43430022181096
97.12958015260737 5.11582225619992
47.81158964942836 15.250096984185447
84.79031985095365 42.522544147459875
23.970284443459 83.05091629855667
39.96478238351847 91.59019770285998
50.06427858402992 88.46718250858568
28.813482857620098 4.315613137902075
51.74182712542957 12.709126915535496
33.41812451721867 29.602754373502748
24.944896218590497 62.65900544979657
7.598247102088718 21.235153316252074
84.46412990137446 14.971142953579431
64.76203150908376 60.5666844344261
27.16811285539179 29.94822560174315
97.16777577834957 29.373492326663442
53.85745026070664 39.700241177393316
4.393799884243387 82.31780470483173
36.99415536403947 27.179028726266306
33.435219040118525 72.42668523228085
62.40918102887058 46.83121101149271
25.708483714717634 17.10623041714524
36.96543873327741 4.389205038753108
26.604830784676146 13.978671742232473
54.40968139804544 75.1106260116134
13.352339403517032 18.420977818435745
12.197246955348383 32.18120479531763
71.1946883245622 54.29648614429734
96.53016190530805 20.16448644513954
71.34994334765436 71.95489789580155
18.11087699313827 89.2677450795453
70.8050240560881 89.5444920267359
21.98380166137609 81.20456525498824
12.88258716232109 32.65042027096956
1.415966636629562 20.71457586124761
89.4990577773021 5.859344913863596
39.128676782102204 62.49401142766846
28.612298526160608 42.28061101563338
54.18656534511324 74.454232604499
82.03190007945281 15.629238303244353
86.92519545657099 30.728855788709897
31.72029144706554 63.94912552014377
74.63219915965558 6.913559578998141
62.796626653166385 9.32819062066821
97.07737317681877 62.77139472920891
16.763197500488257 86.38336187095706
56.146332955191255 31.603098249367388
93.27100773422644 28.062221897439997
33.571034014652554 42.62057134061406
66.8105055011479 26.75982564869155
11.801225017481897 23.290181668491083
47.33530265116529 83.65028922733
90.93403112757376 32.27644982681055
69.30187635400893 4.0036593514956476
65.47198607818288 27.17304723433894
58.33046579507032 4.220513591309938
12.939288877538335 58.53954004416851
6.2617347534239975 75.9165597438371
23.12408675660117 7.24682572968759
68.7319345028932 68.57410050698948
38.598785568512916 26.94699697288788
20.802216396371286 58.88651491023301
84.50071178036215 33.81217279198992
8.80456894209437 13.490766362040107
93.21404627373889 7.804783312993379
81.84269716520055 34.64582749801035
20.605619049498504 13.428373310455822
93.15795963589115 8.584228678564598
67.5571896989246 87.33288509676483
38.56019127241446 75.89610193196683
74.02023287298668 64.6002730199855
98.4431584617837 24.986204317303596
7.717542027378588 9.203094728961636
53.90644375612346 73.35197467740755
74.21503211999355 32.00028841757566
6.580496205878905 4.563694067221569
37.11952183175411 84.87754231967439
17.3217856507081 79.06665654223477
40.33374137737425 91.81766290645201
99.38395420216814 1.990048056097593
16.4934940435028 1.869783951734716
89.20252799112599 84.64803976061896
97.28494628868812 15.724581070327082
97.86730897008424 84.632556458734
15.186861320076162 58.116854516944336
5.798257457207557 85.18800556594296
16.242229498781423 18.45967322784422
4.436512440749296 62.09610075856526
78.9090963508518 74.59976697049913
5.335533352573418 15.577148814752507
98.64861001859478 98.29085045021249
81.76802478228255 63.02338280567808
7.431517801360488 20.04644622410261
42.93518999688156 25.5856426321163
81.03122383722754 86.97168055351675
94.1339776191322 12.47412831760184
84.18514201508106 77.17832114365312
80.53177006633918 74.14583451603505
