644
7.777374745448951 76.80309376454156
98.8485692131345 61.08236437333675
36.068007939574066 50.92833016739572
22.97365825901191 94.6122522989343
11.912303999045138 21.88426392453152
19.74833946305299 36.8032839622408
43.88330847875642 23.44091504614966
60.109526754080676 54.89580698609875
40.55694720238348 29.699675630551624
40.664033725242334 32.885477313554325
89.08365979603701 18.856859192577836
63.04397469082823 49.14946933296189
29.102147404031243 7.191859518836907
65.7643825013787 26.454866924531416
7.967700496823548 68.54684749106669
27.032349251098275 69.17968321657976
14.917976279481449 52.06216526441118
35.81497741132574 5.229408966894167
2.7244344343547056 4.617894592832217
69.33210507028865 13.008122109182596
84.80323826380653 31.422925754982746
60.45550282339017 13.404015113951463
60.197226690315716 73.21131715514338
51.34419150833769 43.72561320863822
33.709411395714625 12.265236001216607
8.494886772316734 12.943885497804953
19.23148812645843 52.60540034104426
10.89722424953823 52.28337018305575
0.8233812801259899 70.83013161191558
46.6645211445339 21.424990151691613
48.268308460210754 77.1047374814613
67.89914788147591 57.02664094290832
99.08002196623707 2.950435822730302
56.556591401794535 72.89974310990779
73.34272491906012 28.838416857745987
7.746195010292323 78.32615013801191
60.643507542903784 47.90630500644353
86.01134709563232 80.21804517571732
97.63886261924145 81.9957245299399
36.99519194241556 89.00960395356559
47.15940908312868 16.576864637261902
68.04517941028027 30.34653023791647
60.737800925338234 88.46134610731816
23.552227614819465 94.33439103697324
74.33585205299754 39.130363828253536
93.56228096840033 12.047826421703721
83.72400918283743 18.544068561399108
96.25019537707715 50.412477209412806
84.23706936543468 96.41798639824908
14.644816571304686 91.33945485037246
40.972874382314664 86.97330766950182
31.32687674932727 57.47349979449009
25.112244007213924 2.068302067452976
58.54092518905415 16.993504443898377
46.52715266891416 38.70402395031084
82.33983892976332 28.71252128231002
50.86341651337689 16.093422278324788
73.45942638309562 11.442747399173259
9.26572463205112 10.346642401770112
39.84643137637013 29.322128467168028
86.8543342246727 91.4067273939332
11.25899678735135 31.698447800981032
54.78300911446101 15.353970059131383
51.326903441526994 95.79696902706687
37.7163675978747 51.5187532805191
40.382127656156044 94.64765801307655
90.6331889025507 27.746836018043762
97.43592559374541 30.979786929540087
39.20991198191173 99.93663232994705
98.46953275928257 55.631610207398275
51.465094053306736 74.07695679763503
45.216909555444076 52.737592973527484
6.435021571907429 73.49313640492555
55.62374361387698 2.9493981665012825
75.24388015512163 95.59778166459331
0.2891274100499497 54.227787492183374
70.89365273470898 38.62340443548026
68.97987031370666 83.08808240823645
78.90090205125749 95.67591292036175
23.433915767212454 92.07095826619548
91.81124850832234 11.752535630257753
44.929703094624365 37.30466753922883
95.89658769339246 82.47185486192473
39.605002814197064 11.886094758129717
51.34216591162429 72.92896536695615
60.70059001048725 27.65633943871305
93.70380736972733 73.01901168570669
9.704331563769507 85.10797573470174
19.412863818058945 59.44011097826901
54.681866334542114 27.673502264545768
46.521984863867075 41.14027612205696
6.018185338709026 31.515352574260604
47.34679182979309 13.325126831396272
92.15029552403993 71.8106552168107
59.63545786033093 98.41977084776059
69.21020570858303 46.745718531096315
37.47364609600019 62.58153254589399
47.742493220574225 91.65629188112213
22.149874591303455 28.09445328785377
51.45860205309526 86.28683821297415
33.44654382937134 70.12304836258275
22.97425708808526 17.172496691500783
54.2836007350315 75.20558166431658
50.11287997342417 54.35109050668826
54.08375924171362 10.698768663352453
72.62227056039163 49.50810154371354
55.736009493019736 55.04972374851768
42.68732059750383 92.50007351955286
47.27374593616934 39.84091513907353
68.61063444975605 86.85421865685922
55.040531973112714 88.67757656435488
82.53492256686664 55.419208360380956
16.819726192209338 53.284670936489476
24.316275438340295 68.41641704601186
7.268643023687426 82.3447212629212
89.33878670461382 19.948042654827535
97.40476247905498 31.3981680189096
23.720675883278254 63.432632157446236
75.97377207428534 44.834713002908735
29.402526403107252 47.068913209590825
27.848339082407737 22.797744731110082
58.10183105800775 41.78999317283497
56.955640308211464 74.62338531579627
14.831651834689563 87.25999891565422
21.933208768857437 15.887487773566411
5.930767430735939 42.81047237173367
87.57009723305842 75.01548386738129
48.410885340002054 13.510491178414208
63.01041955451162 99.4072719937984
47.23970081762852 76.79000289555398
39.157424742042046 68.37812386254858
27.287179873820065 92.3321440366669
48.577646766685234 84.72409623830761
11.713294650231386 78.28972863055742
56.59309050702572 35.32371775108922
23.88374185349561 15.21523310214803
57.26844123053911 33.605813577699585
26.726068325381704 11.254260857159892
76.50356654732006 3.415179910808741
22.64890709299523 74.30752116921124
69.16933501728644 16.31752302343228
49.19860777827411 80.40690804371803
52.44447347738912 47.28005774547949
99.61880525724406 65.94165654957396
59.923250836920225 74.05092054143631
54.918403969659366 93.53113334814476
75.30071806672385 67.93454486171623
74.65765781267771 63.2754255759682
66.24083350674765 47.013683832368315
16.880157667734274 53.60528918908549
96.51101118443297 55.44066956358675
19.81955527724012 82.01974725794847
52.863994177977794 95.73945486548307
41.60603293693714 36.856972016697384
35.19374461330862 68.73120551025684
2.5745814196626804 56.41534028908919
46.11428456187798 2.9494083849632813
63.36596356419333 28.452098989325158
38.51372170044588 79.2302762011822
97.56315490819458 10.572158636229211
68.50513319367992 88.08128826404995
98.92053181397944 93.94346220003186
67.94369710288348 66.79762243102077
19.982523002678764 18.785561643694127
99.32977564898863 79.3713777721388
8.02975598041764 88.5389738486623
96.84344132138591 45.86782746837395
37.861647237089116 81.61950187928751
90.48770454726834 25.149647035978827
67.21722396040242 96.31316194925803
36.05431533564472 3.838569886326293
94.60450212370228 11.713850930318149
69.69333150951064 67.2923484854185
9.569905515781773 15.534841464153182
8.723957980499563 31.518085827120967
21.588571426407032 45.23581219672847
50.29137382811737 96.85228817325509
20.782730995783915 83.66475440507209
0.5799785139249725 93.27187336611594
13.01373090536152 61.56463370403388
7.405398294676346 17.9201194117085
0.25489153256494923 89.5178255307108
63.0881916834825 18.135353932154665
1.915321742309728 20.63188040627415
49.50894155376633 39.71800675618089
35.23829681022869 41.20803779822566
55.16806228755411 69.33761632572339
12.134793575115467 22.610555919099696
30.19259146429125 8.875386768056837
1.6686151210677513 86.2369570532657
7.679116096309158 46.60140660168952
34.077361924786864 76.75643955168567
61.873385981408 85.58108590178293
29.0011390277927 43.82419918402207
83.80585598172904 93.38440690537585
96.27678867330859 47.34277660032229
7.7832818469687926 64.70210610592333
33.089975194290254 24.406838990349144
99.99979329967566 56.53632106820886
84.88433742385543 8.730423661429732
43.81150479494522 11.84801774394394
45.742879343333456 41.64584085492381
44.24223258527792 78.77998094771374
52.42218411506789 12.681649229768489
56.63226401045564 42.11288921981382
42.48362231243882 20.553742623507176
29.65775355723287 41.90049861271943
45.411496900999396 86.05084488147348
88.615220215082 20.917501160094922
6.079487647031834 79.38498057926988
85.49173510766155 14.244610187456075
42.79147848802102 91.4917088310627
29.07651538557767 89.44159205849222
12.26479484070172 49.58646082303404
81.95752240430787 46.354294904284096
6.4381606357781 19.568138928881428
51.10120147506123 45.06589741948448
97.63814826748704 26.91532713980884
34.66740341905715 60.23855040503964
68.63921043449326 36.05440731940179
76.10918409308081 56.665866696859254
14.596109028920534 35.77309511880065
36.34180827997039 40.55331671342105
73.65217702317425 21.52356008229378
42.23322422132368 26.56277132506514
15.83938204660802 55.305602849605236
58.1800821666696 12.285542796327176
59.41247754242019 25.078545070687554
31.64952542249114 4.157821710932408
89.55679771436789 29.30908451092702
44.7947912922125 22.558258124335197
20.181932448766226 83.91362366840049
83.63549155009282 12.045851821844234
82.64622476453529 18.215524055223998
44.63697693982795 30.25529852791117
21.60140127582375 6.725390092953088
37.01514945713929 62.02217924657103
26.629887778510664 16.127275614024526
45.79463911253995 20.39580125167546
86.21764421534331 50.5070039772368
89.05674962739147 10.80438911828926
12.722790385192207 24.680805378222814
96.99946857834333 72.35710670387057
52.87299247735272 99.7797471844293
42.24456216447935 8.472184841675256
96.44357305728879 10.845414694483102
9.079178894700245 86.65528258942877
25.007149650653936 96.00244545032433
47.35974891007151 92.20852883316303
89.69446151612502 80.0867089643272
53.73228407586296 21.85658773039062
7.693063490756435 36.342163885773594
18.78031182749178 88.02327410865978
37.54016261417436 45.95193709303841
24.228211454049365 75.44084892585026
21.345504760825975 63.35561444373526
71.35539844923454 74.85579652355491
57.154018193208714 12.708066918953687
63.234626373745805 64.69507463505711
97.31402052305482 61.88980192726955
14.827646620409407 60.40177368541876
90.04780628383897 63.0269527728252
46.55522948722226 2.747699258505143
33.0465958854275 49.03148419850183
65.74012530680898 82.57365617915843
76.98596053097887 71.32864742694197
9.289637348733038 28.124064177279507
73.64072324256672 84.93740855909942
52.0857311354741 89.99088016688506
51.53055369967726 61.280647493623604
81.0153810264663 15.963961317199004
38.01886143227781 26.655179530048933
78.32619585795563 1.24160526375503
30.0227487943705 50.050303979600216
47.79142715922795 26.00605890826888
31.606498056511622 65.11974981056312
91.90441028217748 11.868528337380823
9.734234282284504 65.7032840095359
65.22163613501051 5.33588549060654
72.97303198788401 31.89940850181665
63.03557370141879 31.133392487871138
16.600714722281328 65.95122925785184
97.01309228968823 46.98866586463204
63.626943416832816 51.78900465142594
82.25786518878422 39.13987751110065
88.7759782973737 39.751151604682654
13.068492739275872 92.80651783183306
35.272619855667706 8.278852537480086
66.90425861291004 60.27554857753109
98.99671498104318 79.19541674814317
72.0013494590995 72.43968733738643
70.28580583746401 85.4622280137072
59.18963117738261 16.788721833095366
1.9062493503973932 17.71362578810278
81.53476837766462 20.89573478811517
4.350445265348501 73.58956577730935
3.905456798399265 25.169086165383092
75.95190611824611 39.990466924467526
95.32219617582562 18.424899878994417
31.945070663573194 82.17405055836743
86.83482194121467 4.214694705248934
36.074118291441415 21.942869241580688
27.764081463333113 23.61513480227073
59.72312051697573 44.269350645825156
90.17045840034731 66.99872677520548
35.5001046276574 21.7336423028646
17.43178378369533 3.510984456796673
58.71984722037682 8.893036372550888
69.74448433817466 88.57668150236908
65.61543321883472 2.5092807117194416
60.45050764333211 4.315531254387494
66.35497710464723 96.54384384642414
50.22440856734669 20.468074524267898
75.46466860679459 55.59541719817
27.367267909717054 7.184229566853217
73.016681105825 11.369520197943872
71.96151939812148 31.605652409212016
28.382586592850735 5.206661407905666
1.230024494542048 75.87763228573277
90.50615483526845 72.53528203342307
31.924862823640453 43.674154443427085
32.90992715592168 60.33727982604644
70.00355972726877 53.18929907288488
52.63108125659963 96.01221143531232
11.381180016832648 39.75080066121473
62.621035364195244 98.83857597785848
52.02339490926197 45.39016887033064
34.026023970716594 90.60336938915816
4.9675229590513625 45.39483110200157
2.924706503606045 85.90575894436326
1.0500235908172506 53.96485631168265
33.686737343056365 63.97888954826409
75.59305712153814 88.9174761991247
98.42825523817106 46.187030530194285
50.94141721987291 43.46779367278517
6.15549464676789 85.41172467417209
62.527828613659295 26.512927312261613
96.6471067660115 69.6092656978064
33.264775131809564 86.38979590043334
62.47559741362899 44.31681529057572
45.30408408279941 31.57872844489188
27.745432971131557 8.231003561455974
98.68458618839706 19.94972810943578
92.72517201923188 15.41364420038166
84.29916541952471 15.446477772734701
2.93598197254461 17.36922121670309
46.199001207304946 94.55791908836667
32.803066504658574 99.93084814005952
85.54819968201379 38.52754171981777
47.871369914240105 11.108513192484926
97.97117169465602 41.35277421285232
37.96191139098295 62.49013608399597
31.897686984875982 24.24045800341017
78.99386076002435 11.301110952170646
44.163268050735425 59.30118576276845
19.29571458774212 96.26726332620026
42.534020182335894 76.03977655932309
44.80771609329788 42.79162444783137
71.19551759321355 75.43208823398973
89.19917677258573 16.814608015226064
87.88860887598155 8.03799444165687
71.22868881758328 80.33784992155326
1.7055841433399777 68.77736590925052
89.78551834018997 16.998519296156022
55.42422164540568 96.37569096038087
54.96733779772431 24.739856691360174
69.49914121608901 95.30202489925533
68.58672971156162 16.993129414481057
51.36425124371641 73.39754062040979
13.947387039552162 53.98136347820017
76.31039855858529 1.9537593826965627
50.5082493288065 98.09277049692979
65.70934199383123 86.86489778270648
17.121614253778926 84.38983526823878
70.47761954350587 27.788395305708512
98.03272103260437 81.43790910556122
14.652601879424942 23.37006825363216
73.08196006327812 79.2349975764461
69.94198165648679 27.10266143748744
63.80480833591369 2.29299655436056
92.56790005002246 14.811666137966284
71.01349138105252 16.128634141459543
39.92551045119155 61.1828893087497
90.11253064171301 8.137513310510336
53.17848508653626 1.9808838185729427
44.280352810460776 51.7543651216688
78.58686861715421 27.95287731151057
68.73443685745305 82.46052771598565
7.091246324110056 13.65945678714342
55.522239249319036 58.09880993180745
77.8886503056553 89.02615329113358
0.6711304483778546 48.07325844285424
4.4642203958856985 98.19187050953707
46.48688062450614 6.65508008722111
17.61115324477114 55.37443654248988
46.63629979778408 71.20619715190428
88.72552754202886 11.9492600676532
1.1008066293275998 59.61825562709351
85.64283928468056 14.035260631819968
34.708087382791 0.6424691861156573
97.34668095511536 39.92513717352652
54.756597808150445 1.6732876543969488
58.85623873896274 71.41868851562275
8.666280075857745 88.60744182683564
61.93072402274997 53.68255913904185
78.80247267330553 44.831172033949166
0.7688666276339684 75.07798050039858
9.775999026445614 35.89463645643296
82.39483944953462 47.69193041482198
44.387366137956796 81.32722971867838
18.76365942765664 88.14229717550616
0.8316054018575048 86.8133007622888
2.296498659250168 37.62442798807374
90.04903547574925 98.44260172013975
95.21023345934277 87.04692168317817
23.264747767596617 15.918722667988439
96.10006335734563 8.260991431131448
0.25781710063885743 39.25666493150016
16.852900812060835 18.63239310539323
37.166881600101995 21.69275234278657
77.1478420499037 74.24372801878783
0.5906064621842622 91.48578869521677
46.076289908231715 15.985911206128279
24.732780077403483 58.015058535177374
31.963420377941187 91.26409462617815
89.40271382114115 84.10946409611985
92.71978478305088 79.47700527804503
92.68729421129377 52.86159245929704
42.120929470265 57.24106516915355
67.18907933494555 91.20778761238843
62.741986150226495 66.51099550191415
30.373282494041188 7.633528496024889
82.63297575692137 8.766711363631197
49.71430875868881 35.414313220990365
69.06431698408862 96.39881385578
28.597543785533542 85.4744892941956
3.798761172651144 93.3809963158896
11.69013827129801 44.19091860339515
84.15017752202326 53.86377755843726
95.46891138010012 31.681126429815997
39.716423836481574 40.188684336514335
2.4695738707464776 24.56208293524864
39.11704428748688 59.63552238989907
47.87749671263959 47.69755392067403
34.73775032470607 96.61691145943111
10.340481348691178 47.35853532486286
39.27747252218284 28.51982243397608
83.50957850693314 48.72797556742946
6.110638673138002 86.24988113434789
27.822468010201373 18.620019301190116
84.36230228487658 47.424111310391915
67.41585968123485 48.54372653027145
61.95462147638062 70.15441528372364
60.86125921592536 55.48484052176291
23.371394167191063 75.52032552559213
69.7801416621663 86.67513658341011
53.655930254809135 84.91714860011203
22.749764996380684 39.474855389450255
47.86708648665563 6.075310472588013
32.69207037264765 88.3605020924492
77.84816933832911 56.56514541416489
37.55363692047601 79.32834047140335
18.196507671716578 85.83890545092288
28.84408116095637 59.48727488187339
11.537327081388938 96.18180880980873
58.986188895113834 42.177278452619106
93.38638839708102 57.82083565380107
39.289534598815976 37.74233667438772
38.59619613355245 71.08023292127494
24.47251887951911 56.13543325528253
91.97677453976388 31.24660655704239
19.95518592225335 0.09647371631275048
23.131753139864173 94.62993891457897
42.17819606679609 75.15490495025732
47.39231213638659 96.39865181921598
89.9978053883674 54.5719189893239
21.813160289609492 65.46144702199761
70.12967557272678 39.177571811397705
63.4443803807991 15.730020872469074
94.20504411509984 26.20287458177667
13.752502321699623 14.543578786551825
73.32552283657641 50.82417267655298
48.947923643696164 94.8806439326099
7.285973733796469 52.53962366986998
57.00912036498919 98.08532949647785
23.19961051362164 68.43459075207588
74.88587929149259 74.08509269500357
1.1774584710330882 41.189549616595166
1.8524158988105777 11.138263585637741
89.73978838752184 81.75557174212251
33.96973512383952 44.331202796449055
59.644736859152594 65.5825721175997
33.96429201495764 83.15247920518391
25.610171810700955 81.43094861990299
38.90134446736023 11.998078606945262
87.61745388960877 45.03062321082738
71.39353610380617 27.14414329992474
1.4805467413013473 76.74475464808503
87.15519565715924 83.1818634850162
20.419101451940758 98.6967885722974
56.599392144631686 82.58769264798264
97.66058414104971 61.502846793377216
92.41077636400692 88.81221600090186
90.47195919624671 94.93921624826234
77.60493093214687 76.95037115185728
86.04210973041437 60.06020198875509
98.60437115344773 14.290636702803393
87.3691291063096 55.10617778840291
39.23003030655978 34.760574011364874
81.49249935555069 98.3521235198425
81.55786177071472 62.21043970840709
13.05721722619273 58.39342718986865
74.69471026189028 79.00987565488839
78.61576226518649 43.470123025315665
38.903831305963465 38.524059136098245
2.147413313104729 54.90752108774056
13.975152870796414 93.9753571246336
41.63044377923787 23.59008058857578
42.31022458240032 70.3489079642599
65.58141899376216 66.04598553401456
67.52171389154073 2.9549437011614277
8.288649951526628 53.20039846566061
2.6271723597319774 9.124163098419602
47.38804912276221 70.41724979824927
59.870844951415414 33.27480668687364
21.08722169865347 80.88503031502792
62.38183103770834 16.157848965039136
79.97111294431078 26.050007539136388
45.245656478038256 18.099652945419777
1.210706510339088 66.29723531375919
17.073475867073373 45.20562390461876
52.470771448963504 1.4104811683519514
21.00195982708042 44.09612224421862
45.476182354396244 29.008662981916235
52.47917676868082 59.25764414805897
5.383924195963308 27.740373641323014
6.209304872888454 43.12034494980853
83.32363828063582 91.40636391585491
34.737634576500106 46.271025560444635
73.78788090025198 26.028464029195476
57.23302236235005 83.60935932345863
63.85249198032452 53.718960095847756
52.67324161686284 84.93660798026666
30.203516385405482 64.20519089598807
63.565699943612316 85.71742922829316
65.32933532100593 30.679613177634756
54.93270146914242 57.9281116525991
14.050231847836315 11.946147007694663
78.36665501128745 33.22141929133434
64.58298681422903 33.13210164631193
35.04254020991928 96.98550799310053
19.873731144470785 92.4406356191551
51.78770343164757 43.068917478242774
9.229178965575379 64.19996182304678
25.22834005219282 48.36326292649075
64.95833299119757 37.21837041436744
78.23363841888384 45.503170781242034
18.3557584703534 34.11927393018129
95.15202155136137 60.0581971862546
17.160778466579117 72.1828051750679
16.051022034151842 28.881281713523666
45.65990684609108 88.41467362896731
20.423445426815924 30.63864829092622
96.97521475350939 77.59330266028488
82.28112365453597 54.904786244252826
61.15857652689517 2.417673091508188
19.71193466899621 50.35843476932176
96.9694839489233 95.92836242803597
30.564062281416227 76.91123621394449
13.970256824299042 26.8032827753234
49.06390154755277 52.48583289406268
69.58433988098427 40.15308735693739
48.40388353150763 85.4328696354562
72.78050290474069 8.913394545936681
57.14407512000289 64.31507172533219
29.500817193825156 39.38731052177472
88.88205639232655 32.77693871426869
24.607192657873934 4.253875080313185
57.27065994083424 15.870710947628286
86.64744890202071 86.46018036471531
99.14532106252834 44.08532473128284
84.01153557020194 33.560095569615854
2.1663882097875065 75.11051004771284
95.07413948056944 78.80141842961497
99.40546505883447 81.91840177600203
41.31863799014257 27.332364615735937
4.003613207468993 67.75845459859451
88.86551029389841 53.24309259904149
3.5032592702868626 87.50217830556576
87.93572972766569 37.84798448119658
60.31256792018841 92.82849343382446
65.2903893982653 81.97686221069814
91.13632898703328 87.64338435706969
77.73633283644122 34.51181517152251
56.095057176568766 78.91342363420868
95.9749810079099 12.374009648513873
7.015475173562946 57.34986599400095
23.06363481832612 41.192887620940965
29.456149459010916 80.72738268315605
99.24542607231884 9.066864354186633
3.5195036416070247 58.91276502712978
58.023375677144074 92.52813540390329
94.48660075565368 77.51071355853952
43.19427502686133 56.71984092329377
61.55732972896391 96.35330543743041
82.31561926433908 14.383978902403772
44.28862787299225 78.31465185044965
16.40489675037883 44.61346982862185
8.455974434430502 7.8707055573473905
93.12966419960092 53.17758869443541
95.17554366295302 40.00351792096416
37.070080906440715 73.33960775875596
59.58728260282291 75.6399072987062
39.715578516472924 36.70938051030025
61.23116233339317 53.324627188451586
85.12051821715654 74.82308827083085
87.38729467774952 46.086515896441725
80.19223354554438 58.78666260340542
49.03865824416247 10.02628661736431
24.806424381237147 57.96835343154194
7.0971633853937455 17.26490459126442
46.74767126588802 38.3410227201505
78.3181120050055 73.62020384536538
23.133986106483604 25.02235325567138
91.77452126426012 73.71931159756687
81.21665981270122 6.468280626443123
32.112306693416826 66.40230584743304
65.64669741550236 27.598857140150912
73.94142155086944 31.964081141715862
26.434857915076492 7.484121839920476
55.71732863064531 92.93444578846824
9.607812535644534 36.841902513857484
50.587134887130425 8.812686260736868
39.3740440184821 73.21572986597698
47.2771309812861 25.14199384959802
46.610550863815284 31.920404657391032
51.95682830720671 90.42752990534628
39.202486523428206 90.60658752849815
75.92640563225909 51.2096446326842
40.9387278812473 8.067703327106868
88.12929530797341 66.82305872633665
71.560717188864 49.32358505110689
80.36418174654189 70.49812843697713
68.37695495505146 12.347306599645059
