614
95.9891277302963 35.95263535678067
43.15419971707007 72.35273472894067
38.613177662602524 17.85538549222275
11.693472518061176 23.038006469402138
9.663822828871027 61.58125221345436
8.894201364093401 57.335917868316564
22.897094911765624 75.83769915243693
85.2185396660485 29.1541975533388
99.8179887948729 77.43823615538824
89.189716269235 88.7966290640697
48.71545641459173 97.73570044335834
62.0888214135698 92.67104364970345
4.879068261806118 79.5900326326891
42.41094143061007 16.157791948912347
65.21931137583027 24.074536769199582
66.86037711510329 96.9627881269552
41.87572962646799 74.13066658466714
18.253710640511656 22.107775695580035
14.941326976049075 70.05668085364992
68.43034748501069 81.04904293553562
87.2769213467029 39.22900437728962
60.871256415371334 9.762834864123693
37.65998311226885 79.38628559302737
9.80505972339717 49.77767933951589
53.249838871697285 39.18049018747316
29.587318907277027 7.765229297851661
5.324759282185987 93.71581364481565
40.07849531044808 68.76551397446403
36.361240991884195 52.35750892891281
19.831444736065727 7.283897877045053
56.231775236961134 45.630366695951786
86.45331153429944 55.92355604233767
26.40970632591655 65.9668573037924
31.724089565876422 1.6685187535537938
0.7326532495338101 77.86656604894408
86.91710539967559 92.92606345253628
8.111518775848358 99.84422362677533
44.65345141432495 21.647171046643678
84.16912286262531 68.34890947326629
1.924006489150265 10.184999960690478
71.21078623310723 12.639551987778407
3.939010855198588 11.539440787591603
85.1701283278301 80.41567375728374
19.459832506473475 65.1574567596306
26.624079987001224 79.60146848990595
6.1966727217934725 8.657049226500934
45.170656689819964 78.9110081616286
36.27482771038035 15.923094417701911
29.463163387430402 67.21175109376085
6.01243925557643 98.67299548581649
32.54517603137464 4.416379327441544
31.64663587395642 94.71239760551995
2.2741683047544314 14.99921404994643
48.376222147411006 40.20283791941256
29.584338271346677 9.436903173193855
71.02785490948308 71.40775258148534
81.44229923822954 11.49058036274917
74.31927776665108 57.498179465979526
72.53333498026672 70.13104905575005
47.491141083188204 82.67855042395365
29.478203857303953 90.31821989339832
42.66587408849642 16.386182405815
4.140015443066014 22.52805662219458
4.0623797790742655 30.75837693154906
25.337392811700855 6.864833322163843
19.97136590368125 68.1898374630311
42.908903408508415 32.94421608504329
5.977422159253864 24.39435110574626
54.41973591448209 69.61637560566365
23.443702143956447 28.28576438138849
80.65766039823924 14.397251391360232
98.80653949291221 43.14006093680366
59.641836765278924 82.96158335042814
56.76140377826137 87.74120938014572
10.713385271825127 11.827938117468683
2.355708325280126 87.73515490865582
5.245846094287132 42.82228702036208
43.44026106496302 68.97017591750455
88.23657968624772 38.77248914485312
68.3458068282139 60.00874001634392
93.72010504783066 3.5815797591662646
53.606535914234 15.460047740138961
92.27384169838243 22.24694879955945
66.9917450599158 66.98110015696322
18.62823613899317 57.43063398647968
79.19393989920619 90.08108609110673
60.48384094724124 14.869467346171705
62.64622052584839 17.610782503113796
32.18997457933364 3.527267585667415
47.896470534925776 92.07964895436298
17.755735120527373 69.97689767380044
97.44988390729729 13.945101980022335
86.39507346734689 59.98788379048145
37.9240337824395 27.070281100934036
65.9900992923524 17.906886622257733
52.88547673341554 68.25995776402691
59.408374509360925 23.9355321709945
99.0385379115829 40.09498144849392
38.912495715689055 19.72646382800868
40.539257401410026 84.79658336774062
22.089537120040724 18.002133906024753
39.02668743782757 34.81227811298001
35.93865578892866 87.36432062155572
21.92008501101266 25.224347783863177
14.032122117512868 41.735044344126216
8.372664223633496 83.39779697756371
33.59321115723547 98.56225724163312
37.205840525270375 39.91066091067946
31.77602154830783 73.91513053525428
89.33925629874426 57.95046685423468
18.517302833632076 41.38727955635881
8.224425036293049 60.50579112625134
98.29760796098937 91.25988286471184
82.18612560476824 98.59055242273527
83.50219740969264 60.315710684359615
7.9058242990785565 44.33411661707546
18.2078265436017 80.34508648965458
14.562987669987526 70.66028140754538
67.17974418430659 46.303070318611006
37.261332457922 75.79385864507825
28.105637299209906 93.7318152089515
24.192889567469543 16.91582477569461
0.07625931309066525 26.690014893300784
11.995387983815586 21.99653460829086
63.888939569599415 47.55017545366553
40.74068095901394 37.014731528154954
88.99450388107053 22.214404067378002
35.2425171748839 36.499579300653295
11.477778380806058 84.5945391178356
9.759684116162127 15.780411516480875
34.863101926860864 85.018776475307
65.91638873371141 81.14098263194329
76.33271781273659 14.717987624201323
0.8946696677084254 43.89696366957332
24.144969304554643 54.15225914391555
84.91515201379546 83.94788710225387
54.20159277268628 7.6912564007084905
92.5928304586147 88.06551864193453
9.308470697964498 12.423791915147653
44.65564174634375 19.08381671401712
8.297607849265788 55.838051075754095
6.590675938278601 15.937388563944321
66.82507758467673 2.8458153328563496
62.468405900646594 29.100428831887836
33.30601472827585 75.00545538850201
53.17012708402048 82.40986685671139
51.605606092422384 37.19283796740923
87.23947263224822 83.15723923500778
48.72493984454614 17.13078868959895
74.78924433735466 1.6492795382128778
36.19325448101777 42.687966511295215
74.54195688642417 27.192862489049887
5.103086205396745 92.62165831599604
66.63133882151179 50.81070242466538
9.270547936580165 31.30970882846228
67.36466464302426 51.338802312369104
66.91628128604246 19.269536263577237
10.515453923263118 96.85915777907593
98.40565715369144 64.25581877461428
57.38006274970176 52.15279596018054
60.19929406854558 56.17058704245288
69.98919250792478 59.8093266988885
68.19886984962737 51.55800954222719
53.901280465048764 67.32013230515179
62.14686771984908 29.055693266716265
84.75526129918565 32.90279871913039
92.97822432951948 4.61223014042198
66.51049796581448 38.54642298165173
21.579782998885754 32.617343699434855
22.98878922728027 27.038918964037006
40.455411144296036 15.153313548099279
74.01064381651527 80.88837305263638
90.29604385440973 80.29384692785814
64.0429639979154 26.610882807226943
27.728038151838376 8.766161138877216
78.68369853060096 67.84521785129208
49.06010375202226 62.37795369096153
9.088534882680776 68.57741314700534
26.770857866818055 24.26464526469093
65.06653421064362 31.185435801300944
28.11387254829325 32.67382494883038
88.21425518094127 97.46797439277529
86.95136568470284 48.54557718862581
64.4083630104366 54.51646955389724
27.06418663752368 10.58101617705135
68.90008473813673 43.433650063919615
97.03781040616501 37.96771496984396
9.380056591724495 60.259137625612944
75.23034159627974 70.67992200565773
25.623811099574965 45.39219927249061
72.83598167557665 36.422454095404255
30.596706099782335 60.31115062619514
75.06172145801713 22.351236598208747
23.778305960519052 21.79342929866699
3.003375110441908 23.998246584172843
9.950259494089575 91.51729371796088
30.598255848675283 47.13305519063993
23.981092919979663 75.82067990411862
95.92735553953719 31.982132497058203
60.57865663143425 39.143329010399995
84.36863244810813 32.12836895989827
68.5326290152834 57.30138679582737
37.07172170907588 23.201136016465984
28.687748151398285 10.439900688183656
5.857462352792431 55.85092043425346
40.25339064593042 97.0491375993168
99.98936936886328 1.8990329861857003
99.92966211898508 64.10279467739434
96.01888562776337 1.5301804957187803
9.411597285335759 31.72067181581726
12.66186421643669 94.20502094873633
63.01528749001751 63.402655837466405
44.60119435570456 20.646752222418165
53.42039366314562 21.261525575389474
93.08080453305669 53.002662551075986
9.89604502360255 1.655917732447254
35.13122125356409 48.7554403082539
26.85703667978967 65.51943832603027
97.09595570332908 2.719699775535833
99.50919901436961 42.44290635062337
57.845458721786 39.52181738129915
19.945305434160254 53.134430455037695
71.34206747246503 29.740812971745946
70.19792968271317 78.24885210899374
17.369654202884334 11.702541729030392
27.221444664654204 48.40105388241462
17.460624865330633 89.12228376103998
33.778215955098766 8.841473108289321
92.75716232186407 66.00124992932805
73.14772081472647 39.47944354087177
57.58576578175732 96.01005048067948
66.00143732278137 36.18935958310916
78.61751781832632 40.47936500572897
33.01465657393088 94.9537584227813
39.58158993832372 79.45746441452911
28.74540567548888 63.58313101972786
85.3987998127708 50.89882700708049
35.42429315290499 66.76605812051872
87.73559292069832 90.33163860453037
52.30729011463997 97.5410455351799
14.14493941908378 93.64709477304721
30.93930491554423 62.15414547678083
37.64294604991798 78.74862817573215
28.225197560756644 57.88096506191989
71.36939823875662 23.444502804142786
70.75825840849949 57.164085611164076
52.28059987365881 46.74806218712273
30.16889137405563 6.24940629268802
97.76533917965139 90.75861031095754
96.85081280943466 34.37054476588233
99.21826842976351 95.63088972236913
28.028896760391454 36.55337494523593
9.521392489454318 56.55642047124545
71.96119540172225 67.04307126773814
61.65769616762115 82.03942095086131
85.01161014643618 52.91197200190017
2.11310795224936 12.485060000992764
98.54575445009992 64.44728277535933
43.338119866925304 78.78997960579728
21.055315949000995 45.394679552956276
54.91840902779743 6.847387379526237
4.161553291099873 72.78745196861789
6.086764645494025 97.33961011985251
93.93842102792178 94.40014177216773
99.85009617978443 10.159721381513886
50.360747281211204 55.079840673473676
74.98318725973803 14.331545436174032
57.69709953212805 98.45249364116822
53.02444744340783 93.33676438482063
19.454335504326615 56.68937048321643
28.862361742394494 60.953460581377264
59.89844212850418 73.07838389197825
6.612000206097068 27.255519358793812
88.29924034874018 62.61944088284316
32.74310556317674 71.25898040754146
85.38680968705205 22.18784015115036
69.4920801541623 8.851138779414324
95.93392970380324 38.07458591238119
89.92771322405308 19.03842791317334
68.2047379819088 2.375305778951775
56.94222959923889 15.116717371354948
16.594169749582065 28.776549852732426
28.456739725263635 5.660301406009238
84.09013565834678 90.67886085305146
21.446577626166942 89.42535790787225
73.91836460606226 18.85513497044592
12.202541467908345 12.373840296538695
19.963513402471776 67.69488383238502
8.747491573430077 43.935833831031154
81.922599919332 3.2754538324236138
44.321918266200456 36.514091646952664
64.09273910880552 87.70302835542093
49.68112714892069 30.639601399695415
21.229847022320214 10.731122940715998
71.97142147970766 79.78298406072899
78.42836183168278 79.50172533658223
18.644826575337248 21.604955816257288
1.123248330803217 6.129051829157051
63.35714414885546 93.89379084710502
20.607480394046096 28.419460190961864
37.758510066503504 11.796142824697053
80.9158284414847 57.23333194967278
90.63782567145788 73.58876262211955
3.251579550269046 26.826641876333003
22.95108151958778 90.41042459472762
90.01347890561003 86.47889964217144
40.51459137102233 15.909535643806116
59.88869448274534 34.48445331935268
20.021609786649275 37.52703226690192
22.53675670050319 39.31216378584064
59.356506441569344 67.74485436541107
34.67282798000699 62.03726456296399
32.21999195504919 57.51334269784027
0.5431439846773078 30.41807300020348
23.528851536735385 70.57890150110916
93.19930627346315 93.88259828319183
56.10592262592581 67.52860993118138
28.56309631899544 14.49102032888565
6.036593088068088 53.2214065134621
85.3874979830774 89.43741541949673
22.87172749882851 46.319301370263396
68.90033805441492 88.50961944767211
78.96149144147448 95.90448498940452
9.667691232136487 30.837842700152663
18.406056466436738 19.536630158791702
87.7397360959345 33.589726988316315
68.19642914163227 90.54624917056545
0.6631550085450688 33.911015491939786
60.22126238903513 58.63874348997694
2.513581228165085 67.27876073868791
10.417186589029747 17.645232518289344
4.398579959838922 41.39252751885058
16.48354622519418 52.00369424174336
16.26468932823444 89.95304957353804
99.82951391685583 76.51872920655968
44.25129931256564 83.06287157897634
2.5127403801425863 12.871281644736786
21.44356595946023 85.88402724355637
67.94153907752467 86.92868451361994
47.732351709023945 88.2476637170942
97.54238216457661 13.006609020042648
44.48573363401236 95.1260931466118
66.4674594795876 98.15647362535749
3.0585170223309754 47.596177573027575
48.486474716937956 49.4994534655625
82.1241688221555 99.08678116234357
80.44855099337393 92.50859540205609
88.08773633893523 91.03191769781618
74.60912807532928 55.96502422096942
22.081091762754003 2.2668103186162636
43.12928889969384 95.94644681621237
13.89823454452367 63.93374283354043
59.24559587323072 53.25930583705011
57.038708016927544 13.212749512416567
46.92177233711339 88.31640077223891
59.10755217436146 21.084125615943215
24.89507887496082 40.36364129718181
31.85110286162347 74.88576642239198
59.39669819830199 78.50174376666531
34.40199581686942 70.49696910076327
58.00364762936889 77.68753722527289
68.67168465358938 2.485864638993629
87.71063849566114 15.82488189687391
99.69378652432364 57.19363797247576
55.603568975852255 93.6744934855404
9.113793122255831 66.58261292177802
85.35103040648146 48.93950615036143
86.96173289039588 90.10995258422565
23.804327879583255 56.45714929576432
57.007926178193436 77.22346163725837
78.52722930435003 31.88771705436625
75.32302922638442 40.813327931084906
34.25332728543299 83.58351418810611
61.80077413638189 35.34427671456216
57.60881930668543 83.68668309953053
96.95866816882669 96.04754729883156
9.61332717815373 87.949356853145
10.452402242812497 33.13342367787659
6.435532091399098 47.594212491557144
65.39476521943881 76.52481148431741
81.8524888211636 85.63158707778665
48.15732290012193 29.593786703752613
4.310998146498834 88.37403780971977
7.639046331943056 53.56812383431651
0.030808771720725048 26.861188446164487
19.529812259761712 44.34345372840115
45.90008433656754 81.25212392285609
5.973051854809275 31.964476804298247
32.98938558305953 89.15881606297927
9.191261366321779 9.973572905236805
75.66022871564932 63.25646336219945
80.22632605675636 65.43588433811878
1.4142981917580788 1.9586668870748336
42.96850054135105 79.41438327265085
80.94014064930008 31.7841541003545
92.42125601197996 13.358559592426511
33.02835074711501 29.09587492647282
44.43523107393612 36.85916183441105
45.88480186033874 7.315764460995533
23.878090758412775 59.10173519174897
51.09950294647366 92.28160720393774
91.73851310464755 77.56947259689771
39.18040690664466 7.438002079684969
52.501508562000595 65.36877394398057
44.40885522206377 74.70581079370018
47.7928807148629 98.77127493686115
88.1414008690564 80.87506223268048
51.41181114680915 63.2870057254821
84.64028237952802 78.69371102547711
41.205322736951956 28.19210595334415
13.704577941387319 48.48902228778292
24.01640181250244 50.92891088631134
96.95376290821143 31.274697671770113
13.502576561206215 31.3604235517665
96.68559251372662 46.798997685934
0.4441116684119506 99.69088649160734
0.9027159538822049 8.846116041059915
55.35901675987801 29.68908594271812
87.28344107647429 81.99068037379247
55.69915446868377 81.54064013357541
1.806226676315048 76.26670215307485
33.540576848372794 95.8433794575115
12.104984742177361 97.69884306155977
34.70731716081524 54.437119454750416
22.93000287257396 93.117700890045
85.46928221834129 20.40779049465471
4.558109888024542 15.236597166594045
39.98444386662185 78.82740395879748
99.24649833656765 28.67675992643617
87.24107970821646 57.91809165291447
73.559377065736 49.93774634147464
16.03976961341601 94.94439544605255
1.884871042553804 44.96757649672888
23.413317293417123 5.331458519640952
59.77870321897802 26.332308314086617
43.4920189816314 54.632772002595445
64.49047907871876 51.89600400834578
38.87271366308642 89.49960638222856
21.02595496492001 61.67244102895113
78.76917478853794 96.59834034138746
86.55982518827871 80.18983824495369
48.54709524144225 26.007511772287074
76.4542271740476 23.75011528892029
61.376082219609614 1.5004318209449141
86.36381467857068 40.42616885823137
15.312316107213086 35.366154184001765
66.57974670044786 76.15075765095757
96.25353400278519 88.88700283580665
25.737830999132704 98.26139407111273
55.38428499659885 26.918349474914628
36.249169497333455 58.818457892014365
21.3190764564826 71.56265387985827
35.54991004114455 86.5564624943554
2.388262163576793 77.2379141917785
59.421443224400385 36.470723972232335
12.654075567629441 47.12886814672944
8.054494431462267 36.08490312774387
20.968600977185893 94.18635235633317
55.70278418673832 62.96492701781175
94.77002036044523 79.50870282020452
45.54213317568203 86.04932420293673
64.52831249807419 15.28452938582362
88.78827306637939 42.17715078944446
61.352741252631105 26.353314956175677
70.85277702925181 27.067796099491247
23.672439751376395 43.76059805000069
3.697884148016284 84.31739437575406
77.5842928033904 48.73991838968722
38.8406915249616 72.6791277219753
64.47513017819341 78.32262631619086
99.16375277331693 85.59442751079726
64.31326380353235 66.11467604474082
34.09798742741131 1.2537357552341977
59.58986060629938 98.80751155348788
90.35492894983699 15.270907765157215
90.1121628622389 59.09837758416708
68.42483201313246 25.99562066292267
29.87832044522164 56.522780771099065
83.18096594913854 14.134608278440464
30.047686172938004 81.8239113749372
81.7269743839443 89.53822004547851
86.6175744931436 51.36204509687732
57.60339963027998 96.15525688681873
77.42487842326624 3.804374206392147
72.31115433542897 23.23961848869801
93.54894905995596 40.50437489207304
95.50271338896842 62.75221570085979
35.07375784323358 17.410996646827492
85.75776805759139 48.815391653794116
69.0251322120136 33.209262772481004
80.13793606429999 33.40233954828312
84.1156583795155 90.17220439068603
70.47422997820539 0.4827820734807253
20.741419918603874 80.1675167415487
57.05786073033937 8.55383741129836
75.86986590241654 11.204898612645431
96.28565657406715 96.7719061223343
59.284224886651785 96.6456194720225
16.07831000380986 32.5504481455644
55.64744428024754 68.68406541005979
46.221445450749265 51.309786984590964
44.43613630900805 81.6943638015869
3.1777291305603805 78.34947467880059
6.214403490103848 35.551529357825906
71.98792255118211 18.14056156498529
54.68779172138659 35.76438720035865
33.425377378466024 55.361499155189854
12.602259541793892 6.183569277382517
23.378441076594836 86.44698134982207
13.648270152209353 9.431853397484335
25.689619415987618 84.33386773135572
41.11543585754029 54.355367513421804
35.86123641514366 51.61648084432143
48.85864823931689 9.425951512707142
42.0998261827636 80.05777861900444
9.779672501796611 48.18821624832266
56.316289803003116 27.973991513880314
2.4909395214257612 53.566560179647915
94.99486199926812 90.51591454433635
98.73715604764853 47.48159366766208
69.86722300088032 67.50338310063412
46.7916852032977 22.3987536376275
3.5703647893251422 80.43529273685228
72.14919018116302 30.61350322991847
89.79634059823486 51.82223064272223
66.715877438037 30.975578805006542
84.37911315258026 73.44432353291307
55.942902618475166 35.52719283879886
75.12779939723032 44.88526350036511
33.03985329482179 26.94455633723689
91.35401862825819 7.358162392327183
95.17857176276216 37.90675274216435
58.23424511444523 34.974394451879085
28.51802467607836 13.54728811419733
6.877387771671528 17.21615420971031
85.22139355633323 83.52963277772719
37.816382838823394 43.731513237885075
70.54083368252753 8.428305749219367
86.70197509186104 66.2609560583683
91.32053436641164 75.69244322402497
40.12188996738255 88.59418901942576
12.718090453683272 35.536320738686214
51.927456763718716 47.090199976133796
19.894444976021084 89.35275147524109
28.479141680306142 1.2070921610199292
62.6308097787854 20.65938107393137
14.784216943443539 88.8228007855561
55.84311391438925 31.207053449836618
9.565305135977663 43.10163115928381
84.49414368309299 28.751778395373538
58.99651961590951 62.20577677281695
30.89194758493221 99.25900522294732
19.97403868989156 99.57079590448566
49.45921608567051 87.59029704228557
7.515979007916407 32.40618515837844
8.051565941604967 7.970605962794963
64.52020084765593 28.11102240572699
49.56483951752394 46.5083949644851
29.86070807468376 90.55655791217069
55.78398707028263 44.33259878617446
90.3401012675346 96.26602444658249
84.41950800381184 95.36110221968408
30.543629941105653 79.11909360346058
82.28262562582971 32.50756547531609
7.811914789482111 7.926532456837365
94.93110250499774 81.48025043013956
16.055083024048955 67.10290215059558
70.35161786282947 52.74517489012537
83.80865987805875 8.719666929934045
23.67539399347114 42.06600155137525
77.72607795126271 47.31637338379011
62.42870777233798 69.3401335085332
46.133295182144195 87.45180539512278
55.25495745399457 23.202335161917564
53.495153876857685 67.03842190374245
54.8449157202769 97.27134256279587
62.992935016471186 7.876650397944984
16.039652865976585 63.503980107202565
68.41555368121904 9.281441429917447
17.24438930790778 9.56791571753477
51.53415216511955 89.13364003819115
45.63452845170688 75.16329215029711
8.44383415833403 36.03022737714772
88.48072206749539 60.15264776891064
4.913518318134635 99.22319227281086
47.984422254617954 86.50462136994122
71.0126814769845 49.67105333742941
20.197817050421072 95.11353090545275
28.729761923150875 30.957465928494386
16.332083380524676 23.094186933767336
72.2858555648935 1.1656489691481031
23.2057441900698 20.740485070156613
57.448290090972755 65.1408218400449
12.578673232140225 53.96924657462239
21.616532123127296 75.40193917699493
98.66504856331784 21.68474203578521
51.35182912182522 26.331047076079184
43.56967562092581 84.24950114569202
80.25624684067624 79.30551697139104
58.75116179569595 96.76445150059492
51.98168938991504 16.127815909613986
31.51486554584202 11.956022717720549
74.59066282750815 43.760054246905845
42.063207127495 67.03142338310218
97.34545231679776 52.80498265685787
30.92388902176323 55.71742281073316
4.940885570368437 78.42149546610128
77.59256829253613 89.37819489096778
96.56293386830123 18.711676288379508
23.015685021470556 90.90766842117728
35.19064461745474 52.63562760391874
46.30986151284483 78.61204369870882
89.54825323525436 37.28948729267405
81.466009550721 32.96308691959856
