688
56.096452734974044 58.70069847362714
59.10339209687072 81.85331376066513
51.022049184382226 90.02574346182936
19.109946540835352 13.638859493564247
81.53315330783803 43.74120945324881
65.70007920968844 69.88631699157632
98.62529641984452 52.03662752230791
89.70095981083264 4.8871842739191536
8.554860042490143 32.683727823511475
86.8794676195072 83.29544590791383
49.2849968546087 95.41959449980779
89.15695711308153 3.810296629615606
77.16460141302196 46.06865901101374
3.1083925520343114 39.373981512659576
47.6666210542855 59.50110229749653
64.50564054847176 0.00311134748699482
60.002474918959834 15.852337155331774
76.14006919507106 17.063823930348764
8.036882595752937 11.302245243884013
61.076683216294306 81.42124164758462
93.04972424496094 60.0690811121951
74.43678851172774 32.90882549290715
87.08831502286704 86.85240889945392
37.714104837962594 47.47027619343987
94.08897600098709 78.0520695788663
13.034184409118254 67.20944562598223
67.74960471033098 5.87454489230026
82.2826771879371 76.3249566401317
96.78375059663806 81.21279268094528
35.51246256586802 60.0762782320877
16.817405141756947 20.648307301250345
23.89677359456577 67.36987062863452
86.30288370226734 34.21791009203168
87.08985760675634 74.72706893268217
98.24020874712856 58.03840533200886
66.42585055954494 22.851850190315137
71.54796963764677 59.23837059015327
12.92851039776699 15.326643310950171
78.73174653941123 10.89902911553483
62.38596590684972 48.808757086456744
29.181050660231744 61.76839475368199
18.142519052223594 64.37707260016539
4.175203067195965 39.14350354342601
95.55974203680107 4.41713547960636
25.995504142026416 76.85382395035903
49.00550466706864 62.67937816230689
70.33084982363455 8.550350808080942
61.3396128272235 86.09739427001062
36.95212606397944 89.51371647685093
3.2567438722025943 20.663908840356736
14.36304754615726 43.22263011861782
62.34586964715865 76.598496860303
53.553835584663204 13.53804423861893
81.01909005680528 62.85315252188203
14.734563351749275 86.67364357512352
27.95171047403785 82.97148746846729
57.285834392122524 15.633696925171892
81.56495184095024 99.90323465995354
93.05937761360043 34.71123101006318
25.181504162620683 28.045694515368336
81.28872879724597 33.16962491023624
9.064957931714247 29.35541883931865
86.69792338223903 18.62886469236418
99.74162145226532 13.068806292368873
26.574310026171112 27.157471466974016
74.11979835186654 48.01421101430361
12.770731336238338 8.029291829182906
91.41158055905436 64.16318084168016
35.336800727952955 81.90526797437016
37.31118496128111 24.886557078978043
65.40134395046431 14.999853861294632
9.370050312708333 82.12957640690536
31.553881300063104 0.2532290336109355
97.82253104241757 27.998992223287278
27.13832446221991 18.687312365771447
84.03397726149171 19.005489295991072
40.83014628948555 95.91867540306251
54.834775973563474 15.145927480020138
37.24181290724328 80.55472307127283
82.63025735622082 11.831955105551828
76.82621636830754 76.61530203988886
64.87438583216607 6.899794606586218
63.37491508295938 55.12924737430642
75.79720091755566 69.10440420765724
10.961262207673517 18.68472839493226
89.29505355706236 29.168344094017506
39.17385969427165 48.914032569873655
52.352431017093714 9.811432565156474
75.35445400891983 42.58945902315043
87.7719272968571 49.925200413848444
86.12501999225732 28.6605396313244
49.33157790951239 25.768457813636168
95.67183843843884 22.30533483553331
73.81676730125054 20.87681230513959
3.0090144872217284 52.01782771171244
96.38723511854175 56.68576074758553
66.18185271250225 43.87981048520394
59.78841235030292 30.740598460870128
64.18526503410189 20.90277916455018
70.17841061621797 29.019685116106963
77.53022976369243 69.54153058074058
11.374208168071842 85.29764156508742
54.449820436506016 86.64769015066899
29.607229680797087 47.50580207478594
60.6922227561561 68.24141539037535
29.02600295760902 81.14241236291733
53.10693335179305 66.20373863325234
17.06789802607609 15.602191687450585
42.79134293602408 34.93694897779878
23.54163170024085 66.46200102358281
41.87926198506978 90.70938109878841
89.80686926723995 44.949543183355324
35.09320328120853 40.733351573197204
76.35709848589572 23.34945006211585
7.699953931537806 25.232160897021238
49.75794796403227 46.36979028592324
19.919465737664744 80.54637222931136
75.61809757444738 74.23820798108123
58.83979917643294 22.124614363827245
73.68391317880496 5.94341898296814
45.38469384209041 33.93796875975499
62.108876499567565 65.73886148147933
51.05164263054189 10.826722643628617
63.261021887690994 53.18928364982577
11.301146365267044 33.72413264053819
39.785021928707174 87.47673979559374
28.21754386149129 42.397034782188555
14.552400087287221 40.916862579444015
44.45966468567298 32.38382345585874
67.70571995335622 26.146590772407883
27.385719532264197 17.74684183452444
28.7590538973016 19.383346945974544
87.72212435172995 31.618979579614393
76.49230555769246 6.670727650514885
76.91081629494305 67.54942366333161
48.67803131942642 55.90421569953079
97.65218788363512 1.25740556889542
32.163136403448945 76.54130721674694
49.170137903674515 63.44183312280166
48.878017815321265 61.595252626935185
16.0108903207561 59.976066082878965
59.707290838826545 46.792681965477954
4.9851106853305405 93.84338717860366
48.298670043356886 73.65505396896522
18.715542082419024 92.29116882520803
37.19817607827876 81.26369387863703
99.4357600925422 11.32177436060523
83.83191332991878 12.82271669852647
66.55211024501713 54.28184461975468
92.9600804458466 40.85362789712742
62.55528302335731 59.343141026384885
88.26005218622879 44.760082908608055
17.673872493427034 78.63075535497894
41.17993547754044 86.80552067517411
22.13484314257207 91.72031181755219
81.50686579205389 75.93073672772574
98.28956689519785 56.119288719207496
34.34248330479149 70.16704454253542
34.664034677768875 98.58080727686206
73.1717523286693 0.9020894313511718
36.63268130799779 85.80662610495182
3.3692542587926866 54.13137165216948
38.458726965030046 79.1900480467553
25.215788969442333 36.09016038008254
59.74414243856258 29.359941011922473
58.43929634104885 22.108001930358956
88.1244618819288 38.6875657402134
14.409846804419303 25.142365800062304
17.76735094275993 25.60007795375355
26.101687459650414 16.543806880573886
84.99534197725352 31.69753316066727
41.475387081007476 22.868361985682185
16.75353154391268 9.129078817507208
68.60451702176157 93.39065752798605
91.00589661098954 9.408980640282527
93.09154745349018 73.88845937470045
31.136103653785383 44.420841219236884
7.69719963892308 96.45071232981988
74.32354582753076 80.13641105744698
62.98204359727969 73.6894105706172
65.17146933239832 28.697384147450677
56.344167484980986 95.23894351759317
92.65580169126022 93.72020095833898
43.4686543360914 75.15846049772892
92.70618434724763 52.87200131681814
60.201342265904714 84.5537697575656
43.287445827518646 16.916003843583947
89.9948852801922 11.028224679998711
38.06559328601193 95.24163986120561
51.57147243258342 58.652174806428704
4.048123324671038 97.15341825937902
12.891903045566021 33.65795235455722
31.24401457009196 79.24330107232224
80.18935133827075 55.15193613157141
87.83754603419769 19.88974277427291
54.75585659721648 10.806788272700729
8.590486242276906 75.48012866310343
94.85641003728624 40.049781294840145
71.56757946522649 43.41285780706864
40.39669847796266 35.29014729698936
22.718502089132375 23.077495253601256
22.272938647543484 54.86964957245443
34.073741909325115 77.99319176593738
10.242391092736082 86.80360870794121
21.836585895112282 47.7355409176846
67.26164510089963 24.898622481282505
31.78489893080695 97.5377096704227
47.811690947209165 55.08390313715863
3.351305623280376 21.359066355680312
38.86397445577915 89.21973427085639
88.59828873117229 16.313440070845818
81.52090926821346 68.43555098447365
90.06671682835254 2.4811719803069288
27.599771715267206 20.565745136915268
48.35295482796836 50.43886629322778
22.64537204584266 28.901117261195463
24.641349299375005 17.272334587310567
10.746262757609404 60.301961377729164
79.54835181638732 65.39356623333157
82.69546949849243 47.890699765964605
87.43620534126192 68.65921226953986
0.5112079647181078 15.964502490052979
46.15107411442813 87.08504948924116
48.78127313289291 70.07629521457473
65.1952559270463 51.6987392082961
77.63179522664319 83.66040532098583
59.96910709485257 15.77826581926911
4.699236825086817 55.465867384054235
98.33147581523185 67.01045154002637
81.90596474426512 70.89859261624112
19.42269218512077 10.837317958876714
5.374886731299 18.900968299397004
64.26723889131833 21.7727103528475
38.6351927409919 22.093721426122258
96.9863386770398 60.26735279426727
27.92353053552674 24.95553515499339
9.009652665201507 45.219242906192335
97.17964999511396 1.2385363022203277
20.853503264043958 34.80163828440952
93.43734841982933 71.61974651040907
10.242212068139144 13.640162217069074
40.1560145323524 38.417546192361264
62.82788663042638 29.529552669061264
5.556142354228955 14.787226342472138
95.270604774269 83.33139247143777
0.6768028684594585 55.46547722980038
9.039151574970317 8.595229791286785
99.4949644220915 68.31985795673732
44.32316236849489 18.011348596290865
79.82096896223761 0.11078401858535258
48.25866715747779 59.13980451198611
46.34331049201323 5.548926179180191
7.87914778015727 40.177568499553985
5.041522765361572 84.66245805398746
36.44891843860929 14.47612081879025
40.18618430751063 58.566337741457765
1.3796036727321992 63.2333347599479
62.654522911499434 41.98826473287098
77.95265014291655 69.30211335237715
93.12831166426376 46.66641286731098
9.040116564821899 34.06457280578422
51.519219603294395 41.32473274664883
10.631640677625553 19.19670339849191
21.570256486890838 40.84545844746895
81.40516187547114 68.87629247484118
38.50787667684153 86.28700455009346
37.342519743159976 88.5242384044045
75.67454891938442 34.44502672089263
8.030176338418837 13.298783219258603
15.639057911043075 16.843332801743895
75.57422343942604 35.97157127328969
56.46642898688034 89.11493122657936
0.34712727723041903 62.61193087112542
61.68662535523622 31.326779363480018
53.273762415409976 15.165980490378683
26.91192931992741 9.126102078636766
72.84360491175713 71.23471666905624
0.9335335489490837 46.91070942048473
57.19755165722739 12.428024740540488
2.104866866800481 28.258160219292428
85.52546553637376 38.30595130980925
3.2149900333931503 95.37328414735707
73.06915155614138 43.58368217897358
33.51885488517679 17.89715320932823
66.95597143908253 49.140814710768254
9.469992155373374 7.342202525263419
33.23656201161405 68.43169110907348
15.85489309015129 5.962482674514402
95.20255219934009 5.504891875835072
62.583729784171325 73.702228686146
42.24076963027423 9.015533781344963
30.89664695725659 40.046461641286804
16.013245787819976 61.29795515999595
83.64351700031496 88.24531867570694
98.35809471153036 26.52550970853659
53.44664800046965 89.00411278326695
44.73407388197329 17.763777253239887
36.09766394207513 3.5648971497910464
83.26950679025578 24.260760855968854
21.32385639747717 38.3584675976833
19.4036533157654 62.35573242983069
41.61169753194971 66.60073790589149
40.03517383031654 7.670071999906314
99.20412071517988 15.70710841729922
44.15213249935702 10.416089337688817
12.83584768664805 74.32037646262303
10.473540645735335 41.674221551515664
58.450599460824435 13.46954853354696
61.10140824443536 94.28764887785219
54.091675702278444 52.826119811288855
71.69376624120464 58.36476196749355
96.74695458840532 4.447485928208106
15.870073068806024 87.50249919762749
29.241997336350302 77.08899428285524
52.00116331138668 83.8077794167377
65.56371575639741 83.283241824768
54.29882193381141 80.2804053148769
94.61923050311282 22.094438648740365
32.570355645509466 57.320802058413214
47.14803739579298 61.03671806509967
61.025533017835635 22.657017922591972
91.3714073391827 18.46711297431842
36.593881929231244 28.249893286576842
34.943274121590406 36.95923689790085
53.64682091149412 66.62030385663937
3.11633811954124 47.291700557086045
87.53358672016999 17.827694222357838
17.611219818138192 13.312944568846996
99.5970289987349 89.57317018420494
99.03738939561254 15.900680267842338
97.20264529877151 66.36136344904614
26.52528391097706 39.11191273757242
40.57775110700037 46.35088111653671
80.84531952623624 61.71254161083953
47.818799001549074 87.59449790536888
31.22542378469504 96.92677041259337
71.600868341692 56.83880933687727
81.15644707343846 8.093194268140614
35.46730180274403 87.62457732439971
43.20412655830871 17.948047756098408
71.19025437169796 63.843305131593254
80.85462166663461 59.47647902097998
51.33764046805768 6.029776675370946
73.93446506733848 50.72007259503688
46.68284711900736 89.43690334205134
7.564127882144078 7.742246640705941
52.427708763177996 68.56988065920359
29.0445183568103 83.65675975348607
47.07515710116703 13.303130523362894
32.52533210687979 43.6264027606727
96.53395060535573 31.34550598179008
75.42627676463243 12.949038210700659
13.832795279402498 25.66914230700934
60.1825519232828 31.75546854303609
94.81367326866955 64.3502660070762
56.9802818629639 56.17542783678087
71.73878642279358 12.57374244616688
73.21927491483503 39.045322073388974
26.93257348715803 20.25858249781275
57.93332781185059 0.49834063355791436
96.71857264924259 22.93759109781902
13.984970895664716 9.902615247392898
64.97575032437372 49.53945808541449
34.511437672501245 82.44965112101332
95.77765557556886 49.01834512910113
94.03256323757972 51.54084351829955
34.42612875882286 47.18872964490858
46.35104865565632 93.08617522151307
31.428806216120186 19.203797727761295
45.88483436805685 42.09393221419627
45.07628713628888 25.507463540657994
90.65478090462736 29.816775449157753
43.597330522416414 40.411136772165925
57.705609216159694 8.76430256982933
58.06092983006273 18.931575720349368
34.4225051329201 0.6846875706380651
95.0290790653864 96.25570473086714
17.047611243165196 52.0350233147486
30.277099486456272 31.693424696100113
42.89716355283344 11.764251673649051
10.514964416223972 86.88201980462824
88.84042041005492 74.97004994243092
51.44708822370719 39.00802445989403
87.43990858307605 64.43178894278533
57.82334300753571 4.216154778155845
82.7707023170982 76.62631523095621
44.41880727401352 65.47755885009988
17.17277619952886 39.31929253863699
4.099482902032281 13.68514018001491
5.058543989861097 63.24566193435424
84.43783705554307 57.47162975778238
27.661124248071346 5.41142812656723
11.565693887173056 30.633827411451286
52.63870228710198 88.6019822043299
32.46460486635602 20.41816163945723
81.05629841702222 79.5051059640708
32.35017367151911 31.217406311279174
80.15911696797943 29.27705153683008
60.986094454021355 95.31290855019863
52.992145437948714 62.64081177765003
15.246662191533423 76.79904425543894
69.82851520986026 11.039611870981169
6.604183482989534 95.70944316462149
12.924846388447818 5.560581789638963
25.41375435495141 51.94890000854184
76.15519465915662 85.6432588551651
98.78684151592243 52.517797288425314
61.75233905079407 54.974022628066855
88.9007438369515 95.62213051117018
46.216725069075316 34.30442587663764
8.333276905143139 56.84940486697414
41.94886274828811 44.64173419105562
89.91929622213993 83.8731981875851
60.76165010468206 45.65730885605023
63.651198970796976 75.24272416636366
45.261947560155726 30.2836363239135
72.86475565536631 64.36149337491028
92.95185366154939 62.28777009757417
73.14092975919311 27.023686839143046
39.76162574878986 4.43850562345498
86.49621684973458 51.11679388794326
86.80951616916265 77.54335894486996
12.311040641914206 56.81756312441709
8.692337839777709 36.15895112123331
0.8595835333820578 91.47958969853445
58.85479455335497 33.3469565795658
22.485865606334965 12.53701301158392
22.996637712346423 52.74564637212591
34.46928695285685 9.386705423273966
26.77618578234997 34.67315795376468
84.60295313473476 67.89581222292533
52.190233614230706 62.17906845632448
32.312828217550205 92.47120043159383
52.8075588631386 15.287552088282508
94.41207469629155 4.032827047075093
13.964162858291562 18.236507346441943
11.64856743395405 41.85374139259307
89.9529655353622 17.762224562844807
29.280402676733818 16.58287522296028
33.18872672375966 87.23309457401484
79.94339899326965 87.20927158865832
13.602225626501529 67.12043698625662
47.76676563487754 36.8266922567228
81.11275482233481 96.9343173369312
25.77825902443983 75.0592522001699
90.85423856817484 15.536545878630648
71.89896759198602 53.01235354788795
45.42276903222358 62.8601007033922
42.62924585103966 83.5828652676697
22.811597565777486 48.301191167360535
53.38282726060108 38.44397789115433
24.34034812171325 72.00670205084609
26.361684110581418 57.275809876687504
24.374985613388212 80.61588674770799
73.13275703994277 41.26862878986549
92.74925871792549 74.82015950333984
3.995963357212473 45.843990909184186
70.67997470861489 11.769891575912528
18.082523107106717 10.943085295719646
41.20320527146576 81.80871102917196
50.13266651334671 54.51192671778904
11.837069088553264 97.546504990091
92.02835261942461 20.212277049507364
64.76015287978576 98.84241460311448
19.5709590651428 5.904925992141163
98.37538958088015 75.90910731072027
79.77605067460708 53.394638140348505
21.641394027046847 88.2408729277485
54.40459536317842 13.317925761511063
60.05067855317668 95.42219568613042
73.91205917039416 83.47637539928998
78.71830733395957 16.89635021910407
17.19959185107808 40.998223053570804
1.4250380149366304 6.320320234551136
34.246941640878035 90.95699459083964
92.42391639309005 91.21198516718233
17.713470869470747 38.689210806553334
46.05177852395843 68.38388072600512
32.22637897845998 8.30672410023544
4.905903030634495 23.322819750681923
77.67633103401022 6.188694682464746
47.39425871013554 25.225861140998408
40.25445818269665 78.36017906055478
27.649610190899875 40.27118188618548
46.310302638692804 1.696830895672552
48.597867540144165 90.02758476187952
90.78738201015408 49.0632476638712
22.191607136647573 76.14345213216056
68.68808474584063 87.1560704398023
7.654660192767116 64.33666526885679
35.14833468293268 37.10428364617664
54.76563213979573 82.28017464996195
5.013353951561806 54.876509227744016
17.929784425813978 24.404402739596364
40.81076577165567 97.48082855872774
63.40823624380557 37.25169307048978
17.784263183561364 82.28023763500263
68.22860829293367 48.53908881215405
57.47675066159699 50.1836202838857
64.7466155412791 77.29889642387653
14.619941875160835 62.61118927210764
11.112718064524984 0.5993868610580932
76.46462024541167 55.53231598754961
36.59868699471115 30.52562111885043
75.70489750108746 30.69004362574549
21.192041023808493 30.2321096708421
91.29552601552265 51.563532788520064
13.909692744020386 42.3347080144748
71.4973209342276 28.850793422057208
62.994990148372324 89.611220931476
23.320270651387975 93.04098861428865
68.43388817244377 80.68197362711642
35.46546271528867 4.94293566703119
97.75513597045357 92.7688849200287
96.16730512889127 37.69787319414741
53.330077563311086 51.29409470809485
21.92715640141226 11.560526461670806
84.98110014118726 23.21978016705272
96.40832120208057 35.832270254254205
94.60158346733478 6.438973867320408
35.91922241364492 76.05971771779997
93.41296165241641 14.765397393817326
96.61136050141663 8.25078006170804
44.64001107592588 24.650299670526067
98.2380958109642 71.22003383285399
10.353944502308066 99.25218980110314
26.556395364176744 19.984617047180176
26.913838027688975 64.95484704866716
63.193790738401376 52.182825096428864
92.35279217954559 9.17420051979837
39.53670258034839 89.46402871045723
31.772188070115792 61.86472325615067
26.60994704746803 59.27904517159824
67.04442632589958 36.56411306713887
24.68012588488747 93.9704435687713
51.948994966916764 99.30279941327666
85.85471509569606 35.385119688992326
69.87792663360295 64.00251324865764
71.08728682202222 75.1154792477564
11.001627080775211 45.14183178423671
73.872406920613 86.51896106482853
29.414557174421894 13.669781754690359
22.72435239665245 43.385116498664054
59.33936735299643 63.25833468123832
82.05615296418834 50.244695716634745
18.68974938360838 33.600514231715586
77.7509671299593 52.22027865360529
74.07842810980323 67.79289641235515
46.386460617824895 16.14136839819329
81.87771142290413 45.10376619548998
41.667157433516024 85.22467486625044
0.07647461370949848 72.21460613842999
61.43716319520438 29.97915490376557
71.38067488455452 58.3661958580582
99.53422402588946 97.92427576346874
67.99111266978655 92.3651308822342
84.26722197257263 25.22519343898385
53.22379808709846 66.7652394412265
78.7867549124971 78.58031247796359
69.70808089582701 96.40322585148532
68.55295552190003 98.62126772325209
90.35191057876636 96.70306773518801
88.80139408109093 20.859124726333576
51.50936699372733 79.07188040753229
27.390744621166373 87.84006597506045
19.945419625884263 92.04950107921186
81.92446330162441 93.75191970931768
94.52703369285831 78.45546710989733
47.34215558746471 87.68942879567561
0.5517726377948895 28.894575945861778
43.21135639324349 93.48740970160955
77.89833156768837 25.583983263169408
66.56628498278006 48.088109820577515
51.80178630353019 82.46355567720659
79.97819655573483 75.49775183457396
26.163354559536966 87.39892002594199
24.995780817596746 80.87737255787147
16.021255822889536 71.07203328397378
60.32095193316841 19.150027142143777
59.3737860940063 86.37427515608141
33.52511554838974 81.20743628535875
14.583582368113479 73.50553732691658
48.788601533893036 16.82479797983627
94.4746202020882 49.89278161954939
10.092141584286063 3.433639326190263
46.37203406192536 86.67536104762597
94.82033708648552 42.429174745202936
43.75683313682812 34.8669339436983
67.43587778093591 79.62114966316341
14.083110441885072 91.69461259217135
25.455371091643762 96.59927223858877
0.6900667844258468 76.06233682755969
48.97991225712267 51.70234391957433
77.23749828255795 37.846664018225205
62.359161692035336 61.17750749688212
64.76651681213518 30.66477044548581
52.71161098133239 42.464434242708535
67.8433091416649 23.867980198014905
24.88410578513508 57.034730229568595
82.37016532974611 13.30172928604002
96.80071009342461 61.89179840867949
28.34002768142212 87.54044906355698
13.841915272163718 18.795477501324676
67.17501937053856 14.340651376227731
45.37567616037781 17.81988132333755
45.55371095638827 84.22781822791694
72.4017939872738 34.82180126642673
37.72203925511089 48.69097909992374
5.109828187328713 17.39330461112363
97.05947130847841 30.091427430227725
44.91982414592756 5.0606650386198275
41.06083705977856 48.988889138392466
80.04459266962448 46.86783396163469
31.52339029122695 42.2921100437988
14.75992152654123 58.136178130528734
14.248958613797702 15.106377174677066
21.2760936880257 17.29892710264607
2.252167084568457 68.54063216805328
47.02560619763131 15.338071327542025
78.83470734148584 1.4222965057249515
10.02088403151815 61.344964347506014
32.747976689371164 20.063817084167933
11.861547891585978 28.286104786419642
46.828204824499906 93.22807453898486
78.85316727391934 11.752161097144054
66.46688023040277 78.12309844026827
55.68821857679034 85.67193305986586
92.13515697156231 93.8772978172659
84.33671457884002 52.601634052874715
55.61469509379692 37.871498406261914
85.63403854735934 39.81152832371366
61.80289890328211 48.51260312993866
12.924466586403682 8.396005746947033
81.4080949891806 25.072175999776782
40.64471591255084 50.13707052866722
49.00899129412408 75.17250012019633
77.9328275809721 22.216053308343998
41.813832105760426 65.9702824864205
23.437247181237552 3.396477364055339
15.428115060688995 10.13957367221996
22.56421304768963 83.98128222240089
64.67428840867584 67.87955898546423
28.54080754255507 52.48283436085024
60.86441074240262 56.40547300575622
20.541663834054713 33.72733154281451
40.05735242431538 11.763288821738339
63.326138681948684 1.753544183789435
91.85777670751594 11.657128416234242
53.28840136627885 10.940184356533745
26.971481292236575 93.51513581854805
8.297026519505724 64.33629462791149
93.09256661090544 7.823005977131436
98.40315957966997 6.443708107684676
9.721134489734752 10.185786529654884
21.155172566502 60.440831654452865
19.612524757388993 55.658795090054994
1.2963519956902259 69.09671597375674
71.43136147654796 81.82160167260622
73.34654981022769 82.53139679954668
20.853405894721767 86.72830556303379
19.91001286587145 8.820128364129399
33.948555113838076 61.655348105635944
62.523109949348566 53.29420026760775
60.68539389555029 86.89202951139228
1.4569475973816304 99.7717483981496
63.59381279849446 40.76474424090918
38.74530242282991 91.5710372076072
87.76406571130273 25.462924760158888
29.826527938761917 18.06556999883545
34.10786319800969 51.25423630009568
31.418114453130165 53.776910331705665
31.961494709875616 11.003879461040633
42.96544835128165 63.59434518408192
61.99170851808259 38.50522958770867
27.47131842221603 36.90865271247725
91.20987020482718 11.60567021270924
2.567777987363684 17.700218832973647
64.82457095459918 36.43825942747969
22.25550843508509 54.22321030068462
65.29141048211741 88.35656965033321
6.345562382798786 79.68699847447625
54.16254173765748 63.12690982280025
42.48504473370429 29.758424785898107
72.05404664512297 43.55829003884438
33.629190377278064 75.5968014477854
88.70043630439767 22.620318474265176
51.16131205915171 8.096269480939512
96.94133032469912 57.56242410543311
