610
83.13921679057795 38.92189084359925
72.22488573434906 60.162112752147856
99.28773899211944 82.68338477043784
79.59896596892575 84.11201619436393
48.966886366220784 58.61244292107064
26.96746292180646 56.16183638710092
94.29774857137015 5.075682802972137
72.72329876905808 17.83310664113903
9.42095887117228 79.19035450906907
77.72268532733905 49.42273819658961
53.68704705434646 93.16139298462569
31.573362151171093 22.908934089230705
18.431808874653342 7.530987142512124
58.964770666869356 74.15278273286262
41.91272722456737 61.44634106269896
76.18665615406387 97.50238610091692
15.081153431421402 6.906240221486559
21.338148915985723 77.74971795976441
33.80609337596523 81.57218047271269
33.17730774827228 6.274337431152355
3.738774557703084 27.229071560721817
30.15685531416984 1.570067125116692
12.05966290868129 80.92310608771794
29.300006046322824 16.504994763183912
82.83873255567428 41.680194360720805
32.4582423412859 47.72911763947183
50.69585040274548 0.5103490473248651
38.245574359223625 25.31157853871194
42.23758758280211 57.98567052369944
52.38133353177318 46.7640497174724
59.18457190503113 37.0921436915727
46.99710797248926 97.93309587388971
66.23887528450365 30.650838376342605
72.0808563077024 15.371509753068135
6.766502085152548 18.1717636731609
80.65280878853804 75.58491209884392
67.65514134920578 42.70935095758986
30.240882289433223 85.25244354507335
39.745994360104554 90.74759072439727
55.70671554635865 95.49262504180626
60.243508735836215 16.041339013989674
83.28597497271434 53.280078167399346
42.080455486249214 9.107515125369591
46.0835997260448 83.45670656242422
42.214433608544965 97.55674303653555
19.462474576227685 14.964569116606885
72.73154713474986 34.80782176391628
87.29146510653433 57.39368976412595
33.59525340948297 59.95264081525972
88.26078035884973 96.497454936564
32.30827302684662 33.493840386620754
3.5870874782696127 79.48855694288652
23.128459512525833 22.426308734934985
99.51722903164342 62.82806076501842
8.110151033850077 8.02835486872615
65.75932180975664 3.9945796385871923
86.20497100322793 79.48616479264908
31.09165800147545 5.616840765715514
44.92188106510948 75.30939217139961
74.4506419907004 29.011392864748487
12.934847091472168 1.1504430511712016
35.184428110570856 28.56657634507095
86.25845172089501 77.42294296852292
27.60812654750151 68.77405503857722
85.43614361521111 36.35577628165984
11.955903855318429 30.592376143501543
57.38502335447772 0.3542421644560867
78.03560369086875 91.32578592612607
56.477918222187775 67.21601828586385
73.37996625063147 7.065810297075625
34.44297576981409 59.188310140592094
2.4665507564393008 34.02705337854908
93.00400927290521 15.18476943920728
94.10077166191218 4.29836976163398
23.923633666617672 68.17377680736305
90.98683191242678 52.67013228286933
46.85833104885451 71.03888532518766
86.40173313785611 47.35418565046833
4.223407406613777 67.39001521235492
20.62616887362001 66.08093808091637
39.290164730214514 27.132651158177246
71.24130402898801 34.67149104031062
67.87053233334721 94.15114270354587
58.01779507863417 8.834865569213745
63.80782912002275 4.627037936550716
79.18299981278297 32.70604083234233
56.62922257014199 83.37652690757812
77.04926782989966 92.58895508996733
69.2658587791897 54.915113895083955
93.76608252474111 52.25933706990267
79.63397400070757 61.10971336444966
20.281738201518607 17.162728600620703
47.638413515648345 30.94522412338321
93.31689822080604 86.82985506025831
6.632140412107579 27.63324508806112
43.33047900898793 15.080649701904125
3.0393223383435086 24.421103227837236
37.70179859381769 46.1953593629808
77.42005348239917 22.96423829292532
24.664928570010126 83.62834137971957
16.140685180655012 39.920029351077225
71.83583084639002 8.643500659522196
73.5876310393938 13.363595213732859
66.07879961181536 70.51577233559037
28.028731627151306 70.2772060451069
55.62726990555484 96.79576222997646
94.17410788426432 9.902862143979696
28.150393151465657 40.070851443923274
33.41474630396763 59.33569041231203
58.35248928299862 83.10897340400345
72.69426484268827 96.11160332991331
73.82269424667945 67.21925468600539
67.24518058314715 39.15667978251878
34.283432303527974 9.206767462995069
31.755100151914583 41.44135221247262
92.09216890084372 92.59017901787622
40.54706602887194 18.25380320995046
55.68107848695877 47.323445450122335
44.32821499669629 14.179026682413943
95.26593110062855 17.045465577954545
20.96165636508046 49.57862795907193
2.096172845716615 67.60776141368258
37.13532336869494 73.65118608393192
66.15486365618386 64.2170673820298
48.93761702344344 62.0424852523766
39.54063052311111 4.892549379389566
68.27689291868337 36.79300734636146
46.23789118227748 46.24825242963855
71.26777695238987 23.885949400158424
46.68063774547036 0.7954189604164497
38.94699010638094 52.896282507882496
58.322604729390406 87.63547265076313
49.214275101848116 0.9447821562616365
94.8615852438391 96.65975955904449
83.65637664205454 60.33322849384399
69.64735181628214 74.07203926448683
11.622357618711165 86.9257582594781
0.24317499756549843 64.47415113129712
60.02248583639292 37.006070295910575
24.595217786435043 80.49774068690594
17.267371627219074 29.87821722851337
31.759024972240102 79.2491952251512
26.691889644336232 83.01022967757716
93.54313699605403 64.8468077588635
86.50302263318402 71.43766267709026
60.65974816468326 42.504576499560834
13.973158335699253 12.689260682056268
36.63696160097637 34.98535531996572
27.689568043202804 19.103725712135777
20.384958612188754 70.62710302994802
96.092779579702 90.56125085125744
43.48020652083699 2.932613785488558
95.03666676493938 17.809034886595775
36.4579156423266 7.565074214678747
3.8565811732245714 81.23064699385203
34.14695804674853 70.94234371742981
84.24842104281024 18.735813617686368
19.493677784461372 25.503719198679953
40.48698858250807 22.94574736392413
6.815539813094206 88.40703761076848
25.403890509752834 28.056645290673487
65.4914173975875 42.666751984000584
81.45526380681689 17.41198688944321
46.393528399186664 0.35465047955860474
87.47015237039678 69.13725200274543
25.33639920295816 86.17350391418098
42.397189427730396 82.70871806751583
75.50950882895097 78.27295864801093
47.63583844186646 88.38419366223648
50.8466964952816 23.91347332755801
41.76267765037747 63.584873572726764
13.85084643405663 59.71661265129441
2.5698857817046283 95.98907095479422
29.66787684788743 49.59020555903271
57.614496455741374 64.26809130558954
10.209550577415294 51.66494192662273
80.64134303239055 86.04648700173789
26.98115133237444 78.44639791922847
58.44547367487129 84.80037727168383
94.19414005754248 53.16996369538158
61.24285421755371 4.037823109233985
55.577701522425 96.40743937666923
44.300883082545184 84.17847311117893
80.54754557016814 23.806873614024127
5.047506477423857 12.716619980283273
22.557360749207668 12.893740785889307
43.275478578814706 29.62642070078202
21.76607318628012 15.919570670223326
35.11239709189648 51.81197158499966
76.20377184431487 15.484024335481884
55.02613397066168 1.507647252439026
77.35867482880641 68.75099129475831
97.28399425286436 85.64737510192916
94.42905897669733 74.50926596054121
46.34557017044967 1.8958076932510393
27.474436995516516 76.38953035927126
77.75015158441052 52.48115568320431
27.838642619820607 85.55810921364537
81.05983253077116 65.12611828565753
84.91167190422065 49.19460033967348
58.501925482551286 92.16228673382545
17.386295240980097 81.24418189109338
71.70574937743379 98.48655925438898
80.42313255523064 82.25601213724407
73.42785895700075 28.00263661009058
67.36497436635395 38.46617969320981
69.05493963737753 7.603346942373712
43.444204433775994 31.53701556320627
63.89531278252234 80.06602866285523
57.134947047841735 0.7559432204464644
46.12593794383951 44.24776160216035
6.607326809887237 57.9606201614568
60.52374366082122 52.45051302691306
69.28540486415162 53.79908591238309
25.54647121730895 15.291252156606394
86.85346041107616 31.995901054467545
39.61118492929398 92.481434467836
15.313545769806025 72.29799905944934
47.872788575417744 96.9635734725097
98.4940546851304 59.69316542826923
34.7299282248689 47.77885581679686
38.69456624724521 45.10829469070501
20.89845220216168 91.55391935403536
52.43830966940942 79.79829113833483
6.040422003523949 88.35916193330672
26.3288183284066 76.00550845241291
50.66251784258628 17.639944121265682
58.14329335712182 22.0313136676061
37.66033446441101 30.497207446641315
71.72733258945576 64.49316316274395
97.3480138845082 45.229167940293976
14.210751972192758 39.01939510962759
32.266398928777676 69.97537157139101
15.360392696649027 35.70650206787119
45.89631281918864 34.92385476113712
37.06669411067143 14.370081709381443
98.80000728109408 96.24780784711953
85.78014394164343 27.37983201077746
10.401946686781827 13.075387692426288
38.00298209418255 92.80717890044704
96.33324877932932 24.086260792572755
75.1838652297776 47.312254494655235
76.41958236871115 4.475697825124714
90.28048069373196 89.64875420858108
71.68601779084554 88.5750261375865
3.2702736556653345 92.96458081810275
76.97513619212259 93.15758726508602
83.9189716031904 6.98715075083588
10.759860171373493 68.3395127603717
23.359296459047428 38.97686574032395
88.2852865608079 45.935056092843574
48.80402390988286 10.755527432836697
77.87083141741985 96.03771112463531
20.760799017348752 14.03861635731577
22.637383951470756 99.79268704454373
65.44330897712297 27.07454394162602
26.24360317530613 23.77502235226897
55.28320201937764 5.3704253631200345
85.18496430670709 60.480090696141595
57.998387567787624 76.88922508968791
47.37586064813995 86.79828320544402
87.00736043151129 66.4880544925029
75.34239479959075 43.570481930969926
90.96227840112375 98.87679825208734
75.80712610874377 32.729747596764454
94.30482961801249 63.97667523547004
31.232093935939588 87.49321469690267
69.27104957895153 34.892729931036335
67.19586651437041 68.51699439723757
37.13558228216797 65.64970684423783
74.302932838385 57.730785239369595
16.996351346541484 53.27925382694774
69.46282900984775 26.512949693785092
1.9566216247467239 39.379143667512984
28.97671761986629 55.21659889662928
64.6953038677495 29.630849229965218
55.32579224322431 36.69502102530367
26.902154028385517 79.94896462602753
14.081259755342234 19.61790596532822
39.457598381320416 45.08730630638128
84.44743146652078 9.084500855869571
29.72768177936561 11.92423580723494
95.64383954015122 86.06522392597665
83.4134860063514 92.00736099659633
79.46057802131108 26.753619160916397
82.70454549479224 99.97090761704723
53.834463805606894 58.03727043252373
76.83970452526432 16.945813784294096
99.87555691840998 85.0712211049284
67.32729384278761 6.2482570733208505
8.708711332400688 77.28167981786456
12.14168579199113 30.717870579715367
57.45556653300533 14.621780321674427
8.135793245126145 31.551996080382704
3.181346504802396 30.859553842058475
49.14111672284943 44.42341179028374
14.1311476228824 86.16305068458216
98.74348038133253 38.085795391132905
22.975216274407508 7.3224924212921705
95.43080273443806 73.72417382625684
64.24597525815366 19.324303422958057
81.542069164174 74.2160368220127
96.75473047449726 3.7248950688785754
83.14458176485886 74.03328340331984
81.12422499511368 52.904430708125716
45.548769863387506 32.832112553195216
64.88152158559055 55.96586989928072
52.47963166457765 24.233422662753114
60.05395969268194 32.37045964329801
77.84937582330895 23.46847658529526
7.923685506625855 57.52748630591631
44.39116169627112 40.74499640718792
80.89583903656776 37.886567739091106
75.39130861326886 70.06470937543988
90.12172334276772 22.86986576858515
41.48973341935367 46.99945899106939
12.982655145348787 68.02646977908526
73.60388328581638 32.07663915002379
8.407668626345055 78.13141721626607
99.59316228246628 48.668559113282186
32.318728362590946 4.078376206461853
17.998035639445842 5.381523437964686
1.7523148566381708 36.521502986281874
46.371131831648995 27.007776231599266
47.59801541964129 49.49024214306404
30.236238154631423 90.03138690112293
71.63691699712402 2.1277437085178708
0.8189480774835278 55.83375970214327
99.98043193575927 95.7013950289936
48.72518217641757 40.90629970727766
18.720705352943945 78.42681686887147
90.23519428895042 93.52340928821457
12.10482671386689 85.42087250575791
13.151608867490328 39.677569898467354
63.09253517424705 57.62277084580515
12.655763572720257 99.09767596769758
64.1742543976926 65.51946460647218
10.572973115313511 21.647998654247512
30.61863079138235 74.81005912902707
41.90979163033486 18.734620047348216
61.47722044278068 7.94086228528017
91.30175258786171 61.51528613509486
64.40716992427465 97.39261509242282
94.24880020241949 93.08041089070866
23.612911764775845 11.580431261111956
88.95928297094936 29.20813347522273
56.27598250715123 43.45805804032038
77.43104168084598 73.99978104730576
76.23461050050129 37.47122786908229
55.61406457086466 73.51555979367983
59.17920059237359 74.4412200269615
38.83808244042481 83.37766446002539
72.30738326862546 14.45538129463525
70.80115831151407 7.874587457390126
32.02596976891902 34.50360175524897
46.001914012908884 21.804236200976103
45.789763201252754 78.99482228720798
1.3657270159607826 73.39473680478544
92.71201846457492 20.816015103281625
85.00614460876503 27.741960483006313
21.8324267741972 38.92046612918085
36.96583472044341 79.83606426154022
94.0632475794951 23.793468197372814
31.95311985186182 1.701495400026809
5.270986476660344 54.74882039365529
57.42872109532476 95.261231289404
31.328884321778915 88.26510099664314
19.423207144871856 43.68540197355036
67.60814626326975 67.472323687348
83.56687580510716 97.53173429208621
4.235601225623775 16.235695488452293
68.73183748719912 43.332420375802464
77.34721379694614 45.79186475176864
96.85790582363144 54.985585305217896
62.94167311296417 46.49393554209554
8.530462392354021 5.119102145962884
50.664424654565245 74.20253377571436
69.74409673624751 71.12665088658817
55.31872695001576 90.15733326067526
72.80554532721001 85.05359272594596
87.73603996980822 84.55295798301317
90.10133750042179 19.019643941877852
64.82869298545731 10.879782907678148
59.04634832949143 27.43114983025493
39.50128580957032 24.057423201876038
2.2443558263030683 1.7782429508594766
13.440462307137857 4.737237035123753
18.59303161960304 2.1585889602782515
12.69487533083461 16.912844829743968
57.12579609969711 18.01807476005394
25.827843349473014 52.90085431410601
4.328259075959318 52.522198271975725
84.73896823044828 97.52496422828031
4.2948494144322 63.692128761304545
65.83567131622542 29.63167530954379
83.24866558944153 95.81527611445047
45.13135117318243 83.12724088627776
66.4260651734012 17.351165045916716
64.34142288336785 20.78241296355602
15.102039833470094 84.7314838836553
14.336370112574448 66.1020209828217
83.22802234887824 34.315809147212875
51.415069615323304 30.66767716897364
98.10219693238506 69.23049350333635
65.16158463105091 26.072188342240988
48.885248308796584 35.309491824681224
97.93106577969891 56.2484419094504
1.2057083871195862 0.5734922650202035
66.34193004228197 54.48132482980363
23.963890807496433 66.10912803503079
70.97383973109686 31.55018538131149
91.80369233125603 42.30531785528986
1.1351457203704673 18.128404988689773
77.79261721073874 93.3509625776325
94.89506026420406 3.212359852180735
74.23621433015354 60.747632771057155
78.40372545298348 73.69937584499014
25.309791247490566 91.77740828555322
58.65641074991037 16.946240988451134
90.1257034399584 98.83524672943406
76.35501251634389 14.771037916563278
23.20291635608114 68.16919945408067
67.45609358202277 41.55497927925531
83.82049794064599 8.479221983059626
27.190639425016194 24.589237890283833
72.56723989014759 29.421620666026715
98.22064043912317 87.06551558999934
3.2224408480953537 15.346485335404015
4.818427304319817 96.43993297104399
89.64481052058935 40.34635601330873
15.238555639444339 97.83977622494866
85.05425379151555 34.526098453742314
12.107726850220802 37.703454042601805
13.271248463374008 79.34702021697883
19.667465339725975 44.04206976190936
72.40087124510286 30.883794660051233
62.4391439897648 81.45624948463872
12.859520913644673 99.85556612788945
74.19700604386743 80.65030700086751
77.14950753064899 12.579424284218899
62.34349717785129 5.2597205721871765
17.537842968579653 56.67135564927241
47.326565562357814 43.489619912014774
15.623042859456515 20.467931195205846
33.916356764606626 27.911362783964687
27.49570543602956 50.852535087184414
31.42160131540771 99.82755362147422
13.772141310000151 0.5860825987867302
23.86474413954598 4.615844993046158
42.840786980593116 7.589427024600859
60.360476017260524 30.713628433858553
21.60197863094583 15.77092904099433
34.21596719400103 71.9398607162992
81.04421300048811 12.729856356497526
28.629117217442367 12.457479803188164
34.98120694420209 66.7888898533991
26.062107279036283 31.945365088662868
85.39903082706944 21.415165556111504
9.053578522400374 97.42891092037355
38.46793776869284 72.61920264777287
38.23746393909476 28.886603853809046
61.96972926073266 77.24270719376196
82.39642824843239 63.17617450692181
67.22692096761689 22.102464943831002
69.76778207246545 38.20760920172583
43.28151420963747 5.270702887806122
60.72771082634685 90.9665564715372
29.20154966862044 4.220389817734038
2.4771737338845745 38.071194797737206
31.673149381059595 21.694930106210165
66.37183046349973 49.61190733645361
50.90210640955486 56.982862796093215
12.2896387393293 55.61551704836841
24.475846501285968 0.049493062255034914
71.99065899579608 51.43509799989424
43.88795478442364 88.64367966011656
49.294481376323105 85.23628524854375
70.04476435088168 80.00428760351095
30.18285769756085 29.12902615232046
66.2635889593062 77.88258466431287
3.3992775754502325 46.70542144716694
46.77518682307471 39.774952889957184
34.76864801247703 12.775803944069919
24.57185999419972 94.11262797644439
66.41663596658482 7.298858131632269
92.0801742938248 80.10522655472437
82.53962600901228 42.890599031838526
38.79845227137243 87.2332492365778
43.8023395976466 5.1426204126160835
53.444077112350705 1.4929825580965117
9.757662336377916 54.645121972866505
82.95415806896882 85.23857683576635
77.74204574250281 13.811050278312742
43.28600300299984 2.799372883911122
73.12427650086094 76.14655396969572
52.983143656226986 80.96367515336014
77.03156550695651 49.22816013333132
60.96990597038553 78.65897594071886
23.23410203432398 27.89718577292073
37.93742765450388 27.30346120076952
71.7596884965082 6.237086828320271
33.29823203735368 96.47583841041588
7.642898786067109 44.95689243130079
7.033390786741956 52.102607861577354
4.042515667699853 54.4039853477047
63.399812953264714 3.6590012018411833
79.06109292881982 52.26271030715307
55.31066203969785 70.01054100395586
18.390606418407508 12.821889766576355
51.1785516186171 47.09711465886019
83.43062870651539 81.82843190396814
63.43266558902631 2.528480655587073
59.856803025314576 67.19997810870088
33.1516686124266 25.90054339863047
5.71733455791037 52.71048231226513
16.911126365594985 38.980439140091995
68.03409893344437 49.50022838992635
41.644066644868126 14.999473399880682
17.7468372877717 79.87843896722214
33.71715761730455 86.77110274875817
99.7462515668073 36.29493907670708
13.818022741138925 69.37184883531546
4.80426151154364 31.5623017710407
30.505362688977755 62.305927346539946
46.29940998847191 11.602599290614357
50.373345094077905 90.85744915231422
14.467215974998426 4.391655151336183
72.06924055837605 90.57399288865595
56.66931331721887 5.54415273809451
23.77801171129552 6.829729473188928
37.44185404761623 20.69034096591612
65.66512166445696 84.89797108534809
54.3340415223708 79.17516499552917
61.207109860975976 19.204212779459862
27.643562469186623 20.73314378445574
28.861759746593265 74.50889275130376
65.75372911440246 62.17061779287882
56.383827304211096 91.01645934908072
90.6349234136177 12.685219728169294
48.49405806184841 58.76919355752322
59.395094097309794 95.24646987983772
71.51155274065984 19.81110030461909
66.42431739155555 1.192671184131766
14.63781209059013 23.623863231149787
93.79501498111765 32.414973877549414
45.29521712203524 56.52453499068075
11.132375488973922 36.34109062615835
23.86060015689997 64.89732942422812
35.6766065382726 60.30207465138646
57.39297137765449 41.49507272447956
3.526816471185712 24.66618059504535
4.136593945972756 4.452489125419845
2.7184502455138704 83.45823296513298
26.32445189572309 20.270327944873014
53.094820555061204 48.33764213234208
34.40787216211025 88.53073358980187
48.448414517658534 86.04748029434155
96.18452663395209 50.47128047813844
40.48166815723474 85.48617885722433
41.74582816886979 7.263708312944949
49.883528859685946 58.391074866780166
31.43984064853772 45.141643135817525
38.85978730348904 54.380079420940305
50.979724869942245 99.96230861490218
65.49579363032618 24.329570592772278
37.126076056415826 85.76668878384159
26.327829329929862 57.992994480006146
93.06969286327626 20.25670090562679
94.84609529500526 10.758658928080978
98.70932494877299 87.52568484647122
45.41584773070685 23.726298815156
14.877162625826578 62.40690313098231
38.261680694963886 80.43820646440383
89.1267378129889 7.6252939494111605
86.48589734520263 51.175617210799984
63.8697126988866 30.3047605851416
6.471072903897868 85.69520737324814
65.03831399444246 14.341959387783131
34.84272040778814 30.85619092013272
9.468443504466883 14.054057356948956
70.20530923572846 70.92497003322691
80.02341464001647 93.14771164594218
23.983460434625936 39.37033567219351
70.18754857441785 92.75581844137174
37.78124611067264 60.63252090204033
58.82322330768462 5.163059155374472
11.628950856788755 79.92094160630636
20.23563232961523 61.15580123062321
46.80022503295643 87.16540772573937
70.50824447579288 46.316015126404274
4.85529113405232 24.070892350369412
11.118200377221044 84.91685345990864
93.28910985133716 98.51000633130724
4.232721945334861 51.314139782282055
90.6219622088054 77.08143989661892
81.35639293733281 90.0383554523662
83.43680256862226 56.058632023405266
58.153704182677735 10.075531601251509
93.25339352136422 86.1301654406671
18.57203327048659 13.903112902835723
69.04023484528248 37.09654793739716
8.953349690440815 81.14125716723741
96.22365623707887 38.58677971074752
7.551136693999827 99.83353063144543
53.34866594106833 80.28976887388754
54.230161642345365 14.07336069963463
15.648537053208777 83.70906965846635
54.657200599492676 9.496889001986652
46.73454210693594 79.79075937071855
69.63991105824606 52.220345649901965
