672
44.63836558913311 53.57510416002875
87.6847064516902 61.23495939657112
56.61798455776249 20.090464213830828
17.787712518967858 49.2739396405226
29.631855705473342 9.331286987337906
22.05464202518663 81.30957003089982
24.079084946081974 10.180667879333061
47.46819333355881 14.856584220310953
43.31417339338375 67.51471411942876
10.35904908863533 89.12198660427688
83.96511079716045 0.18906783905635605
21.740672581513653 81.6716514961626
37.67177861418559 12.950324388283107
4.298096753222835 98.36122941389782
80.66295499977198 38.05633229812001
82.99693450514773 80.15148234121828
93.46052490290818 38.819293971864056
12.454195432964532 99.41128262471258
18.84861316748082 77.16645080213566
0.19049185454482753 42.44181760355998
89.93942110284303 34.904770334371605
58.72656318716095 71.84947229767666
49.37703942786267 69.45989228938829
89.68580720309468 67.01976121115206
74.61637756717803 76.5132086899441
35.00184649871636 11.622948662040745
75.43360709880756 61.04268796583822
43.5944556065737 49.26480645631371
8.347840201498148 52.73970790067193
64.7363715598321 32.69383512584139
60.31891208024651 65.10949906767176
98.72578692569357 47.94559601661261
89.76439175873493 33.21029718911084
78.31013822776521 78.00493015330751
64.91002562603468 37.23192699522937
31.258554109418125 25.280374230513512
80.6319001762674 92.95872785868909
96.8299496301069 1.7265442321582891
20.04574126176276 38.32980738337728
9.540614815969606 46.01510064639647
74.95147428869979 60.587067667106275
20.34020120162715 2.8386135789196687
83.32090446550885 7.7003097946789945
72.44444879315839 37.72936291480655
3.0254691925981847 3.069640121477546
74.27479280143766 63.8019654639829
79.7034614897216 3.566796762704494
65.69621392586788 6.121680556057651
75.28268986528562 4.070064520327332
36.48658580925256 10.27217123162022
12.460115677491535 95.61858439061993
84.23173649090138 93.50432724130549
29.016926506686367 8.86669005755386
41.05246165926349 4.603056669266559
63.72361972305144 30.993039472774818
59.58104756442207 9.086130743678522
9.372492906417019 41.45610931493107
78.62206798393174 14.868644672472298
59.724980115394374 76.65920737664406
87.82151461107902 32.665143501721616
95.70886919685562 13.9385848056526
63.807584150149665 18.24093505737273
12.26019293421009 47.613029368430034
78.7841498760122 8.975332494074117
67.08328664205698 35.05107267854528
7.0424329645877854 77.34265010971744
78.33455987402698 46.066959311824085
93.00044342985927 82.08356600071669
47.55506742125406 22.763125381574046
32.04568468754321 16.048351197950407
82.01233753944679 56.35625788010886
10.273174616605518 8.080852518431204
21.370834737589327 58.83679428069596
84.6245089962221 35.69531950356971
3.2822719776652187 33.38312076757484
33.21891769336578 64.90190442318737
61.83986785714316 42.58465340797104
11.857291294685501 62.34986160017165
21.305771165250487 74.61424638405508
4.7701365263742135 0.29306633587533604
36.545055316744225 54.84055900633019
52.6369242340484 78.3563312416345
71.3549505054911 5.115975195992095
67.62290670129592 39.69562893516043
35.51953529694585 66.28430264619337
72.40788452715397 69.56582352969389
35.17764210869239 28.271242248492467
79.09425090100152 91.31085530201666
99.84624287015613 48.912087451256404
14.826328003327927 4.294595192829853
98.30745335786995 61.755661114163196
46.6759631773879 58.68785041701011
7.320324042088544 85.2578157141334
68.25128792228894 55.214536918256506
22.63980858789636 43.82081761041966
53.28324761655124 99.84890683881115
31.28518688466143 24.734195153546846
49.29797411600797 66.96952324452093
41.43738359225423 78.01276933775281
42.8456742252925 83.60491809821785
2.913793147445254 61.7884716111046
22.038545784162544 74.53325769764936
1.714135788600113 34.101635001832655
19.335074793750763 95.55180106503876
93.51760294777998 69.08495526885204
89.76292637232599 75.66925155152558
33.93334326607845 62.05044263950184
50.31798562916477 79.24670891060526
93.76968908735054 75.63817591201965
19.604695027052742 83.15602897224167
16.416928494604644 72.1770532675171
54.89260666954004 16.308072310129173
68.4973467904142 69.42168100803532
30.18380317013921 26.217207803701527
54.56907775816091 55.41717889603158
67.91456097868821 21.743875506027464
96.98480956612804 93.9940269684183
9.763117838808322 8.682941094461272
48.082720876287354 61.12821955480639
7.487201463335092 30.9380512452767
99.19359598586666 55.783486008232316
86.63112094380233 2.2707454835513063
80.21106981707678 30.033696878972506
29.010072252846896 50.95025375608206
63.29525707735853 89.86237157639732
10.137350110667532 91.94284437015313
25.563874174460388 99.22985185504035
74.5929905224168 29.524100827576895
93.35689562805267 34.45772967385824
7.74337516642073 34.60111780516172
32.290095167396174 26.78227713903183
45.12434941089285 42.90613330180538
56.883953764140706 38.34575704669967
26.872120678987454 21.16896426105267
74.16446013041669 35.69669341252211
99.65925378131901 2.3921897727886887
25.287445907084283 9.268263455219095
75.93643167066016 10.270108328596894
80.65051604171538 89.0066544586759
26.275362376169788 22.78144037014642
22.053467125728375 4.219069129325415
19.245853610983254 26.357598871652353
1.4524641569975127 75.26726204561454
14.094919758709146 71.9349469953554
83.81899556793093 17.806747407969304
31.877884967001812 15.550728494142351
14.641749205942267 45.53768869124518
99.29376342628669 5.471260939237032
99.03894481248415 48.62879387304324
47.92127836606187 83.61455941809666
79.74779357775532 68.16208146265393
23.68088946715642 38.555225952063296
78.60293469817165 15.702263721137866
75.24419561601215 89.37984204647375
5.891662913518414 63.34372689404976
32.77771062987209 90.92233405283343
13.581033731519888 88.26148825815085
14.268788623826556 54.08860570381885
31.576575443525613 77.18406807417038
7.684425081163315 27.956901990085548
80.52561955372644 39.593114849565204
32.05629927795427 41.48448001365587
49.90885701031892 83.71899808327476
85.05603652998053 66.2128556705176
2.6698554463793878 63.34633228044299
12.500352793870295 55.5217193939147
3.9632174613427162 51.04634752116165
55.946684502412005 76.60530534832722
85.45017897201117 20.91565298238739
13.985919246257373 97.16564813165387
82.62016919357352 9.770201280793856
61.83052555871683 65.15402763070321
72.11286952772844 0.8402912452310396
19.889571981740005 38.83798648195184
76.30543000881373 92.34030480877887
62.24852814279544 36.81441977326762
70.08674413930176 20.24134776491442
10.490048509427197 27.692607713968865
49.30168353932625 81.52001515526453
49.40023287293983 2.9379423590084275
72.39104408169112 33.217128160085096
20.915662695770777 39.71769945681965
92.88353179254052 86.23550716790253
85.47513402236298 41.377210803173
44.52970416698637 90.50177350494563
50.07594622457287 93.60581687627983
97.82361672312233 67.2395514788095
86.02880379932975 64.8879891782186
73.5166853737218 98.56440416597576
65.33202710404808 28.59076342836421
7.578499041449693 71.45468793362126
4.8942589599371145 5.642183810444113
81.76529125494845 10.193054209273011
84.07592579454449 26.24190695132218
90.7704290044029 30.564777459277504
3.3817336794167097 61.99868891472653
63.33838956749736 51.023631638769
54.566702822302794 75.02763562004259
65.24111199084838 86.06443103398117
24.737820367022977 53.773039035123205
71.65670161785853 10.791314247938876
85.04609939450549 2.139338831095894
41.340063917240855 65.08368328979483
39.702301004462235 41.66603653278776
3.9718456011025416 65.1533409262498
80.3120775963227 83.21001984341018
51.19701389945165 38.99722016506075
53.670874435823194 60.53621533421768
42.25094279691773 18.59637573399877
94.69084642110883 4.107344566447302
10.421724393754294 14.756788632948947
23.011006948032065 61.917970470494275
91.80024125981897 98.96839504366044
9.126018908040635 6.229925729079677
82.41054991403315 64.73170084018341
54.836603905534865 59.09054105553633
69.54731462350895 7.542559316389619
69.65792216338546 4.637412519229988
33.61646095751579 77.09156304211395
94.119786553957 52.11331328639787
94.5607658020329 34.52612325469221
2.222233482007252 44.65571226268666
52.39475983547243 1.7460916414936856
27.82965173063151 38.24858405589823
92.38216749989778 30.147974522998634
70.33798052125161 23.28106238455192
80.41141050091615 89.31572399556369
6.906309064612959 94.41965413867182
79.4967038598721 86.13779007299782
88.95635332168008 73.09765152495119
90.23966409067073 51.11127224221582
86.58657713020158 68.73327315073598
55.455908720551925 8.856982444018591
29.81532302700417 68.29248074892139
82.8829750130106 33.842075664758944
37.34266140175091 94.01742208210932
28.009832619677276 19.92420896143916
11.861710693688565 68.69399406262492
59.79253546182974 46.02125690543839
0.855453088253999 70.4961168117589
92.06212261280115 81.37580691118188
81.54498740150594 96.48852693304043
26.50084674586689 53.41796088296738
72.51817843289159 14.752282280694718
0.5352890961479839 77.05938700723324
65.73470809474765 63.421638793862854
74.25781108450255 14.506322243748471
8.689090335615724 23.956563221281712
45.393065039292665 42.34659787917039
81.56182930031011 77.77679127958821
11.864853075218074 11.84393879367428
93.19335595588227 93.94517612449224
69.49866072556563 93.44398939721847
53.47074033237431 74.00555582081118
51.18113762687552 19.179027142924365
48.64178945878792 65.67649153640843
71.81683637890387 12.282259780017801
4.592719213154572 77.90600301830429
69.0472681327606 30.699315764430366
10.32369294401847 92.66496246009588
49.32302930872561 49.942388344264145
28.092573383933672 39.542149722441586
29.139122599412225 93.88123946911489
10.17198433031652 65.93488581933525
74.32750095097028 21.777179530231862
21.380221018847735 44.60551729735407
79.39388198312828 76.18546090864278
68.03641475366031 74.25246058054023
50.80316076069692 8.927739678728841
24.167600832123515 25.4371845031634
6.377311262996521 61.56556068368905
91.99947426006723 63.172690136257735
50.5748677040249 90.71690111213651
3.9648730018349676 51.707349505306524
70.45028409953046 4.226550145383323
20.920947134348765 57.66689942761626
1.104594964304051 30.39713827469901
28.498327614841955 27.780201973717478
47.687154075637515 18.74310380048526
99.92951816035148 46.407422446558165
14.254715571087518 46.666837187252895
75.90146081630078 30.601438715603237
55.175652151519095 52.84724567424072
20.952248927408423 35.759626270517956
10.972707234161117 41.751697560067946
49.0106158221299 20.02954412720551
39.225443421209725 9.799454358191706
70.76472973033823 42.79675591045232
82.30954433763762 3.324959774281999
75.12639224714482 98.62088619736325
81.93804441631919 66.5043617451052
33.31870384459875 73.95558185336618
74.15338722253331 39.01681548044469
95.45538012356253 61.515221178765934
66.88565877459487 67.22211198786422
0.6465628649472865 16.844922186638765
66.52923875999403 2.86630521147464
55.839443312118384 94.19702500176791
12.631948691200634 40.63948086804683
19.36412815979287 93.47777155228087
91.69076866436855 92.54290558888076
2.1246351145121967 22.133816224707036
32.09324587045921 92.48391047843675
75.50953063307658 15.060915755320202
83.22013531873742 56.401144598169395
55.16527560957597 90.09816595813993
3.3599561211593576 28.55495763517585
70.43108416084195 77.00174802698066
55.29819225037371 92.52195565316252
31.224176577079298 53.56743156552505
64.90173885038556 32.730905702965295
97.86179009350484 78.92322551160066
40.30330396097928 25.09573390722567
22.04270171160203 19.33567879300516
50.54872506479134 99.6765672849601
70.13503349780859 25.850654533940343
61.37764052523077 40.26787284536032
87.42198994095105 14.12568868132935
0.9473197020808843 59.42458330014701
66.52158700888144 72.59166214498116
57.287389738911486 90.17618203581468
64.88303493328974 24.671617722747452
71.01568848984428 14.088931452266074
16.31241609195572 64.75899339382666
31.67626696244842 41.37092919197548
29.764446934107923 4.103194292855217
28.43548459894023 73.04962684929377
10.585879868892778 38.83465781914906
62.28701242327157 93.78868267698297
2.3703713935057213 70.84920198895591
66.15301086758778 34.59140988272173
16.847800130003865 33.883802673688294
30.675314367637874 63.74936557908348
27.72334521462445 0.1672345569045608
91.59185242676983 85.08403731032257
23.770912503795007 42.779127122291015
3.6806417130370916 15.02245013983493
87.24278662521908 55.6046347521069
89.78967956174414 61.502055608197935
21.46599345382725 19.84505326418191
6.4126682022619725 96.94525565093357
41.570963086017166 40.03600098764123
7.299660582736001 13.545868022635632
8.17463943825356 39.78987652403383
86.54157276932392 4.60968576872588
30.112394062651415 82.3608788398151
49.5419260918047 63.88060097205732
79.32937505826644 27.54706660482298
42.04786889758265 37.12182123244777
61.22927678857971 40.353845679398724
27.962336339379977 11.372804938845803
69.90937607725091 89.2893713886571
5.382771421022148 46.541420258888934
97.72775575271739 1.5391131812702463
91.02166052412599 96.12813958056485
44.32684908929336 48.05055196424267
73.27135293954431 24.90213787717659
5.376120118549343 13.218691517313774
23.563630419968142 69.48750373635886
52.028520765026656 42.820618987388926
51.614691363880496 46.924642912060975
45.92139981158262 18.977339238252732
94.79273384870847 19.894982133384197
28.564168493858986 84.69328387810219
2.9955841738202205 5.427230913643577
39.08913048965144 29.22308699261865
8.46157273923831 20.348954690268894
77.10981636251717 20.43371569700849
51.48307341813519 91.37638355003084
92.26259701715989 50.289018932800204
20.816089905913373 67.66538833670064
18.280459659399952 80.52123835253138
67.14334686170842 75.70213958078922
40.36068689447737 17.438390715264916
72.71106911482882 72.30517244935764
6.391930342680863 67.48971335337369
19.217543449143314 65.93815681795314
25.820077799127084 26.462445056489038
91.14742025261778 45.233606780771375
60.272309918030686 92.1966486777446
98.36080081804563 81.87341916066724
10.899948374191904 83.94617865209082
87.45981663544192 36.59710717773187
66.40970034768402 15.868101070855023
58.666244768326 18.179780738715824
24.373919099251463 16.369660537610642
20.16747871066992 5.199743154145997
36.52128961299026 9.52563366591066
18.77586770474755 50.25753336752318
50.92872732604856 22.26418369931641
6.390457543254602 51.28672512006093
49.6312826941939 75.54088076582988
76.68153167320739 74.4451444879514
80.73890490226519 1.7722278973862693
16.21613267375218 21.070838811337055
4.464038780771462 60.816854527131284
32.15347359586552 85.17677811803345
28.25132769957206 71.40906717471609
32.20573749181476 88.93420034888368
14.251853877350296 46.62704509629538
11.687410610210714 32.36274995504416
79.0619771891711 72.55633621127102
36.09557904124237 5.857849160760765
23.962269176939945 9.602082653426102
83.59260435284295 32.64413811727346
72.79016586039197 55.91429427182112
19.026240085217296 94.96463226687003
30.92393336855754 16.148095221108928
80.57103344632685 57.642304599508556
22.998240803686333 81.62278843302477
29.31005151949365 74.41769062980427
87.89811320105466 78.42012563175739
45.307338697671206 55.214035989761335
23.475975480568188 17.95699406957797
16.702262581520866 44.539597588099475
9.285296943989596 70.16138205986357
19.097626012974555 6.156327042113963
46.78493854028961 19.887752807562986
36.608448881292155 59.953483008985366
62.01166139147757 5.477909927146585
41.13895917047138 66.26694399998557
41.469048831211296 63.70710168570155
83.04918113312422 38.95724553160343
55.41650567689773 97.5689569226847
63.90291210739596 92.63975421799223
72.16848121971195 76.87952165946363
57.94037731988821 79.42010828452965
72.26325049338475 33.43896077561897
70.21848712087981 50.6896823997462
61.94129598141585 54.1858206713694
99.75776271274863 98.05527932275886
52.252805362532186 63.71516621197792
2.5711247882501675 99.87701665306452
29.383647251829316 87.71788430708058
96.70668093354168 70.4054154681062
4.303979762354205 55.23797148449925
85.58179363094987 81.33065065120584
96.08247325732263 35.31569237201062
52.49481015771003 5.771503982959814
59.30835306199176 5.836411826437948
5.004731341144364 43.3493219760414
88.64534665364654 3.4151861472533684
2.5655818559551014 94.24240390233318
77.40679794247195 50.933203514653705
30.415358707571947 89.19986692801758
57.53247676331912 41.21028337281197
62.174636299357864 56.740305333338384
73.95986012310662 47.30530800027514
48.17965303642481 92.8014217884972
39.194922105184624 52.49000011908299
64.51325801902365 0.4470631135977454
41.21586477022732 21.117525307899676
43.62831233143375 11.023458750880843
49.992103908049955 43.73078233239268
57.80350719097175 49.78708674905201
47.308704998088636 86.76520167579022
85.80930194447373 6.094803154665296
11.71476714272951 51.088772421531395
87.38404397085368 72.19059658813285
69.9125305242961 11.393496562113592
39.45006893193403 90.18474846874742
43.74361069688993 85.51817013062325
79.6274722275689 88.8463085676227
55.090027174694654 92.28784664364488
5.443947496555257 73.54630396695876
21.055907555464838 75.75739345958613
39.09840258385388 8.38527688900379
45.55981143243956 37.397834043702204
90.30580219676631 16.386510110409326
79.3959859525119 30.802031569804246
5.896794217348034 72.14260107750707
29.699315768639302 1.5315733400236287
40.56026423383325 9.256090887503898
44.088945316638075 8.83616180171738
29.102468481398425 51.281573038063385
28.247770587775335 79.2437590613017
30.63867491153597 18.777236292084776
37.85254448161276 19.306896999402824
38.61866093740202 38.71975946408652
33.19391655031417 3.545469565129744
11.61841285387003 81.58459015359408
68.21757851775212 0.3584634668518216
26.46389021310045 19.986105520097542
67.13781658030999 99.33704425091176
48.43466396176069 78.09757825594197
16.734646395205054 61.73195106239938
61.628676210667734 7.600815330479238
99.1408370467193 17.81396491870607
29.601686567821538 94.32111689615925
14.683161696243264 90.90165637365033
68.06951817462283 88.47677814801285
1.3496163867938615 80.67760001981742
63.98874584930171 17.16867791234137
54.32733181475662 37.95437312204874
73.16603276127715 8.915765485376848
62.12507613134651 75.29921338430563
78.32166094604183 14.542028614643232
83.2886983386305 70.20298157882787
22.153134913187266 70.43631247958454
6.408616505736486 54.201373465068905
49.54906055819512 33.05237296236625
42.892726931076886 16.70084420334956
20.205778040496448 70.37859014133413
69.5896718144293 65.1326673400022
39.01998687992697 76.56221563473679
99.11047674459502 36.57680978577048
18.80924797257858 79.24696022120077
56.256110594209105 29.962798223530374
83.78735276805133 11.968945569584122
66.20241117276403 98.615203423787
77.97421057571322 78.13206868987248
22.069381634826968 98.42541639730145
0.9930186092865889 8.831785703164119
75.9561705939646 6.553363702291525
81.94769456039498 47.69929576777585
29.940988724690985 91.11841161907984
51.93714243273764 49.690957187623674
51.77194254620754 89.0468412376573
49.41329650359844 28.897641380652793
86.62369495911824 45.083447708096756
55.21928104647286 50.59167276131203
61.60203413953308 17.156363076732106
7.76990175902691 1.7699368635846313
17.294006578409828 57.96935588518696
37.96266709116863 75.4005594764909
97.52967128338297 71.92386993763557
84.53901540298999 86.522663702861
70.96268405590276 94.35069566261768
22.193875214279824 0.8608783654962315
19.38100312617631 16.142143353813577
82.98383581076462 71.17403758410842
4.126742085938329 91.17253452631894
38.443751764910616 16.875989071013542
43.24640175337531 68.69678524720597
44.459306569600884 92.923018832422
4.637330417052354 73.8715422486984
52.862214049582235 91.8199915650262
28.590216095621567 13.07649865360252
38.58527213088807 30.048646774227183
19.16704792755297 29.85308826657709
32.14442736487387 86.14493464192589
39.42269990096244 72.13883090677304
77.01551257148547 0.8884249260107113
27.180956660287958 39.3970044301591
53.778322905008125 34.24101760693353
48.04063942895116 87.87758079797905
57.65541760505549 30.549818244831584
94.21665027050253 61.343465841638825
99.20019048469514 52.926944598399906
13.486478084925357 13.644016893488331
98.42157932055278 14.58180035171277
16.638477850996868 77.18328665326892
60.11661358934048 69.81635905429543
5.382583511777616 14.09165258221725
2.7870608009738507 36.301043187528116
90.83833109976493 57.944435230765045
54.63375559716957 55.24589197416909
40.272055799776986 60.952009746281696
0.985131745984591 99.01908114135223
90.17627290259317 71.82725638620916
90.67391313087842 54.1859972897607
34.8054978416121 1.9676047934474306
17.42575604024149 13.818444775300565
33.314293835224085 49.77217695212541
76.00218204074937 27.230177872227035
51.75350788173806 2.5105762879424565
10.412249024273434 5.720507984161671
72.17896611720717 30.641623809242734
2.015623488270546 64.0707235290689
64.01963632456466 43.54157756240181
49.551086077523884 21.018326621104745
3.528327477309301 23.21508328254167
12.513304091164079 83.38718207037736
92.17983786456865 85.80572743844488
5.884317916381954 72.30906385947283
4.72652009466551 26.977991986027337
31.906295280524468 14.905660483401073
66.35313278159585 18.122149285049673
85.40338508991687 60.11320543922648
28.45063911132272 20.10881323983752
1.0644674974065627 78.06997173017083
30.466383251784755 35.14172484489445
79.78062307166785 81.36496080597813
71.17612774433525 77.95222468697108
38.184818952070074 95.2053657007342
33.498418380139874 43.30637811600661
63.900784040779214 30.116823692082583
11.875843242161055 32.398840674366156
35.096389722401376 78.39910578136077
76.91148809802219 28.44776623474603
94.69983191962928 65.31001749664286
49.46682083993442 37.56374223968828
2.559368444905419 79.40236010782758
90.91314738510297 27.80312135505082
13.461706479702373 86.31679459149798
34.0423404110968 60.80065578853415
90.61812838685815 78.13089378661529
22.844448831207664 1.7419497739151968
99.69956254803918 93.60811578044809
36.98857706118901 32.07896711367668
36.05093108837155 89.00885201976887
38.81158564978463 89.30102087093078
10.931650092122814 6.726437414578712
6.008626917212068 29.960236167169906
64.83725625419679 73.26871733550637
73.15815551454145 69.95195567994486
17.982548553004907 39.259233211681874
79.84911887737215 61.51083953338367
22.672370027659095 70.35771165478467
17.54269522310279 26.630069178987405
19.14188157715063 57.18742809924732
21.061954077872713 72.52873719181113
11.062180781950726 40.2041311573677
75.68834576793164 22.63729088449059
65.75829479000086 6.67002274463655
44.397521219054056 71.07947512274937
24.901866772888614 59.150831328675956
37.42909141140183 7.58987614814507
29.16849161208307 20.0993623718274
7.457077373554421 64.32217059259989
76.65881830110453 39.179869580781435
72.07026095479557 56.66456112305903
73.64033894729504 11.240625758536527
11.366451761008612 1.3787442681697626
64.38539771406843 5.325339374524729
75.18877139401306 82.19272372889932
97.45565585440154 77.73837430181297
7.295996596033327 3.592777284705617
71.5139897572769 66.85435961496987
51.970699421818146 53.72230850583628
69.11555495398105 13.113084216397542
52.074917988326916 25.79736146212318
66.90078013611036 67.66930888060374
11.284351926651503 41.271630987005295
98.1522167652617 66.4725214118464
3.9548869939296516 51.27743714060531
17.343315450782615 83.13893295443562
57.67871735109088 77.40788137190196
94.28007108083854 38.564064781629035
31.08878623805561 89.67800739739998
23.391913305455546 95.71624825734716
66.90295817996976 49.78020288643042
55.08346491567981 19.495112279557937
37.862333368515856 57.216315519827646
3.7106205779809054 83.40431670971299
37.17123604796505 15.377873196780612
37.801325379851846 31.688017282848325
95.29882132628556 16.416717588658525
86.86385058182476 88.33224236216363
79.41921168515638 64.81704684396631
8.292201577236725 20.114662163736607
9.707586960224113 54.272673571149355
10.885127058504763 36.910556846280876
70.12192481002224 60.05773814374782
69.0603901453029 98.24056948034142
77.60358549587379 55.59504907743877
13.88837392103457 6.716690611150133
6.125914779696706 24.110712493528986
46.31578104243425 45.70486435242794
81.5352360720653 66.10529019669325
75.06383809968065 41.91230413714075
59.283146682452724 35.82402296884407
84.2154433983596 85.13027835152475
50.77354454587297 81.95519797108904
28.542064153219528 10.374167996177642
46.97473858061101 25.549406390078477
25.936306942839092 16.447171456912248
27.171380829833446 11.104224197474855
52.97979981057029 57.266244780042705
2.395679485438751 50.71751048759452
41.68244666620692 14.337456465077913
3.896869019356719 71.24056101098508
