607
55.02211661963986 61.09378224764633
14.972553653940368 45.202450159199344
17.60941050257071 49.07568921542871
0.30306708284367767 71.61032680573038
10.996243684439156 16.843969904346224
29.34753896220059 67.58111434509858
60.271345919902345 32.6430579906794
86.8738676597723 31.19253307304557
67.73482939845096 22.89328283435992
29.24572336471638 99.30295689193119
98.57125630107049 16.45999715343185
89.58911368018722 84.30490723424582
16.767958125556948 10.839899352883108
37.87505198257921 34.64017789155385
78.5352391980682 61.914469110898594
54.74906101312643 27.650187557209094
41.38212664840927 53.42631986659637
87.12067297041716 19.704287595217263
63.41018706205575 38.18384445330544
51.26675141275844 44.7938154099006
81.5984929250555 3.7380783307989884
35.49984575154008 45.3679346231217
97.74818032063565 73.70334306026979
18.258160494830868 43.52136194920124
5.1455728942002015 55.71477587529606
41.67914031684764 24.314521103047337
91.72868711270466 33.967761171268016
62.29870307626337 88.38949576121051
34.44337547773265 8.21597124869321
35.07124799289223 58.338548152897005
60.1288324214188 74.87742166011671
57.619841000031094 42.39538776001371
96.34904663521586 45.82678906388058
82.01337070353797 14.513495707055169
50.62207794174826 34.25397618182584
83.76706050659078 73.18929121271898
53.70301759098998 39.065609531225554
64.84641294650267 48.75953601768352
57.15277170809438 64.93980434467144
81.09481956939943 89.81866850782212
99.27565780913115 60.999249897103944
91.88648817475199 38.272328851101456
61.440043183283535 1.47590858264246
73.8998855528119 24.313289255390014
38.91145886026002 4.620834117527551
69.82947828968538 12.657964738001503
85.83734600332463 75.66361287421296
49.365222420109724 86.7361900447854
15.245340343439405 83.83049305217173
27.230883459538934 9.109262370114713
89.12179478996505 76.33418360441735
18.955654514174757 22.201202910286888
94.08829671304105 83.94433495548395
18.37951411510238 62.254717795504455
67.38351507552527 46.42120474796467
75.35227701381989 58.212678469241006
77.95429579470904 96.01430384238412
62.98892298863913 36.12501399927436
73.32533457390596 35.02781715514628
21.477355435858282 86.86414149649289
50.0095313025737 13.132589298275409
17.231992329722534 75.04835885329251
51.78807209092291 86.15303892092378
78.76650903789557 19.25343168011692
34.63030342868193 65.59459982628134
69.0765154898515 77.2856308749971
12.087351154146697 94.13018248185112
96.91161389270442 49.393196177586205
84.63119333156808 22.259520567658075
71.06900583266803 49.91374992691
35.79397810895162 58.60964637994084
47.75341457654785 9.416210816670755
73.82531107001219 19.709013969007174
1.496468705033227 85.19230060442807
61.07776740768544 0.6248001544527315
98.91988927668065 33.47068608227265
15.410693633962214 35.24173918883682
23.29991383735407 37.95145780443524
98.92846027230647 5.358219639349193
61.32571709533268 74.02777405136943
94.57773859031307 99.80699516446762
2.7179524269973054 3.094631926364866
11.656951515383284 54.09524954079523
91.05475608890069 3.920545210404558
88.27322482836138 41.441553188009074
63.203318516072294 34.74194963153029
5.815479721672856 87.96101035013358
3.325033630308749 11.581296522298235
29.52154989678274 34.04090546484249
93.47576696922208 6.694549485167023
87.46904998709631 16.397976785685696
99.10864209794373 33.45490002689006
39.5042414192315 9.352288276092047
21.263887713824715 60.77227285421088
79.08062280179587 18.237762070368856
1.6647485780653892 2.3743759955896615
77.6483982468889 26.66737215275723
43.38923476937635 35.73998131859022
47.663444850632686 40.04935123424494
54.265696821367406 14.528907019729608
85.87702986511749 85.81993176814898
76.06546074963346 26.920082166580052
32.920478162080315 50.15260331570281
55.484102540555924 48.776028339176705
54.91042705061594 42.534242602608366
1.3587451878911638 67.39328992288416
90.744370606484 18.71778369182976
59.19745990803451 27.2390538637326
31.390976398052207 11.695539989284987
27.260345558531217 77.80514964825434
21.732753144034056 48.61094816878966
31.693743587600164 2.3810738759026506
64.77557917556533 72.09883468377957
64.97837388004402 36.80220666475814
57.12805011839859 51.13885940202331
38.40853649929529 64.0159454811891
24.18488978404848 21.0158057095471
64.51490442128384 37.75185248042068
38.15569970538927 18.26762850507817
1.5552279654016732 2.078057882854767
78.8111923749883 50.95014598318337
73.80160924562989 41.67182689027985
81.00316836328376 81.82941277041405
5.0770451055718535 95.52924166366442
39.10814278626962 11.291868440570862
7.184983716172422 62.23842619288248
32.02093253763605 41.91888910889324
82.45189975263901 17.028558045591
74.2876718271813 71.46563600002507
23.833232647758184 84.24782260958335
4.359488091728103 50.23433719052996
95.87673300442816 33.21927049548439
9.051869507350984 76.325797188028
14.103598636588078 91.13515040332148
27.991205007515063 30.539259693773914
78.90928394905879 15.164165825366016
75.45011243737866 98.80841092800976
79.01143341328113 61.142611469155575
24.40751573140022 3.9264724386606886
81.60036547604565 23.331473746548358
18.572344985972155 41.131028174808506
54.34597875594264 24.64595303607332
73.84440356347952 4.1403477335347105
69.231562772327 18.999736071018646
57.28634657505243 76.45594761698374
46.19132253778614 20.478389287206245
62.80182536502079 97.88750251972965
14.140959589783575 35.68887781133743
98.0129460872126 93.35432326340289
73.257875116764 31.77262950694675
39.875075266684 83.47710103492871
89.5086083192719 19.796386956238486
95.03357338107922 43.69641409583911
22.069595226629 3.022041230877548
60.7484675905018 33.32749018391946
29.95011965491606 26.239792410693607
24.631232549992788 28.40908988498232
11.33060011213719 40.45134867814538
69.96920078157967 42.02416240964729
66.35673707522189 76.01307075149266
75.66460186720676 42.36127211809764
36.50139051803827 80.50656699060126
97.76468142768461 39.22059708767694
18.205608146006703 7.868519303762344
16.589113270146495 28.720315114348406
11.320925203842435 98.99335067584708
18.88576645178204 24.539414858275254
32.083323978100545 90.1085087520478
52.201758638217896 95.0480263673505
75.46044724997218 69.920136958122
58.73972977936983 32.03881817148352
15.493141007459366 89.041505455683
69.07087975361678 27.99287630731727
87.77344065652592 97.56582845451341
11.343811809227521 35.3330986855071
38.189254796267626 30.73559196862571
18.13526635223174 83.85074709495511
83.16231573621815 61.719669752585304
75.40484943656594 17.253562625431872
83.20430974664536 29.80072101207185
68.9260745738218 58.026928634534514
3.233387253064046 78.30894738230847
97.56504483854447 11.485711289023715
0.7642095045567454 61.61675163678628
0.7143022116548492 62.141688147156636
44.31013344434933 16.742751278624503
26.68731535693466 96.02564498185913
68.13576732091063 48.699456319291826
52.2348627300984 3.6930499897470326
10.84830393278523 74.29242098349307
98.72683250770456 52.802270144251295
81.35236588118282 26.41523435095088
60.246882407827286 60.25253869023914
99.86352053429238 9.726407368979872
36.61119971317108 38.53433607395477
25.750440761804693 26.37502511108829
7.555194013746947 5.04221352512274
83.0648633715663 96.05859311981217
99.4827450545977 57.82995013086288
17.751014893422834 52.711969113916304
67.94904153494018 32.834907118929614
68.76347472685 20.183767933998965
73.14861774473636 32.404463291479345
30.03028460615267 69.44226990591272
7.00401914906249 83.57910138053882
90.59801451772856 18.24414192501078
90.1405966112563 10.851746284521614
23.367780602871434 71.41897039777321
83.67245184509238 3.2484904384768365
91.80680355377615 42.42037973983357
17.178293804134114 91.50564354440095
48.38464057806967 87.71967348407583
73.13447012975615 0.825179126853437
98.53463564583714 34.08894069516252
25.010545907664884 94.52944593173105
11.409813598308816 19.675013830452983
83.71155746721794 28.77311525539582
24.424870041073675 68.74483565961744
63.66045403638794 37.560531074614524
6.849345373493554 8.848312462205998
35.63752708245457 86.7394771855602
27.473251065667082 76.85675441051157
21.992538369667823 95.90843206757347
59.12022298757654 21.455710620036726
61.28228416153918 11.706962008068633
74.11830298138992 52.352932814842234
78.08980906334617 51.034512922146824
81.28703619385786 82.7699354231105
46.2208947967781 67.30043369787445
52.138132192064035 44.60939927901452
82.73368466117017 25.825605800554353
21.24380999208071 29.45851202640157
60.786347161604404 90.61922978246517
32.91572462707699 56.06018276942771
15.363425056260361 64.48203778826355
32.21819850632473 61.58226243981364
48.70479433030637 59.829951966917406
22.33580286800011 19.38776679848737
67.80711948951715 10.48365860031769
85.69113402198954 27.532119222657393
98.32033172831127 74.48933239453466
27.358514611395492 23.156175075774122
75.05737262324894 18.97069327690527
84.03493395868895 21.695845460951546
92.85639380619516 55.5094851702334
84.48790667961799 41.864309114768346
26.80420972177956 19.87940272926052
44.54565952565167 32.13839059656836
46.99096797887532 2.7105436223808677
85.1217604037225 85.61540442629413
7.201542531060213 49.29790040349259
24.574414892533504 4.691501019531563
28.14220063052334 81.05116108310536
84.07696443086465 95.36773295985242
86.16851491441226 45.75952284956537
77.56526719959054 35.17063729748793
34.2557961586442 21.508252688943553
80.67736372083677 0.0024685298315341164
36.082660044238615 69.37870741560893
31.635044700980252 87.68720123369825
95.5341046822025 51.61820684391449
13.040191289961268 32.320335579652216
87.35775457051898 91.83788124836715
56.69998316263657 27.764160818591865
66.9546579356042 40.554621247783814
26.013488146311836 67.41223690402829
49.93948922774912 80.11362991217993
91.56165364347764 6.977309165932921
3.6794516183584536 48.520549534894776
2.912843511632557 48.547260100440006
1.172797805788961 27.92069909420295
66.71660064646413 66.60651828170207
12.979427843964498 70.14662948039967
1.9290337196880003 38.242586371745624
24.139293004103067 35.90506472044631
87.94848057561686 12.586180987939223
16.561452985507096 64.7307052523372
39.543819200475404 82.86552812999591
12.465219838751828 18.0936400016073
54.62969744852961 64.19254125883926
28.773032800723996 0.7621995911599733
97.63344706885619 44.1542520182116
28.762663556154433 93.50444216978815
25.244896954295236 23.641542788878354
17.87842443672473 57.340932109022255
78.11621341626574 75.90781323001133
75.20620761385224 68.13682660630211
47.645398506768885 58.41650514024962
16.972870943993623 6.128704984957367
48.53970597705195 54.77651340056472
12.803833845436685 30.7280217445986
90.05459067437272 38.36815516128658
29.453886332992663 85.08184259698382
99.15167308942993 10.359077143938478
40.21113117559453 74.18292513432948
25.120625021198293 39.487454479377725
22.700979338539863 45.765548286212265
34.33337668912168 2.006837675971185
14.84387094206342 11.834861703978461
95.43428718257442 65.54298869602552
2.9182874827483385 30.413458889353606
19.19112418589728 60.18262299011498
4.5237764754035625 18.24549307155833
50.979559744105586 72.9129859458209
1.1124251081688907 42.98535034552546
38.532218807975404 42.70456941189843
62.31011591569329 75.05814842086318
78.95021360316375 73.44035224023008
77.49592955695827 78.42907499639331
43.796814773482595 46.331382896925135
33.68699325796165 12.168903026961765
29.60461981592436 59.87441775358745
79.71799914162987 94.38199169677355
22.59041578501012 46.22852896604422
91.81828981543077 98.47217796784265
69.8519179964854 43.08177641129321
65.95540550109625 8.619276052243375
47.38753169890922 93.60172139233924
69.41497184810501 80.88714464913588
46.488415095208836 65.82129316379293
28.492886046488273 23.139698227252538
4.440785976116047 69.45135288615451
10.161441727402643 52.40864186056039
38.1585602804836 98.55743045088413
66.03004563747993 63.568587796991864
76.28223172878123 32.836831936914265
29.698958013499187 81.71148608135576
67.99822490819874 90.67579365666529
88.02046144624718 63.77516697053605
4.050729303430223 82.20607827753604
33.94238510617805 21.663680416274143
37.46931254225244 77.19040103638932
79.63163960997932 92.12094543215629
87.35455039695643 49.42381244437909
37.94974769450287 59.793973794069736
88.32479241362039 7.418226154511998
24.41326240498578 32.53367510989246
70.53248743007329 9.038574375266272
65.05420076383491 45.31486788751044
26.262074908053336 89.85256353364916
23.71306450641082 79.10550409824664
52.39826631518613 32.75470237568604
4.819136777477939 51.198659443422976
68.54403044919066 76.78235164318704
54.48600073966564 61.02635657179923
66.92721603002063 29.860912328423883
18.477613860533182 31.46033989893646
20.1300215423853 31.11412218364923
67.11980224485505 36.99703360287281
37.64866843676886 6.1272077289155735
43.60118212976983 42.16075805084923
80.86083618655707 7.598318672168847
6.503482850283815 79.84257866690962
95.47205125712146 21.836548889539763
56.693039117837095 5.135285398036283
66.93860235529729 12.26951143823296
31.326583244607185 80.63002067933533
65.07040723913448 79.87988474413658
14.410337922380634 76.46797456399372
24.18504516691743 53.60995994381802
50.022126572195326 24.546739517159
28.00259959523107 24.650795511666914
1.8924136428831284 0.14706907386640156
52.46018350089676 57.070289625468895
87.85483222271456 49.30667069817575
72.33650204009716 85.24201464592942
63.314625109689814 95.8752837173391
28.40975940566379 54.63631963619696
51.752835999752335 14.271602421063434
37.27345720956864 61.899973572790714
84.33286091927023 35.329998789983776
4.8772345507611226 9.04103935794367
34.13558974798525 0.1038669612309695
65.6853270420923 91.60362493596527
47.09500205552399 17.964202307065314
10.202825574618679 79.10325789727088
1.6020207223330196 30.000182940181162
9.692226520876957 56.729673808382266
37.61696662924846 72.50014692748178
6.486842537097526 21.64152437250867
91.71180532199516 28.352540089592303
78.83433591989703 36.38762094562927
8.60397394374287 0.013479617244960274
59.77066298688227 0.3381057112391894
68.0121065255933 44.167319316743416
11.58695493618691 39.396344247172344
85.7048215991708 88.9713607569384
47.987277068289444 48.774055406347415
44.372536725536584 70.34382752693635
8.798335018585313 71.19860873209268
6.325121822115721 42.30331580592753
3.2822019703882765 59.56323210603674
24.033658653793555 89.26669399876207
70.35580625696393 53.116285900427144
9.424411602584815 51.84662926628448
75.00626894648136 3.03619552902914
78.66325887291707 68.65537034223705
70.11384117288385 59.069005134073734
63.95095418391353 68.61184356352675
61.78294700771724 96.5987413614229
61.233733820958825 72.4811731213316
75.43953660631905 88.69139852789586
69.60759280617297 48.92388271041887
43.34510906869087 33.590472201152245
44.121742763947935 93.33433323060417
61.9849617910469 92.6835899382752
81.1312097718025 74.89942123687855
98.0110597733393 33.91870987530924
29.99088191663858 32.307039576070174
98.63417708548717 33.64094296297292
70.78086248648631 36.80511566737438
41.617730871616295 82.87682272118029
95.2462224696613 78.89875028505001
60.590926582146764 27.86250745344746
53.787445161294144 78.74280713072643
27.866833263544123 34.99679493229918
38.27481091867861 47.24858249084931
25.84960464334083 87.52428250935128
22.745664592855974 74.11114574813715
54.73053921212265 84.98017192732064
76.18926585321522 26.289345124698137
8.389097651677524 0.7578622777755895
52.302892035447165 91.08808392744413
45.44584483641717 98.46600216401737
48.71508711257212 29.036558377341272
1.4962500736184992 97.29524955425993
78.2924532258882 4.8462202153607965
12.551507506772364 54.71897828634372
76.25405713398513 59.41118201307457
98.09251691930294 67.09588935387526
47.10782825639009 46.76309749873785
12.497097440379779 53.87749789892339
89.50930116603205 29.0184689735677
54.58170682846879 12.378713794555962
62.962442029996566 79.56801200929898
46.89791411330935 64.021493266193
27.4657238886844 32.82317832544438
79.95282495289304 83.73792915805592
74.39116795987722 34.6947692057773
32.31744868693729 41.68820950852653
91.57068664715278 88.52234325218558
41.42014087217972 38.37771134146259
94.44704744287729 93.5584871553229
17.013242097020687 94.68517185047135
58.15090593256006 87.39612479437973
50.99345199334546 62.157269149921646
13.399590684253527 51.744524158313155
8.849835279585616 23.318194602594723
38.272308187756735 4.698972023309511
33.87083042524981 70.45575734437925
70.86094013578663 5.913878713618526
43.50887123005334 43.92544100012967
59.836717384381146 70.15752504870622
6.106715172366539 77.88028221710357
75.97511451456118 70.5013401636205
21.20883942427312 93.50267526391808
26.201904222787043 85.46136657045827
13.689558261149005 28.238570181665533
32.997117629572216 35.32692822341009
1.0874008512852695 21.848774194421427
38.57151200641492 51.30278562489965
78.47588698067284 73.01986967015651
87.48432401456154 64.84049904484864
24.20146779374468 29.418101767343252
99.26168074008498 86.71817404726505
53.77640227735782 53.708848972750026
9.739300590941403 13.985815800985147
7.182902399823332 53.320726109098835
28.881378245616585 59.895423425666
32.83294921388493 6.657634019485304
85.59387483140053 53.69910899601918
64.91032768529541 41.597470691871344
7.202337302957007 94.51660529100317
65.48180621500744 48.5080708100066
68.79104422332931 1.5507645657880098
75.6464069743401 80.30081010624681
53.3010097913844 80.80190072729785
78.94984285755457 68.65638646503253
12.93840213227313 69.97022722603266
41.57708469089647 45.89735804001146
30.2060475869531 96.26160324575986
74.41755951344831 58.61983948850382
58.07970062437846 84.18668930545208
57.81030683949695 53.8760528859747
95.07357694482329 12.211776339827729
13.425830069885636 9.942007800000274
11.806101103792743 75.30780636643112
57.517940908499334 29.595811204383114
97.3432798791722 46.557007707466965
85.60926420761378 16.902891813658304
65.4302145654831 13.17991814330538
19.090981588456458 77.90774376610754
23.80711767918203 14.246257573905963
68.05295403702199 19.550348795279305
89.60519719612785 65.79702674447653
89.2853465592476 69.88872934745902
65.90003392109611 14.813432776720015
93.15644421109612 52.74316859585587
88.19974565429186 54.68493217010798
65.43281095985145 82.93628881283198
2.3505098500663513 30.364398157619465
83.13085736114967 37.90867255898659
51.70521048486248 41.44456933993238
31.788636991359233 60.469083141028314
21.525107896337616 63.69490833470248
40.48907563611828 11.138961229667132
71.92829845665331 65.17428427759013
40.46043346837014 18.123219386114975
10.548491115651814 28.840524939558232
49.85486925513049 16.641514638679432
63.854463983400166 15.355117270300745
47.38589786806925 94.87570765327897
57.00875705835406 81.24844557966779
83.8711467484757 35.87288973253341
47.518581158649035 67.3587171337081
89.18975100514055 85.6137786501659
73.7555111822384 49.365585492447906
75.29584359484028 56.41741008175033
51.786270211204844 78.3561679189693
16.487008565643556 5.468592643887504
47.05510144839209 50.64076081627519
58.98918528147667 41.881489371661154
1.2903243120236052 92.27820474163885
89.11804290620606 29.569348703014075
1.8774273248933881 24.731690800715356
20.416461945317586 51.16109999247757
58.277397857843425 93.04218476526694
66.72861064121062 87.44540649674015
98.56273884043819 32.82669565829165
88.76368231728117 67.6251636124321
39.19815770821731 34.29050953736017
11.264613986075044 41.83054961138014
57.52350234481091 7.725484269223227
95.05867069945873 98.69453167831004
46.88612786034967 60.644585949120156
51.76583942927769 16.550437489371728
25.4361940163247 52.20813679450554
21.151740982777167 1.8235692035108664
51.18504710421736 57.419558481787945
81.95411121039669 3.8544312943276204
18.24725535655466 55.545749466046544
83.52344014459034 79.59558342260247
89.06438549784296 73.11967115764558
8.667662094051664 77.69180122201315
95.81723699182815 98.71269095236987
70.7317717463604 50.17315338447944
15.81482468389882 0.3558107182485726
26.526174967350112 69.80133070324781
96.63301077108677 23.075737332894906
82.37114264263649 72.03036379744789
20.72272407962421 0.37650563631446143
50.66061284759081 49.66249177054382
90.13017648444867 60.2120813408081
5.031941510048399 96.80321309804434
32.426130663831074 10.94983583530109
2.158004314014572 5.782669337554925
71.87882216809962 28.134133382270388
86.14901654513567 2.8078396429994323
34.670374518296576 29.4660763473335
75.65102739195822 18.068113952770148
99.5713700143093 60.52766775636845
75.54607065169424 79.2976062500504
41.014763720172354 31.24939786674882
65.02816012060634 89.51602875196994
77.22890515155846 67.38847646637483
7.8252969141942685 80.62402188180624
7.766952952731476 54.20291250725416
26.69926947634086 49.716629793344104
8.02590267523382 25.10382294226552
49.60313439458862 5.088041249181474
26.039263219169584 4.623182122202563
85.27863833539917 89.32461304195755
73.01302641079141 95.10211728571744
82.8696423230964 77.95940607865212
97.94262673146012 6.722932480588762
18.841654999954084 28.614933201289606
5.797261201967219 97.15844612995753
31.047306278168662 39.15711235522079
31.71064047449058 22.63602640913377
52.44603737873083 45.58281845246089
11.975410619139836 92.03331943047841
95.26671199868687 36.23548801829879
97.38939559668238 67.04150110787025
66.27174963380719 51.148003563561204
26.1117380874902 33.84403836188776
18.319594068321322 57.92673446340719
86.43962433832735 88.60330477913557
51.76058936476863 72.44203128874827
61.52154586661136 29.837533781200108
95.38041619670719 88.97943198888775
69.65659380069886 14.309604999609638
94.63268238203287 83.49050797148368
98.313663754005 93.68898191601905
27.939929802848383 26.868807893901714
99.91236270278607 53.3718638030733
63.25068586468166 86.97645778023303
83.90116751776243 86.5853925052097
28.37102047328286 81.41580127062463
94.84849982969791 47.012311751675426
84.50210719740345 61.44031335422218
38.8799938637063 20.462642724360926
64.88045940932454 87.02224821655624
6.0793859766079095 39.76535722490186
46.10482199872595 27.107644903872664
61.6263821881107 35.4834944765707
49.96838209887892 32.35519880181633
68.04732508572337 5.504378976819735
