670
39.42601647361329 51.62452420068968
52.27898738318907 96.533686316094
67.49334673973722 34.38900838789757
23.697480111689163 44.764876668337
73.6610464172616 7.034717737006102
6.930929823061904 77.44392097429188
1.9299296153030165 86.34851459188778
2.7842747578151195 69.3485889414665
42.40046976085575 53.76700808989979
15.737242657079475 69.65649672332226
40.21256582066716 22.004709486080152
78.47313257484555 62.049543661459516
58.2379134256517 61.47195688996581
88.21953377666193 6.2765416811424775
7.977698595828353 72.57856060791313
72.24430023496406 14.137416209961472
54.0786849032598 86.60558133784215
58.45607355641249 26.593100628060785
42.00699232844166 18.036028230836763
28.9251452916396 98.78681478081509
33.01429493014446 61.35190584109286
59.698066581847044 11.703390473818587
30.09895319502003 52.42007991936165
31.9741377092549 7.227855684666262
10.47297425767637 79.28932718651073
35.985221754037276 57.28140005351554
81.81736528295008 74.45495148644049
43.031830209169996 95.51655533180875
80.28846812627168 56.02787417184376
77.53177459189978 35.2384381857438
56.46622933695933 19.854981063443677
35.45536391502453 20.008166760278723
39.19992343640417 3.5000453246961216
17.71347630902834 16.425607335346314
99.4895744651557 93.46026547443044
48.487087359259995 77.49311105394169
35.710765188683055 47.50005219794704
37.01043745705642 90.17254640581034
34.58772850828614 95.83714857444473
49.390515823333104 14.912733143781875
67.05887827910335 91.21424073688617
78.25415868676093 72.83060256367281
54.881642716543055 74.52376549394505
40.130938930023476 96.98687856521384
86.35610161199571 56.362824174276774
19.476729985244333 99.15507181054085
71.57833764685552 46.25079943933122
57.18067890312592 54.21511643402606
54.76310837240194 14.99995088452688
77.97515338009761 46.17692399022468
83.54347257598934 16.146656767544755
75.85509927147172 23.321550101948517
41.55667439135296 91.59955052044404
87.8384977133155 30.42188512541213
30.925307016690184 77.33734335181592
87.04668795476366 51.50286346976438
83.67977840735107 72.93012813743486
30.425146984927608 94.03508959853256
57.84834529344914 89.43533915683956
69.58884231151946 78.38182842274992
98.73111366139469 29.53577730615927
81.81057762086525 22.2050763326891
5.121901196736777 85.99642238662543
4.838087433891081 52.988080925594105
34.53791548322186 6.4911813395059585
84.98336184181561 32.37726288011494
88.99505577593119 77.00244603455799
23.295595482995367 95.72921137984012
0.9826026775763386 16.885603348900336
46.53572743396407 52.77829029894806
72.38437553395433 8.76523077626551
63.30222275310312 56.58216267607248
57.95517980207624 2.8564004425513545
29.583059876330253 47.635319144243624
61.518714599065014 25.564638184594955
89.93184692666907 71.34277946063624
63.26577597696187 37.21030571885359
82.24957343013268 43.337273415431866
56.008466970883674 53.83134915564914
99.5541893020928 2.2024784326506786
3.746915914607185 10.887283055860408
1.0650114595632254 53.35063335020032
48.76238592958296 8.320213321326875
20.229744852125563 72.96016778076057
6.080507118961675 63.19773282065798
56.27861659012433 24.494569456763838
19.47889059699649 76.59656664088558
39.57304155135739 31.716079487152804
1.291893341828676 29.478294811472562
76.54455306389944 98.7816046668498
52.66664098802655 43.221942058095486
10.425211766350317 51.77667762795593
6.5413105349745315 32.67348368559131
40.9618788936517 0.8450714212506982
54.735979395494084 32.49651730425922
57.2953908938727 41.09170855524541
11.604180815687371 1.2274097131018236
87.25629672998923 57.98133257764035
32.813759860180355 38.196784376296655
17.370091197114192 46.70340669107511
61.93317861513498 62.160508812554404
9.524990055681004 71.74147561852585
95.3924054038215 81.10766316626705
71.68901056795983 93.90591506052063
15.711607989158038 89.84711501155682
74.62950512721665 22.03637905456236
12.525799411927906 65.12111382049996
89.70247085365978 92.80120232088828
94.17894837535796 47.44613917261255
92.8277031406235 15.715875371150911
34.83210083748983 61.859914020598396
50.18833794709835 39.52870815130074
26.876098428465255 79.96862141575075
78.86044385469751 83.13706502997078
99.14096821411287 9.691186478600432
68.77813335531442 97.85218247145178
83.08780360038656 58.90273492078691
8.528567248514296 30.589814828624775
91.23494958819852 81.8651392869762
31.535329592739924 96.71019984027673
0.937750841582552 39.598349010015355
87.54432920786769 92.83532089774926
98.59560974886767 77.95677492540992
58.76681551717711 68.25597009322117
43.1949022298779 74.12005782558617
80.88420321607009 29.578071854198427
12.151719462438692 35.28197228520197
73.8946555186527 97.18141542978438
21.15716818464716 2.381796460312402
31.61700355576974 13.446985967710223
5.988747218350532 49.69781559044667
96.92345014455553 17.071200955835085
30.327508953296068 21.51433339180633
30.58094905209108 50.774461242800896
42.843930144986686 96.099375283922
3.471665189369022 24.522226820144
77.2380975181706 99.35938437792593
53.47945756916125 29.681493943019632
76.30549743403373 65.07908802618446
16.881067533034265 53.65161102057282
93.6041120612123 24.90186714790703
24.85976918450531 5.14455506396978
12.192823389531604 66.65368621159033
14.233355344850674 28.217632162565508
92.0416980686053 71.85221405116077
94.02433362497023 94.82527175052668
43.304613792038296 50.50731337913214
55.23087595929199 38.58619395168685
78.12600737894095 3.3336526978112957
3.116740969919274 13.107487410244701
13.562311549642935 78.25489163761927
28.892848625291514 20.227554832374008
77.79778796056135 12.827525092174152
61.96607238547928 93.72245978775489
94.34614502614538 53.96107040676408
41.449930376438346 38.70603732196162
39.52545181922279 54.92800546677582
33.96840047530818 99.89562816472477
50.0623619758112 34.317218701841334
77.385672814146 89.3965722173437
2.331249580272643 67.96058595565879
20.17114692457622 97.09980872146187
81.8649914174193 15.915147075821656
76.09978150728706 31.92064983329438
39.746115005881464 57.27179634633025
71.41923219636018 20.672809284130032
15.37241185421312 64.96582016597449
10.365857116312915 56.662035235747865
84.87814304517326 44.91514849354479
81.57779687540496 44.83530980197923
70.9418636844525 56.63007949175123
85.7196414463474 94.8648272270428
96.5754052890882 47.11186259649601
48.684750077500794 89.72759018917303
31.954631777287712 74.62367433908265
29.684764995184988 59.603677399820796
36.277428906985776 66.55079840873854
59.35639540640775 60.741950692905434
10.67540743704244 69.94679125627765
7.565763469615428 15.285304800285903
2.256591952889575 4.198986659443582
38.79890251617489 87.59094132994596
58.84176008150317 97.73097963881546
90.4715009989454 14.105002653792031
62.45853980953105 78.46509396687202
31.94539803713684 85.42897331373025
28.519933797998277 38.86578550051436
2.8839105257484454 82.09953492056664
76.9325270688352 4.219547167060755
13.496334439552527 22.53913770052002
82.25223180070289 29.954259633517154
18.505130676501114 31.141692249119856
84.30736043590923 41.639010008876745
18.168031875951396 32.33401422993087
79.57734633871635 58.837374359496465
87.43671339397832 14.21109343451593
2.6308711308529187 55.00937588215478
31.460011410273637 62.52188720317549
18.44325232692211 62.85618517086961
2.024054599550007 9.43894364127118
88.45986956970954 25.184333993308584
19.295842935769127 31.62764080835272
37.7352518069497 99.62780920248943
15.437069499091693 6.818195257452775
3.2835628876981993 11.68528592728112
83.82193629370744 18.253268844155322
59.92288024730756 72.64206653183727
73.54244726176434 48.3372784292775
63.47551509653415 69.52599264982899
23.9805042952869 66.38695820277628
48.457823100419006 78.1960349903832
37.81913629572197 35.17291528466643
40.054305000301504 40.00362898556974
78.38338245819706 62.04498833857125
17.304852491443356 95.53144015286269
44.78875567862012 36.56327270138926
16.197967531049628 97.63448011449084
74.60910454875525 39.14607716230123
6.841922953245049 98.59030087193157
60.712549594604226 14.89861270640257
12.337613156808303 4.07440587337674
25.80430863137798 49.055699083255746
62.860066418323754 21.34247428036963
11.440086619063061 50.71675627860679
41.724337327106596 43.97780585687349
20.259040663393655 72.83474834705795
5.075450454588049 15.174810301644825
52.292224223723935 20.109560633285472
42.344257088952155 69.74455076879354
5.906842632633413 95.58984232898645
48.62893954752718 2.7733327190126
69.80330036861527 23.65102198239539
30.40195851514217 99.92992988069689
70.67987435527158 94.41277837706875
90.37286442690144 64.70088516117781
13.50786431338047 88.84693263884738
55.12938592819574 15.817223952781035
9.460616901834218 14.241008776210107
35.37058521755616 81.66373217018426
11.967866879564449 21.491580665905165
35.332649056905574 97.94885473112201
59.79556492433039 17.050622727278064
60.40556772980423 65.7853069254521
87.45886087121858 30.47909732407479
61.74442171937046 8.963265853331537
22.396506617501842 99.5651061106227
93.68166901645813 5.04921643862396
88.26585164974897 89.78330529653742
12.301447967494362 36.617884035955164
74.42939242859885 43.97098757607022
8.882707258407175 14.816572732717558
70.51455979769243 83.12833371930314
21.027204941638576 70.1326357454149
26.649652530833702 97.40903406628672
25.903668908145995 72.1378042933476
49.999299785491345 12.737784788410389
65.8561777501136 27.36865909193985
93.96123664650183 23.304573284425267
13.733977593870561 56.591407436570016
6.125396541518057 31.383067981292633
60.68520508239118 64.87991437052797
98.61982194572623 10.64181433296455
26.163343404963246 8.02774039813472
90.23659965497275 82.24590945810482
47.03798955758026 82.16114734130026
32.574652390878676 9.201267917408263
50.07665705069241 6.267604025986085
89.1491787464226 88.78569590965442
18.568490014279483 71.66819912827751
62.99419653614721 2.6784501585037312
96.35303235380908 31.719694926751707
83.22992589004646 11.92997329479194
1.0657156032405135 76.8313017143027
95.2860092678496 3.3363215143586644
35.802446008811195 49.10357346585166
15.298528638797503 94.81366940682442
50.832424642385874 41.110543731604785
26.445930207648704 22.17221648028682
98.30535543932581 17.365017092429436
82.51522974596645 35.37871924049667
76.83619068276705 56.22682069997956
16.208921392273478 77.77704284673582
29.25646408787269 59.70259844363087
86.3472467760768 30.488821735798176
59.33895038314898 46.69095170411287
26.833796386266396 43.812644161235845
64.61954420677993 63.77264666501051
93.10171096474986 17.06867044062159
33.55860362886885 11.340620773342469
43.85700707214583 14.961170940121459
34.704675898906515 80.18176004498572
97.36254821384203 89.49692080411292
31.601167039638568 50.39159955139802
1.7969099548851397 96.75995147849665
39.57696119053984 45.48067526030049
49.09317040076492 62.43190318447287
74.73498627165543 7.55205052344412
42.30289325819287 72.73262056932464
0.05870794183581163 56.45177012154554
35.14301340136675 57.580546787608775
78.30571984114107 18.73147930418282
18.56343559612087 95.7292117284092
84.0199454995452 5.529017041918671
33.86600542656317 10.679354796003604
66.03603357124362 11.680919507739485
9.303213411380817 48.0218397384767
63.95059021124965 3.9529972382149836
2.8481604076320943 59.11438690578744
16.964146185376038 48.19679389557076
57.60128968107489 25.340874977352446
14.999553500929352 88.78141071331402
34.25682101023454 11.295608214816355
11.617491726434636 28.15599953410558
94.73959160907818 82.19377959417041
45.2584253932486 32.995929528271176
78.74501533672571 20.955346908888107
68.55474155022404 97.93395927502135
84.57760873053812 7.7568472388862215
92.87181398641283 76.3667785990854
87.17885875507939 3.4604803834173192
18.335657258051306 39.66297785740208
84.58927587421272 76.08135316139914
67.52444911910655 24.387378286526108
60.730957893536 58.835671287643045
98.4882481037972 31.127945272637124
70.78024279560208 64.91664706592326
42.797518363281505 72.05140294896542
54.99505680101464 58.25050968201082
50.69938820782697 37.86225630046158
10.001917224758705 97.31647343967306
62.77580050802 49.74737940396925
57.73056531392034 52.64252910655872
89.92778306145627 70.8792825473455
91.5342727816118 7.142922058043544
54.110791840932634 99.02201267459937
26.430948973363588 88.04933474588526
91.74151887653743 48.73569739142696
84.21105416214525 12.861040585821593
26.877961828645525 23.241330828148143
62.77858550109991 9.328860872349832
10.70351518799666 3.7114438576562825
15.822043925532657 38.863106890212926
98.88692323759514 74.74898757478785
80.36290895252517 13.608163551124342
4.220929491074765 79.97659272116177
33.98823402382036 58.571052163332084
23.889827483161795 67.02006601584614
57.405678515590296 70.43773678815039
23.735510626247127 91.52257458710623
4.386315603540725 94.96588916167919
19.415719542808908 99.12394888998467
52.15203517334014 4.5380816981174465
50.26914829497811 88.5163788523136
59.92868810660998 89.13267111143729
81.57672998613445 4.062515348015749
51.3853943041619 65.08775207905302
77.42183299016831 84.40285073872742
70.23300735073595 51.06346701837479
40.061241635745105 21.829433668145835
34.444088207246324 48.91580479297368
43.39917107082587 57.46393953468868
17.311066879032833 53.30706971344574
61.14842646051013 61.140912171458226
66.39083582713366 57.76531081142912
71.43096336581979 25.91502219288997
99.45050550915371 22.319027348079644
32.37546097535338 44.75999290967461
5.316532980750721 73.45249644976425
51.52463725181393 67.22698624059126
35.477306474177006 72.39208165783198
18.260000932010602 60.75267492357237
92.0410369024553 81.47508950659926
90.32027730361327 72.5797797598654
49.150721369150155 11.807122465440024
55.101890538950514 28.69558756215953
12.509365225966906 88.18163177027168
76.82449964701773 31.938751077960383
69.93791120905115 93.65050667146572
24.5735278764869 26.59914141177262
71.08172481400837 77.67946939678221
20.63414721493976 91.30169370067269
80.55177769509953 59.282771772362416
53.06836393270674 9.484395375044386
5.485851590206725 87.38710103358565
58.47642868871495 5.717224848409064
89.35973544305226 7.659535138306584
15.981678490003626 24.317146487946683
34.14836002538845 62.65128479693859
7.880437460808842 9.567426102835054
72.45554171706901 8.406507759455328
23.084325786581385 99.5564928241397
93.82726828396389 76.79786727181505
18.48161238255328 28.875237624352135
82.72716600180992 32.57646792593345
76.19315000937613 52.5716997996446
5.752629821215772 45.78893439515363
17.440212906727382 36.9870349425263
4.722331703054028 8.815771860118671
1.6315309632496056 73.46509169748148
32.76996464596949 40.964937250842645
45.12840886027863 22.299329495765463
97.37986821763293 2.6440497033949795
71.6532030148225 54.969116609895174
42.52234094795515 63.53274761721366
13.768349968323768 77.2804032139375
32.407981380093986 73.22528326158803
23.530185124906676 96.24005343695006
66.20054633272906 41.96376302095652
53.69651316962626 82.95027764138487
97.53786022440914 1.5687525444037953
65.75675021369379 54.39278432929441
68.97452140158524 79.23527470627931
21.54065426710553 78.41255545514075
53.82366949608196 89.73757015488472
13.39670721528271 82.82602628425516
89.36745814669266 6.249734657328043
52.9880996376111 4.382620681439587
76.84377203974432 15.812731712471761
7.533397312102641 12.200503715948019
38.35115759711386 24.44539215497151
93.21946009645465 28.230970482134055
20.803358529030767 35.791673027995685
82.84310315385125 22.763266101691904
92.95258428933477 24.588748203306356
96.73016700678878 65.50836010416991
10.857826074918686 55.62831016900175
23.912952825997515 87.67602772603973
83.53398809530519 73.19510594704194
13.128648310846103 22.442516609957806
38.54231768759239 98.90273169083544
3.8968873034832208 6.43132850446364
49.734467133585056 38.3688957944677
67.37431194084681 44.00928514806141
75.87066524263494 52.67329960139856
26.087439936560386 55.048348199593555
85.85657166213545 1.349638292635702
28.546654185453846 84.47148795305833
93.21953964807655 80.91761048002942
53.34721501636359 1.027408945596242
42.889895046029366 56.985596220114985
52.83770078163401 85.2149961616206
5.950709664035426 53.93217733980268
41.01915571272758 47.38638464229427
36.16571946358691 6.684496960201658
63.71609529998867 61.36274927608512
21.923178395498887 18.154503922603382
97.09743110746034 40.191684182341426
52.02775733861387 65.63412564027354
63.50721214504921 98.85518745545876
74.2994010236825 91.00199872836056
94.14829763736272 64.99862745295218
0.15604129521245014 96.52065437156261
56.176665903445986 7.0913321028607035
0.6842022775793266 20.011680497324214
59.3287643285653 77.12057658897226
66.31754227156668 1.9541848805185946
24.624295664542608 31.433048357330662
8.75101589684827 73.42843451191666
56.402850189583056 10.057068007117875
85.96343969720922 33.569906415314776
20.26877587935878 75.14310021541701
38.677915748256495 30.836670817534785
94.86145003124535 60.78559146559118
52.40488078130926 89.69236044304503
77.60792558526211 9.046087520103752
1.3102869153574725 81.55835093347956
17.8344899690435 63.30559021281958
86.00864787618124 22.098206490783166
10.424193257293513 22.403184206668
28.300794637428506 50.515829194240446
90.82006775166609 42.70110783940139
64.55702355863556 4.030510308496671
14.889697756193577 10.334150909396689
9.433316117819645 53.30081621427816
11.366966318060944 21.553057352239748
10.288687915166273 4.142898456590438
64.18488339306325 32.983874635843016
66.76835097905595 87.66054763968239
21.602792272096494 35.78382810555782
27.472138579313775 78.26696453089812
84.93711095617262 85.00961385904256
11.656472363917503 56.121379633153154
39.17509486872088 2.2952244318124038
45.62994927185677 22.176586602458247
89.0703127346865 95.23633913479236
13.437820629148655 89.9179508937005
64.75977850909656 41.1014539132046
74.10041648727662 94.90921608226105
62.2153523605497 85.83931392027546
6.012722579565444 50.297089735290044
92.29167862006294 43.192966455783186
7.060569872896605 46.11955177044741
52.48571340660057 46.54297724123763
25.896981331091396 75.96938422010298
80.92889603915997 34.371639747032
95.7338437971601 31.34452561004658
24.659507295620585 44.90104180757503
57.19252016388471 35.47213597893305
51.43696016553271 26.17387902161612
86.73217726530798 26.168372014451435
61.82988449726772 48.50212882834646
13.128723496082383 11.01904555526334
8.663430150317575 71.86942749216695
99.24809512024137 37.84734958460953
1.547715180914111 22.838114061485705
94.3218795983259 25.952119653022443
28.122802688447347 30.069091704889072
14.292924109439664 35.92501906024137
47.46688220392138 37.298499482258165
1.1236837428656665 90.66821224463781
71.39507442789436 13.388113092568222
97.32451686679515 19.228998011182252
32.23013998779568 92.94324746149847
60.182894325969116 91.55601576472193
92.68784401401456 78.16412675365318
11.65164807295983 40.84993807276208
62.19648653125357 44.53369925952202
86.47693734286928 88.32900747290705
99.59756236957183 62.75349580824842
73.8395036858842 33.68207044415681
71.65006461072639 26.898826368843487
58.560469597608886 85.65758965188202
68.79606374624206 89.54270236343666
71.687420098974 9.97742106506535
51.44604020702946 52.82928504374594
47.26291700486439 29.021560770658517
58.19692231629045 13.285753875160234
35.69419379873846 71.28780498943968
21.884339909749418 42.011329026959544
83.6800062625808 47.05594416752833
58.03419073352204 93.31080140987223
94.85863720742296 93.15460203844913
99.83535312995976 58.6043341952591
6.20199760194049 98.22066960548685
22.58671321433251 68.19237728212919
32.758514844331025 23.52322502433252
12.56399762956577 44.86792101416038
41.01761403972512 18.629788345323462
41.984306238646674 35.89444273728268
35.34381013652936 39.68719969404019
1.429860285918405 83.48665666978083
95.8054269233472 13.094556067532592
32.7733498160106 94.40985003254912
21.271027443513123 30.846899510044203
96.73644722041587 26.067514789615164
4.1937246448566 97.96679416661514
66.32961648859015 36.503787515974494
95.47618574811708 62.100197812112704
11.949406100413585 99.7142368841044
58.74925855297262 71.5064229367111
35.78648758158347 17.627167214317808
22.398268430496195 37.429769321640414
14.789074625338527 78.82016379872279
25.717522709597063 56.75794624734169
19.984213102908377 88.20145438252392
44.64818069102602 42.30339825332676
98.33992382422689 41.11741465724666
83.94217917006156 48.777927466302565
18.055382094027916 28.115296244351374
58.87342963448074 36.168040508427325
84.05163479425383 64.6644489361238
28.996144060239626 51.608769035166745
65.37658479124713 3.1424089441290604
74.89224763896975 41.95170572760393
55.527542748473635 39.623383092944806
82.13904269396161 98.79148070835147
2.5664144839561143 50.564010906478096
27.013647071718296 43.99103840391613
1.812417054618909 90.50230742365135
16.655368057575682 87.95706896208348
78.56998977885767 84.28097953084472
41.68570891394793 73.71234020572655
81.37703262925852 45.63335277666649
72.4658243006624 77.98075570595117
54.460655324489736 8.973283957329159
42.1179487869581 12.001769508455762
39.99827140061763 6.952866670757962
51.994869021090636 16.056867577416423
57.29132072526375 15.1994006186698
85.6680993555112 16.06147505495238
19.377683391541346 83.89628681734874
32.814959569628876 87.04547377991344
22.587601550523708 10.726218728319347
12.125647936270912 52.35146756376503
79.57223391759327 89.28853842014398
24.55087251392395 93.61935872291282
87.46490661590634 61.5517616055879
16.527199358647906 2.5014301900841085
64.88603813839889 21.207759463404805
27.340647191849555 61.89411851454435
89.81502062631151 67.09041482306249
13.593655296288231 60.97475862452727
77.06733389670784 81.84608590564778
92.7221563541255 3.9442608349171016
21.200465246367482 66.55114515028339
55.77991648946018 13.73186302447682
21.14055514548333 82.98737534852366
88.98163498762658 1.401496811772418
15.638722696590035 76.68984477547593
6.091715258092889 51.130025688468336
24.786735854990294 35.60763015468584
39.95316229072674 84.11899666307386
30.89849623053633 5.303369065071173
36.32996063107108 98.25478250085582
60.98309566908381 45.98895017475093
70.97039321415252 75.1614549939268
72.4789645114032 72.37137309392007
55.141563418265825 42.760413195599625
71.52621306076267 76.63093180366313
38.92994449687175 23.551286025991224
57.16781484948196 18.249262347482322
23.743294189763798 99.05570379634754
28.426615330270632 19.013981852698734
75.0623623579922 46.666937353045526
91.03654513400316 42.18990264998468
57.346594479890435 87.03199390115365
42.735100501917955 30.20045140183816
38.504411469914515 84.0539405753494
95.57552524509899 8.436338149200362
33.46974079813829 28.270638353674403
17.189921853089007 24.728702376883295
87.25468572074972 96.04697361771967
22.175001083866984 60.341243720256166
97.72970375947669 12.808436552323121
74.31015367504675 30.984235679362094
79.90413927379807 4.45197332824473
13.471094559540319 81.39792027952181
87.39659459491155 61.95360669000182
35.8900458275086 69.34527760070957
50.693884116236276 2.3382404465346895
75.70165915569277 55.17984872368128
69.12138454883069 74.53360044334251
97.26949066957016 47.58000120546097
29.59749596257817 46.03437414230619
39.50546251139053 64.99988128475836
11.283234262019782 2.2980613163149255
68.896468506991 74.1900922718721
89.9576021666981 67.27492042863105
20.32583619171128 67.61195261535693
39.432260115019815 56.34413483097332
19.27755572701031 43.22044227407091
14.069096184473151 45.33651134227995
66.24559904193077 50.1346836844208
99.35927662640177 44.644122119671984
9.910346614751264 21.845311869677587
0.508805326868389 87.48635152224549
14.820885780460847 1.351010866503466
35.50277657991112 90.87164120770888
82.69996699095333 15.077544013762246
66.75473646720606 57.88257583464276
87.5702583112949 68.96188192682523
95.87082006138549 77.31179996670757
97.91447215280337 14.491495047995484
66.98779828881415 54.464076841198974
11.062568296984132 97.0549926137534
15.72707715819801 51.570024097496045
77.9273694854281 12.98195260526419
3.0372842816599355 67.97247111032826
49.00260596193567 41.67896980434037
36.206397175315175 45.26974517044957
52.76785298674933 43.592183267993654
15.513970452819537 4.406611690845508
83.60614076023771 33.20627310379326
9.094418916178249 41.50215652269949
81.36179432747822 96.48700556772694
56.58636087553519 29.564978215209536
90.42643214261945 10.713319947196364
56.578627576415684 2.500569193677893
26.52442492817101 20.690670973987856
86.05404540246757 16.872592571190946
