673
64.18739161897349 73.37707778511412
42.237068860946 33.49759228454994
46.3629305666067 26.126865617533422
57.391729181470296 61.22566379999685
88.37929855899593 51.26222472983206
17.335199175080508 3.0593627174694604
80.49441302203856 38.35904381392471
51.93593726872261 24.678768571046238
59.65164671798582 47.73150595118184
78.20683288924212 93.33039861473124
35.959776182531066 5.148803701842441
97.75135531571605 13.022373642579621
15.753290076373183 95.47247479020339
19.155861405692253 59.87235228277229
89.16950797898133 65.28471136517793
67.07786989461356 79.94944770646998
88.66386302048548 71.1917679467858
3.3295728753183096 38.3758963429121
42.35535197068254 57.14330120221604
88.77758771815152 76.91316773156255
45.93360432479957 72.39382094200785
68.45793556305892 99.82119380874545
16.510537211365694 61.63416119398683
73.94574774951997 16.306065272052727
1.0161027372038167 90.69918632567133
50.78095528296392 31.8832330966243
98.60176326410466 42.07214234375052
5.759040214589017 36.75352652536611
99.40051763997397 49.033767045049146
89.96364294511237 49.99174642434132
76.72100372887131 14.09197314237961
59.75413916938683 50.35537252540132
68.8564760497777 2.8104493126689944
7.103406648142818 73.39275267602005
13.629793473510999 66.63434836670051
1.7211454241030655 40.78985751461741
51.192226845056176 0.2552531053150453
3.3055912997342562 71.08989500228884
3.9868609267154964 96.47206813598363
75.55977035466627 68.8615161663777
34.35123950382014 75.4558536273686
56.24086150446098 78.82936566331654
40.469625491193405 14.329830344515726
76.94041803570728 15.497882938964459
55.14254618754918 14.951679565416953
74.70616720969223 43.35417038518593
27.713802862725924 64.19751759316338
44.35828790212282 57.448958179754385
64.9639769395216 24.83576701640866
20.41514743904125 11.49282099336305
75.49397188510484 64.07857655143064
9.154999194636638 81.11771196507183
96.05881296163092 11.494775594473838
73.38662205631708 64.72726584223271
44.56740480043215 85.6426314731791
67.78882634858739 69.36636423221805
88.55404193770576 48.44016626016759
90.94635568922638 21.193723704730548
78.9952111101168 23.962622207374107
22.982448441377954 54.384399229272894
50.83706983446278 46.90441703897683
11.150130959471827 85.45199244513272
92.20315630038984 80.2704551975225
81.72430185006812 15.894786894049329
93.16115573513692 5.275830996615838
0.29446405566317946 56.01762434282854
26.408726660905103 58.99960457148731
72.14954861102616 6.866418153576614
20.23742375163303 98.18132555165786
94.30109065674436 46.844188977022704
5.124163561149486 7.102571666697499
88.18622174254463 56.793673591755415
22.928022410942773 30.608932853473714
17.875522114872943 60.28783195388681
69.18812473547574 14.236801642752006
85.55608059319151 79.89907143133561
0.6201144372669942 30.042629856802716
71.69525647365778 83.49583510396224
94.28014850862525 70.9545468706084
52.55456846534824 36.2818028249678
70.81792749365304 59.48344480048853
48.05693648828784 27.230235125557524
29.744470926603817 62.27848447638442
16.031648926339837 80.53016079935004
17.676631616393113 22.09962424496196
96.11122509242114 94.62940861477897
37.499098058658966 14.072843608646412
1.4282512685758308 50.860312493362414
10.931064347616159 90.94617165835632
25.048803974676083 20.84069898056771
85.3771377394132 15.83728415550124
32.25884927535333 60.18424725609316
82.75669908497332 77.07545407582894
5.8796172385977785 88.44425373602974
77.42088300361095 79.98125446447773
37.555501183225104 92.96470709624394
46.4466188631288 46.19812336116542
7.720682692037983 2.411500131948341
55.05761364138508 51.86828952973013
11.358648272997751 27.246807653224327
8.539036585041003 72.49493150156711
33.51698135447554 76.61657704242444
49.46053847726187 40.24408527977161
38.59981076969577 87.68356669005509
5.59472972562226 29.09180571451222
50.79672484438596 60.07737428113123
49.56569304158634 51.286206848813684
83.99946215542121 11.041228214775888
35.400503943179004 76.42632560833748
65.32211270457704 70.13417009868155
30.45195447853788 54.53117363796542
43.82845735681755 54.5079491686467
31.20296060669544 53.61362562490072
70.57320841914331 61.253562315391186
83.06977379611003 47.9212558113957
52.75856989107699 90.06586249888761
94.56418318157989 14.939590103545319
18.982387327711216 30.429839754112443
92.42501520245114 90.78991493629395
23.65264914109988 19.505575969641264
10.66736435003014 1.0872876452691416
28.48407121052353 41.012148628931676
10.505753233903437 59.62393252665681
44.19486021143564 56.614142418635396
66.1623930445286 61.88332167514851
38.61121314692455 3.4959966776277995
86.30615083458866 92.63300531160652
33.27580606787522 39.08520698646082
8.963027798187095 8.880948295278234
41.496777212272086 22.052924756796223
41.32006123196621 5.627958981105763
90.26913757010685 25.489722266393365
64.30606104157161 86.11213659963357
75.97343546572583 29.533130044416268
19.34388177075772 4.25406643753864
81.01508768377872 22.222005494900976
49.39290761216516 28.32134057972857
98.84973874372281 54.437796777369016
62.02141795146239 69.72566164208018
48.30460376479549 82.29657880731025
10.14352565689144 15.987213795380972
82.74837281959438 34.43941945063236
10.592773797483957 24.806822879097034
50.8298883664882 74.07790538061597
32.12879731201319 57.7098545863008
24.151588697496873 55.38748475908014
14.240668133989598 23.62980038599166
60.6065772780085 14.816463052305451
80.30448165268554 48.74300677166116
45.656371966978604 25.01354584947778
64.79841686204071 67.14743851451892
81.90223207600687 58.10788614080492
81.28969386078498 29.66442073535567
10.19759988750204 36.42611555095934
78.14629187391856 14.844375104409158
95.02918246425016 96.03840631278912
17.05040905781734 3.183156300124945
6.927662815812463 16.583665747538824
17.798211767958392 66.77974498820028
59.1634123224228 4.395285839978758
39.3332257999086 75.49435141518343
26.376313152764407 36.40822524456973
8.30444520087833 62.41359394902509
29.454131394277727 31.816226570482375
17.610585204525186 77.32725634304798
43.01410060678579 85.91348977867176
67.06066090532875 99.4273457692336
47.54215565555785 83.75457451101332
60.81861868962171 70.77063602365475
64.35785091348933 72.42745211231691
98.42254203471494 85.68492811614378
73.09767079614865 26.11193046773167
88.35740960250948 22.716512175881576
64.01266354614015 92.58139387252477
67.24574002652804 75.18186846686321
97.00737961464496 32.40980326450017
85.30513945773247 70.9433275370697
36.869799313171235 10.015072506637257
85.11316990965666 76.89443197574171
1.9530511033794107 57.4124904226082
84.2030401417881 56.02403434397865
33.55650417045922 68.10459610393778
57.52149279653624 76.67769656241981
69.75385933631976 68.67866940898648
87.51468119198324 14.236393089175081
56.77001340890734 23.670298774388698
68.81658435698117 19.260542849387175
79.09762207950425 43.14113239125378
58.283658540575956 67.71868126753033
39.22611240180927 5.711907110602954
39.306915691288516 41.12449349282347
62.72696015482898 29.542682873197258
61.5314382193433 75.34371670293709
93.9476265804493 78.75213645315321
47.62832527454022 43.208591275951925
54.59008039353746 28.012823372498964
22.041788668640905 10.049306490976306
46.71318920593722 63.3110317618784
29.946781665147583 47.419574629887585
28.63168776548116 74.90816203745355
60.77763367415044 70.7263108273609
36.00306129494907 14.243084314828725
99.33497866703371 17.645328602895503
96.39274155791193 27.010497927815315
96.86899995889158 43.469477721871144
77.58980190642664 97.66289655675183
22.51356661046817 21.40542349720037
58.75970547478856 10.21769546983301
80.25445977226765 37.32328285515614
65.9787482276574 9.323764773322175
60.94769227864999 60.202665064446634
24.920533955579728 83.2011506541804
99.01484551581063 53.56686568518758
12.134206039270868 49.52108945522811
42.778000711380294 54.440622952545034
89.42256761816603 50.60772313202495
45.73775508108032 32.427670187769166
57.914589415830285 95.80346427810284
85.64196897838589 76.66382175102406
28.155272783646367 56.42702570230191
73.75692020563008 90.49862435325839
88.11434277878499 29.398509679294204
94.39736332705864 57.630211738892534
18.82081357327986 26.841420538012983
12.624363576412334 50.91498398388814
62.43264867142966 5.49870134043905
12.060948019062634 32.931238444961465
2.0960729633875186 72.30442871290116
85.15721526427114 78.94693374413272
81.82172536474009 89.31325294547953
55.36963557690662 72.00509637643626
2.015320404435872 67.37886457092904
31.213350340850166 94.05179284249026
12.42746954985775 94.79184293700695
89.80457859069256 34.62857788507747
96.91474820173116 92.11452941859565
42.29955783673258 20.69105808057936
90.9096387528172 89.06467778837889
70.42429993385414 47.87570813411821
91.59859421386729 1.7188165667998634
3.0940417590921254 59.8762256799766
33.544512495154656 56.43371131441168
34.93066526997589 92.67048745888658
62.75032532514908 30.078095253915073
95.03574637118905 37.85187725510134
87.16536734551966 38.87438673869631
83.44052001801303 46.36825865800932
10.092458274947692 26.408475511597263
69.0172644245997 39.57075975622229
11.378372283097871 58.23040154477512
42.288940089628255 50.310119491862025
72.42969426169677 93.88410360459598
95.23080299334137 40.37920732191716
52.76043368784846 90.98593661884891
80.97922571346562 48.217785589944484
14.665793995334797 42.72565611130771
84.9347862029695 39.29393232837553
25.235039764539113 61.72657953366317
67.51652610842544 68.49688211611924
94.45605407332106 75.028463200644
53.02163156699139 98.27627457366481
17.89688598315855 39.58180797548072
97.52874722940442 24.835998096961866
10.378306567007767 98.73502679286568
91.90212317263006 20.217772234845466
9.791687499805802 19.791051871832533
37.99424756186508 25.853628207212342
92.2491731716425 83.76269471653926
56.16138295215195 70.18003830743466
2.081097469890869 9.142490261706737
39.95733114918395 32.16689495617364
4.9669664798511315 52.44103645075383
86.67901691087437 48.537030068197794
51.03133512544953 18.239892978869975
26.365345248563578 9.515076041631076
15.061126007674519 96.38483024933248
30.96134104177265 52.03999122365756
96.27516274784952 20.92438522938842
9.902730028872464 12.619678382534815
68.87335672257667 33.81029588164065
0.3119726824171054 49.56371297493361
34.025120557260855 54.09017123311113
80.81493687473521 58.08578120550434
71.57715750802592 29.00308856753857
24.487655640470297 67.74779656146113
17.40826862723267 35.14371177759556
77.78210935451834 9.842616953849614
85.73992673756628 93.84526602487392
75.55260658057831 35.63556832189657
44.402350674706504 38.18166785973494
0.11714300410006206 51.9973319670599
6.337703917097115 65.92436883128747
53.481971332613575 23.486196984038422
88.32669797704027 81.20653354455337
83.0097416720962 52.453861947977224
99.59326632571417 53.47172512610528
4.623373075588066 44.32368862419717
76.01059246298841 58.5218909520148
58.41038626768385 58.33045177200595
95.7028941268275 58.06395650457401
75.812953520976 65.04526160209738
56.65625120684316 86.28243367064749
74.35446614205013 74.97706769978679
5.7462566679812195 96.64543734866787
81.00779114864456 27.491832086830414
52.91325806861384 98.60501073365276
62.774587915396175 80.88469890800799
56.50112124403756 81.63831296342545
55.46687781626297 83.96675363181282
52.57928015477924 99.21757712404657
90.67734482738224 85.54902393761698
46.263434088970676 39.8099414059979
3.411399225717404 26.433613347851693
36.25010794662394 63.55741563124069
71.15556219254941 46.42133227399658
95.11508283800471 48.38456551967405
63.56348554265251 7.808629033366
93.26069469863089 30.14574782166126
43.385866144060536 36.613852755539035
21.604730692267072 70.8275163872726
26.696164333556283 13.928270758077609
3.2681290379787176 20.464096440875824
41.41256506209589 10.099370315067613
94.99449497693423 14.708750562080297
14.38012937707034 22.06498044383608
59.21598785212054 56.76270611374732
51.518947791044376 88.08434903671841
85.61768487343853 81.1034553334432
36.936355651748364 45.469742822247895
11.093817768759195 12.767738613173474
2.4521396781207905 6.474072676882747
76.12516257354143 97.71892729345649
76.3496054253833 76.94447812990889
97.40938762235565 91.31738817064645
39.948920508955055 6.707337315017881
56.59439826570111 15.207796728993783
24.814671450814018 21.78540338575904
35.76386226828322 62.95592305909376
86.30938560273417 51.77383806887246
24.79874573995383 5.9956495951766
67.15713311202917 58.26170093220166
13.175821533009003 93.97931365949871
23.642738339155798 87.57543335440175
29.43268638519745 24.225735134289295
38.63907177590726 44.24641149134527
20.43835081045826 4.582904779726215
59.35866050821967 4.726175113319431
92.30091270600013 67.28363054546183
4.9379847964422074 56.54831864842432
77.61839897173407 44.42840261411525
33.312933450889716 36.259253203658915
80.49162531484872 22.84809605565443
77.9758781804895 90.24523460899863
58.90182530797829 42.100040878414546
72.16184239618283 26.699953583672688
6.147587277266298 82.93929583717635
23.644678375652507 60.41620707171145
16.130977723343733 34.6968644807606
91.13079009726233 73.2342155465108
50.167763966498036 31.24330880643573
17.319366431841743 40.51691484970297
46.98392643570395 31.458646262383017
40.47303279572383 52.22992205648455
3.2735125025350698 42.12836214551563
95.95446739368255 82.92465057810912
50.68480963492561 28.677615833406954
35.71487074475827 4.6382067497065975
79.28078574457736 93.04301291543128
54.30946499903817 86.57384993530785
32.58679552645726 43.33096159850427
52.555216251675986 97.59492822328632
46.80843092222874 98.12707635251415
61.59407856420855 8.20428130487828
86.48308928004514 26.959493194939476
68.40791092736399 36.31522951267749
22.79203034544105 54.569878604118905
32.81475531560098 87.94718849767916
90.0860152288964 83.0439084657934
33.1784274892966 58.67243911091177
19.832853856237843 3.1400219356165104
4.3681109440012245 73.29018774510848
69.90708194861847 97.24115674838323
70.1660528606665 90.5465357748332
8.447320457078577 80.53527094539896
56.666491585574306 67.8289529692812
98.3632794871236 40.160009498309336
11.717197378950772 88.88356802723229
57.862301783613724 30.29599652743108
37.64680957807575 78.05182107903872
15.32671157904032 52.98485396627234
24.753089543861684 69.5178644954119
87.22008366044153 99.96133573101466
33.32205620098836 79.8807492843478
87.44086596447157 72.26488940320795
52.29306294423846 3.883159983459772
31.65000649994901 62.44317229959857
57.820649432721915 30.54654234925841
91.0699090628531 48.90475423177732
45.91167838178942 61.66969159815048
27.45657876423957 99.0236344099425
85.47264970114445 99.92902275588571
69.60290229239405 32.86383985599629
93.0848959702652 21.738970270623838
65.12773254952218 27.656950803606396
85.45632838924203 43.11746996424959
66.890130654665 52.08784079864467
30.69536496361379 9.901287917761293
2.982587754068833 57.890506351312155
59.582896641843774 51.329804802979
85.06692828750666 48.420463586893135
32.85709331064845 14.302793271957015
58.53907145194926 46.09854943357357
1.277317641026876 77.62176507624704
9.702133634458775 88.28972905043166
5.387488434461152 57.46466761949193
85.68583617844901 61.25991673731176
56.46190414185707 34.84096137402462
62.43682341897936 35.485821073954504
69.19829914866234 30.87195763566425
64.33406840914752 74.8270538400381
41.99002493032074 62.62567500540496
4.33597416578031 72.94334887159191
96.67903369149879 94.40322628695685
36.47324293892478 64.14506613042337
7.50737206825719 59.20553627474844
42.99786867149024 22.492731808732312
27.90938332851114 62.12175636170939
77.0558324939907 86.87119127030762
47.944373782961016 44.75055818738605
49.05289614696723 54.38500141803203
64.41509009296345 10.651397057824298
55.51322872016874 5.900842331044808
29.242656014340607 76.27883635250635
44.53817809683951 75.71933616501602
7.379594916191278 83.57241990331546
56.95660068509885 41.926084864615376
78.56390509286679 69.22086750646311
19.40238432367781 36.547640111921474
94.85514090421404 64.78026060701531
30.754116667967835 57.44208958998996
58.978254813219564 71.35837604244178
57.401062732041716 81.2576353997572
16.97744473801871 18.301029222337707
29.631829143551403 95.89286899473446
15.976129654777527 18.969668563797782
7.074740968638715 67.46516616464505
39.14535094641266 60.58880565327952
86.03287137723702 73.44186277103958
98.56106498035109 2.1850596719798387
6.2275156218593475 33.72881375218727
70.9287720364416 6.700905693506487
31.708929880987448 1.872478748505313
72.47330358341215 2.8556060705464126
23.27312815225553 18.88649837123947
28.275316119090732 85.6676500533736
83.50818044683959 70.93092280471706
3.020727886729424 22.82658802141494
1.4506238386830295 40.2645108794391
57.80788464311703 50.47112595623475
29.309062715483126 89.8900326680652
86.42909097858801 27.402113768643378
74.79733560689333 53.65491627385578
57.32381904944511 77.76826197920668
93.2779275237202 64.27389354385986
8.314883892356095 90.8710363244839
18.700990552318064 12.410065857709341
37.59604240974114 23.001239592145804
11.910671163655062 16.07592953300142
30.244106233410363 93.94851955002828
16.196390085864397 68.38795333929157
21.739334309665015 4.5422461379310715
95.04256272874653 28.15133270051131
5.223928636882913 78.3989133071581
13.93093941575888 27.89686859657262
56.77081470370781 99.56644730289348
62.14493229927083 97.15619149048003
7.648856520228597 81.09131452484797
84.33926688232071 5.966010479859762
87.63088603721022 41.37135271478346
56.38624964383824 57.21075564699484
54.94690368629953 22.17091361452922
70.25677490603735 52.49483059101417
39.055973625294726 20.60250127896347
58.32703274559026 69.2751736528139
2.3364645994658484 48.13927813779465
30.861968818708164 95.13137264281461
8.205105964090809 12.34829727568063
18.05031928461619 94.40904840406571
86.48324466240449 58.0802371834248
23.86207664271287 83.16446790063739
50.99700929203341 39.7908754869684
68.32432245694001 30.89183061177406
77.2406486361174 29.130292135816926
2.0165503646420224 64.49672685544202
12.94793476049676 3.3608573528830843
13.739533894999333 66.56786561938621
39.344914097478366 79.91992826097747
47.339437263753744 34.401894170899205
16.54648838194722 27.635011144971656
5.187487787562861 54.099129937255064
72.43104967136766 9.316437558327696
82.36955371325118 77.7153353926734
98.22708278255931 31.455814159659077
94.2934171313328 98.71116132632251
1.2636131678110063 49.007075611090066
37.07590042506463 59.108276758628975
4.352699409447158 43.24434582582014
37.036732814265804 35.0490298870811
80.94840629208286 85.30805312079207
64.53726526843934 96.34925969787972
8.822436825799773 30.279102107376378
77.47254534346165 60.38746136195454
1.4483431195208452 75.20815811161911
27.20921459495783 82.64051222751819
83.8724473268121 60.64804705859079
0.9481267167662399 62.75942737339456
78.06014021602539 54.79181406430552
24.467947889522712 40.20513606594028
27.412306281492903 27.806124163260183
48.741061408687855 32.53467824603816
26.58308491695798 58.52384823291534
42.84581641319022 51.354240564416074
49.44027764966763 14.455640875682507
26.043222769619412 15.303667771582486
37.5366846987638 5.824379597838869
96.3285300007612 56.63875429373331
8.484012023803 41.03936366820056
76.04527310571643 91.67588745969843
2.3281851668205067 6.756243877760493
91.0391762639398 32.685808989817076
38.880272346978515 55.21718007644294
3.363373519078461 96.37311808363948
65.24431131219214 97.30649730148873
32.22221805507177 37.41473933098629
34.87021287496361 54.49814767273291
82.78545362276041 59.23407623370949
91.69066016209617 65.89713975982939
35.11783155230187 27.277842372718307
88.08371680183208 55.46626232888219
91.90558202898647 29.651421275777
54.647821109167836 66.19781827428397
32.588999201938684 16.795057309773544
87.41046402589147 79.54004134353518
84.49526459174302 19.787683104797203
69.10804910950841 77.15056558602082
22.96413628459508 62.527091485556895
93.59937413035863 61.337919939305685
6.598710882031411 5.979703339610277
56.88646723349302 42.23711218899706
55.38225108949631 67.10196539117563
17.995979199109268 96.23217959239291
26.2650102626907 13.90267930905853
15.883675066228808 33.174774619288726
14.655079987447483 9.539851961258517
71.38596690433076 21.597520810813776
40.99512046867794 26.209183509087687
44.27053626239948 71.64394125346273
23.463980274042704 45.34906115882011
2.085544202701184 17.79264090513889
56.30896355073719 10.481286439340053
27.473591758360495 24.687360558650106
87.5868928986431 79.89177761485927
20.26257210018969 99.19250542485591
74.14791762774028 77.07318777113215
86.35192986942371 9.00133635984658
64.8832328454395 90.78815790788376
73.29103241379016 56.584059703010034
14.467671639341773 6.425059402293931
16.147546407326264 76.43767578112673
17.53459351422678 84.46680446217012
49.79627158605674 78.24732514508696
91.9066711782838 62.37552267386584
66.33692831882303 17.13488773419488
30.598042458820373 24.292386735105676
65.23169581877154 74.49577400816493
61.28072881088158 39.36453193303934
99.35202735802892 72.02698653840098
91.16374646901681 99.03011788939025
39.10080837711387 94.4728855403256
56.62018278113878 49.610925716224266
36.3073129726272 45.6717102225363
2.9058869659780773 86.16394401935283
60.14582752407288 0.3993397731891113
34.561910573282425 39.36525965096052
84.23522911055184 45.95201390876771
86.00011825994541 52.79045745514511
36.60058420157735 0.14574685745136762
56.4379652167132 69.94958892316464
1.9471306804085597 35.50280911227618
38.36201783942056 69.41763714007654
22.61262690925321 40.55339356522695
90.0688063508127 77.8722547024513
40.53861293291512 71.21988477338333
21.078784072564094 52.62025481806918
46.4613970249697 7.929527833511251
83.94217457622864 45.318580629498726
11.467829847044564 27.313923584371757
17.833172836907718 53.92054304903249
56.653956941759986 22.62582606733855
60.36159575539142 18.344974779784774
84.70077271638169 92.29840451228159
76.06520592392984 70.38588672020973
61.8625700643473 87.44354228850065
48.30325487147126 66.4441355206869
33.51206451267622 25.21897377990232
32.81354187627144 33.67539828799734
65.30716830443953 59.156330174528385
94.57322952092761 68.96871492011692
48.7844599166454 88.53901635193895
55.866032902756565 34.38399641419342
41.788365078078726 18.41955795536815
38.28942021024185 67.95797173252681
97.54193654810149 95.35303091779991
91.641992925046 98.4311628281774
86.01582227149487 58.97336973133797
11.071452248984059 63.49277352713328
70.94845251362827 86.85292053621484
3.383757628772077 45.23387297631275
42.90911087850849 78.91979107919308
78.0685065260354 55.97161894104812
60.29038133739145 14.426276673730854
14.937883058593904 70.59798266107222
71.28789683950406 46.39792042021048
67.98980301093287 5.5758323886492045
43.82937430927678 87.86779331697048
43.61778367176733 13.684549436585925
39.63848771211901 72.37595712109415
93.13669297891887 38.04815852311324
49.23820129001629 19.617560284347313
42.70160067677913 2.689785148573298
66.2307804346065 83.64798316680752
6.921342671402586 53.54459306091736
19.862526603646337 56.441694739916116
51.604463325973306 23.454102650984264
32.44778682625867 44.210451476845634
3.2032929541618405 58.62209039483071
64.18990077301994 48.51265066413241
94.48860531533826 12.923558186084739
4.225866045579007 16.616739404094815
37.68812140941835 26.80310709586179
63.15595047040093 62.649165021658035
25.907906187751507 76.48993722291107
86.01197015608444 24.416495675577753
73.8461605290002 43.04588519380018
26.180749441095262 80.14760192658834
30.890377025763392 3.137356922687684
90.94653505124134 37.45157279835239
70.96107560766235 35.68183001699333
98.47549732020346 88.73262057888125
1.996885689507244 61.27479079785889
80.79895523723675 21.066375463869058
38.07577303254668 45.33145621004553
45.27801801361265 39.66406252860482
38.25581513452221 62.564560117607826
91.6727112966545 66.14217879629452
55.82136171456917 8.209678171524804
64.48417746567901 68.15006363772207
32.34106923570715 76.95992215693217
85.97023841118536 41.14003947812016
13.396818011677581 80.07442224844044
66.3236131094004 51.577421939103715
35.53867938780082 99.54063759067509
20.98541056222031 45.402620059771984
84.1377477600054 95.13091841225817
68.85518245257056 9.365413179826021
91.58751715898008 51.563269608634364
71.74918609069334 72.78065982511606
39.39296890461541 60.181330722259474
71.04683594431519 21.533201031565596
27.668473122892877 70.27108651347179
22.616381495884987 64.13006828439951
97.67095230161961 82.63351083298961
11.807763263959215 79.01066468138188
