660
2.8258532045848717 61.416546073378356
42.245496929443895 74.38239427382321
31.006319712543263 66.69148256142377
32.80305323896362 23.675351084057404
81.87656440712149 98.04920876141743
82.56433667717909 99.52429677935392
32.406025398796956 82.86393215867642
49.53947768668463 10.636998063120162
87.57658908365687 0.31489003464043597
77.52707929910605 67.21227696935405
84.82673323681624 73.22913372886573
36.34120109223269 68.33598674042688
22.454281249454024 31.217698829511075
61.95103023861242 22.95709959725506
43.318753785913266 59.70383484648526
74.88339949172318 78.13369351795119
98.05470460019903 38.63370261620486
62.31927561802843 14.928359595096607
49.92302142400569 55.72023930198164
98.9127893617071 98.67505231828886
76.4360842149438 34.79334648143856
71.4086300676239 1.1124991359557246
52.62865572870054 54.60176098030691
71.51112623486824 31.753996728457658
29.32827346786322 42.49270575739011
42.82525642389613 36.23777767986397
72.96745690465826 68.08141638811699
87.07170553932954 83.8781168027037
1.0374254152097806 60.96147495533825
30.074943522226405 12.362090435744
61.456900440049466 22.299598053872483
23.2287568081344 22.03233750401734
76.80547271152446 54.59236350958933
19.77592181111011 18.160260732378617
0.7976517524404536 82.05266141080658
5.474473223602883 1.3177675292138757
2.8543378797511787 57.309323717600826
26.093622171752962 46.55714517558741
16.022980892062165 67.31605664018146
9.253003877270194 57.76711606672986
35.891174277088865 61.898590301992584
1.9396946774272394 36.99186979558324
67.29713249049931 23.51821515730883
60.661062378777075 64.26956465389205
65.32246056407429 45.02753361072038
50.20934306233102 77.21972940624399
42.845217338766936 42.2211618704496
57.68105736720428 0.900415339331373
83.72756162595995 7.209654171412028
47.72283272164592 24.003072135056016
30.329307906352522 76.0933489713026
79.22856543835293 74.27417168220933
99.0275902578584 13.071370059721687
87.47127191105086 48.92969114026404
26.179763834923154 34.870517730990024
96.86779654364372 10.0591900162725
3.2762338557390525 32.834710224290866
88.44574873965404 55.49146635864949
10.628234892629552 93.77532588310238
49.88006346636041 16.7980879039371
76.89925901364207 79.36335371552391
30.188299916342242 3.2781552427871397
12.284246488558514 54.03737091555914
68.49470645367181 38.92078921019504
54.22524957817081 40.26686135761726
23.745148536726635 8.399446921714004
45.709886758687425 34.3883831972188
40.59260962393443 85.56170340804866
95.66206985530238 20.432000516685946
83.47255774120774 62.72318807195112
23.317317700196316 64.40309833402907
92.90755941682278 4.412242078811312
95.11911251637687 1.857589504386914
33.828642559764646 47.344287107377156
71.67423795322378 91.40241993697425
89.96282654711115 30.52464708913465
74.40772911476743 3.6287051190823982
58.5196551096517 80.11721971949306
62.99790228347232 22.42966551526878
43.89068705753433 91.97186197145722
99.09677477830805 37.98219889327136
86.29737553720402 6.943191852980856
69.46968900310215 37.25806507706992
97.3620835261919 95.91232061090268
2.6358642442662283 26.783571723346355
64.92301774581408 68.97930305621067
33.47487339902438 71.66376894962498
69.46635657181056 24.92147551612759
37.5659355401209 56.76490584092805
12.340425420738422 77.57136641732086
13.830821477599786 87.45379265761527
9.932066061227395 67.8682326453634
23.225605814367857 41.6413491811385
93.49174295518267 8.201760515854616
77.64269797351628 85.85520765620662
70.70973490512985 61.58424644317165
50.33988716972184 67.10097607328713
61.03787348474694 52.841868764007174
31.198483290599043 81.34006071045393
51.65142160000433 39.1431715095291
11.800210848112503 61.34014748807931
42.539343619271776 21.899958686464494
69.65012981186098 70.83863649490831
99.24509491327245 49.47663116966056
23.40808721133366 32.403132206223184
38.42242050444642 62.37727479949273
18.417931658240462 97.48707527933809
80.4342202207649 68.56604287867849
15.338320143746264 53.566666878327155
58.235145935148026 22.58809594802723
37.349490117599046 35.92257398760512
47.35360495165346 82.17023954439269
2.7728656295205156 71.10627882207781
84.86562203148095 48.962314383975205
99.42702314436363 42.49449304371928
17.415815385586797 89.86890156834588
21.914346710020403 48.40718061701082
86.33763023785286 40.94709964343537
60.549690866928984 79.82614122999601
19.840645781760568 35.983463725404576
36.5195473473491 73.6191014257902
4.976375043050774 39.38797012039432
84.77747290015762 3.8401254849466104
79.60756897624486 98.38620179301743
48.93935343288591 77.82685627220019
35.68412817088809 64.38701512633787
75.18339409513446 3.6908257665094646
95.29110893996908 68.72627688171123
16.42936787194914 76.16329261997204
99.1754814767459 19.612436145508294
95.75938240261522 73.13102705831203
29.215873059969567 5.2400983601549544
33.87170817873799 94.34905195438121
85.80653622389674 62.05519116314966
80.5876489064594 97.04685210223452
94.91429816385894 65.33055294112802
25.090232691176606 30.596031928243704
88.31093984585262 19.437888525831404
0.8963306473384725 87.61695484743609
52.88489783765099 78.77186854911466
34.915698406047255 96.89425705998104
13.39972795307104 10.321667115217103
89.91073020754233 49.34695978791331
70.3657218404965 66.11786804704842
54.815881714740776 33.69513900448765
65.6554356705491 12.68697462289855
75.80631169219889 7.296989951810417
28.588490492048102 20.28772786126186
43.46187147641969 15.269430589842582
70.93840512308815 87.43084707344934
60.671598547348836 14.202259844375698
80.78254653315867 70.61832569131784
11.440626504176487 38.980296569770346
58.29197810693062 53.70839131125105
88.43874545316393 37.67819955164007
4.861956684712987 74.86289891383629
13.234884852821416 20.899473523561717
0.2099501060664033 52.52693010454861
32.760343561221624 86.00966379863908
3.369099681258747 91.56418973861766
63.31006165665184 87.41034578253398
8.004665710588831 76.8930920800325
80.38473741467915 41.57562378790806
81.44431574015157 79.27299089572105
63.63635794643976 90.09274275134474
90.00843737449219 46.95735514287581
59.75020938197542 1.0572810862996773
26.60911245864107 46.274770322386296
70.28192343144717 88.03911935734266
12.975704205288308 81.40518866969798
65.39859528433706 76.82350251315601
84.27009869936735 90.74453061775455
80.26921281570449 91.2070851263954
53.734033656856475 89.23936398417929
42.88596595136895 71.24814051136285
35.289319585270654 87.88249665554207
3.8604343860682455 0.9542450242752354
82.55527294940917 68.27337772024228
1.5797558456490446 98.32545589824
87.45869660416781 30.571579338394795
97.54021270553838 82.41554386729388
98.34452714684727 5.405231325203996
39.66097718332284 60.43013383578001
47.835158322212344 93.62915911619292
70.12110170429536 70.81020055633795
8.618589004072541 59.07202643108918
88.79486694313138 34.81688274287498
55.73168589107124 71.52143619265185
33.56988082144608 52.75620524872331
59.079131116425884 29.848921291250363
93.64539527269179 3.7145688660108256
76.16299903952843 94.34524414055889
48.802612627679196 38.22950125910548
78.3856569868934 20.848419009245767
57.43656664184951 11.340590581346499
47.401901525084064 23.284663139679786
58.96990338229359 51.36398354640651
35.28379557828689 67.94357724004723
13.960645699248397 96.72336918391593
97.81173152527107 39.36001430108219
32.12674131193134 63.35451047846209
89.3040019975232 98.95230893425581
25.807491297966813 43.14962568427987
94.63929796195347 64.35570548337687
22.86774967733344 8.516311531695543
1.3787708363180995 81.68655181936735
95.86976206428974 62.60899309626574
48.51674089777419 27.831262505236264
22.1257387689887 26.05113954802255
3.9313660162477615 70.63912632338649
99.41938740287293 0.8052315691267631
72.58060828854444 82.98361933097055
50.12523456555344 30.419231028922866
10.738488615923137 46.98445592891362
22.74088771286682 98.60387551964614
5.1303250044211435 32.46770875959739
95.87963742521963 36.87084352316818
22.85237478110269 12.228772122501752
82.57770714305319 31.799234209164307
37.01376920340257 40.772946751434134
35.094510320873425 15.635642730555832
12.692729467739861 92.53502811909881
14.536283657172966 97.59404589768018
13.946780715509732 42.802610804059604
99.5000857318833 90.22580677579198
95.1745601372024 31.81901746248449
73.67950274036225 32.09937401432499
75.52467946168801 19.335277722586262
70.9419594853888 73.97759107893071
59.599712330271494 29.777634045424072
33.19973856940594 37.41494583292058
96.61996741805609 49.431362247241374
8.163039787824623 56.12680226092772
98.86253765598104 64.29774798512483
43.251530278497164 75.89612656049457
4.379229791796035 91.0566296351346
89.98178279268684 88.93740277923295
95.83319135572033 25.911724960127756
44.35627472339977 23.58063083531633
61.47922306977057 24.30202085365789
73.82445501033843 97.44564433414233
5.739738704666908 94.63189417045514
95.82307452376048 92.52836453559989
75.04097899868518 40.07463918072467
92.32008406932049 64.32077231136383
49.71331271973447 74.88923251545289
6.753345407741296 46.254500952114874
90.64304995476402 7.932358519399929
62.73603231952909 41.55308237160556
20.76712380847583 38.75573406436563
55.09304036947529 89.90460401666846
1.3007568943894654 43.952621420446484
48.5563221895852 54.866695065246574
92.02453359961913 22.781514379992394
21.362787291119687 10.481302588081254
14.48563002048473 0.4996446825077827
91.81123472653742 82.28864996285465
16.006566949758316 80.8291003037145
75.72916978204964 31.48540792271507
60.131174674765845 38.94622715937706
1.744638618791805 26.250060836705725
40.152459834204514 78.56384995678538
12.434367279010704 6.0411579235595365
81.9844696442008 60.88919053047172
13.682784669011294 83.19237793331733
9.832571542599833 94.28730188555272
1.8346997769951634 13.997822674931026
36.40041672184544 97.24663383709623
22.844334151638968 50.885647582458716
56.66210430513854 9.24401864192328
93.27447800107417 38.3052970228597
80.23780874203594 72.4574238756468
2.075224733569536 60.10313827799523
89.79153061377993 86.58576160091154
9.589857172612836 45.4264395651516
45.356472245430844 65.5588802152698
40.70583453639731 52.668088144368156
86.7268649083604 47.48588143099749
74.34482926441392 78.4481966925572
14.969285885836426 2.0834085666317503
54.12865652685635 63.87581242113105
42.85080364134567 95.39153050945208
11.316664221694007 26.149862437605055
11.653817280678979 97.47244705376295
6.933950619365081 75.21664713618694
22.809164117310132 77.19196983735361
49.27406718952948 57.20577123373338
53.30011993951034 66.29137533196779
95.28483562516121 27.859461198828384
91.5767031663028 13.455768795401301
47.78910184311405 28.485365758594906
25.999991666398646 49.933859729385155
91.37248302805743 23.468615343056186
83.10023051474965 94.27957089660475
30.605106543809292 15.885923498159793
93.32373073266446 70.59532795547032
15.832684432061816 61.22081816828071
52.06379787408917 8.765635604987153
84.70888050658542 47.687906753683585
73.24956983523451 26.487227273909454
54.566171406859844 39.04415954155822
15.106626426648418 97.09271766121049
75.06679123883752 13.993607306576394
8.572318566838321 6.3610864819766855
5.987117590428115 15.509385808562481
8.742907142070955 35.613291950886264
42.430892585480606 70.9750074899542
87.89103438979065 82.24304332106796
66.9205455601387 37.72848175663101
83.55448874324023 8.736279948161318
10.253414931201043 42.91813575735928
87.1637448995741 52.68058308391957
24.918972516094364 54.52371942741576
21.27486194105129 1.7037159472154895
76.142811611399 90.07708915155072
65.98060777118953 33.139103235654886
81.5877077755332 66.74589728988825
35.79636128624843 87.27197165434518
67.27739013298559 68.47560546903419
15.518887587892227 5.296874131542351
75.00286874148566 51.378711977624704
40.960910307264065 8.491524200765166
54.770945161493266 25.50968281439645
91.13841226980384 25.60491293709698
19.650828044830092 80.7132441169092
70.76475113289818 30.307692037740875
95.43391037820842 67.73647709458471
42.828044593928496 5.779936942690023
27.978571542561415 28.014464428967734
42.166610854889605 66.73283165377994
34.02652149489863 53.21766572917676
27.263664904681818 9.239321299089088
3.247360138592159 96.59146094169641
14.825760527947962 44.84709672265065
35.65905553508429 13.743819036557658
72.17118354365905 92.14764739930699
85.84928031440207 45.91310320895355
51.131506190547285 3.240458275871383
7.430158762231098 74.50771114917646
61.24733582679001 0.25148112512232146
45.37893881278093 42.54540590986784
38.57380204330757 27.32226354634474
92.66954990975798 78.12278196449304
76.05770943890124 22.62469818050492
54.510135314912446 40.81631126903164
94.83769032584712 67.12864454260097
59.077524074781095 58.88695270006218
37.884422316354325 18.257138944376138
32.22846432168501 56.13508257927615
53.97281840681345 38.64620652186026
67.29636411619373 89.2569972833909
81.15421569356386 12.300317503166646
86.40186239294472 64.49939435067542
45.80182856453946 29.120036433886753
17.487985843769273 29.917080434024445
7.1124085864617825 82.22528669272666
98.70518552163291 28.344568845053843
80.62783692130176 99.63337615164286
56.774248490660916 5.628952051493363
59.034946530583944 27.20487742733416
93.30415813313572 63.43560813202246
63.029549711456326 59.219884898853394
14.008125820816197 71.29214861763322
8.406006681724222 16.591785246378265
65.22276397224857 55.529058074929516
77.34078626832809 26.05183040101402
11.422300259742336 86.9376438491037
99.68972397254858 69.12793657158387
18.733486268681975 67.36269960437662
75.40763142644587 26.942208668053823
16.706717107419976 62.06085806578706
45.03499166460712 34.477696630447
8.436823860201137 17.578331056860407
61.13571043376172 7.300857788205207
69.6574284017935 52.52959769244392
64.67637887036256 39.56168206964586
32.067376406116445 5.527668429113697
0.486493366528562 41.410738776064534
13.32624277828195 4.974677978850883
3.037860379995283 93.99917237282193
76.5849999756573 58.48458831312584
4.076687105100518 3.072902426467883
94.57473358787313 17.581994269684152
66.8387176592142 11.455403211522984
67.90616754965016 22.041981750188967
61.935908735913905 23.777859757848173
28.618695366074842 33.252315810019454
25.284234917735006 27.018200115536985
36.59696900992952 44.27736213968371
98.68928974688852 40.690806053861415
62.7165120694236 98.85450435974099
5.225182763680902 39.43107983533631
31.471455257383617 26.50901589034228
98.70042253885133 20.874879784728563
89.80515719813816 36.982221104434664
63.43575622840378 51.812803222212736
84.43614545378617 65.64062717633071
29.571132423232427 48.27343257167701
88.2694800453515 39.60222189362905
97.43842702589139 65.03942118152341
41.84720296127151 85.98566456409867
56.19069828279299 3.1298125987102576
34.8308834608607 85.69480289843276
19.686208439454933 34.11375433264471
65.59527916167313 75.91873325860823
24.748465139154487 77.83006228084864
89.0319915366948 12.990875060206243
1.4901537717379454 90.53729851443943
95.75747977354753 22.375388124545626
64.20026051037176 57.953246077023266
78.59860964153668 25.21040397499886
82.53355809349418 32.77621739121999
94.72752922312712 52.101479063507725
0.5296840237808409 37.92707744198274
16.74173838834393 37.73936436947514
39.712539581602215 76.79274625158608
0.5292906303014155 25.538742880343392
45.9098133373811 38.84983729527425
12.61431225100842 64.17001334791212
9.343082984079153 37.4132058524701
9.441031164969482 47.53610887537244
0.3898327343509256 37.04792395967832
23.588147753348533 70.64925947881379
80.29411472493595 2.643125039157157
38.036842997610556 98.98509388911401
22.60231340829574 3.6544452280660944
18.03644189197694 59.70978459089509
86.80639766342965 20.53939183423764
86.11290149480631 1.1072575145356867
48.12634608667624 66.56599631803556
29.919210689127716 55.98773895394732
93.35991600723635 68.74730795773893
59.99662945629254 17.846232828391038
9.246909032932427 89.26353721248019
91.9902581192374 77.55773657921121
35.23418443864564 54.51398156205045
86.22860227255813 72.39964131814338
97.87502422658949 84.3382483676206
5.735245166851188 25.432554551631338
13.476057756002803 14.643057842752082
58.37718025782087 97.05661933221718
22.692859571213887 85.3570399320339
72.34191434169303 2.36699734108321
90.13683018646108 69.42736822945332
95.64140806820053 80.01700343239355
50.986327144416045 36.45305230763311
66.75883532404391 0.9852168100729419
26.34380913460991 26.696135188368654
22.25672495179596 25.4600152640318
98.71843176787117 67.10267640176734
53.71378655607325 48.18924513950957
67.68743128560982 44.896937362548314
38.768908896357644 44.40121060052139
77.3513583663959 8.133551731698441
50.0643258765007 74.78217675406879
26.856888145383607 13.302692584092357
73.68431266687398 24.509422713459806
50.50168874896529 39.040580763905254
79.92682776967824 72.39098884808324
64.10456967190406 39.9611885723231
25.173885441925247 0.4596507782483661
91.44775333603745 28.54009558832721
18.568669804231885 46.725738178892584
9.025393532768188 30.567631771704374
74.6551074190903 53.679983793921124
99.26508057526607 93.93287075273653
18.858847385295853 13.195739586221467
28.808218263085795 73.67394920384686
55.129505835698524 83.28196813629195
90.89159849719437 79.95204797853309
62.64427940522722 1.7555454773426349
44.79899768078157 39.60728924113194
95.5330109688483 76.23382980133056
41.983150816239245 81.79081935430834
98.7418760455954 30.430595770963787
25.339471289195636 63.250481921052234
40.42771134880454 96.04092875312766
93.2855490287103 41.27378046388088
64.38630356937361 30.236464784032936
26.22672285282357 29.317619817856134
35.47982574498284 77.46903887748343
40.06490021013567 73.11896229460494
92.02400640954488 37.80764105155839
93.19482944869118 71.614215770632
33.901304150262355 7.573630209451343
51.38634540079513 48.82482752706241
45.36502940070759 52.97469696563491
50.21200805207295 91.2151560903531
34.487465601429065 78.77402081954416
37.26545870596246 32.496636974089455
37.85763855672359 59.62953811043622
71.03006275285996 36.79280866694439
78.0319153765064 44.183229615866416
29.73169687673831 0.038716968305685384
7.264404307892802 8.264031447927477
24.153136561681364 98.23618638008858
72.20261670836938 89.23144078472616
53.15335662955888 94.281909723523
48.939993886856094 64.40216232531937
44.95394293096098 61.429818351799334
12.948041685631251 94.33432661805962
72.09850235655998 90.8791987037622
91.3310468924574 92.39171518564153
42.120213852193004 58.10155974338254
39.248241296601584 41.26175373507872
42.86245140617035 14.341158262946763
13.034261847916707 86.0226767284439
8.171772742758643 82.6267841600981
42.87503604868874 6.033423270130234
62.62777646650787 5.367122121999202
73.56229411896682 70.84834824524413
42.78956136852475 15.064253065803946
3.321752381070886 53.86192066927899
6.437350863030867 27.582061910915613
86.18307060407042 57.69324418993119
66.88323267128858 72.55600535909468
8.424768164460195 81.56550287065792
19.375230620808225 46.772244438005096
77.54336366562016 11.692220597167502
77.8162035392867 16.516039298472286
27.68937941249806 92.59756595426474
46.476978315007145 57.35063305124427
54.30867202089994 71.96017540369782
6.0789019161502145 54.536666407423716
7.035625400003987 67.95657873191597
69.55933162627832 4.21640473293774
16.080192207757104 68.92899547088778
40.17333321067298 89.6240905842264
51.49240569116339 15.074830459875976
55.51779010948871 5.684570458426141
34.143279246208735 75.98430076822588
45.476560544729516 25.594801204716077
86.04103882608096 72.08359541144925
77.20468988807603 52.31576907555356
52.18008640577626 45.42562931585709
34.86474801505041 82.08123006614659
18.14552213441609 14.702029895318624
1.5290891094663417 57.42882344395004
49.56567369741548 76.86260171658998
70.73997370851194 79.93095729283561
85.61874327796808 56.70460337555243
42.690253373411146 20.82433703772706
58.039218236277755 17.299232683664844
48.52913470253901 61.47209394398121
67.90707586109276 50.89939244729693
98.16879426616816 24.97106029894298
65.83529009665877 86.26074063318802
61.25487644719745 39.48106176279666
86.14383856969418 73.00399344325243
46.33310481568002 16.60292697642185
92.82714541653824 49.42531055044203
98.01158234554134 85.8366433163958
35.18106310759003 75.2853066929175
76.1817824993672 61.76404537224071
56.52280783326829 30.255288661093672
99.93096161842821 70.89123871979896
9.443613361645953 20.554193971733493
30.50929245501912 48.9400519774574
89.88326553470363 82.49644467446153
47.44828961763843 47.53993214840753
13.611975318270453 61.99758801650184
28.786051275745105 61.9569885160436
15.775760998802358 7.243170857471803
15.713756120658317 4.239015586286355
24.939473280550406 87.49342869814687
78.07273966711944 46.691955780151254
9.142368054404793 94.81005093624483
11.488308755086008 11.590659057607178
69.48786029475967 44.21409881169404
85.98246120214526 74.07826100094937
80.95069325138124 49.894107823688536
52.36073424570059 95.3782491901966
53.653303912448806 81.44969582562501
96.01396748531845 98.74457725635979
91.92124006259141 62.75966184694697
82.87580502986278 58.26926556174139
93.12661012289458 23.851187458141798
27.262682527133165 10.830868862673515
31.743869115556077 56.81039779360003
84.9086530776004 92.45133522300227
19.438145910061287 95.32337562025693
61.452809413147115 88.25679337333001
3.980090317194185 3.1950242770514614
45.57732976904519 54.853165898415725
92.38394178795474 89.83365761442576
97.20626124184021 73.44888787752856
57.85550871625511 39.400457864318405
65.12920555405202 58.706040408197104
57.25590021510057 85.31993007141038
37.21417542017475 51.436169773837605
51.24715347407085 51.58399127946397
7.845290210818678 92.0639601290063
49.056880389128146 66.13535315879871
23.186817731932408 9.454860569427625
36.1072842435646 6.062604261424342
3.8959416399804714 16.82188940649123
48.218529501968035 96.7616023210574
53.38051782611073 2.473851061609389
34.09985789033612 12.993684117006499
50.43423243263613 47.92368259887974
20.29418356100081 23.254007167752523
33.88883551252031 15.803397187464673
80.28844157184544 24.27026874088384
61.06447223432584 37.81789169893217
88.1871510948865 36.14367127657654
51.49763754031081 95.42726005919671
13.73879817439253 48.16324735455223
97.45393025843583 42.12150936153386
65.85983568673758 42.81082334885732
39.27692859421281 13.97892383991608
56.375907717663345 76.19802569063143
55.814987875982325 37.17323611021733
7.232366595338013 73.86614509159577
81.89815995297675 47.10207638076626
49.16216979862147 10.97623508510952
60.753534530318866 30.917965592096387
39.515204480578156 4.424357492480635
82.30417601700978 4.783806701646187
1.1281463556390148 15.179183341663826
16.378981968143513 53.501531524768545
31.342006139253197 65.29779281120271
69.84117180272314 58.864687816182894
8.243815297334988 88.900100785484
93.96195518622599 99.3216999000388
98.54816707411646 97.79679627001163
28.188667865567584 85.84997052172398
84.10427553989643 19.93415033713857
68.22908090062379 16.809895186695666
58.223314925040945 84.7087547573703
14.697384257053159 5.318385613065857
43.710968752943856 65.5363092316543
8.296954473980056 17.520970812161117
14.77580906968613 61.60653312206262
59.676153878080974 51.5741346511158
99.18959702242864 49.10833365481562
69.11824614349314 12.382187927390243
82.77637388399383 63.584365734961224
28.707505232062168 92.58160154795281
62.73638031299846 85.7682995817129
18.82926840481174 39.84240491205971
6.8688162412418485 2.3025384364487422
91.34232355455624 53.63757564187328
85.2114738936535 89.74500045409275
68.93699838140377 96.4948585359252
94.36849888920334 33.38288111548615
1.556315896856808 32.06561233831498
90.05682591460568 59.62573244036889
14.929082818346284 20.25122115970338
65.47849085532445 94.81945282003126
48.413942601219574 37.94293129747083
76.40984250331393 54.27497671844499
58.31439464041479 93.24626873819223
43.67200776941944 0.9878237822105063
58.90297492535077 7.967821638422656
16.443136644076862 38.909483299199856
86.13821400172297 18.033241878133932
41.49953667004439 75.75914536916278
47.079722094036335 44.160698648312525
46.54971348777555 2.407373688700498
30.201717447720377 71.0224607452383
