674
35.43190772202056 57.8296426672498
69.14508091891928 5.491423863049693
27.170231514817843 89.758717889272
71.23428467163959 15.661292893826639
59.90292679891586 39.136714201910024
28.994208589638106 82.95893931967265
28.443495313342414 95.54111525833495
48.35067112263858 63.00039967184031
25.11175936419209 43.91341202845555
18.78074505152102 4.130760153653212
62.02051347838392 49.311321288480414
32.00019293804475 26.001583266244022
48.116688080402625 51.647914327666314
2.4455085854067304 59.20440838994819
66.10161872757178 85.07647005726993
38.113014958493466 18.44822283043459
25.120987827738183 71.44084232199913
56.62414826640963 94.65019580321848
41.575149175600124 81.0787279225065
55.59658169254477 43.75866964346553
60.53200841343413 53.37903016007678
87.54752154437595 9.361238186190867
40.19275733122647 53.850262703614185
57.810611086095 45.495799460777455
75.42851771319464 40.86324447014085
27.271179444026316 84.3605023968077
67.51655192404628 87.93136710865744
74.43375109189678 17.073649256305433
93.65408988248804 58.605869474285335
96.2905755819538 65.82513728415525
54.52481985907759 70.69193671744401
90.03495852338266 24.583491221033537
93.33709675625616 97.29650226880528
37.978347695194934 15.327390267605134
6.155676934971588 3.862751450227475
26.388225321752078 70.24104172372778
1.1206078964453803 99.37371033679112
53.742054993959144 39.5432724058695
73.28392704773053 52.44632292023965
84.45495948350971 24.646899745603466
41.93103549034495 20.108485256989606
77.12107227375952 74.79601865251398
61.93514008702987 73.22383290006886
88.20944851367973 13.841429384714454
7.636958975347752 99.34685265156183
72.35316392727856 1.1823483341048324
43.359511874559765 85.47651290709352
2.86634224997252 97.2748881163808
31.122337501218812 84.5780746865076
10.368505644040892 61.96493014257216
66.38807679779688 66.74439785719306
87.21825342728332 61.408540683586544
24.86673732441761 54.23926856608821
18.57362529890625 13.694420654670104
87.80260421225272 12.518385037779733
45.05343647580068 77.29688297025665
36.94741339128109 19.820889449679058
64.27455854784026 45.75525754579315
75.52142086406771 95.77779660259755
39.47245571619327 11.622222120119453
32.9623538709099 49.87674194439493
40.56578583808199 86.05806050372641
56.319921767633765 22.519103774405234
49.343051914634216 10.526087927375594
90.4472111560359 23.20174685445372
29.503189730962397 59.354231035036555
73.03204778979106 12.752692277521104
45.665493791698665 67.43128028550612
33.80054869942574 82.28126533650088
70.29439070803603 32.92029970164674
30.94753688370102 45.49973481442845
46.549141837008065 58.456021960580316
43.766421333964715 94.46863666509306
12.790391318784767 12.582616144366455
69.68761892305174 4.980514751860143
16.60480792808422 47.61719759606957
47.46591692844226 9.134432870465936
52.24337762334095 89.1156438974602
98.48669866408201 67.76151994062126
47.54240273846032 70.0038529061386
89.49247076153813 35.4226868025023
69.87033252480019 6.98164998643005
88.68212486866332 92.77997671171808
83.69463480740148 83.09386465875173
62.227283160381134 21.770189722212663
20.001103892329088 17.56048891455334
50.05002992778189 41.654580967410226
24.128343821100916 3.564310988239505
68.90786918799591 78.27658275881653
88.72097809575756 23.84538547647307
78.55349344814002 14.970568479181123
95.3207228453811 11.46942694447004
60.6034013781788 32.87472827301517
0.056782310457648144 4.534472285055879
33.15237065998481 93.71380756443138
95.50629933738328 98.1524880634861
50.57955232777608 10.90712884930294
60.76994608794198 58.37022883776019
18.943829132643707 65.00925278658899
1.5336503079727004 21.319164395059932
31.051633978526883 95.99405785786632
87.8117150247255 75.61826660432843
51.929206246645734 53.77061663025729
39.66181469823813 46.67826998183672
59.19144148957908 30.481258430158963
19.439128224821502 85.19051494614028
19.03307057195568 2.901111195662387
55.33234881500294 44.38597839260786
15.980443218137829 85.25897227800375
88.45700342229749 0.05647953247385207
74.89631253274455 28.23239430225438
14.763684461669403 97.5953948479784
93.73281182655369 18.286997878883902
35.14466545415653 49.314021569773146
48.54394390002561 43.63320304079296
23.162248769159135 19.688322586809328
14.903763741085118 51.57305331421015
50.62810649818562 12.800980268380592
82.71439688371825 60.772831113776526
57.33118613704612 12.21042203021504
43.081586180184836 70.61859362561204
68.99395448893696 48.223766089552896
54.3509639648108 47.236183426181725
53.074877298942745 56.00850375552332
40.038930673351416 49.29376618153534
46.80488873387405 97.99689883569566
26.713030016615047 95.32266279285138
75.1776164581978 69.41197136205258
41.662512133768146 76.0182427161482
20.203366271848466 10.907448828249834
94.19699615410275 38.425840341125436
6.896859344186335 48.296405159981546
5.85185385360476 12.841035018229208
6.088804529286684 81.96270304528507
85.53700030735857 66.58162292314523
17.100093560976003 27.477078764718488
34.3437234491139 83.45321816370405
38.452171350784226 91.80063071858955
94.15138975551298 39.172981159200624
55.143857690213316 27.70079474582843
75.71487522048005 75.69045754772135
26.075171462193538 2.0215350764114515
40.61940840069995 70.27814468993576
12.232253502070234 37.55511192482317
30.287577566258996 60.75269939076369
29.28952714673715 33.89328949237377
65.15320724200171 10.314880693323868
66.47344866088508 55.69892146689279
8.693932881558464 82.78287440875857
95.63528367934715 48.2469693317579
23.159489774364584 19.211322959608435
20.84779209858001 3.710270448227604
52.01864302461132 6.19501494550766
38.18628269701334 88.24017056944072
26.477206286720424 5.401845917935866
8.803090023425442 26.140830654432555
50.36822545894697 22.972375348561503
67.76041102336195 35.89598459511767
6.88513640868742 50.733287973090334
28.65987284087872 62.44030310937785
92.12885403201972 17.908794097083568
33.30240841999442 29.35392141643074
15.489797434503572 71.45877251547269
81.20428343162381 4.739869421687725
10.73508458205027 34.36343465434827
76.60459584308205 80.88013984873024
96.94374733179544 34.72904959998549
59.66734020208803 56.63311688475018
81.50145705915757 65.76916672139218
99.45957173541214 28.937960069013478
25.102646209903202 31.539087800092737
94.99890651870719 65.40829136131407
74.58443038988102 3.0297612383427874
5.9151212338226955 44.48811584662976
81.44187104805319 26.391172047371768
56.23247660573654 81.99041578768579
74.28518240658974 78.34348643288496
27.301385189285554 9.521908943322144
69.42457116864149 88.26933276451868
35.627910173072245 78.75771140222727
59.394241246908464 36.172215611424555
94.7335898085361 21.797043964713403
52.92525118749181 12.718497314711396
69.16318907012271 96.48216476295448
64.1776515597231 80.14883551475765
7.178966876730664 60.63093347515607
16.94667537958957 85.37470823203628
84.7414724772377 74.31442747592769
62.79463170479115 93.64851246270072
55.93366083776448 60.61957158780743
78.1909101344074 95.47167029107867
35.691319523651025 16.97623407641914
51.62080856896568 78.37935527524643
86.50077745964876 91.39742560126105
70.40466093722618 56.2671599376682
21.016707424803826 95.2593193295124
42.13376903778536 63.67339580425766
65.77116836245229 83.32655101873898
51.411787739776614 78.61490430153029
37.17788050140863 21.08231314562702
82.46527270775601 91.00904768681606
99.17511618854154 73.25677506211512
62.309131932604004 84.2392335633975
63.85150652195324 57.012907319292694
45.37962646885065 58.281562736000026
66.9430093592874 14.65765803121506
17.02977746993428 66.03942197383456
26.71572018212105 99.30883374039283
14.632649208797643 0.8310904118296047
20.493392266386124 86.56521045652687
20.931024291733557 23.994034309988233
82.32306831777953 13.76073773806452
80.42289481303587 73.21001490836119
94.40530606551984 29.485112922803282
26.416696524910886 83.83489967242981
52.78670745298134 14.42487609451193
23.13940654276928 23.249105016180028
61.89614026592679 73.72525138998805
17.368258000709403 91.19853222143468
61.9707250629064 58.151465341430665
39.947950174239196 62.1258318983282
72.78139157572949 19.118770438225475
86.2695453240774 88.27580749535653
31.57666177481584 63.05941913592898
45.946256083751315 29.442907694811325
2.890024708586869 81.36698999824162
81.11152308447578 96.36196707492837
56.74560596327842 34.180397906588055
55.29630411085783 27.54567038439497
59.3045208868891 70.92762927854565
10.103006433197104 29.10019594062989
82.4100934157097 39.66535069547815
69.59204536797095 58.042008530676746
67.9362232054371 26.071759052817043
17.30578254125795 16.4214337878559
50.4577920372366 59.79866068821755
58.23955245932697 74.37679985141956
37.85593015683635 97.12888631021913
1.4420513713491512 75.90814080788364
85.45168349386458 83.78917017589312
6.289784995007985 73.05934973566383
55.1829069176685 72.24656807801307
82.76931034896643 85.17395102963704
84.3038145821079 96.19376024310615
48.92712330625641 48.73128008029989
41.02660699940256 0.22849501261289484
49.15740361635172 11.546492346799731
50.2119578930484 45.77018678862268
88.7418175458196 97.0154851470324
36.90213702553275 70.53489466725425
98.74552346033414 89.61243317188924
46.83410656994421 89.84339023587901
20.679592608654808 69.85482993622264
4.911927653472903 96.89849091266622
52.58687002994564 96.0874373347008
18.505329153484386 10.265931844014897
67.94308493193424 99.2810872876451
19.989653302166932 16.1356024860735
80.3289299532503 40.541546134554785
95.40621063123325 82.26572530504961
8.254066593330222 6.0938507807676405
86.14087731299897 31.27639711734046
30.591134982233648 38.79191169215878
82.78093571111167 92.12951309642322
68.94097269931711 24.608312735120585
2.522718200914098 45.78747909185065
97.43585160854344 26.353027299970943
5.078539558127004 44.47363001555775
33.60031547735566 63.610238527494026
78.51141529006117 45.9378962266118
54.55692536977852 39.23734558907961
30.821947646364045 44.796840175619664
75.4832122406197 78.15302603482182
38.08287238124273 14.80139292660747
6.8992650125116235 51.12067420900578
38.625706808269435 82.16409103326168
86.2938254785337 32.59344116310705
81.60867366447783 43.46597574422487
37.36620100319185 78.16376208617811
11.401894869488306 37.26636944936514
25.82440817706031 66.24243665719982
77.41050691330929 3.0723633703376163
28.721087367511235 35.38066721844872
15.293408783644635 52.78573585374527
48.555257450991995 44.406075698864
88.07737964757911 1.9746126483711213
8.220323057029887 22.74156967268015
14.400154413000955 30.92605152398503
42.08024244436693 79.6872789757922
77.18845970245411 50.06416002436437
36.906440869379786 35.716540963138776
29.3286244069897 9.944429682636201
63.96931122534115 25.233800238284974
51.00644381978638 14.74215062238452
9.85417762627183 18.424970388536632
58.431487977140385 21.70827544637406
13.253979715531228 36.70726253787083
61.11396669054711 65.98358581218821
28.76627949486823 71.58064414534103
56.079345990603024 41.473120245817974
54.37667520662367 38.16369010707926
66.01708731201109 45.21996282102232
99.09074406465179 66.08430429013208
96.03848884593393 88.971431441622
12.254041740843801 84.36770837724596
1.8400589736252138 71.56525286179318
98.83068005084218 21.60649492372371
42.69635973440238 15.125173177649742
62.81785514319159 15.567655918503554
82.92499142374092 97.68031622547832
78.4974218396816 45.072008391266
1.8441594620459134 90.32338905027157
25.80891060588353 77.21518724684061
0.47753105734018586 61.05786021411607
14.39875704472512 2.1653817371450446
29.042585768234908 82.10768261264495
48.53798555738192 85.50343858002728
92.11051815472295 98.32073819586196
70.96635979306136 33.77373942281262
35.695931559288994 32.03266649618628
62.66519537512072 4.407362515421087
18.23915081999432 32.85760156295081
36.725714986814786 90.60646692958588
20.960686094233928 14.522534559211064
1.7003049957536875 69.56067523066963
73.55556434154003 83.5471234890747
41.81849051954416 24.08061535068109
0.6676465163853673 26.858825927772102
22.97934622678205 37.00098364892527
18.425535933340964 34.58374511045478
25.77619762538921 33.90818633940037
90.55743658064208 50.44941637999533
29.627947102348763 28.358559514503824
55.34634869995817 19.817680109960833
92.05374705078292 30.305512269895573
89.41665121220191 19.49395919963104
74.44210846720732 61.633560818119356
68.24773764233282 47.004647796123
29.3461001547751 1.6504975336312455
20.439625403329742 88.33083078967651
41.501704965453776 79.94105590627765
11.28372662771815 63.714143811959936
73.83276531462536 29.81374890549594
45.771596452595645 49.52369410412103
8.929191868913255 86.15763470579742
29.738505791966286 62.95624290777246
54.410474084719475 57.22137023175314
21.342773681836956 41.073007152242354
58.56652934061424 1.2750722239398993
34.165652766406886 95.27181784810729
52.916892397558954 13.390798097528744
37.569624301377694 66.88364942952329
29.927606174334443 51.886832607932945
42.68183190065285 42.113734342795354
5.792521922132399 23.67612185090501
27.43600212529904 70.36172185052281
38.967925607265975 19.977171116940895
89.52053840603926 66.09191930087476
88.8097113506695 35.811826960067435
75.65543593463886 23.12704283059429
85.20999446166132 32.03408219756736
39.27535689601179 84.62639221035325
71.71498233251191 44.440688797921666
7.739873021810717 4.5391578789743985
37.235273031747894 87.25899486373297
40.43939168276075 64.89506823811327
99.40226856318924 46.712496074060994
44.18769654799474 51.947652967660694
97.2145057604629 5.587021181458674
46.73303503333609 49.38960082685225
27.980934802877265 76.59525631170887
24.13714980678172 8.59204605981352
27.971658113000053 3.7872978242056154
43.2840248668217 19.69314373020271
51.356655063917444 19.359070238278097
83.97427198340964 47.220077821947285
86.29953032806776 22.897271709895307
66.43897991891859 44.7480835037253
97.77374680053596 35.7891874594356
93.9976815121729 74.47041563142609
77.57473196784612 81.0351286962524
7.941106715425028 74.8912983039283
86.65270419139998 42.89521034501605
68.46368232749683 90.86239489286592
72.01060303651003 71.29532679036411
33.08150796812828 58.95955328168976
75.26174603183932 58.998178979971016
13.849982443099362 95.93006778647916
91.85814235585748 13.01031113102039
93.74920201282373 42.27127730920994
8.030620029466007 35.41564360819446
63.00551575098917 69.01329972498435
0.007599925730794599 4.545985600253333
22.90565936229354 77.02540032487991
63.96365541067366 74.60657272071082
73.01548724374197 77.97245464895113
48.309365828393645 29.46643661836237
53.36986207795212 94.31185347604637
3.766376601365895 3.171730950571783
30.85275926290677 43.883617371345096
43.75567712367893 56.14724648549691
17.36738349772028 77.25402239320334
1.0110933286295531 4.281680056815129
85.29498447256422 8.709840128662726
5.518405789997027 91.92115623723114
20.51288934980485 52.16720325428449
76.24019867741538 25.36536363593288
78.40326838525081 91.54974393773067
55.52652046549708 84.81621593526201
93.23332090677242 32.56706234046701
58.83641795006995 95.67279916287788
35.25053311187932 99.90504427865181
10.133517783511314 77.23032510452514
81.58108430379433 80.84610157731554
9.271851196866676 37.042490146469184
61.64074881367698 51.450261221185286
96.07440539047226 64.99286802323176
65.75854457745811 25.08121228736272
22.923339002469312 70.59924007197202
39.226665198384524 29.192574790085647
0.8167966440238095 87.09272859985087
14.303417267763441 38.0549331117343
24.47724151669729 6.914822978554469
85.88046542808205 14.137714194282392
50.47674568212371 19.75679861369085
14.421360054939914 91.58355248756244
90.51458427992681 32.71563346938519
37.81529161064161 77.99566826445849
82.43801029056227 23.17078016908288
25.98453565064792 71.76328898587691
15.941931385228747 52.90943684979226
62.700859121937135 36.15159945616882
87.94512898078017 2.6010310432358685
66.86280882602597 27.609582355128502
30.837655705865373 98.42499243223685
57.00997082798626 40.00657722829635
99.99473072600277 52.04608483472269
27.973463561091894 41.6678354656815
50.30092194343023 15.828535898870888
62.73287382409425 49.31565832661815
75.38495540041158 34.133324399546815
9.23036915566996 17.98524891321526
18.116426503916962 47.5661812976
93.15011758175582 37.31330008738231
81.01441458149264 46.52033685742284
9.245986002676275 55.6528549348524
24.090805566688324 1.8197190500979232
40.17019919577546 51.51278720672251
39.26984090343632 63.62046528682349
89.042908436893 90.11533181116499
13.007116451319344 50.93274049981692
27.696355693456166 41.466006530272445
79.21795538442888 59.5838127749346
57.43684054308973 67.50286829194974
16.627566109226365 76.64939884803843
27.202267275874302 95.74167001352787
77.0522670915042 87.29051803507745
81.38648330085248 79.38729864377476
41.010052061145345 94.15247778217726
2.7874048469302304 28.179168100545148
25.577658994597662 56.118756812556256
33.45117241109641 9.156760166022615
22.807667760537985 35.77947830725774
31.846325188029624 99.13158979058986
23.67119688163942 25.39028614348371
5.770724921629622 94.79238639121893
51.26390682670379 4.05301702055344
63.85798405419491 32.426705735154904
46.47365447534947 1.7810596278804547
94.14283704240987 29.877227569028253
19.210848401581828 85.44473764394174
95.36690526634136 53.75014194765239
50.1670267030659 77.31595976631156
40.95117450160804 46.79723307407227
32.161358158952844 21.456142626817787
57.857231154296954 71.11957883912771
27.265515024256004 96.18756204098544
17.574564590638165 9.484274637984813
67.34021098007183 81.41491101386964
9.889375549713641 99.34446493806774
3.0308836333681755 99.93986800751797
71.66560880411458 18.822861055501416
36.73836504917502 64.98416558771034
66.82503905677399 29.4958339061137
79.7944289480943 87.21659382142506
16.97354871165706 49.520700066347224
53.41620671763141 51.64376806822052
55.939003862731994 9.89430473512034
3.9436000513531244 93.83958198179528
2.4317825948330984 72.34475528379721
8.487316693669255 26.275688470123548
16.28593650556871 21.473417989533615
20.127855895140378 17.253622078494168
82.38615160554276 80.32482976152889
56.29444946370593 16.53053722752572
48.29111888148505 23.883223465693625
25.429221453938077 42.304699852398954
91.33569455244432 53.422258611717425
46.540807058190005 23.15386673764689
3.4338813745651176 11.636607103663598
95.05768048072532 85.46942455496817
54.165690584293856 35.80874956249409
89.44756524625684 42.61112885661061
60.32475950448584 53.46572029272959
58.09466990773553 71.50552767317654
80.39480179709432 73.14776754301285
9.480410051270793 7.92320223010976
19.57228936933124 41.45034492802934
12.32523532682659 72.36189993077936
65.68900136828802 59.12889614811463
94.46864535348382 40.55847243055105
41.348488181058066 39.73738225298401
32.90946754401469 19.91074878930358
47.30294828758914 21.544427293873525
17.766208783106975 13.460192789964143
23.876469247464126 52.63693100320425
14.328064957021102 3.584541841348099
44.94789378118664 86.11159891842274
56.72913133744976 9.415227010814187
72.18259767860258 57.027644722244595
24.310359875718735 88.84992532004671
27.208907257123137 6.74853187173049
8.749966134832576 96.66014427788738
48.907805559235214 95.98026486402594
56.12380979610535 17.841827925861566
99.43479057026772 93.73504935558262
22.86492952847363 30.73468872764231
40.11632052318072 40.48128866061834
45.50095600748156 65.61617971123378
30.12029320280545 14.551132757032326
44.46355257403919 21.91724056940101
47.22805143208403 95.91313248465325
18.984598898430193 50.923453803628426
52.417675070266824 94.86064683682095
16.673195421101607 51.21736652934018
0.854953853277518 59.19348778375028
80.53991225209973 21.502531325879893
16.863449208601 8.277904217246723
74.01695263152224 69.29160843118272
64.91567599405427 18.37601731556491
23.755429528000317 18.047832203836133
56.4891014018641 99.99980029224706
13.400920292297192 67.16929390191551
82.53866881699939 13.042563932663887
91.46842644374017 35.2209545520102
2.8276328366240833 93.98510139441618
49.82673077366053 3.10224877136025
69.93814213993483 83.41005083957282
69.37586739503557 89.80617513112786
77.4183204401194 22.878171103239264
77.2826099347227 42.84449320854967
9.059479574178585 16.492472363903932
15.336816496959527 37.778855140662984
57.51734290808288 67.34149022551573
85.57678440682163 80.708451180856
10.673819280949182 46.80012151562081
0.10885110294933664 68.92752713495052
65.92891829695878 82.48088008229821
67.50279463406767 2.007347804835058
61.00973536937339 23.68144135916378
85.8038047158265 7.160760266168853
85.88494830343872 24.710162325582875
65.90817204877398 31.45219603970355
36.40200336554248 93.16800081434937
60.66822871185003 79.38982882286788
2.295920152172415 3.2244762237030433
19.68045952650076 70.88353086224788
78.01566120729538 83.7367678137895
58.751322254372084 55.71500478999025
43.047841417044744 84.27909352342512
79.26673638587745 47.89971354944231
5.595558310788807 83.1705918253806
24.900121017744283 23.172949654493948
65.82911444248653 84.35431027868042
7.831911865881114 57.87718435423699
76.92711050987175 13.142374743031981
6.335064911254995 25.642869409352855
42.57142801650975 54.56350838853936
51.21730602060713 37.98363366819767
11.680670668508908 8.88425815460392
7.916671254687079 46.42449801141879
35.02900344893642 22.529568243139963
5.289556072985658 66.62811602744807
35.26994764666755 95.41438763972533
8.951765692634073 44.46631187726938
33.03539053581627 53.2677454505309
5.945487805240024 29.163639209678372
95.67296534279781 46.7200524707603
74.50342817946445 54.73647394715625
0.6091195672754957 60.284593464962875
53.73343911998547 91.6008137456705
98.01981140637362 62.451245904922125
56.58208118901473 1.2786049880290973
13.727906466439176 11.466423207743992
14.369911275819158 33.64836643359275
19.435094719035884 65.33506022211388
93.53780383862374 1.3481476570568973
82.88620497394474 67.20314270763133
5.751867293481228 51.561580510239345
85.2072485303361 30.132062180775332
97.14302864946075 6.31376888269608
22.150501197494943 73.38339310950147
16.277865256835465 9.397585942400866
94.20334163386522 64.61850514364251
70.75766919196418 59.22925869849782
26.282890840278927 35.87019694336843
1.5658163514137513 79.93002186665913
10.348460697043283 28.266934474067405
74.98715882456996 44.901963656967645
36.567341371582614 18.721034005248594
16.690944397961914 41.639972589054075
26.37990424983643 51.86779164449179
15.804504481662496 61.708315025803195
98.90152775403713 92.96544660013166
8.114419066059874 60.677973664604636
23.661532049613896 93.98416820309565
57.097415024339185 87.12971175924538
33.4300730186952 98.62216655668232
40.88922932854874 69.44366207606059
71.06036740135998 99.49481706077115
56.207957998005696 38.94468919769255
33.5694267999876 95.09814552156422
48.06705894319977 79.69819846664014
55.79208563011091 36.63527325481063
45.583855373246315 36.75398142927991
60.86406471759474 87.15306878173733
14.452706176840223 38.29149333652189
34.99036123814887 65.97713472922854
96.94498505502457 66.5277823242277
70.64387391482826 96.32608333452319
71.03030115074655 19.56084038525431
70.22692674498882 27.110236608632633
28.463399882520456 12.495784410068723
45.39591055191683 21.8009852531717
87.99298139649774 74.57487559838731
86.8222065193671 93.59437087407547
40.55152105048757 67.34789516057033
88.99457139171841 47.109459750319324
17.03345963336612 52.82081574677038
23.76229498055573 85.93642845907445
6.012923913060586 44.99357492017485
41.10053436467997 33.58144425191557
31.279472537388784 55.73035609765423
15.860429474318138 46.38222676516297
83.40543646686027 66.66177255503595
24.52276981617394 21.068069907872022
98.45732183919783 72.74851726874914
6.457581583461069 74.50961164167349
68.50899687122731 59.05317262547858
84.43749942128251 72.38760032671836
65.84732359379377 26.239742395886132
50.15672473548659 55.77415518363341
60.29471284176542 78.7995829981914
60.25226825230906 81.91969506461605
50.831326080030756 95.36782462508748
60.60581621776267 69.93928248384653
0.1673874337454584 24.85180367567048
52.0460724566154 10.210812834035831
85.61057805823619 91.0459796553219
81.15219565213627 77.97625586420334
6.689016329905561 94.31088813587687
67.15711348333177 11.488303175693815
71.33096009923828 11.750599373078618
95.53592153169829 89.58544387433743
58.29931802948688 6.400081180266981
6.006163711335899 87.56111469251955
94.93629429661645 94.94647539203399
18.492533127921497 36.38565355324577
64.69315979685261 44.67616042706918
63.074677669995204 18.025254554454307
70.15566631852012 13.259718791978969
62.83721983310018 98.10365384619895
0.8505610949128828 30.70786415995087
22.39368513794222 9.230463209333994
