687
93.16990969439391 54.249125394405475
43.8532661696846 21.569818857888034
4.766241886006261 63.68716756015591
71.56003534725912 17.75551892022814
25.700158407506958 6.977287207843263
60.97091296074083 93.67485812119224
72.97476550847595 72.1577233154695
77.70434474479671 99.16098216684156
55.900049680159704 58.527534344851375
65.83785876030664 33.26438344953375
83.49589187821407 69.6700085644275
89.28543865938045 82.71816940509595
77.69031853202043 78.63948048862643
9.73932991219888 39.79734900480232
79.17714247666837 11.5823175060902
69.23069225158788 85.97171709250937
80.23323072891775 75.9238360925206
12.14613322075052 8.20709761200642
72.52044879048003 32.318021787465945
9.15212603129294 56.72236598526962
7.281209340207029 14.776110307764545
76.7378827017147 67.15610231991504
60.679788004878276 60.32907599810572
92.19364333752786 76.27725380760278
67.57910075001567 44.32000895744193
14.50831705785226 55.052767945396496
5.316868619300086 64.5117017725038
13.49076460671923 55.326736732533156
94.70349955760022 41.65140751471622
23.00353205262431 65.24112633679289
45.556702348489594 85.2811372968402
81.69388866177235 19.86123471793907
9.62366694382284 61.86563120665413
38.03423745795613 16.267471253967592
59.00131257202273 80.43477474133242
11.504234747960451 90.14358740326527
7.03597467532181 77.90238241482751
60.66404408845041 57.45468030959229
9.451696639216712 68.97743612867558
54.26709479200359 99.70263621852395
1.4680541177267137 89.37366891917769
96.25456915786559 91.2486618877772
1.4953573659418185 9.580498980905494
20.907464593677172 33.282495011503755
98.6406103520085 89.97545680090853
93.97696980727537 35.14835073347632
70.15252228982521 81.45158901332039
66.46968210654491 61.74797730193302
55.42886229213333 3.11007178323377
26.418822981472623 8.195787804262434
83.32910352316077 98.15676445135792
18.95580487365792 26.500029860900998
60.46695517386965 1.3568798382108227
72.91350375728238 67.42001145157161
49.08673786410901 20.01342940631774
23.020191314148008 75.33403395719121
32.06019463118031 39.309613813714975
97.44255152796684 56.31278173914591
44.62051619441603 59.357768400500134
89.93398613641655 55.87743799678091
24.240743676462408 21.638044185806372
55.78867959283197 30.117713006880475
45.84458837697092 57.39411142990099
33.774295570466705 63.05413192336348
65.2950512684529 2.258323423396069
59.62172846007792 96.77053072396703
8.404460873687757 47.791840428396235
39.11423008298838 11.392724117221832
1.7926812813471082 98.6409356771428
45.90724961972795 4.961875980669827
64.09032809620709 49.97393179589458
34.54742462003383 33.672293312056325
51.62151012323495 90.13683841435702
90.05901707807395 52.533888134214955
0.2024683368045621 9.235699593296653
70.23651115442895 42.65287822869913
58.8668458752566 76.97820750420962
55.17756383473393 17.372874730667544
45.20509128348527 51.178203927984775
7.180927525391723 23.328680510920385
29.082572908237058 82.08025860269025
55.80569974805392 57.91308266748686
36.668841997314395 23.143110267225143
43.45916374703381 23.674995455105684
77.81304717056112 76.07068275133038
86.71538927343502 88.26794734545147
71.53925799314968 62.67083033182349
84.47409452367684 57.471685741905034
88.84998503511875 92.3485454426418
12.50146321167447 19.551175446519974
18.508699110802073 29.919492855306352
69.66427347347279 1.178311749236105
73.32415966279675 34.18799767157555
58.991155668559934 34.97199057623218
69.53994054366255 15.15484822254194
70.62008534875534 61.389451607336284
92.41711784853148 26.54679892707099
55.03847219634045 50.628001275499955
55.169183447074424 53.724014714314514
63.875172502207676 33.734130128822194
23.04117642037896 44.33175542050228
76.04733338642934 53.87598638325763
30.98787314226168 85.72805596030145
44.472361523923375 66.484672053219
91.0680531194893 24.32762625500815
64.2683370958134 48.165001916093345
51.268856198197234 2.9440626406363912
1.2382768527191668 95.17113934564941
26.601832575116124 38.229481912766246
84.564986634176 83.28580469187885
55.51875356795646 5.674410201319802
79.29071301883481 86.96911374220456
54.01897779522498 62.22328811988355
55.904307608410875 95.53657405521558
71.1443542811509 0.6502677400141099
37.23040190181499 38.28583397290393
69.42908432989728 4.098725360582279
82.9666413544019 42.32541986169663
69.2941809895456 19.28791234240159
8.291177189488085 28.88678640252669
83.54653609541676 27.41939992718654
90.6684953039063 78.41277466149826
26.31972450009451 63.55602486513911
43.71685076422228 40.880625597624324
88.01885179700749 47.959162224361286
42.78481676455584 70.42963934402025
82.38142539779437 53.37260870752749
7.9916258884315745 16.243764632438296
63.61857555005963 71.30313412020654
8.577115465669394 26.960041207094633
83.26668865741529 43.73001911946134
4.9190756630068 93.51162272998363
24.159315894419674 25.727952110055984
20.78030037190124 48.59756410950419
99.7403399599939 39.164215050382076
85.2661841148544 92.3416870572923
39.76850669714774 46.2588101270037
35.35761292082882 50.675819304815306
81.14350007822291 88.27237400325025
95.21726199007578 49.484074066475756
2.0481131813532394 40.33137158584211
31.892311575903165 68.63495455038881
93.22816615466628 73.66857691361119
56.17721492565793 2.2794256797224355
53.995049830349814 32.380874124251655
38.408863696423 28.385561937428516
29.428120313157947 84.01072526631705
81.00274995835859 75.94873590293547
98.99182362365823 15.770239628162287
24.052756997817802 4.698963755193786
93.54065992232051 93.90399316119887
47.13168088268296 26.724680661010247
62.495576591468286 6.771097783531033
36.06272033368166 37.37499707075378
49.111991656380006 4.677420269374776
52.149771366383746 99.88445818142456
0.7123570593817852 97.28028809596368
63.92802757466966 22.060464282194502
58.19097964336645 82.8244463960942
69.32403361857268 66.77656303088953
30.027376007716256 4.422925355864704
30.81598735655171 18.148773353417447
41.45600192290744 47.535525706216994
66.04795397777005 64.96361884988737
60.5524978287834 95.97730672876702
22.575945428322054 4.0554048553206545
96.5860539165763 75.82113056719848
6.106518521521743 55.42823553502991
33.16765533492189 32.15852384049164
32.08034434090551 82.26595405748972
68.21213692354611 1.499490284930527
92.5900554547224 22.18776906599692
16.2766411293658 86.33901543025814
70.52646026003046 60.99162993680544
2.401485271791004 28.150068379687575
55.5568359937647 85.63596486701175
7.347170939602554 39.888590299960505
77.25297363177846 8.175511281565406
83.60294815041377 45.160845625131415
24.246354375245062 23.990180244344273
90.8702593399877 75.89641556884237
86.11947121052953 52.38091018165032
4.876173422212194 19.07857961119721
27.68584541587812 37.14573350940585
21.172253111954554 20.713486562388418
88.03471897219552 48.522154066876034
59.50140404187623 13.5612116008046
69.90067260088651 62.47652362494852
93.77764225454933 22.735204978051783
80.93422597565447 92.1172991589037
49.000857503027596 27.168075631040956
95.60232606425585 12.72221697025463
25.86817254215775 0.9179170901510991
24.51191765478834 55.3220661042194
39.233437346331726 23.64182886760462
12.007233147404062 44.60263612609737
21.230634487152113 16.351922462769195
83.30812042294775 33.69635263110735
30.01436184350346 48.660335106597486
94.95159352304454 83.31845761447981
22.209863088022384 67.60978730985678
63.48479604513807 70.97124449919725
47.8772644208168 13.840423719715766
64.25463157159086 79.11579559654656
31.895737374484323 94.47293668723007
40.250283673190665 25.420588936625688
76.08105203185637 82.36685441988327
11.921855048197095 36.516984711230386
5.491885219384962 43.44913093703459
72.80424337283414 28.58952090928144
8.463893951566703 68.19121314185689
65.20617203207597 28.461174967466253
3.288113459393349 56.416041475511925
26.440731501002134 20.240575819199115
26.541106976551298 9.88427044092709
95.33433485301369 68.38687079697628
96.70755751659638 15.11509159663933
59.15889434917647 22.246417369058204
92.64969357860936 73.33559104327162
23.914587336708017 24.33338061866851
82.91955488928843 82.86450649607731
43.59895520034208 81.03564332362686
98.8767076968004 92.83215337157911
59.19740017986973 43.26406752527339
22.328629594421056 86.41036760171396
77.0097792471592 11.45497838020092
39.529530836216765 39.297764869092845
0.0003792924736845116 21.549331948063244
8.826411960825364 99.48201448700664
1.9527620085953767 22.90831605789261
26.074937132079256 24.90054514028891
58.068538255158686 77.53404165341915
23.52748698951652 30.74437339645858
0.09457037602161877 0.009116242837581279
34.7266810382878 94.91465172068999
80.87314840824573 11.193777337461563
62.588722441613456 52.0753471497723
57.9037917442846 2.210587251242402
56.38095677524636 70.6483605981363
97.14293544214351 97.04026463742224
92.5478374162835 46.14311436297375
76.14698279785844 10.693057560793374
50.60444475412258 49.07084431723591
36.52745901933818 84.55574620588806
79.81079274130455 74.584317704284
99.19711772882954 65.19516338669612
4.485663075035829 7.160228998067386
68.42995391419332 55.19997544191902
50.351314872120355 62.13412725811721
4.200419122387733 3.0779365060521924
86.98236787975937 59.21801138234134
5.015342664267052 70.52552697180097
12.703238741601552 72.13380941895366
78.16053644485358 85.64755516897341
48.53145745656634 1.1188152830288067
13.270744920804823 19.92750333734875
77.77155774288977 96.47405554478732
7.750397434609391 1.3205091850313821
86.95115853283359 57.43003355086916
58.7414715958585 65.5370973213656
75.34415447662856 35.03234220897096
12.770342953770253 20.569312675599726
30.763385754322027 4.154312357677226
92.80286888925777 29.73995755838508
64.73895689047328 6.811000825196334
1.065879895620958 30.070062137083685
31.46339698713103 62.054291834136365
65.05152115899575 15.408093967974423
62.976816118044866 22.212479215798098
61.552617875174896 65.53910983023182
22.210650028013777 6.3708310599961955
20.98567626442087 24.478068219066706
85.09009192586142 56.81764840581174
42.619495731228554 39.29603144537249
68.95267020386055 14.297069932919104
31.39328237934388 67.97706895856268
31.48805747185689 74.68353698275317
20.295172049789013 2.3355266156026677
34.1049129542301 96.92408890571717
32.42551329508713 73.25226540736385
48.19770282377961 13.218945713446228
59.95441863427956 12.299836207400372
70.16341127525274 46.15486297050369
44.65896845835744 8.596982735306947
26.014928706471796 12.77012283951795
75.41121172206907 67.53430701754289
74.95174761030044 77.30597309888768
53.10866378405691 32.56817262368884
87.91100289611302 49.86147708319457
98.84282523119668 3.4148968561057647
88.39276233618192 5.5926702802011725
89.35665677225035 33.855662668916295
22.361659274981506 80.70372763595056
10.393699197688788 21.754905752507803
84.72257922949929 94.4972307598796
79.71048680462813 12.835808797297489
45.596336844488505 13.070454510426154
24.69373775991748 2.0244203002469874
12.222301755073195 6.083408070044049
51.70222079622951 34.22945556010961
17.73247875164239 74.26553365356882
31.55312942411116 58.009394636978094
60.4125551543307 63.036120983813525
40.36608094148574 87.55014833399868
14.016253962368141 96.14711228015041
97.76422169881252 98.24000308385888
23.87442736974198 48.240987818310735
59.5842728528727 99.39933335678624
55.445777383179376 33.96051298543037
60.93486374363034 94.45483500069341
7.2016780621143255 38.18377670673993
0.4025043603648415 51.25082890528816
7.228370982004806 60.967397864804326
24.18940938098838 93.29634371224273
45.45121127621077 76.00916585807465
65.18161969142048 53.1658364329539
2.298814688417905 13.606525667730097
56.13466134668303 27.82228485377064
61.66622423608755 4.229686352254691
93.15798048045771 7.001454259544593
77.28173182186899 40.40226445741044
42.65713356752829 65.69781375136786
94.75719527395562 71.44947962262626
93.95998889097987 17.849286691038134
80.93423809960984 71.68373428716286
61.19860186634036 91.75286107177818
72.19687603603532 87.85559593777658
77.04754510682427 75.86580845857162
34.10875563539927 98.86403086184298
32.912550516443495 94.79412214820653
21.974879430347183 41.79893709962912
32.78635116619459 37.72379510104042
66.81530835278802 84.83952913821678
2.156463834906419 47.83821424384396
39.6701568303545 32.26251220022495
97.35767796102715 55.930255235071634
83.60105845927541 42.532923659568965
96.9351163242814 68.11622780066676
26.066244152431018 2.732981182827854
54.4261371472334 63.79211011376683
39.60278516807628 66.95543553888493
91.75709546135802 45.709147199563525
9.32356533135863 72.67012051889033
0.7537258965887417 32.8668218203928
12.346006112943385 24.185476663964877
68.15449269941193 64.99690057860235
34.99660436715414 15.115356068028063
71.13674872751572 40.37421246108506
50.41736565246534 89.20620147468046
93.67449753949205 90.37239509723624
43.43516657651416 87.21357840201613
3.1454569515951603 90.92457019844402
0.24814596875641914 36.5995765922048
8.451977274937406 39.78336069067049
37.19891930606255 35.22631464457034
84.81236873378944 89.5491108270537
87.53033376940972 3.6996593226621632
57.24450934028599 37.02569403995105
67.04612518057509 68.98150788835424
2.8060721568344604 42.55389912115044
22.818899114052993 89.29775836617739
53.572992458904125 24.147704967174466
10.356528223543327 64.90988979821853
92.01737368462074 62.25844625580146
46.931336856670434 66.41239606331204
5.525834538390962 87.02286101020987
14.367995469727413 59.36835661217555
35.95036762419292 67.7517609916336
36.227423790518245 19.49602835396472
40.54586982598825 24.49269878382013
81.332844101677 0.35867459386188516
66.1998538165968 6.162209803296703
7.90116561088221 71.43807231814905
79.27937310060949 43.32470940221123
75.86976004007255 29.352562778613557
17.530892949170106 29.823507321968513
76.88324802281024 6.5938716165006355
85.05271282244198 27.571129595735144
46.98271976233204 91.04309958461295
84.86225541816601 61.37091404604112
41.35971160830023 6.571571813932742
11.889615477358085 46.68740991561917
9.174757324269379 87.15595135412816
34.695113821479765 15.044902923770165
42.84170795117832 9.855936025334167
14.835138018141746 91.43187345906313
90.13633692725594 60.744016850343755
88.19172873998077 53.65890665135902
72.2789879754494 51.999068838565535
17.568972271212257 39.2318474672554
21.062017533245626 29.057154675788745
69.50583505226908 17.274191442926
37.22537893191269 68.68841189769395
37.210578602056586 68.5094906877381
13.590213623867886 20.735702514534694
65.8399213756956 62.073726301766584
24.60353821593183 27.144747217921903
33.33597562195104 75.6430145292643
11.115502808277888 39.31418734668184
50.81471627693095 28.35158196670052
11.816766034088788 55.760084213969854
26.713864332850502 45.59178222629122
58.9180664757883 31.697116268086777
47.594726342231176 95.94556411114975
3.836655249425802 27.12309305467744
81.18747678383814 90.63109784659873
6.4281261781373615 45.938714094626945
15.990163821079218 18.75211740389987
50.009297294182694 5.0886474685849725
17.386922257893744 87.58983415041304
39.19968890065936 79.70184637442033
66.72845008430221 64.5072027297155
65.47338093179013 51.20212740122879
2.0219076675638714 41.122359882887864
81.04489741324883 57.59486935039565
10.860336061919984 36.613527096262345
26.613203131669128 27.49354794353971
22.714507719701015 31.84322716805248
90.05659787341388 61.54550192428676
86.48613273342161 51.076525741218816
91.8542726233277 6.716082387169275
30.25008840789587 17.864555717157906
42.48844492544702 70.56489029469459
43.00883179685796 28.55580103870676
7.246990797806929 22.393132934083393
77.93274648442637 25.43024487500648
87.52186843351937 21.217439459538678
66.761771772753 50.64089370212264
84.87895084490383 88.66336089657774
51.1208108704118 32.02550115476011
24.314983862292394 12.8932256021686
23.78443756499784 20.2163303886294
32.08288822943359 28.620260752467463
91.39473708111777 4.011690902220577
44.677364849216005 90.83402632887037
76.75786374600965 8.861421856736463
69.71061042113267 26.890937396073554
25.283513695939618 84.13812749158065
22.16000045435639 73.65533367402264
92.31005446980627 61.87242380275699
46.41530836743336 38.02948319866519
7.497987115207049 51.55837009324261
83.63905769480297 73.71674388115132
75.29100419418309 93.11074044161165
12.407786804654986 0.48358973579389897
55.36115053341754 80.45764212097902
0.04304127708167904 82.92573782230907
88.32419446004964 77.02924758751008
77.12203582796884 3.4519288182279118
33.28354924121756 18.646885619883957
48.86125856680298 53.086280466726144
43.05075621804004 71.08451292051761
12.34573756721218 39.32821528128911
75.6213106653602 26.805301034427885
88.4028418109055 14.975149904552387
4.291695154873388 12.41005441757801
58.57281553965632 6.487343842112381
21.4541692058279 23.072436509755324
73.39410453894615 62.15152513513081
7.150407188649332 89.29629962491525
78.85209823210596 82.1795972232504
55.66703158037225 6.1864317700531135
73.57344179386614 28.050905178555517
87.96603618361823 9.202777243863192
98.60491753971642 14.156156154018317
95.9298691155744 83.49370588084668
2.256306357232596 9.55077677627132
74.60833741063966 7.736628625242659
81.3657814829406 44.81183981296273
15.950295178441543 31.33245358869289
99.1983274101107 97.62079941931619
57.199460335763334 12.828470597321573
35.011527506510674 79.81786672276296
83.8257072654603 95.67339639426068
11.8104936694025 10.144024007496222
46.876250800891825 66.60362557046146
57.560170273421306 78.34171636894015
59.30684097346123 58.85272157918254
86.20037929884907 57.74497273140503
65.55830785811568 77.69307121078714
83.44298847636652 58.73150304296178
0.0073881635826000824 95.68711843165705
64.26156725629187 89.63583232808448
1.592465698338419 73.33342779878606
32.04210483102852 44.66706771702912
82.30135179220093 88.55861243660206
39.35561508955243 13.888951270192706
99.52489004148296 35.263042405058776
62.04848799854326 0.2292150510948554
23.41544576382606 64.89137972196751
66.51698749284093 99.0942566544307
28.944781576217082 36.75299698302348
1.7809530844739796 71.10100844304881
77.98652992440753 36.82580115924552
43.43479534053378 45.6316455424435
83.60986260791584 66.30167087870177
83.86299913788963 14.038625425387197
15.525168277832934 22.72850849554682
42.308389840812524 78.83563501543094
6.890194860011922 49.24929641301217
6.840044225214448 29.486701522295
8.580263989810167 27.265829389571973
57.65607968227879 33.33697436421558
46.70766788711111 16.93006953484972
6.0075667577640495 55.9120650974988
6.612747348587844 44.161711147211356
38.79875763419914 47.02694613101885
1.1371452083172473 51.542523446520505
69.29546898421157 10.894811738557287
47.38657826467572 90.53808579297248
27.200387225171696 24.701331228072775
25.495034340001876 35.64667221825458
44.915788271382965 34.516571692251674
27.711183400201445 83.50058028893324
89.3882589853312 59.5350446153164
23.691946958100228 64.67795852105505
66.60592930917424 34.27499580964819
51.258916970166034 54.7310576925179
11.278645143299048 29.679769212477257
10.910618581479358 35.465852005117114
34.09662248515911 26.332697495308544
73.81762815244723 53.462548234818264
33.8470821329497 6.705985376652334
23.19940535206585 13.313828828180673
49.822961592816576 46.39298449625667
10.254203155708396 51.114309578177966
40.79057837700479 78.05395966847898
80.35666006003248 89.55055807899576
23.664636217455225 40.06916655453969
61.042214140642436 6.071135489178314
39.789072956619556 79.38649507483
82.55992119750194 90.38236029548958
19.657918707310863 24.402996258223187
27.10506069940405 39.50740133301532
26.194266447998615 19.92843179114504
84.782743567938 38.545851192661615
60.338978327657266 35.44739888235138
3.9403534468782753 69.12581441374657
4.165707407770403 37.24813595137566
38.8710903479897 44.34506415576749
93.38875657363242 60.85672270126237
8.196068981230297 41.67082501741327
19.795488876029687 83.78851783521037
10.207797787455297 22.559175856606252
4.442767993513996 66.76500181466439
33.60498818634999 22.06277376472585
1.4358972651639879 5.603939518878709
65.3203598604993 94.89357511791924
77.48257184342249 90.10071491005829
45.41561154855952 11.771872920202743
63.638785516258444 14.461063133577989
17.59257354490901 35.945652812086024
24.539021835768903 75.63628896500197
60.7922052211345 91.36937032051016
74.53671418936268 34.822634999412
35.66773735675144 39.40423259521039
65.4730341313952 16.289416774114795
57.26139410345247 0.22763860724189788
61.183386796459914 41.65130647173461
32.09529704718458 33.4400029535219
60.71848454238589 5.921768976882658
37.133174344101064 4.7804913835781555
52.05874753825298 10.208160601035887
66.7493854705701 98.60703241945006
15.167696500468764 62.39132172688894
98.49894752742124 58.73297801607524
90.85008328541922 33.464590022610054
5.693712088561831 30.320015181480176
4.618619251403977 8.022830911209622
33.86425317447106 68.66836683357045
94.3763142405833 20.62492836064265
59.026311937612 62.07420370120671
93.3448434469648 69.56540389500351
19.893001209951233 90.08989887848328
2.3028114604297545 66.58781350351235
2.00430441473729 38.034362003438495
52.11561970175178 98.55209452556825
80.7116000593355 28.82649931351404
40.2810397779363 66.43082038837527
79.19237826058907 56.586595937914986
95.49881094963546 74.10056158660237
58.15017510602052 15.56773160591648
87.46394268351979 61.10590270243633
52.93467006642509 58.652385898908776
4.646544675126075 84.0582699815694
48.32434442363236 18.200037914764554
57.452089661817695 18.708940468489676
12.886679042598237 17.51242684718024
14.98380991498981 49.44212271067404
93.32678264181419 95.5506129695625
44.488881229333835 29.162817183522115
74.18750016318867 10.572601862193842
93.74235509640879 88.2681378328878
36.27459345157719 66.00605480833421
23.715436749222917 46.777310922664796
96.55881577197 9.8034013931793
70.91026134222209 15.884995118811961
96.02548467664768 55.51943414974691
95.48868234608003 51.604601252101766
34.21594206634414 54.45888479102934
94.820318596974 35.777638821751026
34.16993617780745 83.00717549799322
28.913488874385173 6.328880808720971
66.16872361833437 68.35352643137513
10.013543084437515 45.07128739208039
88.08149834887999 23.377756005607342
20.548380523455336 34.28099036093369
26.227033997706506 17.4333750150238
2.456042146243964 35.84234770141344
97.26417611148649 23.59970556338312
45.24478966252335 61.28239770273256
6.016810381722171 73.42469819287646
89.2403748869536 60.24216236193227
19.39516409059826 94.53276201009395
21.26986938569835 53.4913115341344
63.960239381140504 41.98940640014243
28.899838083991312 31.148789993050798
36.97432832527869 69.54062536428805
37.39948308968679 60.05219791667439
8.48819884608102 63.421597441292654
47.47741189589524 54.573088260734515
70.7214676975341 66.58557921674439
92.66351829642694 13.996059287294592
38.840251505601884 34.053852428590844
35.62197286084757 84.87925479243893
27.74787215245761 35.10045620813514
19.258168263355692 38.53532326181796
67.03011364428131 57.3224396951037
59.46464191786751 36.72884292679585
34.228159475770134 4.4045980797551625
8.295955478452498 7.197382432477529
72.73686270575264 67.96213334343871
71.13122860167687 90.95686515730999
89.33018167818558 24.426029918551606
54.89860115424751 48.163658666398845
75.28124635051792 59.453136296954945
33.625281590086544 39.62810926804824
43.45642649874236 11.227950300806866
1.266155918965084 22.328645475618824
58.299013187285176 77.82567657618827
87.14157109109347 28.152151191149464
19.78644348503237 67.25800516621494
9.24830744037104 99.86894554478553
86.35792433482492 91.4949246830687
5.940279269163174 87.77876605547075
78.8637786980561 8.842479166672568
79.51804779256804 0.2758165870630158
36.11925280554365 12.379112376864532
37.212178791234486 24.59534311916571
37.255913099817725 51.56280835130415
77.64698871103583 82.42574876759713
59.04835252591164 60.1469262829784
12.980452743532833 15.466688555293906
84.21134358989286 99.25272277194178
17.465154572755093 59.96115816070269
73.60723174369684 50.21107756947093
91.3565033672026 96.09497720170069
11.895572963948563 71.11507781841567
73.07649221099895 61.34556916632757
31.68596434396531 68.75420793574611
0.8751913084368512 74.65705008745968
23.196796431652455 82.91604778918236
85.59324694299545 34.05038893700634
74.92931001943592 22.98131380802869
0.19663677210310926 9.020220220736796
92.11791907094202 57.13865572708039
50.89160390327309 50.46797689725806
94.18975318236794 89.28452371136714
78.02592390615125 89.69645022688049
14.72473122075405 62.80126326317493
19.264227242283027 57.05599357912431
71.25561663270823 97.99744016273195
41.23971692929054 96.26381041330472
88.49526655152597 19.358516701574292
25.30614053248713 96.495230473101
45.996140308075525 46.727953235729544
21.741549407797834 74.953388796747
48.10583908489614 52.1593536533426
76.18826830002114 3.5826421614735704
76.12390820222035 5.2726704418585735
15.468096481238081 20.10378550636779
93.11654027333705 69.10505949151606
5.703923037342296 59.707053541616105
76.15177049560997 13.16496255076023
20.984618702238123 74.96455468042633
77.01173405727299 40.965407142521
74.768000503998 34.359162435828196
