651
76.24648664957726 38.85703307627701
96.31529756745097 92.74415766455525
36.28948979922527 17.82845334808473
82.4065430750358 48.13083797096876
83.89957511919287 94.85553051614993
25.760009794056337 56.631631020611316
14.053038343422807 96.53390023491181
12.650843018190006 38.57027861725053
65.92212116449484 75.69682989967451
90.61148694953317 46.27167196592491
84.44152961560269 30.736996617366362
53.658960092620845 72.01656606826799
28.808593036765206 91.26479774673678
62.625323117412755 26.850526015951115
14.556989028773549 18.899110626455908
54.46261446494924 61.031941030586644
71.65515900390092 78.68528621629065
95.32081184124176 93.6099287281816
3.9963972514116763 77.80240338695815
13.498930531923758 46.88391866895106
30.911467297356133 73.26967961968232
20.576192858387987 50.044611950131824
37.202078339184474 98.79462449807728
14.896982894752009 91.20840111003207
81.32580806840718 99.77879832096068
65.55311876143259 48.108535556227
93.84836688796378 44.98243529869978
13.078863155366294 80.60226831730108
19.759171614431303 27.507244434102606
76.81073016004345 46.008354271246986
41.138965775496615 56.454434242100845
2.3394151065194047 51.95401322308453
79.97674636155662 65.92204016008816
32.02772638471652 92.84655328958262
92.05022441986421 19.350307531363274
91.54946952671983 22.130120237872152
36.2198027286102 68.11136168651248
61.286613170677754 42.76890358974133
21.495345319240954 93.19528073345778
7.729852525062131 20.19146189879091
19.69000375443688 64.52371547535765
37.933115717298826 11.485674577088833
44.789728882360514 32.87251132027035
50.42598998826764 33.02623282945573
54.522152354163026 81.97099148660855
40.30749753284293 54.79070410387726
86.30917877040724 61.59746740847629
87.86385767175926 83.16715838021038
29.322371875022192 15.088802840869686
28.08285879698521 11.65531062664793
91.67970289674973 48.64888893028907
11.080053913603871 22.064924086371242
73.1263719661869 9.023827103317416
66.13540624633602 68.5635467207485
76.60623814543608 10.85939209409993
61.47566545090556 41.10364922898274
5.4701664803520345 41.30381441156536
34.688756221173634 86.91302443991124
5.334495928120797 78.39989400639118
70.71569729837498 33.35428988301139
61.60100327861009 24.056787388868795
43.523668730807074 48.94558542903942
2.053582401109655 83.61446310373127
18.800043153136624 58.99928652862351
61.42008490663754 62.78368146402976
70.1055959269824 41.540417300482815
38.26210871575704 97.89566253855811
42.19185999089289 73.28128974095054
89.3961357822268 97.59708728562043
81.11507451322711 12.541130875712902
93.08533689312694 81.4566975344618
33.2587868979583 18.56679964053588
9.988285967315058 17.193657197106592
96.00953539767822 63.00434615560033
48.40262682741029 22.00098091912468
32.204965758423775 27.271029320712593
19.857378148128568 24.366236378573447
92.91655463992284 11.147602941297997
54.97046862706556 24.07169443528411
26.531311239181477 79.42374093977443
13.140513422571887 79.24270892486025
26.14509779855534 76.99440596366216
71.70308746920549 73.9346987652575
21.30184199486299 62.0940430619537
89.94639014113642 63.42169112158508
36.73024170321418 49.17532406353485
51.53437404242768 77.21068469722549
43.321409697634905 40.543618424736735
24.6065917434357 61.46601432468631
5.619311062777809 9.031596271132214
78.70695455842127 14.597552822312442
16.8517357984738 79.73531182011905
50.007394349171854 63.63006348098147
20.04760387699911 58.88413360358894
3.858184237569784 94.08782780639712
34.249349344779645 37.34899409851089
94.72059066713585 61.822089472070886
66.60640303749649 10.60945902651148
20.66817174081561 33.51603398144669
26.898242733249724 28.37104841042035
93.74318195505465 80.7575257806643
25.76763175093927 74.3921712867742
92.97609956223879 44.63445440496104
59.61866034076936 89.59565858898821
29.127330852682178 64.70371445601633
71.89757793372496 4.874441837370236
2.9528790381776138 55.275105521744436
5.627028236025078 78.70236146498219
88.58549434254283 91.56456660096727
57.18113879089041 68.26616368416207
61.53271425906862 31.997465434018192
40.720280715370826 72.00389954169154
60.78973668066142 87.50776743125832
61.86123636793596 7.176516522402232
44.41894544549419 11.932635032242157
7.2624734241308 97.896504608868
42.91406428781088 38.63999433735156
55.60447888115301 46.992349668336054
23.98631721966249 59.777394032319094
83.84506526651185 71.76231180405875
98.19559272201417 49.36510145743047
12.294432839864488 52.307679000502326
76.4839899982855 3.7865926076502965
75.41262459423073 18.05498554508024
72.45275565946123 74.79702282417388
10.698827325366246 58.10552351242219
19.665884559660075 9.49727270889994
53.255270466720305 95.80802711271112
84.32730627320997 92.414210068442
66.23415519114744 99.82866807451178
88.74888863670736 5.805432406556454
70.5464170316069 35.786447791462514
81.75575776962643 29.74628314505664
30.68996614290387 75.59230629558672
15.563289642702715 76.5702730036065
38.162001707485715 8.969232277739703
96.56395842020198 54.33773867656969
50.91306211215091 80.67701238525437
8.38087861344502 94.7598038583957
87.18324536092156 51.09642640535608
44.369244147322895 1.809783325324088
56.06245859417911 83.4010290165147
71.5192490129005 48.48237457345187
8.595807380801379 23.081109046470072
15.361782416103509 52.63341874664158
89.13651789244268 30.253282914666823
71.33168107701945 49.13337651286027
8.355422489873554 96.060306343993
97.83514388817827 82.65611062065844
56.49677039466483 30.285188522668705
21.47221297989659 64.23469600108778
35.44046491946137 84.92291671154857
3.536788288197956 20.775951810581596
4.62288913246145 12.794173911557028
90.2154429786963 0.38044928485500007
45.51061231201899 91.24492792392172
25.391383331442185 31.439935651406437
90.96507387588608 28.091258488357752
1.9273048153993 81.26979274988406
22.00767714910078 38.26344210372283
16.945053797795183 36.722860299665705
68.24846058026127 25.56883312888667
15.868809455206579 10.143659072787237
80.46830552561356 89.49585360787495
71.86008311279247 45.22491685347262
14.997729114272229 28.95572430826049
18.653477064317926 61.66752211493625
35.86231926126029 7.92772705649395
62.11939145311804 59.953110175713775
85.14208766368006 51.8747882174778
85.14150081024368 88.035512172937
34.78660289334216 93.55531887413333
17.96419177252223 61.038408747367214
90.10974752139953 46.34766753494286
90.19033966064376 96.93362147019019
40.73248617189018 22.123421208270788
5.666052318714332 28.58545489463452
97.99103413942584 5.14943001605862
75.24845770284028 80.89311001745433
13.46948113086317 47.20691042362579
59.1956673971439 18.373036114718378
83.66773398000483 52.26324571360911
52.05692086462656 21.408568481718525
51.101971993360095 22.31331016155368
87.66321801704223 35.95318260576749
27.02173866284663 90.48625936081008
52.79721771405189 45.86564879100903
5.880131164929092 32.02066314907689
43.484326438283695 84.74946715690935
58.921096400990436 12.16561752894374
85.83327891671642 95.4986159077691
78.84597808896905 77.59160717035797
7.4919518211711384 90.14524279259284
5.675606109818188 15.537297347415224
0.2099693374896905 98.55158348097743
17.51274418868326 16.65384673309218
78.20050528418135 85.44518930075496
12.148085476191529 79.29677947134707
52.0201878316649 31.759320701551218
81.46571014541192 58.0611569088202
26.29795109185101 51.64388080300357
88.51341805204142 60.040419641033125
71.69701408793394 61.412079716562
83.28180801694323 5.938685565376511
92.39186026092364 86.07268376729542
15.544040633640698 63.79211044748505
49.26492083294477 73.59702307995713
82.54731692269965 70.07412017718423
67.02316746818097 80.62143759022287
32.9297452799752 58.077364087928686
6.722941823872619 1.6166542124672167
31.164523055764015 46.93248947784699
7.917791798355644 55.10623942575157
3.8313683159827305 44.02861910393692
65.56790037821303 29.71351996204652
54.195497866536805 67.94741867326287
12.59003981631034 39.49136045537035
78.77169040265669 35.21723767213732
46.63045688632553 20.682454773819014
40.891156733590094 50.64081212764133
20.869794967647348 99.20519583383499
97.72627155629145 98.65888414245147
78.0169104525159 9.635395578343386
16.65329492245324 63.143602930032
37.69545652381608 45.320953711967014
50.26809761677116 38.10637380372791
10.319104220470365 84.92605903818382
5.738625912117012 90.59337939450349
78.50607763985606 45.31425671366897
66.98393860296899 36.180194066271895
7.264718808925541 31.917194302251772
28.201010909132652 54.787190719047906
0.14508574826948006 79.31857016961101
11.629969064357415 80.16347439728038
16.08561608039748 39.96951782717936
58.28140077467956 55.24272499970405
88.6337795364859 57.13774775059866
84.14101253214702 25.158606044649357
95.64863706407624 82.21914007413883
71.3560867845507 44.9264308139644
29.213441237590676 14.414927383042187
30.934359573562187 82.41101977780176
2.55615294400503 13.82467552366603
14.473480123247985 64.19973421145039
55.590513557072306 72.16980869126694
68.88894045527267 46.06525320866122
85.51012210313283 55.77440396193053
62.37922868000967 95.64809425239817
25.61704998880112 81.50693410676035
40.60719456681643 68.38605996174277
77.30407164402844 12.259356146622203
82.39580804873252 27.653632598990242
30.58310622162138 11.571711149940056
92.50029469951158 2.2319697259241766
91.34101063038372 15.710631103258022
95.18991867386667 69.42887792434854
41.281557045703124 63.14308280333005
85.48836043928131 82.70332990526454
17.08470617659127 84.82128710307009
95.17527417664702 73.000199610073
86.13055463007228 62.21259249101663
6.500924637587479 94.03417813891566
1.7840374164553974 83.73663796592164
58.92958544242044 91.27109255101932
46.47429248952104 62.5565182534276
83.42269167013161 23.52464252121197
66.93484862129348 92.79446757256831
37.02304930393387 39.19887936924519
51.99922743328662 89.94159478770068
83.30785127661441 70.79025996887542
47.83873445902288 54.60952716646753
39.760335758801844 44.314886359776494
81.93260800689947 59.95748816124401
3.4217595380769628 31.223959228071507
21.76803111624398 17.062212420214784
52.78152556663731 21.638830076083003
69.29223607409337 34.84491851074405
50.063132999941395 10.047957967701338
82.74605678245668 5.3375418402539125
46.853379716117274 59.38604621975566
23.402947934175522 50.37934421970154
30.899448242173722 19.175017377209013
1.6435060333037321 98.20454672502919
7.723804240524124 95.07258629323319
48.0092081895792 78.20312529184226
10.096842691767705 22.47955782285941
74.35320171877603 78.25954252512956
19.083102103372298 61.76310300023181
19.614533191478134 96.24874036803168
72.44429567289355 37.761749099653365
99.35657995994032 63.71092244229022
55.39083006898863 5.596696085532093
96.90187737672635 31.24273659237987
89.84000253417798 91.79301708285
5.718662658455209 98.46795194294742
21.13866889409264 44.64924379113414
75.22141279421061 27.594824859353515
4.978033169453755 38.72305346536482
93.23368111366794 69.61500734736644
19.805114187321927 54.96626657270279
16.582097873725587 1.9580438053601879
93.10745269869969 50.794163761868774
60.19134529328489 94.43203495649236
4.209738698981735 89.20049010840766
83.4178725697036 7.170826445340461
72.66800589937162 96.51233689515382
2.41348529206058 91.42649341379932
69.7644328576586 11.818542980963809
80.0584278708543 28.995057052612704
26.571600552037754 26.496398067160666
4.259498507271598 45.46856893084899
30.82887857121871 21.441180917200807
43.7898590687562 51.6878035270136
60.70677298075064 30.133569306662178
33.40328243284386 32.60066829695369
0.035027547078536614 29.481364867040803
55.34054869508614 50.19423490810884
75.39767937708888 4.624402991218579
81.52701433513785 72.12669976752159
17.489536542118778 66.47724996967345
79.80566349713828 37.76263051130506
42.259266972109 43.20641412181092
87.9699011886273 43.24211525264185
40.68384698980465 27.767615150666934
29.16404433051597 93.96064917514285
5.1484161880291035 30.635631203008828
70.93710374290997 64.34539676521334
63.52092815467609 73.76513324985547
32.671410761839034 98.97549697601839
15.080480838830645 82.3660808508598
19.57573498855576 64.55137500102717
93.39934932728113 97.92079096110267
77.24686840345672 56.51611540296807
93.20626622137442 15.195272330401455
96.47986810201758 19.988559682380426
28.4869781045204 1.9977485308613208
61.95116979625273 30.6003732645627
60.91094429419924 24.32871910113793
18.40916248233494 8.633585657356878
13.685314349718336 89.46845498075798
76.68485133969143 32.96658788826935
72.82499006861732 15.075887526386467
29.584601039799097 21.552245845842442
30.34933657768163 9.676327647841255
22.067534618610964 62.235782399306004
69.06605171267239 66.59232591411902
39.07482485002082 91.88652799641596
53.7238941884455 16.955309278999543
64.51611115901848 0.7722663517965911
99.00684073579177 13.078518979478893
98.0561876593406 3.5105846914685657
82.50883961170923 74.0146780695948
85.87743466001291 80.47308740083444
91.09964915078551 92.26714195569532
48.081568986028024 84.4171117181179
76.19972063244376 25.752005032724178
11.324854112171723 32.07012889547087
52.683804983657204 65.6337497363097
3.7798523687346375 99.39538839466535
45.91755283521146 18.06867733131501
30.939509307340206 67.82053719853161
5.9644592460122325 9.760984308107146
41.703292469801525 30.24227363155131
30.03280829587598 56.52464185927302
89.87245279969216 5.1373655288009745
33.13590683590358 88.57371384781347
86.2678035822334 7.794556367552852
40.71973256970946 49.98356259274841
80.76898748494398 20.61955793296304
58.961416163316386 3.7296873307259615
47.59651357222786 70.00255771390984
29.114646775278942 29.57170779655258
5.562103310136635 68.87844526548709
62.28803219837098 34.03987469424662
42.40568822708841 18.216716537014864
11.838774513401473 43.028991914775425
62.61835404853976 67.91506466163307
22.11226948988747 2.985700959555082
88.89767357577598 0.046474436152699194
47.13276943351996 37.78210737926375
92.65452331017377 75.04025280462004
70.14146688711946 20.713429731601906
1.368267979136406 11.275216680759248
60.091742127673974 12.865725766582525
87.10821869080534 31.422267111462787
31.80474184394849 81.55748412924711
8.72530082918045 77.43222280368165
0.42370586926203657 70.23007975192395
24.540125379724444 17.28514414948362
43.20420147588916 20.908989793993182
72.68018899172804 39.22935667551505
0.30560122953264823 50.4887011739044
23.780780283785052 82.89939709130701
59.62394109415984 27.929692169719743
97.00158982927248 83.47769654663814
15.265166296915677 66.23608742537057
55.707255878613815 31.416200023182316
95.5564539478545 44.524292328446
84.8401076966033 14.881171826559282
53.95226272730886 89.00353527974548
71.11813519600099 31.817166465222357
56.03331295203135 28.770120662515154
86.49470719234057 58.236253862532685
45.96948128527444 61.13128179051797
52.167359654881416 13.200109452087938
89.12412811093006 10.6761507114025
46.770010519963535 88.60155654844792
63.72898500127605 54.246422320276736
20.517246764917175 64.27472238027102
12.515263358850726 27.743391998768008
68.74990568917518 29.86663753122727
85.81908791127313 85.96776792516657
1.152509544033331 70.29813466038114
6.689382350927142 45.24211397975332
23.20449645692737 12.707109410399253
43.09018994069833 32.2464853452532
76.96867161642317 30.21978505039875
79.10624875371975 6.458055893571646
82.46126228892201 68.21756787754492
27.1282137674027 57.59941915869615
6.658979169667456 61.39075749641473
65.55169322519966 79.09522736550824
93.09259424709467 44.803171293932934
76.68203965122461 53.01320044340688
2.5246330297375774 91.72091621758177
19.584523014712662 86.95937930218345
58.77544163855565 25.975085940144826
20.04256050877119 29.070584961256728
19.341090648647462 65.16570729550608
82.5549988141156 68.33893818271693
87.22340391451038 81.98733471930522
96.66264243987709 74.05980380265349
40.2426375353121 0.08797851976731774
36.54009039428131 61.33127818460018
71.24611961587576 8.294311770790586
96.56160423256146 39.61324568722644
63.32037007858781 41.8082118246516
98.2088972420244 47.112577025699196
37.43915947758928 89.0493473205292
24.06873020439949 81.2788768575495
41.58354486639138 59.245390768863835
30.678809029059007 92.24122038634326
79.4161294845544 12.647618252931991
1.2456711849549218 4.111680680150398
33.857698719609594 14.666683190461583
19.765732903134715 5.43940880829844
32.930799082036486 25.43398125958658
44.35509895406866 82.04619783908927
29.71307063290929 41.56819439210736
16.379033494076378 37.85430644342558
80.63137041108807 61.15151852775583
23.503437830794404 8.846783404957904
27.520459448974066 16.69280704834779
57.03503131436772 43.85443588143265
93.84315864924982 21.868470180157328
37.00660137739128 0.7138985001314491
58.88897881312518 17.25964397903752
57.44878260137216 45.532753222090406
72.91425885353455 8.854186242791506
45.34355131274693 94.62391242339814
95.55688606607464 48.733116329294965
23.829093858264905 66.07899827452593
23.09220148377158 39.30920760559694
94.08732306216088 77.24554526663331
0.6620281330306343 53.482175396728415
27.961881063745576 9.072432079611836
2.4698545384289172 2.871839798524778
69.61701241616242 74.2966895740296
37.30069206128207 60.24677057742941
6.653826183016564 18.54456794513003
97.81185478185206 93.25636976192408
46.06061436767052 64.91334682209104
88.33462502057954 67.45138534558819
39.20264854360012 38.41765094086295
49.099757231138206 58.64196883866245
24.24002726051162 83.07000877310332
46.602922420099326 70.47010124542675
55.87310112508474 13.296155468426251
20.939715291327342 33.43825006688017
84.07382546897382 30.35685699921742
84.91575984938811 3.507114528620381
54.7274703313292 17.5410187000539
83.7873980273172 29.79002133583981
52.55073448304744 69.67733084249768
81.02860870524627 7.6410206132729535
14.547049657312073 17.20880623668983
74.36391476260567 15.072955563867529
13.803327431761293 26.988509204356504
56.910851037500656 13.598492153471176
87.12642558971795 44.25891679179069
49.05345546841987 31.97044614191935
61.24212249572114 97.128150336843
27.153480333978074 15.685125431650615
69.22924338994942 43.63740851258899
31.983674939355332 99.89382693210618
15.123753833444153 57.12681974973201
31.693032653677754 40.34104457286691
62.32304202375965 82.2000820084088
21.2456964419796 99.34441611913928
65.38293012672483 25.355979623395307
37.41460983733267 81.62941079763519
49.55280429320457 6.250591092742774
31.435944278168115 84.18363988281578
82.93359516413157 58.23754743575979
92.77887555748275 92.76397567325208
50.6141576766599 96.33479642652951
26.277410765572196 69.11315875469069
21.4691187514065 92.16946479494251
74.31892579580237 4.739748078548278
49.70501545495867 0.637899219598681
85.34342140182903 55.81613219440368
1.1590360934129462 12.381443694172267
88.20868974753155 86.38028712980555
2.0351153075463424 12.026733840199167
79.15849865230842 44.19542081263423
49.70925495403069 5.946211987786699
82.4983241568895 2.5320071372767816
1.8848058494147613 85.451380603562
75.04858357221322 20.624944105525845
91.95594389985868 77.21453688914511
32.459661667197324 50.10681779488827
7.717875760116444 86.20794416747219
70.13322345167128 92.80108147245127
61.056809179227976 65.0489049216305
95.36438240078854 38.677056791644574
31.52962571799388 46.92137938947894
96.9433560665967 99.336111967228
74.15261695596203 6.759669593900686
40.4281127440325 4.262894406594697
61.03099845370233 50.78052592378243
54.46759816258167 50.79617819049
83.51459013387885 43.60228693235653
22.35932797178006 85.73293021715168
44.351574281504924 16.399769932377183
56.57071089682953 54.606686701544675
42.9726684547414 98.60225484614517
71.06202015035086 33.548097961354564
86.45857661321517 80.71862622622407
54.54551292864598 33.79443386939705
8.38324793265971 80.73372172679323
98.8653480174403 43.264666027184916
80.5901451315895 44.93928371161768
32.212614060176335 98.16797485586835
39.56559330240448 63.26747527137532
90.66258252812727 98.60403070578667
22.49656097552387 56.381948184205434
70.7524594737848 91.86747620391247
23.851451733071848 46.61825798896969
45.50191165298079 17.297375663706205
29.481556577027433 4.5211882974817925
94.07896169027498 72.05430750518865
36.32966063563835 63.83782748434928
45.41119617169363 56.60219550157937
33.09085625733963 67.61627785201082
72.03637118055364 51.27691099589935
6.64816104285344 37.726919173261585
98.21403255639628 97.80004221767206
45.948602803472326 13.441254448883043
75.90227160229556 28.14715624708991
74.2971184715448 8.03088507660773
26.978139079094753 51.44536381733741
82.89881405798302 42.080240714347525
21.029123644561988 19.039170840960672
83.85473021438911 49.63347530232948
48.35490804525313 85.62048819071055
63.250456872780944 18.947023026274024
33.47626215353527 76.49389229335323
82.15628369613157 63.48394438890323
2.2204375110569607 9.943812355520254
4.399628269385925 29.705680392068256
78.13892617163351 26.19340540999483
85.78372447474875 67.68409869474895
52.0117785115086 77.19184582405866
16.0531484488136 81.46307511933672
61.28758668582734 84.6267881266076
14.908194765099603 99.81129446937987
21.726063949690854 99.85758781887219
84.40394707104825 16.140172775935124
38.87492484716527 15.222614581333527
21.915780031402587 13.993674414807955
15.94620241404946 93.38001131111625
17.348094399288826 8.335673316689384
72.45055375461915 68.22599552761093
63.84908840055944 68.23483697939086
24.19544933414609 84.18831716465166
30.790800326974477 32.359524465520174
66.58751084993627 74.12502285882081
45.415320791379386 39.96854929209784
98.70447957570086 76.30016270630948
1.2420293503165092 60.10133458181765
64.07090886928609 32.63237568140664
68.4405243917433 49.80360584918081
55.88120226557789 69.52517433748949
92.44340026632752 76.51098856200666
47.8038059894405 36.64613091586576
44.14180295297145 56.18306879743762
34.30310363122712 6.996633590549417
7.915274147331286 2.9912246928909814
41.551234767404125 97.19336311799329
87.77586345798501 2.0430607897743647
81.85069868577696 2.3150288527626794
74.21714125430971 36.17430294839931
37.92241465415718 31.6706172261199
42.41703863024387 64.2397425441495
8.376930629695146 43.58627364773302
86.06324076700858 89.06341241185702
47.3088752209201 90.29442271843834
5.13144370950569 12.337224322361152
40.4868211696652 19.573783291510527
21.70170586277579 5.092991859822382
18.99002780698601 24.45319855904161
3.8039906047643735 38.11585265462685
73.0232674488108 76.85008802052977
22.73418919733613 20.294728597746293
6.299088286502097 18.74098555340099
49.6802155702319 63.37750479705721
64.55586485062311 13.761544836649787
61.32676254791095 2.826405722696923
61.826782955587966 36.760640529970836
36.91767377727675 7.814224775035628
38.77461619162968 4.6496803012403
85.3364666234382 96.31439423243387
79.77144402093818 45.75644510537392
7.110512909241251 54.46501506195902
66.52141063823836 79.60177797106431
47.633543941356685 86.10335879053123
76.06047040914639 50.09184909968547
85.85107204742629 91.1334416245238
81.41411495180701 9.680614401926746
30.843796103738963 41.8527035473884
54.926998998990825 15.108610589341664
43.73013854615222 11.392956150479849
77.6362073854196 10.643492838249369
41.96488244422889 72.54034912286528
13.164899144074916 31.16625124387631
18.444392305084133 50.31001823054293
33.42971591684807 11.001219072755786
50.34744336706053 78.92386026846772
83.98331717295223 45.086459108172306
6.211921738876125 46.02934202406227
24.946571644472648 80.03298548547637
86.16513262477302 57.87813019107061
51.380264982227516 45.35215550916746
30.653282471206566 38.17822061335112
73.4299986797755 11.59293000081123
24.907938473450596 14.586142153761305
15.786233735888555 2.499266527872246
84.1433735255079 99.37247164851892
26.461295702408407 49.76109259120239
89.08075262829352 12.743654516668546
73.07998598099617 48.19704724805126
