793
19.723619564419216 76.0221954420968
46.71353967691269 27.120973623093803
71.3935929289174 29.529008005937317
42.85774835822033 25.000047041146832
28.757462281246337 22.831964290354613
83.90696725103129 58.08834840813994
76.53885193630956 7.744027753939875
85.2883179346056 51.394662306218294
66.9005167036029 77.8333164344998
63.097939756303376 60.77125350835107
35.56423047629832 2.5688185084263293
84.2403311746717 98.4154304826116
15.791542395350323 29.6735056321201
18.148579881780712 30.665208948316714
64.90689326514673 24.562721621488315
60.03447011915356 26.420676779649753
26.46052798883841 86.81087418058611
54.50891863209528 2.9396470949075937
70.54281440312732 96.95002309820082
45.98247178986359 84.07995818500655
5.7505155919118645 54.8712393991324
35.79825142249996 13.787122582942468
16.528128690980637 29.349822345672127
92.24536904157355 18.86729508796242
96.55618134176103 46.10416638644803
14.676089461315867 71.89731865474167
5.8178952969218045 75.02088145363032
21.917339404398696 31.646395547627158
95.32479549156852 72.99020706625446
53.795242160862685 86.39933326916024
28.60790305353906 71.1267851182198
72.97163571903982 47.20395116448639
22.110485996974305 66.16465609084628
81.54850542792785 86.19469364742379
42.08778147564281 69.15604089530785
70.67416283601537 2.177373763610735
40.79391853358888 25.23180788642233
10.935726658845702 6.024378390257812
66.64740180044214 40.16297028733107
94.02131401948505 72.55398153391167
19.283911455591827 54.2802219397417
16.629195524617955 9.474302863896433
61.23504177014617 15.13010910917404
21.93053727437898 1.4388165577478573
60.62035379035431 98.45967825530282
37.92827277730103 79.6855646986949
70.28589286412493 53.83116885621261
69.43696014803284 23.022804441809097
41.809459807601336 36.23425514120516
46.79918484365446 25.736511123277516
66.90798681941713 36.876027289380055
17.281136627281068 90.09688908243125
27.836029230129554 8.703709093660194
71.14718182326001 56.64459889999459
91.4571029008972 29.586071564255057
29.29961572584563 70.29706992905513
23.178173064721275 71.0347023577429
60.91187895000487 99.51790908286557
88.91858272633694 83.750868120748
60.22572429837913 69.29805434858959
97.39506410543132 89.41050719314944
51.28911317884127 38.59661358911809
31.228603701367376 74.75904124972159
17.910053973233587 21.902921822613642
84.5101624891119 42.07615322133669
50.31108435742284 60.81190845544037
25.35777713699353 46.96081554384467
7.755437712183689 55.80323520201635
4.803938079625025 61.398547504528
40.44644228784928 96.12331395668787
93.13547895745367 76.61660845853444
81.2260501993487 0.9529829540770418
89.44113035692646 40.93902681467229
79.21650801059134 34.28214415910317
74.96938505160838 11.804535187096032
12.983027358532285 96.66976926394076
76.00088037070927 2.5540694749490944
61.89717774189529 64.43174591375116
6.3177847350404 29.766412432106225
82.72623529661458 24.57222008982155
35.77007215952679 7.266621349631186
60.900335180445474 3.381715166812471
44.568179678113594 53.899637219007026
98.19704512790587 54.133507574480774
40.57219131988232 98.64408025907755
17.108897531928037 98.64378874032279
52.000601840541336 30.947800492377908
23.505597110267495 92.76126390686973
7.20382239994517 96.65804387364824
62.72231707402537 26.067362468175304
15.557330084744581 11.434382508337482
98.88727383374027 80.59049867536615
20.539695217683196 77.7639242446168
3.435670441366878 26.218013519563677
97.47203335719928 55.60962815337004
51.391590370830876 94.70309193386151
83.81198190853422 50.494853450515386
35.6699000881071 20.262830123828714
80.70111814071772 53.99612031677235
29.33522150550566 87.6073579694994
51.701230081912776 30.156428777038645
2.480719943014198 4.11586913778298
34.87015843256695 9.546261849975968
85.51946872544104 13.691095336444569
14.12649135658035 37.27007951924325
27.722252667638237 92.07641207148765
36.9286278089631 53.37028418016268
27.76895732225303 5.436903559321793
27.75032145981585 54.921784864172054
59.72357520983387 88.22948455870538
99.18473932369908 65.90278453698616
7.237016653169304 23.91269755348744
1.9288439154278247 6.642424015147097
98.12801250939931 84.36396358470553
70.41076860799781 5.0138090988008805
85.56661480484648 65.11615463028447
51.924265990133186 52.69842418402699
3.542713468183478 8.619861176277666
47.32557464634629 42.66739187198332
98.05076517995461 19.562559125016644
97.90155792821669 0.659393259181762
37.18116816215237 66.80011307744653
15.064428795878426 2.009251521085864
33.09792934462139 84.07915586499008
7.160286145075634 17.835324207603986
19.7232095551657 59.5515751658442
63.88846834951105 85.05983924658666
85.19571615319916 78.16713523669759
57.46928406831935 20.837676787290082
75.14682034934455 66.52974589714687
32.920766570861915 23.371241944948828
28.149192130555058 29.05049813800896
44.17653923426844 59.96748626366648
88.13122793703909 36.415753931493214
44.43865578536283 58.00081997835777
17.39868551827182 58.67727535700599
20.423987643773522 34.03814557246322
87.58126731223058 75.27992437283983
89.59077484259869 29.535367856786245
32.269859252616506 43.010563177387674
70.74861551097477 80.76396347035556
70.31221570580523 88.05739158106107
23.820972009914865 93.07769984529648
16.28612397673478 21.907094864176734
40.25296639086044 54.69515722194722
64.82111221295568 3.50934321128078
21.245700708372684 4.545224065619036
80.57917448802051 61.040247453921715
3.7364192291469367 50.75456366522215
89.53388173996737 99.6982459435727
31.15086847513895 18.626776193232097
18.27448413681777 96.83089048792856
61.93222053341404 85.53048934775657
50.83485542291517 3.882121645723624
82.74394832694728 87.22619864115003
33.37823474350873 4.565518463003048
87.17104776003582 19.554899359968637
90.67544757954273 96.39669293828138
94.8265699019873 70.68393959729934
82.86511318533016 32.72376928159334
6.838004816341947 36.15892413050209
22.19205376581076 34.29505654549213
37.52766600413917 25.481588148696886
53.50903465708827 58.02645817879385
77.70818205362382 94.4082596959762
27.722874544759247 24.881707881815895
62.62517521125508 65.34206782942978
83.03795529380602 84.12048817915506
26.289675774752197 76.96768524924228
6.7412135216700975 4.537773882127915
65.96622809097337 73.04999110200127
67.70779362556773 86.54325318715188
17.866978881405327 48.87265792775626
60.453243849170725 76.77154342007053
86.82819267092562 74.4032869304681
47.84132165410375 67.54048221568281
89.26562506594348 88.25183025993329
34.68843769105201 62.456658213803394
22.68942799231698 93.01701243999688
65.03736858940664 63.36945631564116
51.261737365978 70.44008483316455
61.31730861772986 60.64679649469751
78.5132582038749 11.455458128143158
19.171036340164516 72.67800892651279
80.68061258910622 20.27933363188027
72.07186420373701 1.1946583110755915
24.515494863755272 47.69235837392851
53.2163737754839 88.67240230226501
35.2418297248983 86.7803100013193
15.720951453167341 62.64062134020797
21.371988177994304 78.7756185522698
18.850259454283858 45.87882740804231
32.975629873446266 85.0493698088663
49.82044515508638 4.13521302673826
0.8469500847066214 44.11617805124975
76.89373663232799 66.78101599474002
36.018410989674386 84.78496200693627
21.538743084850154 95.51695939420975
95.3537973886533 1.7392512127797355
67.89085846403812 5.188827745403191
45.92257368591333 20.967033267318914
36.291634141435836 61.240041256709155
27.028761913650744 41.558964120275846
45.914158286272 90.71924036440069
85.3796684793602 94.26859841856717
92.74226032132222 62.42708542632993
9.434527584632324 35.486874429097796
3.9124047669565565 98.49240069095593
77.09813779280843 11.665584746275515
0.31270085070063125 48.14915653175922
82.62473275575208 94.84926889702429
72.08879389549955 86.25619225098269
47.86364910351675 0.26138728076545714
48.26799925196191 63.857037507467865
52.94638940084337 9.256772252977697
0.25815238284414566 41.37758883796428
39.16439145275279 4.5840232936198095
49.85774903512941 98.5211078881964
36.3381732806569 9.810723374569186
74.50901091741065 93.43367734263413
93.74048679870612 49.76976263412139
61.836203726069364 6.318883257600005
87.05882758265659 71.87851944213838
6.64583506969395 78.80532549867468
28.493168898915744 60.93725248776003
67.4704096125342 55.17188100943674
35.931514490087615 21.70400022291118
82.12326446442015 38.47172639807324
76.68973377841381 96.87639643704817
81.12330985100724 96.8409321767651
2.8520397773104555 60.45301432784299
45.353595358804746 86.86221342176341
22.21534776354582 8.507541021113685
50.65468237575656 41.555244116356285
96.64795787634202 29.110306567106115
4.912452634460407 22.480291544431875
82.48338273959057 49.9873895990852
93.12638208197333 46.81133182579832
47.80375683179257 12.120677609865849
3.4833176310783753 10.1687013776678
17.8685231338642 62.92467702411203
72.00692847142194 95.48933037618468
99.23064480474463 7.709698330434112
14.841539567831518 55.99199914732203
5.4380967791407215 34.74088150960407
64.41364930603586 89.36759011262954
95.80271987301613 28.763164434010125
19.49636781015617 36.67007687294116
29.458291435632134 28.9194196398208
14.96083751809455 42.14438933528635
87.91225281562579 16.405848931526855
32.58953613196021 69.7321249432262
84.65745674229122 21.62646524161096
85.29239094988552 21.476216728216578
87.59275488234847 62.90361018904933
30.517897916382076 13.955355496287702
2.70684954890682 62.10874899781831
87.17173900325305 93.72077598193104
68.3988736304355 69.27831238720059
5.239302262671853 0.8058258471887236
29.10799101822046 92.74718959071389
36.90180365408323 19.51098536683631
68.42164332226925 51.82023349503327
59.58221905229731 10.849172349026869
78.26643800908256 95.19158054727495
96.59301218559303 93.87231005223293
12.436000854947348 86.32595473794889
39.80271387683062 68.15723926384032
62.38517282450612 9.109834912288806
45.06521510801777 94.97609888365557
7.357031064039532 11.764475068504632
5.799696978849345 12.883642105633653
11.89647478011624 67.06525447468609
1.8612622179268512 4.567843211556799
54.202334639911996 53.02360197201785
20.89818998990506 22.378373563137323
44.24915195867513 9.085529961022809
97.48437987955668 72.57043162004122
10.909479768680331 53.00189829818456
74.86499459782225 75.66426698864511
52.65082749285703 57.6585442388955
22.502400318442028 62.73601186683527
7.377064029607993 39.60466819915717
26.470695077245164 34.16509885055009
44.03773997765577 41.45559798090981
18.334401133120238 35.77857368486579
89.05072989771703 12.202094814004184
36.81348273172426 86.42698158723215
61.60967299572492 48.915199344471695
43.45532113357178 61.3485391349646
12.937599699652925 50.96349717982649
65.67223394900843 72.19801951597132
51.039060378047516 86.23881951641535
62.29941248116643 31.313787294132787
2.599786733407594 76.22395052942683
15.964434384375348 24.19512410056769
54.15040005455127 36.49648216267717
27.189059583291563 69.69745885452176
56.83611719153042 67.08588714853582
94.60493948680765 32.95624460041989
28.477396223662577 57.805992951114824
1.6739183453634565 84.18826889709429
79.31325093536185 18.435051048017627
16.620933198462062 69.04819992418918
74.48564781526036 41.74300400095265
2.9310311801400757 71.21881493048645
9.053332736452525 18.871172924727965
78.27832719645053 41.32453312623
67.43324797707919 44.44049734318231
95.98775963614483 15.4322336185299
30.0767852116994 52.60705617114627
54.341013444495424 12.010886657624331
85.11100317607468 31.044041218604733
60.89016358674642 98.84569409935885
46.203850427486 29.22368893496097
6.292296525949226 40.06469436220665
62.04144699272279 55.841660457874845
76.17903154279263 60.3462410479808
60.93766279106052 36.10654526259022
61.71249723403815 65.44742208604404
15.8586501826112 26.631462757031276
0.18853224674922897 64.87274605421905
38.62318266422626 83.71423906477085
78.59012958399789 24.561399181764333
51.55413351868929 44.44062424384083
3.3021318333544936 32.63537578668655
85.12296517048271 39.96268731273979
69.38261750784538 83.5200352068631
47.52398928683511 12.330284909724377
72.23799177338162 10.21150173524774
36.8251563162599 19.97351914968515
24.16274180490824 10.897261458253006
74.98113482295985 61.308830184788064
11.593597792660004 28.56463885486047
63.019575261194085 71.45733870681798
71.1226705026141 33.44152719114623
81.18965869478531 55.68361709680114
8.97682791268638 19.984260018191268
19.102555630759767 98.26334872289283
92.7068621834867 87.31496399754083
17.198724930129217 0.6823562650975057
9.397407327012031 92.87819879331998
60.447000507640404 33.71114335893803
43.02394173954605 0.9251176522933058
48.860396721872036 86.88762555658047
49.3588215016754 28.5880906491373
15.516734356517304 3.3801838506539728
55.83299812186723 80.14799151265927
29.201995768953772 79.81939979271128
23.55220077688366 6.173613559738101
60.424058576493366 40.38318848349868
12.650215407638754 88.3459274138136
31.38295404950454 90.15079126019052
8.485679315926141 63.7426365346114
38.48576892811734 93.65444263163823
92.52982944415693 58.33797167818264
35.728179255717485 45.33268672429177
6.946915794413555 22.82984426809821
90.32381793532457 51.40948609973406
73.01964376575131 92.93116363154448
11.144448793553751 44.62845524097696
39.39205321113318 62.476821742371115
72.70518905455619 38.85760815607166
46.737743053484806 11.508484732040735
47.251828683243716 9.392863009994079
79.17793596250753 41.116559007098715
51.8440316245886 96.25402282568074
41.18972238530952 71.2975576291757
16.313456391201587 12.075668250199278
6.705921457305175 24.80547953889665
33.50221003621907 86.13575465327195
45.65687459368053 91.70309449308847
75.93535490505734 71.42432204711127
69.10261748228326 4.011578114354874
95.57962989800467 45.350715147947895
53.99103773681543 58.4739548312435
70.63886457960609 99.77071843065336
75.42624318698988 5.704974825870634
74.83612807497765 26.432685004345004
74.95262561749 58.161012527450055
88.47941284059814 8.676023287827528
3.2893816122489206 81.0718207920865
66.65310731690009 49.812263679899274
64.3138748193522 84.66524461530622
35.423847438505064 89.55156175538377
38.08241019927125 96.99388888420562
57.64408380080259 28.723809097781928
15.170826078188993 54.010229059384585
13.60822116872653 10.275859897781704
62.396444950102506 69.1649789743474
19.890472982643747 55.2971471150985
98.62850585062336 66.32508724251863
6.23844527493368 18.234004866957974
6.2982592509624125 20.016955533230707
78.34200891023586 98.89987615554467
25.959648963501202 69.85436672601921
12.783969930391493 95.78650981159012
93.39038302339551 78.53950711281246
49.12871465694513 67.9469161396907
84.63894334806842 95.14788998752547
44.70590686168793 89.05951418977203
52.22615785204853 45.64213289100123
38.67604793311512 16.381148136678725
29.066394198385716 16.64071711282771
78.96113220970322 88.23942806407294
19.434830641570176 79.35480730351189
63.51841623583 20.02457697452208
75.43344382193982 54.238117338194535
10.088738094381068 80.34895373623034
4.458749463757162 10.326726772326767
47.132818889033935 17.491977435814032
75.18523257545657 81.61230967444233
74.85046212273102 71.56356818961498
31.623270855808304 1.9466951094047058
82.25780280130296 50.64300203155675
42.00948274850727 98.43338621613157
81.51426200335436 27.619001729041305
63.75411078902514 4.836103734794184
21.019764437835477 74.49329819330293
32.60465934216937 54.092501981906125
12.241395555338208 65.32888516883538
86.7604618491864 91.23604243305343
60.663185257528504 22.95763445688318
53.382239564416544 13.440337209561193
74.94440379640504 57.65909108808803
24.19778007745974 50.70055777541603
30.653685670625343 28.190058749301894
69.68266036474797 61.90348980942786
45.570922182224 55.08911694080074
42.056309761771594 76.30490355081812
33.78435335700642 4.852230688672199
37.873265944802256 40.71439349481351
66.12693705831025 1.7205370448394763
20.778219138267882 22.513839290669523
98.07317241232964 15.01886440527882
33.43767187986929 28.095900469290303
26.988143939465314 73.54269311481109
72.02494329924622 38.97868490359399
59.56696887020462 45.86822662073844
27.79825621277664 19.12240944345741
69.41307934622824 46.509465121503126
77.66120167697801 85.216607292852
18.03659450420505 29.803810281753652
57.25770468945859 62.64686047444189
7.730282430248603 64.0484850162682
2.6710089593318997 43.62313994003922
31.700415243900014 72.54032686435016
67.34517220361143 72.50671466522546
82.97284246653254 95.269659902002
91.95939982522891 81.5733950866087
59.59442860734373 23.147367571353826
47.333344000707044 39.681879497713055
75.04060046859358 77.57631224167518
22.542652416534136 43.013845649075556
11.325390133165358 74.48821880945667
69.98698353430598 45.53634675382294
67.31849981556309 57.34216671675668
6.012202822680934 99.33078331430096
95.73949189876473 65.20723825879449
84.16369111845682 70.05671043634992
32.61039511367857 47.306436864829685
46.537649628838054 65.91930997226764
93.71292978324858 8.308368346406613
45.62331086264575 73.16235717482346
68.45574962089535 26.173638920619812
26.38069915471459 99.38790275371817
30.31042351038802 97.33036147192449
29.862842886070407 27.071093427283877
46.837247634650495 6.035136698441379
96.53662137260338 15.371296939297563
36.28605804769113 14.560929079519502
23.19100063239783 85.7170504364857
62.88856830520548 94.24456859717807
82.99705934510565 48.18027845141247
50.079987282913244 67.59822186061432
52.204662419510726 38.30928037372321
91.19835924467206 19.825793791262527
61.73073862921782 83.91847104103869
55.45944487707272 47.143738029321455
92.97679282043936 66.37345271964476
55.74223115349339 71.15136969256305
64.45729160792379 52.17231680702486
55.69158439379363 84.78860025551009
8.044796406816301 87.3653332854185
62.149035246875265 38.97179396965499
21.674823076588158 12.003932466945633
87.29825867944878 68.11800856912205
1.6830486159797209 24.630728951560943
74.50111317224933 72.69792299650113
10.027313189165676 35.869191391796576
0.5007899590874887 9.18475743635826
29.22313211144254 62.552594394468066
16.90033657746429 44.819896977828435
7.090808764401368 27.882983790932403
84.47462539139934 42.422570391469485
23.331932807831112 82.05936309225717
10.252991113926658 1.8021735306270714
97.89014642749709 28.357347034672898
96.93977043234305 71.81163908014156
71.24737000482372 71.14211357124252
27.920467767353564 49.022871699511406
32.687926387168616 46.14758069119803
64.40406929985632 98.73239312840771
80.78573208675908 77.45844674324226
23.6562199133333 44.96972931517984
34.36813208465208 31.744272332019897
64.08234828999755 16.748263138315533
6.351066812036176 14.440706597696273
10.761654618987492 17.42408666670223
19.74226763734147 86.03053765980921
84.68865557750229 97.71493295705821
17.064277193680834 88.14192655110604
43.82434485797081 86.72442590432141
11.19864876212483 88.35867099319276
92.22799069382908 37.89559267618845
45.96058934211086 72.90019407190795
69.00232984647198 30.157095983527537
61.258457175265214 72.1251211170278
53.39985416804034 3.8564108904116545
86.57012731750642 97.22513792821202
60.77302515347569 53.51905597660059
44.76863808970002 1.5163077331826202
20.736326463312516 96.92022971088309
8.099075612577556 94.9946560391476
1.8963481657452208 94.20175142949768
41.76141393706061 15.207993334803016
60.25391764514302 66.16605924556403
42.41836174466299 58.01363336674703
58.74593854795588 83.91090497186438
41.379941006335585 64.6520591380057
59.17577170579246 74.84572156285947
36.897295592568334 48.364219530317264
59.878142316618764 0.1902125222862372
34.85601326003278 84.89265615101043
82.24217808354453 24.456294501437924
85.3977846029731 57.39817464163114
10.766152038404098 85.34831553775805
45.56091940128473 34.562537446481045
41.837570057520445 96.69444687683311
47.28550607025086 22.844962349825103
63.3311064973047 45.51259802627668
33.68548479201399 53.44618870572098
57.69370237022255 9.760643202735908
96.5330886176181 8.323991788800555
24.171834482009015 75.56976360296362
46.17422168483875 96.59567797663455
81.05249572264674 38.41617599224868
90.55164742828279 40.80442512656216
5.509392460102824 22.978889016801674
76.01217616965403 40.76783381017047
47.31916364261433 5.718782602069861
50.268528098975494 36.14913250094352
67.20707717938528 61.77314615226951
3.6044746930677274 89.70361244484675
83.3406938265524 89.5178039043822
5.42490726210173 49.75860679850918
60.55103512442403 11.270563989926085
76.26648905084625 15.41222338388446
13.06478320044182 28.986174556516996
18.66341042126627 73.76812145938646
27.885138643957475 14.519899622629007
42.78765187143453 88.2137754827407
38.221598804867455 13.64950983248061
97.687661468641 52.85923519273217
8.810425511313847 62.91555066722072
54.374656630947605 84.03873534142538
71.58220232236802 69.06229341640446
78.33721899550366 16.552413679381672
59.51792514094675 75.00961315594087
81.55277009153194 74.43005174283807
94.41797787539718 6.295819288319504
89.39279052629635 94.81029349848954
68.9774351365238 70.29875867621728
68.67901769189456 34.5130382617249
87.29235794022516 59.30136704512461
58.486021298814926 53.81179800650763
84.16814675799496 97.48354526056764
90.75582800339014 98.77006896557465
21.29981152365724 36.38088390587073
21.967405668242378 49.488845658193824
89.87868708742235 1.2107994031685942
68.71503434380813 13.494067258255992
33.995860695192505 36.91058042831498
8.02067178789957 75.82756269867413
79.10259531578478 74.68526418860122
50.583845214096925 10.157789643293569
19.013318485125772 41.10792985472391
32.6596336209256 58.9090489976471
4.012472779282438 26.316697105804387
72.89928678084873 97.15038929707538
40.66284794888435 80.93705860930388
30.377837967808684 51.188167799214334
18.350636314839996 96.24224956471947
2.9790095248955706 17.41480778126109
49.47682395512422 28.31679661117601
1.2361323257804258 13.901984743957795
10.526937836591078 56.24686042065616
6.489087783167724 24.80753631029533
32.763920987300125 36.429377662661
33.21847971549327 79.7781541538022
43.00342407959115 2.3432233199415675
27.134192307774175 43.41892039952152
63.49916496115586 79.91508760344256
72.16937056815934 15.039208402360082
27.735152197085743 27.52877242654027
25.848276919654612 32.95663478198018
13.941536168170575 75.0273652366948
4.900507885729333 52.036066460119876
12.71836604547052 80.40435885910307
25.700709325705485 79.38618258878178
29.029499990425766 72.61471336549938
51.14439513743929 23.801369743579937
79.59950867085881 0.8514600254802995
34.882296303461224 11.633693526845379
36.57770133842907 53.3315596274945
11.742098215031316 69.67920604286564
59.411533094643495 60.114314108812685
46.76588648132976 21.071012980529435
65.23809996768829 42.67956145005126
65.67439539110467 32.15937542275221
52.02011878315037 34.52199334607582
12.751710993803822 42.18908368324234
25.352091023539693 75.44872558695872
55.85021228207734 37.02724858244342
88.81754655057738 34.07647017133342
22.143397274536014 61.94039799280472
43.60738475414028 94.42862585399095
77.07381999310985 93.15614829576123
72.01537992493799 79.19104008442775
26.956594028740234 53.36124483777602
60.093004139955575 28.701136284965013
88.78038912469876 33.623548087245425
95.2220344249484 86.17470908850802
52.39963938720938 52.33214448868606
45.87547451640089 70.39880549973073
5.764898912666617 78.51996989554965
43.98063731500096 37.42150087988869
99.83223907762519 92.63034316133981
42.84067535763657 63.3813071397745
1.240189257409141 79.38504875385894
47.28970659033228 66.1136663142759
84.60848225534164 73.3177719319469
13.60173870322383 52.84065020887916
96.1181238346374 47.59579684407635
99.3506647932067 35.298793078865195
34.380583556733455 19.262561212334393
32.64107913315137 38.220707720331106
10.478033458645818 52.83889325598934
46.15829137647136 74.99406934325692
39.030381038100955 23.426037707624523
78.14633290284394 97.41620474835955
67.90574542814647 60.505046171029434
13.086448355168667 39.64461293225248
63.948413033104366 92.67122404457528
93.21087401591743 70.03540548557021
26.179292395988597 38.098290472361754
38.78252514083877 41.65000502804722
89.06788823379674 61.806395660329315
77.08380997420252 67.69480442175649
1.2920243162184764 50.74297639816584
11.870150254531108 32.071719762973004
72.70449341632495 34.1473780698756
81.10534904118774 24.752313617814202
17.89364695049761 0.7282825568602824
22.84399278892456 20.320961351103882
99.64566673916754 37.090637803124906
73.27679254166115 43.4611897151705
35.03617693787518 16.36337624293359
23.116369608695166 5.538917146882627
98.92512856015168 83.79945076850426
99.35546136117985 17.954590231513514
18.34846472795362 65.93129682629002
5.322271736165773 95.67274802567556
40.59555884682435 67.84243820164299
9.485547286299278 23.627240217253277
66.1306126214337 97.79531511851678
22.03124320338278 72.11207695577832
3.7378353032484157 79.090931966524
73.95556709004894 92.89462627818115
95.06586079082531 85.07017316202612
69.30125836761977 31.02956241231074
70.54527695126818 74.4494544256836
86.94533577844602 4.106892392841677
25.110916920389094 72.57116607422594
34.464608895166485 1.5680059750300068
75.03325760057557 14.751783809423413
65.8634053218629 64.84503508532288
9.457012026414501 22.913630576712528
14.595700262040756 51.84658632249315
92.69890953857178 56.20088242852571
3.4859690465780413 81.11955936471747
38.39924194622778 0.8596779914770813
63.50187765684302 56.35623538929128
25.013430627547972 98.55957251810551
31.7084302591378 45.575404015052925
78.9932483015185 65.76872777825969
22.170781910269177 28.142338085415773
12.481766579294506 50.14170942496774
92.37473984874276 29.333664968504625
70.69235799997007 98.50997355471456
88.09176225457583 0.5158602381182931
71.41168142854819 56.73892856700296
34.06072353359371 83.34820869540074
82.94909230796235 90.01218437906837
84.71986335776444 83.7161919187765
88.64967556300543 44.698887964267286
87.16981041947028 99.25631122131963
35.22005695197667 50.46119794811186
81.5685075677713 72.2888900408374
67.39704040021213 4.31880694250808
83.9635373701276 78.11043705193694
9.143176994471292 37.18130706035081
86.12094682406058 65.94629445127286
69.07219800114774 41.75191370329227
69.4900474826327 13.111299457312198
14.312289388409383 68.94820210157171
92.5880814210317 62.205676517057555
38.399769486975025 46.571794123442615
64.85009334943564 9.183696410297514
98.31127304634246 75.1731763852878
78.28467732684847 54.16624955413393
13.993102222049824 69.56690507769817
92.29951178548492 78.69962370857364
8.945438316500287 49.08934541331899
60.289219252478475 27.449350893786352
57.45996302490121 31.21935961549499
5.950609588768973 65.43466848397223
19.682697444925445 0.3830288128852666
70.78376619061841 98.2190139406422
91.7926216088275 9.583196502415191
19.337869432664768 29.06881966703655
44.95596857508632 4.761064413875326
93.59464034230854 38.06717491460439
22.404343532715952 25.588256463263946
4.485274767742808 98.13183658531602
85.34427978754962 56.1133357189093
47.898781707889334 90.98927549885047
90.55718559527848 9.01274847194805
37.26573510819211 4.479809656420308
19.50135502495328 92.57309519765117
15.415656496398633 10.619270136075654
49.116376287328364 53.702164203616206
16.48164261510525 69.22850265052183
86.59348433416024 50.67964217109713
62.75184261200572 20.7338617637672
41.04177823563524 26.60224757230244
2.5160486614296262 60.23369401399889
35.11346655213213 21.33562469878525
57.05406645927601 16.28664186827111
99.24431426626093 23.63481432696144
6.448376547191126 7.188834142828737
38.30108730173992 72.25114682398882
5.965756976738323 40.69944400812816
10.349452111953338 81.54859968505552
36.97156434404854 41.77702336948018
66.4742687711455 15.773162119054106
27.03081126392759 50.88604301000886
76.73560719763158 72.88692886378502
28.533471780744147 51.668643154632086
21.673536278720785 70.36445607256641
91.77405107361844 51.60819544311537
18.5904563836516 29.637479473744712
9.836207594442747 78.32720532592266
23.84683236176014 28.43588180913743
71.61966349545024 66.80312424297495
67.2205460435993 84.95276115942646
85.43005974650481 98.8633708584051
57.49576414918246 80.57572231640971
51.33220935404569 33.12498663389195
68.79718748190845 20.09999989916317
92.92686166899118 79.81752643394839
57.074706221088164 51.316893730304194
94.39550589745888 68.32648556682712
65.78410373792221 28.03550583936667
7.123427916166147 82.89815724568302
10.889708880155302 96.25318772705992
10.399887731274383 49.18270407823736
69.26085271637692 49.412223153938704
22.616689724041038 26.673583118237122
43.584654590661664 84.73391238611076
96.88432169304157 92.89012444211616
87.09172760704003 89.3020285403883
72.19875561197279 82.99640208810314
84.40165879404266 29.54484154620142
70.92828170503829 28.591065163737927
10.622045925334444 20.292316314451064
41.12914628243593 73.36448563869897
16.20042678019351 26.85829516256234
1.783084647168931 29.99849576266278
28.459421986597246 7.256756883263904
88.35848047267548 85.22269716348109
16.994597438291592 64.99224213554827
87.1076088835648 54.09698355651622
