749
23.945930508454538 68.65938750713272
17.331751582930067 67.76452954335643
58.98859446648378 36.952635843848924
93.60024698782993 54.67673211334414
61.584631044892134 85.66323378689866
51.80823403241387 2.1031193822952043
46.15987930605301 18.91468159079983
11.575242371446382 23.226622686709575
50.42749663891695 79.9941801247587
58.309534000808014 57.73397259622006
4.899525515584258 76.6396383894904
53.839377900925875 10.20492601382853
81.93415962838974 51.99606485085961
65.21668434773817 10.930811923214623
94.96581500847053 58.91228453488757
35.787454971022704 32.45500709530255
44.16030337479352 64.45485538558043
85.22763211076612 94.35143505648428
4.196519256966491 51.65599468857784
20.229827205228588 63.86179892731637
91.66701301023397 18.3374223853614
99.57194139731492 22.88522392823358
23.181677263064515 71.92426884923437
39.014952351246535 16.783534901167553
2.074145295912133 59.972171972233646
14.237253976012521 71.07437351178974
21.330216294155978 95.93468272403933
79.74896495230959 21.149838298094203
80.54047984549891 42.3024780026676
28.65547554368211 64.0586168609027
72.52195319719817 75.995489750326
49.91937338157009 50.859290619680145
88.4098229599384 49.77655543503408
42.39665201879943 6.442306000180009
37.338820290788455 4.805683286795714
31.75997120311894 49.55278249457604
0.5222044055506414 16.307562592756696
21.835215908288585 57.080521157695784
74.62716214776448 63.131575475283086
72.2274845145517 44.332188786029484
70.9268193920915 16.682906118588658
61.21468610645998 64.60178699242957
85.7222914060799 81.5130370406623
30.41379008230286 58.82356878111852
79.66661157800038 26.215841096728788
28.106031262030516 73.2466310250927
62.637709304316935 58.23520557273476
13.425668651458434 6.075359693259785
84.86126698033388 72.22202763183495
49.87536631544282 62.82611447986033
52.16223452575893 37.406306658491594
24.89793547239777 25.58428282970102
2.038975464142889 54.76224918551112
19.053770007320313 32.92172094750537
6.616954701019118 77.44004164278171
23.195477684514998 99.4228330513621
79.22995816522068 71.68538487217687
87.62500744356677 13.422182563656637
70.30277490929251 35.51281699963962
40.38990714555683 72.0445743859553
64.38422919244239 19.63001922201363
93.2317183697495 46.05066864349268
4.884215993641028 4.960665605133796
70.90769505312701 33.694436361473315
97.91564886298389 96.5689355475791
55.79075085665692 54.53196412233243
88.48555624166447 64.0585335525843
41.990716069390864 13.419084001071624
82.180654450623 3.6136490720251713
18.697045179257575 35.48727732459718
90.20098699431806 83.41692343154591
30.85888666944281 85.71751792789057
84.38067820476273 40.198892320701916
84.78203276560073 45.63538841538897
6.7167643375855235 68.54888937613384
22.617140396506386 48.31582327916073
46.23466328169228 70.80057877995556
2.624878833986677 94.13262289765447
45.89514473049754 13.653128053773644
4.860907859291508 76.75099971490646
66.85425455669724 93.4698899897485
37.70326549891144 93.5634657527171
86.93700906360601 84.13114810154777
83.55632228806903 32.809402681775246
86.71035838426229 48.670651826513335
78.42968492359113 8.98417702294414
26.286805541172342 46.11439751383539
10.194244056482372 97.24805461520234
34.610421283470316 92.91435950430822
51.923103592166 7.654201812026285
91.6557975008496 43.81621767094648
77.77462265819139 50.40675384817743
37.177520576520806 84.91898968328113
6.313331362650477 39.827960599352686
10.099490586328919 8.797113710693816
89.01833226729225 43.88019407783014
68.3705399690276 98.48470183354272
42.06505175818904 97.87693417736111
83.65398975175452 66.12830424503457
80.49010749043963 95.23833318650271
71.41046823535811 99.7848045187657
40.94659105559677 99.87985666594902
0.6880480962191515 8.203012814870213
10.627088222908688 22.46712569503161
91.74971731340155 20.246382799511476
32.76696348234274 85.41668133371033
67.88674221801145 89.6668008554308
52.879067470744005 39.16960848072868
68.89423251846813 27.082801093185406
82.85204985391579 1.6861076560155452
95.58239643147193 53.73552758423343
79.97545813809307 48.410302645302174
95.93938174344636 4.246208327052814
52.495880436021295 91.13931414635998
16.80824571632893 88.7763172532337
89.99915264622402 97.70356657636444
60.13492388361772 7.2836174652563646
37.75047219980658 32.37027066961096
87.48548421481573 16.120942538062078
7.313621940347248 96.97157675630848
44.78041890896288 30.602823190965633
12.782135491696966 20.43197645759812
14.707029692836748 71.61476618574997
41.806583560972875 95.16702694733216
35.083547171114446 44.224488803217135
45.002749525029785 75.5361563726405
31.910425211632575 91.43844482958986
47.67682687294838 90.31609328243196
98.15455782994329 5.694320677819165
38.84563308838581 24.760110819623137
19.110974380733946 75.34053630384072
9.607130109782446 53.739316407376734
63.64490356887792 11.224335648277773
62.71845296136051 42.19036495692256
91.50462715281695 31.698932820853997
62.63631433529822 89.72236258918275
12.168345537898173 77.48167563525908
79.68522731818891 58.08551530557742
10.122308876226748 69.0447578207045
27.332657311867937 92.56185984964608
95.27491498312368 53.00154816173789
1.4044701522415104 54.202231072329674
43.399918072784374 20.058594206587944
10.091467356870009 26.64971586762299
38.541518539970376 4.275105580779115
93.1377399836639 98.16728102327247
90.41060324705428 44.151787666390284
11.700635340564691 40.9573414670186
53.61940759332289 26.346576839451796
73.37811335531828 15.018435378632466
23.821553335677102 23.303157912956884
82.61402588542607 11.347611530628443
26.36774120151304 67.76671561295952
66.7128185685205 23.926325129776306
22.34467182563401 37.61967408531247
18.296158752944113 71.56131057386224
70.25487873937402 39.692166060886706
20.071927477159846 60.75885033904708
8.783932978733311 12.29990709683485
88.09054708772085 94.26882611033022
14.073745327577114 94.84921549861262
22.78820516754896 17.879004703652758
98.98076249044679 27.20709628018244
52.842186534995506 21.329945540603944
15.73832971292627 67.00972538984506
73.82016208787356 93.87945781578128
28.68108374777083 6.423234922817045
56.23069831868902 35.245985731686794
92.41207813514313 12.030519052640242
15.297906996525901 13.059384578408451
86.20817848995665 74.95408020756095
48.93919617221053 46.867724230945264
67.46010710413512 92.78524033614907
21.98938977133553 56.55263129233929
38.01292540943746 16.96001950379208
59.28423692130734 35.73262040592591
76.9311922855666 69.66367142825835
1.3957717797504654 38.756809853633314
22.61226627505448 65.49757202483309
50.24083663737714 79.8941433620833
66.81934646781158 63.1072552093353
7.50085388507673 73.70561812691892
46.50719663650382 74.27608056718421
98.20710620483601 43.88206476128617
53.179056897594194 44.95744829577205
39.804567449702766 44.81094065480576
57.814555102576925 77.05932152381479
75.30874718034711 99.80649849722063
35.013452620910456 17.91891590574991
59.36290171080862 5.335784730569671
85.86211835512827 58.17666944236307
8.005983546927753 95.58017393855978
66.9173948805748 1.8150548445808545
92.06011540206045 89.96411438417668
2.715664182733979 63.89339470867073
41.04736368261145 47.557446398353505
95.86377040786444 18.80436305804093
55.01137667698066 99.77049308583213
39.37102129867811 2.184312768983099
28.702179079184255 3.475471300757793
23.133376505992874 11.07890241450452
80.00688537775164 20.660730403246863
35.80596303369366 3.9635884877116
92.22048255707126 41.12599583413987
66.43604020808618 21.59377306401148
80.88060590315871 56.818344072052064
11.668621542745994 33.454452026519434
80.1774187709128 8.508330764584848
78.49814684336516 26.070093218526893
4.811848117652406 22.714437144304412
62.82642369668634 20.259457565349482
75.27755293930747 6.299140423072592
19.94420631049627 11.475469255615323
91.43121331870475 70.36194229170277
20.025855107783354 0.20633110815773126
49.4907605183462 88.74259778969768
15.005646238720827 5.438326204794874
61.28782434852826 29.994952245581096
75.83300789977204 71.40283014449545
76.50059600374522 19.201213854625976
90.03500452841132 45.77743793911786
86.81746790281024 38.115011094770935
80.19089506989653 74.23095045639289
21.588316386743866 43.14018621791993
90.23729003380957 26.721191361101916
4.72567766376788 88.11421856991899
27.95197217839608 34.307263723974955
51.313685362702266 40.07706401423612
33.322732869308126 42.918468863078566
58.4745498845616 70.4167888388035
70.33605428908236 30.038817216416767
79.66271723014468 4.235217116453526
40.156153986991285 38.208782254472325
54.86531997337306 3.0165241201561166
12.071551666774894 69.9961767310485
64.16991233988253 71.68585578225473
12.61170090295204 9.72033264863381
81.27218362537573 82.37184100840626
98.6940404738699 22.530535683630582
98.90641107778542 54.95610470585562
38.824277218843875 33.78124053650596
89.28250192798107 58.27974908652109
44.24394163868123 72.53928882156579
8.37338213373513 97.46820598753692
1.320128552624833 16.7139988904781
3.378088166320725 88.7815731465333
8.282748790053118 63.48540456301548
56.84389634097416 69.3083240892657
75.84964968300547 37.01994103975533
52.35390897686211 24.71205646066078
32.63828338411706 75.12421331142977
67.80439241559245 93.58467088013231
8.669101006076597 34.654286619017284
29.260998750602585 18.77325767575733
40.27143020322601 92.29411484424065
8.564372720527736 53.81486261817344
97.38904203073366 56.3840772590108
4.084341724672735 65.04834153471047
21.641447068931228 49.71099980925913
75.66196982496322 40.233759110891434
90.45860888579296 19.580394416715375
83.699819140057 78.8036368110298
40.19425354582348 52.51678639307728
63.325290676320044 7.6492550245852
55.161875805331206 14.704673731004746
38.991401186386035 30.102315809572932
60.01413840155331 74.67664290576825
11.133969885376127 48.3378763262457
23.419707430560766 96.22880368736362
12.459566662271648 48.77236948121153
22.197429317207305 10.972720207023922
3.9199124358618276 22.159580050666783
67.32157684248168 76.8982774116697
59.3619459728543 39.628350467797866
65.94682571131482 27.761035699968183
19.517942547463797 93.383787802562
40.347612326132186 9.171884031841337
81.81317478943222 97.51435481260926
3.6182621422095718 33.93264835562907
25.781269137813666 67.9033936160725
87.48061621519292 83.78464390746788
98.1456259776175 86.7018627951494
21.71734280489708 6.308747426250716
6.44379151717801 57.85893405391865
37.701288025013156 32.081168884465605
72.08419751449765 8.19434613483555
25.097938501196026 60.6801115547763
93.9360277045131 98.7499238094772
57.571086549800555 49.78236910685594
91.07321462822814 26.058993069735504
60.83082044028751 18.42623093833753
68.23622142270769 58.99150737160649
29.920955635437462 23.5766050152444
27.193400200729457 15.58947328141902
21.705113646479536 59.905818883566894
92.15463512451852 99.63713816957713
10.78489049571073 56.5384551888101
19.548500445779226 78.39879984719225
40.20739772429979 99.61572491458787
69.49377896663232 49.693943898572016
18.557059586229506 11.234274934810795
20.55402875422495 42.667753074604086
54.60666653204535 36.949852454418775
10.017976259830363 29.683595166950184
1.368189591098079 41.49574993802314
80.12400128459923 19.982574346981153
77.01445948292843 55.96519510227647
15.652986318117012 32.74144447514864
75.92492403594099 49.77692170492091
38.28608762375726 98.25997486822224
9.608246985723024 77.51694309027219
78.31390355938956 32.15933546043135
61.353342847383864 9.835363798551766
21.211140531498206 83.36700108225082
13.577500122600284 44.023526598050466
64.71465155930835 81.3777841344089
62.8248489971248 36.311541806501644
0.917536986724754 84.44712807358964
18.52350101102912 34.32372513472303
51.77201973970047 49.752419265947225
36.94399296771748 35.810660366950565
25.636885125980058 2.935817161675902
29.74112207209124 59.96071688145573
11.084551778889274 12.215943112593553
49.233450538295386 43.80807673769531
92.22515046238479 55.13335357141309
75.76304569619606 62.494597756294155
4.878121934913193 95.9747219540029
97.0714953671949 33.654357438435035
43.8422621409175 81.0538207172901
99.13290124036477 69.78973743875085
74.59540159552178 52.830910263581664
36.54153737157421 61.7515504490372
33.37887113966137 93.34373921150629
61.45136456701608 56.70474180826701
2.157775426479991 71.41860876294345
25.533470846163798 22.520429388365525
65.41502479365616 54.29740024676056
65.0259244924813 20.662323945032835
37.34032019511776 80.45682094928252
31.197140104620647 99.71941520238391
69.44812752638158 59.21654633693798
81.03788354227022 27.21337922818633
33.211460810934824 98.45727745053978
21.536255540439598 44.682668137485706
9.65015831539665 32.68391666943631
36.683681841251705 14.860764276791693
47.69102399626423 37.36214199063173
38.08826359185442 42.88624848884932
49.55844955564269 22.03386429397455
50.25913383196768 9.2772537872846
87.61576400480897 88.1048102262962
63.687509493616965 34.096247042111685
29.94834532745244 38.01082360337752
59.36718285736477 72.32148416353084
74.62053778761464 59.09084163011764
41.252241915048906 82.98121254866618
8.077284071447632 76.46227809137656
15.37733896856206 72.05176233408021
15.044374956506212 31.224891039496192
16.310325483137134 85.4590354950083
24.422038642246026 56.95510371823941
30.569951279011864 84.58245155835418
79.19978900825625 18.99873531196442
29.934598533198752 76.12039359413741
96.59921657222162 22.769740906072034
26.521088169057172 4.242677514769011
86.48249037473111 7.652378581556841
14.330789141525946 35.65650481364989
93.30761642261818 33.87748453577676
11.154980177720509 4.5914385317567525
74.1802816652239 95.69990828609585
58.224271140382825 64.16566128742342
59.51160242529736 74.66745010282061
18.09830847293924 16.814677556223756
85.05056525314355 92.62922866770231
57.282829421776604 70.535847851457
89.35010167483583 79.49528748956203
80.1313831323621 43.140768218898195
31.36232840384341 12.354077096670867
67.19301152011371 7.617977992879887
35.78126944750642 34.93434181843442
71.82464973776847 26.947339729361385
21.0190305125597 28.689421256255677
65.37822783945768 1.5869745839612648
38.35747597298832 11.960713091778386
46.49801631241797 47.779905448901594
87.56824321158108 42.20866694929614
78.40232277476954 77.63355558960811
44.835953145666394 44.81785670934821
6.594173098241651 71.75967465679693
17.9234825843143 42.70855337206687
95.03241300523827 29.45643077635366
59.98319675812618 23.470529200708157
54.93699837206378 93.89483729301321
56.90815200556407 61.82810712086394
59.87901363768457 5.0986650578001775
43.6220553233279 69.39133102608947
13.573917923541835 26.985341156167497
81.49990643078544 31.26523926316346
38.57297742968857 94.55661904747458
24.2778311885688 81.57343389352624
15.942159385883425 27.777106532144057
20.74796831084651 17.27417697764111
10.20645339491455 31.83290745903782
34.39050527611756 79.4683631882408
36.45244626220391 8.566946208792704
11.58172662227679 93.95350499409602
29.06826722944479 58.21575505578974
90.3698481616942 75.63795853626961
52.85063155405139 9.663710916873193
40.888315163944576 71.14034000901127
0.8543426973581569 89.83504606029155
14.137560016297435 94.79996938406777
42.237986378702075 68.56119788408617
30.286600813102073 12.255857524027181
85.7993282873175 51.295259431151216
50.703789566293935 42.10075769176168
60.65339002885845 14.179632031936062
29.36030417603943 21.66884062651473
68.4648834383686 33.1762821329336
4.558078426270463 65.44844070916206
30.24689266173639 32.04401341229375
12.700373403579102 47.2762262471408
12.364237208306283 52.63889763086319
12.036791401810342 77.53270053237158
46.64635948231602 45.874088950509126
50.32881200325372 98.03557808378743
96.67690699301919 83.62866032474882
53.586870452702975 59.525130432548565
31.424263046730704 23.97617442244536
82.43491987873742 82.43124556381647
97.71269221381228 56.28927718661213
26.12262426545492 84.06713094508848
47.89703658864089 48.39704997577161
54.02221873602922 60.8082544346973
32.60356658093504 31.407592014257858
85.55679095351734 39.14998641549617
80.87257289478231 48.39374929022537
74.29629437090837 57.865487931406435
88.43120793463531 13.208913818956924
70.66962004870436 7.248020011518053
44.30459073140255 44.808498957276456
1.6245179542105581 71.78991122825761
67.94477914728989 71.8763000968557
95.94937991391443 4.129951314659808
70.85410812886356 20.41457787497287
2.471774490701839 19.251733936958594
92.27564132313744 50.93310553878578
1.58765077358074 82.75766413247311
69.63473180800644 2.2807876562005447
70.31684240798671 29.38081702133846
34.51474848736621 78.6384459388067
75.60433280513739 88.45336145906288
76.17436990269975 78.74089992349012
71.03521233133227 34.78846327641584
22.589488058505413 8.788488285914953
14.809383458269476 51.25949193445762
86.00701409895635 97.15862332137752
47.86610001372934 93.7022785431609
17.17940498811069 66.60337875225008
66.7794465765691 1.5898804538725941
50.1985890420562 22.98861876581608
31.92235645217407 87.29910986013452
67.85834338466442 33.81538769949528
90.03459398233696 22.130058659952212
35.66641049883077 54.585935394062666
18.31110917431077 37.661758136171066
82.19860215367028 85.83797661456022
26.58616647721449 60.47900815572158
17.866287451518982 44.760929704591575
74.1947179534288 7.0314990704197005
30.910100633214064 43.26775944110389
89.95612071409978 94.4428857467059
97.80729860626961 47.02228108116518
32.54433989078134 42.0659970432372
67.06909896249894 50.00822390036126
34.69156242218801 0.8672977200485432
10.508499706012053 93.35404655153907
36.34072390960159 50.81053381762799
3.2103844233275836 81.04411967185575
42.96684084837796 44.24145078326168
77.98768523574641 32.989195552733285
77.90419643520947 51.12889974325034
0.2017100100920155 97.84393008197269
84.81970029516725 70.60519928078465
92.9758651915323 21.64884284938292
9.122177306957557 48.43032365910371
38.975272237181755 79.56594474189049
57.04930166925821 79.79721886622049
22.89147097452835 10.91253051019445
70.25504047081358 1.8305245733060027
31.423688656030514 32.82528818510308
17.751969264707178 4.17762474652349
79.21109792863945 76.85427073494398
83.95818008793661 22.90076961009636
28.15695481058641 14.087101905617294
16.946289808738623 2.271879427669732
32.956638414720054 64.25443124060506
82.935941402157 74.0972290624109
32.93611516253295 88.43988865879606
38.165135446006346 43.06257642217032
68.88812002084387 59.04039923697565
20.67050280561238 79.88448500231878
49.77833160274335 60.63584462415395
90.6447199443833 33.91110036014663
54.2277329745456 76.37921071483976
58.774304272245416 41.73958108268906
47.9926031097004 8.596799459660842
54.101295985816236 51.04383724278746
16.228207914914606 98.06184571005683
31.704059765481674 1.9636409484589556
90.13454626703539 79.62467093001257
64.69244660748869 76.68524647169184
56.12690760057062 0.02331972450380082
7.182820786785326 75.15384307569354
46.841622116602 94.85357985201223
46.9678622387035 43.78964368323962
5.098334953186068 60.841851334956985
41.19266140399331 90.44253880601633
90.43200275298726 62.40694000275538
92.6925927361556 52.304722086017584
86.3373613072256 32.30977042620271
62.342081479742106 24.681746473179757
32.78061930245805 90.2927210420677
35.28615925194607 84.37895163625525
11.624350118548543 83.85136710324912
96.59614871668653 82.5381355738306
90.31258947642357 39.105671376387384
36.454717678853 81.20651451007075
69.25882561171142 22.147816964716405
24.11433137607324 99.49317529272815
72.61468880614788 90.11701448216118
60.34320402031291 71.1815020947805
87.82805979495942 95.22299363395041
80.57075499982417 69.5974223046616
17.958333519274138 0.05547843981225098
91.6460078424071 72.72003460189575
2.4969203278825125 19.30058215315318
40.25205426409245 55.054139947081595
0.0626296575596097 81.4907959981138
15.212875673953352 71.44197051033629
75.81540294714745 99.66174193089823
35.81424759134683 45.41367807232953
53.30521935738447 56.89005981709862
87.8918764190477 36.481094995463216
76.63208633100646 76.63400588061042
12.341094158223076 62.929118771138526
31.723998531408416 5.090340474629873
24.859486667973897 65.94421315943165
8.97781646157001 96.7314851524883
60.66044237049809 21.0471323031738
70.4079788417286 89.57535697403866
29.830962255429327 51.841166475224675
84.24098541039285 59.79078446239532
72.04172013073219 0.9871738432492116
39.69805718263607 17.624372273825895
12.322197620680896 53.70983492499835
79.81628825970873 18.34239470938638
4.353634785129612 26.719549951836154
34.03354216647323 67.00624354035543
50.727286558804565 49.89104898809924
25.44461518156328 98.62231633902108
41.288463085521734 69.25478166672143
17.589093147045197 73.14226528706426
12.689232099281988 46.61571194744242
19.077624051899832 53.15538701477321
13.131236692240144 72.77613150437887
66.19997703414947 4.9518268325258745
4.587006109220038 33.04293132850079
18.812111212900806 91.01432730174658
49.839226487713994 85.57952039082987
92.55287488798166 89.84314062924228
23.21534630932709 5.570720630340775
94.3354514689498 66.60596395301475
26.935077412581478 93.30992923485589
4.499308604271112 48.961460700298545
24.783731138343278 46.698316643573776
35.03811992208013 5.581036765316072
30.608543626841357 57.97941780848023
82.84611980012517 77.62572287014954
30.33229385603935 18.570092918121617
38.43753988413835 26.73141690420222
73.2916601450983 82.40022273146728
34.07487833671999 36.03168164416458
48.543186557811936 39.126313765005015
7.566286616126316 0.17251901066616115
72.99950237739941 19.989946988033935
16.35879093934609 74.08052220352735
98.68420832528606 38.88860012558788
30.79457774016091 6.292304094849976
58.989863662966 21.614575411328463
86.9023543381378 58.56555403214008
1.0509351212906304 38.30569222809358
52.05219417991955 53.98272067851442
13.988204774461 58.82597794895479
70.60144058168588 60.85589470067608
77.9011163598804 90.86778910336015
31.84666616290147 12.04943131019036
84.10061149768107 36.0445688438354
63.89426119633323 76.9146001884318
21.447452084599906 12.144276275434063
22.667416880971913 79.4927070875499
7.6124619316306426 70.51954687052381
5.173684876998863 70.74935929660494
25.415193949028016 61.756596578385206
38.05255570394826 51.54122888173537
20.01050109568204 46.896831026878694
26.80292867438724 5.049512847887083
90.07434807872335 42.735930984009606
92.5105957676864 68.25642187810801
27.258931591548585 24.36150542523594
99.07773632968329 1.3734470313764846
56.638330169588905 46.894575872327415
82.18379721231183 81.76731804234659
3.0952315653315132 77.85795843149026
32.89855947206566 11.499050488689356
25.314762738991647 10.811954892287734
4.387251313990159 18.0130424021268
27.39933550323731 32.98115467038739
37.9187046938816 87.56575567123546
25.915576793605688 39.216297129668085
8.704404385780752 31.599563248935915
92.11957139494893 77.32734760551092
19.774817662745313 91.99534970102246
56.41301353160076 84.28701931107182
63.01364323119534 1.6703864903193089
23.73448217167199 89.76705736560534
49.302421886175054 97.94797499682652
98.67981666827176 50.23993211724955
36.10005671720414 62.55486049266927
85.91339659304268 5.589732649632673
52.61370785852186 69.33773856909258
79.32684680039628 36.86057678266628
4.39530605199282 34.48626695106392
7.2851482900154085 95.38099861887159
79.96392973474033 54.64498650979678
68.52547647062697 0.265538379937702
24.780301159315933 13.623215515461528
29.86806269311891 47.397671928523756
81.09074265379432 86.48539179766632
11.812290644321932 57.043718510679085
90.53258251101336 47.32553211449919
16.328634393385343 27.299775455264975
93.1532329786201 13.489298160342965
0.12483467002695203 45.35451945397189
9.227944567956225 46.15285006635913
78.25997983715428 67.82837378362325
78.52995539037303 32.82770229539985
11.3161610199214 70.65209084803017
67.83635525365113 91.10588694599421
93.67298875482156 56.34971092213544
99.03583718975423 26.254536953436148
35.876391085325444 63.78558759252913
26.80411115476009 6.5745580164497275
30.392796313730486 66.1509802054932
24.6077193949231 83.62324991360238
72.33899498831474 14.654356524323543
34.31594837977078 98.00404082758043
84.48830707126719 63.418823522429314
29.21677480443855 92.54839151414896
32.29714163043085 49.609760949134795
72.72463434944271 40.05373237627978
62.13060572498193 78.09463124813423
40.49700374570659 43.030392963212236
45.150377079689385 66.55563896090375
73.95847954280624 21.28276406076256
86.98211530078578 52.43663992191806
20.41625615809737 84.73125317003492
16.639252430238972 25.186813888278238
13.22738781978262 93.43454121761887
62.49641565205396 57.740747834703264
12.186877799499829 55.408646506813376
58.54957782432505 23.611322558128567
8.29344883459341 85.65320717572926
54.64958942652185 34.950371315776685
21.589961184381757 31.42360815678076
17.446345980779654 11.496056229682006
14.31644045898366 41.85842565319767
79.99569971913604 86.51067736074808
76.28298767415328 15.284979937981147
88.32388886808855 66.43286935318086
90.32112271428832 86.68735658842775
4.774026715565293 34.34618867017454
41.46750458804879 38.39621029565241
76.34833142893063 86.75852850283958
47.69833175074878 35.619081370535575
34.99078420361096 27.922430148450715
52.447100561864005 38.9250553837177
75.07112894456294 42.33645542877493
99.03206833638612 70.36296606493035
13.295186641392265 10.22325270392086
45.35544228810298 12.336216326176796
52.65121716621179 83.6965170539457
82.12019047027327 46.14687826444217
1.5479013089610194 54.55132257438209
91.30033613795835 4.2422059869482664
38.573104646240395 93.73780170401324
28.07305826084128 76.92763885802685
91.75888521392872 80.3764127517457
63.25915444087495 55.70875997931336
96.87125542538948 67.7381933611907
2.39648577786844 83.16381428481651
40.426706951687954 72.24075356721903
52.63250011097287 20.860077848664805
42.12677054067362 27.021437472992883
79.12047885710933 70.35041178386804
54.35758025049694 51.58267378870659
35.14779214009047 6.438952913146522
62.890932280472626 30.597805083990025
82.89421008970636 77.8890825527484
47.68952907911908 18.72494597047355
14.935038145808655 45.44134727536103
94.90881856814464 66.23921759257854
50.1958550070149 47.091337902565
4.259033972752735 30.081890450841986
65.97485592547588 54.59916435231938
21.393307259702212 25.950846713854425
32.351512939012665 17.745361828274564
70.29765057917398 58.46462273860647
87.17209395122325 24.343863241513496
97.85987506412657 27.52115524958073
62.08282952799124 91.79598135195806
63.59282655451642 38.77932751690214
39.4454162759633 96.37691165792572
36.98664915286681 8.754237501442741
77.03387527012528 3.488364263221666
26.988970418961912 31.595280935927928
72.07482245866214 39.75286276120359
13.59331870359891 9.496845284342559
34.07661199961094 95.11913951648333
67.9973268596969 26.740182522479905
0.35112798076547547 30.554877460353413
54.401612444063765 71.21644461463524
3.4002688362473 6.03494312974362
1.4159377724767164 83.42274332992974
16.09284613557307 29.086402260826816
37.68236871963547 75.2578342866224
74.2508800902923 28.544440523035174
88.51266781941978 69.82593420947487
34.35033488206115 62.83864389073953
65.71488593174315 26.82124585045125
10.895544892346699 48.77130262523246
73.55722650630561 8.497980436940988
93.79931799333515 2.4053974014558888
60.75994410352751 76.27113340183979
11.150092428920145 58.948827624341945
64.79652537445006 32.95639343263995
90.61602899975117 43.65142985112623
