721
82.14825808752421 16.254693437470735
11.955626465387592 38.671975833467144
50.577746457179 37.630261019448305
80.17877291289079 99.71400410277374
13.923841475916143 27.0827468194919
13.16908278010076 61.13342611371706
79.91601805511388 90.74029414090565
72.16387854485455 57.0949629837047
52.41932070320651 11.882878137875885
67.44243352809313 68.81213034171681
72.5394654644749 20.047553108959594
58.34086812482057 1.479436957866298
3.3495407339297123 78.09972284945682
47.488896589104776 57.29468521799031
63.64676773575384 37.950509155262445
79.53424367650192 23.986761005590896
9.346230660149768 51.608628147636956
28.666726329075832 54.77292933120849
65.6564045701274 30.122923878794474
84.5229728431563 21.68942142032668
16.21307968064484 75.08915086857844
77.4456585009023 83.14898243985644
75.54536228474544 93.47473973911062
84.49980974035013 93.62381925626218
16.42625202804069 78.14710074126063
81.76404329780763 89.61446029531204
52.230360681916984 29.107574914337143
70.9696801965829 36.36179429155935
34.44181479972402 36.656316949893
14.320252042653536 78.23671723091319
39.71489101071219 43.95401888620081
29.06228147939164 99.32773187281842
22.506023324143133 22.042337007234657
30.95429863559991 79.21025831644882
7.784577088788092 99.2842330757116
72.5597747226075 82.30163617545053
69.09526778301962 88.99907618588841
82.03068718742777 73.3132259668105
17.558903907487146 84.48984195930191
37.42063679489319 70.71026779523733
24.164293141823613 97.34541020201038
74.15035941864592 11.974072738411701
70.58961990479689 28.149618978003012
76.82132240013661 66.30558734896262
32.43973465178412 77.2311270720269
43.36506926842741 68.48344286174779
46.28997637708767 83.61279002499886
2.0840349543289505 39.28170851793904
35.94194787481684 27.50216401586415
85.80658763314513 68.882902383994
21.917534589298327 35.15763595746245
82.03799432992702 2.226499984671082
86.7470708442432 98.06238485660552
6.322479374570933 18.03501903418838
98.82046474900334 38.19088359843508
44.99582209782622 29.973136892184304
11.754360598971125 54.6329645689854
53.76685677574399 99.52620683068825
36.23084918740288 59.56844367134835
34.22289708082785 94.82801980217339
62.49004132901348 85.34289195833162
20.035426038725635 83.13570165785627
1.0665692894859968 64.33480258736144
43.27315498838007 60.1318123586155
28.13525817663507 40.55595468550797
20.88103445665882 10.00442854075352
25.196070316943985 77.7805109459216
70.00579130312505 9.34891182891393
7.865331713728418 79.47781858493246
9.322765012963485 28.18627011855218
14.439179287859771 8.719949739844768
10.426880735744604 3.2112629423994066
24.38053376422419 26.360232570328467
63.668404091726 20.033938399359783
47.81036116901141 79.12649781137743
57.15273917564713 99.58714869504337
94.23670439559886 97.2947906263561
90.61919775215198 93.36170536887487
6.834204972534219 71.16529220250078
64.20563354924549 39.76712249068783
41.35004412857396 28.953674664008556
21.24999357421923 46.53014960970344
97.35523339433227 53.55657394502875
65.6971949652197 75.09295836038953
22.752417927083812 71.47100091575153
15.555544673070344 32.094649124819206
44.56237658534123 29.686727014700985
11.06846926641274 53.78528764642305
2.446979787732584 29.182722834528807
95.37183051079778 32.72302716233694
69.584289364013 11.62316958079347
97.99682711364038 25.15229527017706
49.19146101447419 76.40857333123974
57.91424914254101 21.283959475059678
52.70099752788971 29.80036883054844
92.36139377289143 5.208558696516297
80.01558224845444 84.68374703520972
96.95833678052134 2.677575529710341
55.38395940322586 88.19445324986773
53.18025675052165 67.07706206854846
99.61893706795676 49.445083642176456
44.50332140288186 80.33406407522419
80.83730191781314 63.310989601422804
11.950123254072864 92.06633036205243
51.50843201876639 75.4279388128783
14.7406175949796 7.965717452738364
75.51724199286635 95.14854472102431
78.72945161028278 52.72636670997544
68.42445276441318 55.21376027410032
5.332779246064678 62.99556701781842
14.62544733267076 55.53092204421317
28.284189613839526 83.66043869783229
62.50195021176401 91.14852057191742
10.18574544514136 16.37197161542785
79.63304138378155 2.6972342513163383
0.5494565171720645 11.036623987196847
77.14196140505567 39.74565662818614
68.76875071220118 38.30588272818951
65.8648493824915 74.10408069178457
64.42952576071038 13.713294557999378
81.32447182044245 92.7782143409531
25.8039349314093 95.18725861916266
66.20843302283834 12.792482920813553
11.50509683338139 8.378092704525042
55.01477033126536 49.66887768837495
84.04543860541422 16.839918668344488
44.047229563121896 3.305027511420622
46.98300849518946 83.69640859421231
38.103505454811916 7.459360991297215
49.249743791866095 35.20003076564472
99.81593753789898 36.00816437400402
93.59132387978471 4.216293423744477
55.32221562477471 64.76487669520922
35.70274271520123 25.4657314551744
77.40965192305134 62.24565671324566
75.48291274641758 98.20724619073157
80.91428629956741 37.979030211865705
70.02439267614172 59.400323412778825
49.65296527912879 58.84929298334024
61.73133701171316 66.83819638054655
3.367056994783535 27.208671554595977
6.413641265763537 86.4194519962091
26.558743341263146 56.97429262074345
13.079988162590583 54.32130204312895
42.683820676319726 51.69788374397051
78.69253843374898 82.91046281010676
38.49840924425456 8.088062698339193
68.15887526428995 20.69197849397819
29.52278490365481 69.31035953075792
20.086183857540306 86.26222471755423
54.9112306968365 27.75729435573715
45.72929557366123 18.288382521428815
22.512272592573822 10.695991905987889
3.349956752164285 35.479062390448455
43.377689586402845 77.35559303762363
32.09178412257621 67.47534316290887
30.889870305892586 62.81268362203143
42.34816361871913 16.121686871483078
19.545934718247626 58.478913453476544
60.620841216941876 15.877850188179965
0.4822689606916897 18.455633207817314
68.84890001074203 22.21481937564318
3.511581486169346 0.8018154451075343
38.835935386544676 93.02766053862784
10.67336337760626 32.40545502423656
70.5353677995059 29.237435256987474
10.449397607642851 29.899719807499004
28.12827318001049 55.87602869065469
72.4568414914089 29.495141208935095
14.370584912967887 25.134376214120845
13.419307589665108 75.86981895266497
62.91178626273689 49.88161231204293
50.18239328306725 21.261365032771018
35.42015311653712 60.42324822948556
52.41999587035411 11.150746650639187
7.839713539100113 12.650498148111012
59.34513487674503 69.74389564359839
4.152238972528055 46.952373891081386
22.840952512919387 12.76248581139967
4.492412304812776 16.235456336892785
44.006564362959544 28.141011601452014
20.436156526578465 70.39035853475187
70.17825103509718 42.94843239259897
16.4432664681203 85.82840341582184
15.296880394296474 50.56405216099462
28.92791258465707 32.09733478042167
16.944151021829292 4.729421231514208
18.26867325343544 33.44046620248763
14.898980572003662 96.80602277233217
2.7223864600948944 27.606594935188255
3.408935741629804 40.75551451743715
96.68849561467916 8.725398291738372
87.86271266111858 62.48352140901591
98.93414388464677 79.0771305055903
47.611580092648666 73.50804732745226
77.08226082691382 85.17967618757942
68.27241998676521 32.51386056451556
91.47745531818747 0.8704835449755977
11.906046990010989 9.66844416125927
35.301224541640366 50.34016544879967
82.05550584623415 19.52007897209187
98.57122823760932 44.77644046624402
28.64363236922679 79.12808234851086
73.10576638873759 66.30039215979558
41.456750741107015 86.47691155647678
39.28971596926625 89.10740654764203
37.35751012638136 56.42791644592208
63.34091607461586 17.543661080734385
64.17063775281163 31.67379557814536
4.239360166052819 33.82860108153248
48.911400872036445 23.565695532237807
79.85526058098932 45.683256876012855
38.56823057787282 10.235057052500974
8.405026961918939 73.13529905052772
45.157560068352964 31.782803017946804
26.717452671790443 90.78450803349254
93.5147965705153 81.662925067529
30.967180744330225 45.12947959883219
7.281144895864255 63.74012685068393
39.30952008466112 91.42647733563665
39.62338483067553 41.17524956402385
47.413549387411805 75.44827642519084
19.495877359106917 27.960219666810325
45.850568030386896 14.179746296716356
46.60181477277325 69.41054893721676
64.89018795286326 31.491818580435638
65.85440952698924 53.571475400189364
98.04682643512498 43.3776983801336
9.11700869817782 1.3279468969477737
98.06083841310553 1.960836955445
72.95943901214441 8.51510284101289
6.4628159949452595 10.426111428092588
72.23028616181828 83.79650759984318
37.921743895256164 22.935508076294052
38.62919425970919 2.4718712937427
17.097761111396025 85.33152702511063
71.48594442656372 88.9346923596921
93.48351536163348 25.04696530681656
7.327877249299874 36.801806436298214
96.16299579473242 92.21168166981275
2.109659727929314 52.060552821488734
31.38388818581792 31.90588244084318
15.749216143479828 65.25769278613592
76.64013280842059 62.52329433030488
51.05869162766621 40.76897513761227
82.0958538807574 60.67853720531345
70.94775991680167 25.575485527132635
70.24784416558487 3.30526477058406
44.52772156780952 99.62141965236844
54.05562327691465 78.42420440221304
32.676056599226065 30.76869659063417
32.51670339760033 62.64485661342596
76.5222017621354 28.24605988535025
35.392251824654544 10.704350061429313
96.81203002887105 94.7560224326407
43.00195449682368 97.87162970157578
36.50202514763442 32.16634371731439
91.36126128244933 23.603251816621096
3.1958109156836723 96.44339551079092
2.422294927470381 14.362866172381239
56.734761917782336 41.745319685811346
0.44457506497390664 56.98420114252462
0.12396020749918524 54.28080741008391
22.590591474084153 30.061236233815603
80.73301373373057 5.071321808017293
6.76832631440818 79.5931247213784
51.182308955319996 95.52241651452691
89.80310078598413 30.103999098016498
19.868068632199243 13.680336641656643
22.20458392828175 98.62637012437125
38.25399003086743 66.7057783513193
28.746262519612074 34.20320912042898
6.863488305394661 42.96580800755204
98.43120233583139 7.315470390550772
73.32516113176109 25.306034527649558
7.6745005320567605 25.122606475138298
58.287658252401734 88.19004987682831
40.23491412306133 67.1188856161125
36.482786438400915 47.186734732571026
2.6677801561406755 77.68027796553486
69.08838011696712 42.238940883753905
84.1331848865066 42.30947179588759
27.708770397113504 26.376388384947337
51.51689241870261 60.99107092528914
8.175767305510995 33.689902942697294
28.531706842153838 84.13730091615953
64.59908342576387 35.800526410696
19.626884934971212 99.49067804363196
38.66244275441022 47.98326389832142
1.5911774016266977 75.38450427760496
87.50304899935796 96.43489863735098
90.06988500181102 26.653987511868916
48.6479921133821 40.24501486984482
24.10635125037586 86.29286770959612
31.128584803865532 73.2054912217946
23.860709883400155 53.58149070964381
2.476963182444891 77.86001664017047
61.76469483603786 87.58318066030365
66.16560963498569 39.857865032772274
31.293299385691185 58.006758607744125
3.940596170025823 19.551739996479554
22.02158764523967 50.84411237126943
65.90178311172554 11.387778072494292
35.36591596432241 78.96396938715277
6.730724392315624 3.0864576783495967
89.55716788912858 39.78616401570091
60.90299929977102 39.96478534790726
38.19111953792742 42.896383553877435
87.89479126513085 23.705391741207325
66.16058572987697 54.26586976319791
90.88870040176613 33.493323626155814
87.96618096746994 41.24228815889266
85.38171510200424 13.92943648588465
38.772218602748 6.700848363252943
28.038989877368515 24.97618022481447
70.70298923877752 95.9465087506268
84.46329861076735 80.88925809935351
72.41207888465073 39.06249054322603
71.00254247136007 0.6361736706390619
9.318911327159018 90.62127285857136
55.377903174482654 77.33853523219723
41.09118365991281 54.30768216204215
56.98402535022245 48.22582215278513
42.53549138958617 6.74782443212446
40.13722437796018 28.220906446526573
57.50726015355273 30.12641726696933
18.086058954503525 70.7211437361267
56.82338349217005 85.12359467389194
90.92836409831001 15.905941670474455
37.872122623247776 62.56666936484271
16.82228133045357 77.78278939929936
50.87686191357671 84.53972566763538
72.69476458944942 12.389126642105586
87.97640145106942 80.70106151465392
64.36582859456061 21.857120092684102
4.6931446878358045 56.82283229491962
67.5394583859248 48.12139820611612
34.11964965310279 37.39975766988598
49.18782358302649 8.658971351645784
40.17330198023888 3.508441987921773
60.161708843943764 74.61909756244732
51.70399892975932 96.05369013108873
82.45019542718659 19.12042290935346
43.93468482410399 58.791501527172926
9.381592082952196 73.12940627117081
65.0003664070943 44.9165629765942
25.67701709573481 53.09509223784505
60.30157853886251 16.024925654398125
23.664739702446003 65.77448171712716
49.12317634167385 97.56636999974867
78.80274421073676 75.88996739037742
78.79374542696473 83.19293404017445
98.05579240709474 43.36794999185377
9.539267471750456 29.403224328822386
66.59993617476219 88.16090667194241
31.68338114154219 24.396233873300645
75.75542116785932 73.56415875315781
3.572024656193784 65.80766893509733
86.89566947684803 58.75698714423968
27.764226847052132 24.117279555841975
98.4111278584184 55.91351653388441
50.77645331101181 59.34524317131963
2.729669865955009 43.4083032475558
36.19069521323617 60.33177864559088
2.73449189886682 1.2592869678349605
33.59838245560759 81.0285945138095
67.2657101797574 92.83489685280118
46.58147369201472 6.4888220944574915
34.581284181089764 81.69264261488182
7.685242718305907 1.5762299580784012
31.58896688369608 90.26730415629355
54.71384670228673 9.437135511691185
92.95457231460765 9.59650370837336
45.38251820845718 16.125428401082186
69.77425399250832 5.289597881298514
22.785831957014413 57.11967627395771
25.569134301113472 26.734680294255163
85.78107655857295 12.163332224694102
59.56060466307268 29.51747515214802
18.364692595179466 37.90759427679706
25.098890912617723 70.22396813293955
29.1406786337124 48.333110880104734
32.34514143619109 89.2808895348628
0.15961247176631277 42.352188804944866
4.903390949144903 35.420639717192515
93.32467074855931 98.9163955018586
30.902565033622142 0.7954453518102866
75.39773615222457 10.809658691133862
78.38537111297978 24.236367631861068
51.918460162262406 97.9195663535088
21.124938997526733 98.99563676229289
29.206642753651135 72.58447535923392
4.790169421962487 3.9409639244798567
45.231374096452356 24.852462303478017
2.8585318887752953 13.702307957120984
69.72607411766624 1.2568519292565195
92.20801587907248 78.07468587245377
76.49304953319415 47.189111155514915
91.33258239188996 95.26142545605991
81.60749023288295 54.39803273058224
46.7199379612671 54.04428845581158
7.4716478998118285 74.99980006936129
56.90214506268171 38.44874391059368
10.220245615473821 79.5520115339947
41.03186660178639 36.093378069959506
84.18256422255503 40.273097057788135
34.59900164705504 73.0179803341421
58.08555506133939 98.95021912109407
12.676332913008936 5.28740279684553
16.02285570312172 55.33010967154941
37.249574564671406 33.549031507091286
28.080799331343254 3.9842952723918135
34.30461022345407 12.703840505714858
34.962195015783195 85.0053186862401
14.782327834116115 1.5558388161077796
72.2707372192502 77.54145994349356
18.06849292977766 52.00428333755992
19.123657386662284 46.270974911939845
40.183440808061455 86.61337451773447
46.57386333571149 47.00465311571934
44.6838179538267 83.25870573961578
61.53691680413775 95.87412049137795
37.9248893983422 69.11125817867384
98.16558260715075 58.3680514199474
47.97627024947959 12.47197736598321
35.853567606478265 4.685515447550914
75.39376625035061 57.33967768820343
89.45866179331702 21.742770270911382
90.12558229113893 38.00014307056704
54.047130502990484 75.43566931342366
43.796601042625184 1.2655725235169668
55.59159455613203 33.859087719180096
93.51893745423064 84.87844864077466
19.309635903122324 31.145947134998544
18.159135482843524 53.21085282451412
96.67506049881106 83.51298335975743
87.46695942660988 66.06509485183578
46.239243059994614 0.6781513142008477
16.05667896211568 88.68151578085897
3.0298687172110372 26.22622550999285
63.234300312519444 30.11090783181637
73.29199634288103 19.50179858977805
58.598693621712926 72.16780619253475
62.85692159741028 77.50846077690531
3.4023614157558835 68.22506370812317
3.059832018367059 10.186903993574036
5.844582589755931 40.084116956556535
20.0483307155397 32.43334358206121
75.30643918159264 73.47735726426441
44.62304367525839 67.32225748890238
87.00972324936903 30.878735707362694
57.313013718732996 49.02965662456849
89.56006296928749 54.254986276543036
21.95662646187102 18.184787824224603
5.470841995495245 62.79751255524977
38.347272550143344 47.047303280499605
86.67762061189 19.867159110936072
95.51862630195124 65.89426027004586
96.0123200994171 32.31687709195339
47.056506179143106 23.596060914661443
54.50344970797144 11.435282161463755
2.514994008986904 3.948977552332067
17.010542067174484 75.35124643901159
73.2293794594722 31.585180360656384
71.30866879543345 57.232473283715436
90.99041351287545 4.534800497238312
51.64082168307572 71.70970471547726
19.551180370543143 9.246418630448893
40.530760860030526 75.25936223538359
3.6752989622794052 7.561583892923041
96.5380975938954 43.16662550789374
96.13236598027437 5.411185114638728
54.701881748583645 72.93974709146434
38.760695729052884 98.39625606806679
22.088041644182578 38.23297585252911
51.30861408962839 26.00671326311109
61.68975815406532 77.73857386828008
14.861491965034034 21.010595452309744
50.86005542754846 67.17861217314967
50.6650705372477 22.670645906297317
33.487479631271086 26.04150592182073
22.276870449477016 96.53833019314656
39.260689936171666 95.58993611855948
79.94090430246338 47.31913831659481
24.442375179813435 33.4966502473115
76.7543087777035 64.70315736599142
61.566109431908814 58.22064282796989
91.18757033990849 98.700472873593
86.1238772817261 60.19838095308499
71.0079622271809 4.242139355128671
85.20316134289979 84.40546831353876
85.49414771871034 45.45682926055976
74.20567273857544 98.48523774373649
26.688057501724128 47.533854333854045
59.93124265439352 41.61945420655727
58.502323534068665 62.4075074983467
50.49120364443229 49.6979611948548
25.524767361142953 50.20013886525565
64.18945433187946 34.400692876894254
8.313056584087485 48.29416162203146
95.64069658817907 94.44996135110166
40.13441356650594 33.148584361450204
9.249344340169285 88.72014528373955
37.6727862046971 82.4739976565271
46.22791193301523 36.55672502621468
33.695826125773586 64.01492229652003
30.432201886157863 84.85794696262785
37.504722521311976 86.27225707652478
56.16012521750683 55.938446533168765
35.61924241461628 26.345018563909118
27.222714684142314 89.59348926742665
65.83185854741045 17.10725557464685
53.836738391572695 51.55176314812866
27.11872204647704 60.423112600115225
84.33298299479051 12.368228402216241
9.069146121525417 68.79843164497494
59.88930909403925 72.24602294315609
1.9733929137371042 59.725137869690556
57.21195368707346 21.70991290465658
1.3354203586082747 18.839895583965127
78.68445966140078 96.67353261960821
47.099744536455525 7.583549195087736
24.80225456751205 81.42952714177709
38.87861814899119 17.242654796242405
6.548417438125076 26.855527198232686
5.783142862860247 85.71916974795896
76.42743328363 94.94824599376938
68.31611898088632 58.36332614432127
78.27255989187528 49.042191419668846
72.08941976074655 44.77215215833944
86.00344138179088 7.09342975503856
97.19887936569012 60.44135780741501
92.692672534763 33.763657192020894
23.574917434098065 84.68273734113288
54.48644560284218 87.39622193400552
84.6617946004294 45.04068961216251
11.39535522891727 37.19771131835189
17.565424808475893 18.025891943233606
32.56656538586687 47.947736942157135
96.52154507533307 51.18407644373782
64.41222797741223 39.73209077880807
47.98130965906 23.370292828904525
2.3927196312341303 96.39636750338208
76.29646977898014 60.148244604436506
13.220669048342348 38.86247895301269
60.655345303762175 90.7070361770675
78.9063519447964 91.65187579069087
11.124744409042552 43.835966918139036
64.06191739382746 91.89445000893474
40.00708880822642 67.77849646175949
42.39199595905897 68.10361352913209
56.99995729079701 88.14117587062952
29.47264317973194 98.17580377521286
37.71958637728802 62.03304564238666
34.87149693370125 77.22256548321398
90.51333617973518 43.0598463180189
38.414902834249745 18.192470222826984
54.8170923610521 71.14254995346376
93.79292303745262 51.874985723539865
86.70420776629493 47.31633555024314
86.01878525547274 29.796857315960168
9.664325990105837 95.75460306995348
42.70038342503306 94.12401472802084
95.24301202456374 2.301219760937323
92.97031637608367 63.95960861010386
88.75370279385153 1.9813663795792857
86.89280614544361 35.6633931592509
25.311336501990823 4.499432392460911
20.476472089891107 33.58037520164447
33.81543649031929 48.1603646802271
72.10244224855873 66.00194064913788
7.462655757719883 48.32723945638154
64.79496997638049 78.60648064553425
83.64008999540033 70.39105316093216
54.99272992436401 59.550752365247774
45.428794252367446 20.45532227345106
33.40448364483136 32.39557118743945
57.173572261771 13.98431449261668
37.642707789618456 34.566626937090504
20.17722441113341 60.08973838386997
25.301208037667966 26.162615688940626
54.75950158122491 20.988387273521948
46.718685069261234 74.26959462752399
91.7197648675962 60.789835378206725
14.509118841545343 11.992722253628118
3.7059977844495773 82.97181412981192
61.27314025030549 94.62228880131056
26.16469793555768 55.575371035008324
95.69699348392353 26.33094047272433
0.10575186127067537 20.6799216967799
85.36699521552003 19.245023088129763
78.20719036437353 53.736537642855865
58.374471067924596 31.340055816704893
52.73581060334682 72.9637031654358
65.90369768392802 3.7208812449787576
74.1600193776994 53.31310488679273
97.32375976243344 4.413027719473439
45.846660472459654 49.28271167791068
15.154706969123588 50.54489494599805
95.29956441424807 24.86522784486195
97.80804040557875 39.06853109706987
28.66215249437285 84.1655833088167
99.68015032507869 3.3702822483385853
80.1081708840438 65.33058951774223
10.99417461758666 14.639787894150501
71.87124921235298 13.918466949614006
19.811750741795876 68.05063099327204
60.207232325870805 37.72689790575181
11.348712133150663 7.625513078022294
98.0714382706457 96.42365639888412
49.62159933864368 16.038477594292864
18.80269238760748 9.592797388651686
74.86148273151642 1.1479036664628794
62.30957125970102 37.50134594029251
52.4985840229137 91.17357167915803
13.317706481263325 44.33668704662471
31.164155141335094 88.68534717489004
16.06714116175645 53.017186392424385
18.72377668773675 31.5373229516662
18.66957732946154 55.46090988651896
83.44604109679074 73.34734583194795
35.24318649567555 33.90123480841577
55.072811516151745 79.13084725730724
38.53048986691927 93.17811057070254
34.758337575816775 21.098027738549707
21.821516395260353 45.855672616651724
67.5577815193144 98.84008300148342
14.30992299827193 34.34365598062282
63.06370380583945 81.50904455085754
30.495037397601166 26.68860608956065
38.29650641903732 14.21472249181125
26.86383001902274 48.842015549412174
16.377080978535496 27.43570500894551
31.38456766405957 64.73491457963006
54.622639999854364 24.42020496783558
4.616369071451675 68.07866097682238
95.93242508485068 92.91598430049564
10.955237686904029 69.02855772170517
63.75368810488797 53.43601538265857
55.907207869099665 5.9790104439634835
81.69489872353824 50.39386634133547
23.74064683779088 77.79891406322625
33.132884098891104 58.78627561390615
98.8810598640757 62.20238433592365
42.47668045388515 68.61465138765836
46.73572486011671 26.27690345434478
11.151132899662997 93.99570645378891
73.55758533526256 29.314254406615035
46.57004406181707 49.24494590100701
66.83768470863416 81.1307060461843
41.19497362518043 23.197273007172004
23.009711464731662 83.03545507454005
48.487238792668386 74.70740559569451
42.24649647949082 0.3471011229587151
31.181595598848578 73.01887628244752
53.46585651055082 59.456230305232
80.27919186273277 96.73931583680952
70.8469010098171 60.70834564447479
22.18609176021531 23.315384614940925
59.64326013540394 30.39911677724537
30.800935535497466 76.99602319227384
25.345647627403945 43.378700379356026
2.590232480253818 81.66340418316143
80.37280255587731 20.520637782476214
57.90457316498019 78.60464440447618
11.179276326401332 25.917441910468852
67.43191559390688 97.11384604219646
95.66402494103852 53.059435437638456
55.252599394086324 58.135485126806664
34.063350559857454 33.92892714764141
35.975998021190115 17.819509317339588
19.058940283320602 39.224115522942014
44.194349332879156 60.98570843038858
11.973912468183034 98.7754349870041
14.961872560681755 70.85397719343196
48.86753572347373 5.058065926782341
43.07699994046467 92.05431899732817
7.524980925473335 98.6302300991392
32.771665513939496 4.183779511077635
24.770287312618656 32.96429439355509
85.79934502130578 16.87428706272126
7.608581489811595 44.11314663822367
66.77652448152642 36.235462507968684
51.94155541043229 65.98994704295971
98.82558593734471 23.07257374682624
83.1816392252995 26.355666398837375
20.670115356462972 68.74944878609892
35.51286122305155 30.48555684299812
21.49037090612801 81.04288588499907
39.04764225329516 22.406464846110264
27.638476735612947 23.38127099275844
20.155137112368227 97.23180850361722
2.520196257825824 84.85085018867794
42.35523730543935 94.05424524781594
60.10148690072966 65.32376872062142
64.96192396082809 43.67347246237209
50.43837005244287 3.8563743794326255
7.208461240487529 15.863646206178705
18.590599584717758 15.345733648579973
70.13114745724943 39.324765579108835
66.0931039812714 8.093712901358707
65.89829649124144 94.16189840563753
30.247262442015412 29.519540545937172
44.29391958582368 42.04363609653
17.2832852333322 87.787468306845
50.811387965052944 2.75899482261297
49.80346197748536 85.1307384087328
67.6274656687357 60.74635849993517
3.570364865980802 89.5546560084686
20.877977632236288 65.00766337417309
48.41366032189537 18.373235033297362
7.107395953510876 96.92532410399477
58.02540871868691 90.5180419503678
13.720777348396807 21.863569771877835
39.49107137153857 25.564123302803267
95.55026962210742 84.75689560923006
86.19696407569467 46.15286895374676
36.907550675260225 61.445099671920424
10.440961533149062 5.66943426551717
85.74553451621041 48.66943091433525
86.89491470919776 56.70260001712158
