798
59.120007934629214 80.17265941216523
44.42053944131607 94.36652605281978
64.7142940899757 23.250868994178198
66.46761630800037 91.40186621351937
48.69511456568784 43.513964905487626
2.162649456934529 96.8237079528048
80.88589854809257 31.072923983754574
29.14747003526553 27.798505665571927
83.27741767583365 26.994079381459603
78.5807774754082 39.286720415429144
9.534670129118183 3.6703378232828987
27.725434647701174 32.42517444328986
98.96219281351276 14.674879033627086
57.996716037912265 34.71779408760359
83.43462254990921 31.64382391534646
25.28585087721912 64.26759186133943
6.66636162227483 59.296606890426894
71.88853684032428 46.91939352051211
23.701296198775335 16.604235111370123
26.03926682501615 71.35274241955504
66.97049563179604 77.44811462571302
93.34304141514852 80.14412361363179
24.92130918126062 88.50223576472301
20.573191004024803 55.185189876844085
64.48153894745138 13.121149666025978
63.487347207808696 29.873079957103933
36.681606654578836 8.072105380721005
65.98195911400772 67.93979385373702
15.446261399773997 4.7679884281956575
34.448072458361324 43.16232802398269
75.83056857918557 29.69328361851501
6.281732478249746 67.73828397033733
57.78336944423318 60.17102403505083
13.917861693832611 4.881234874481133
44.39086029800916 92.90138827716531
41.29472723103904 72.78772360274158
57.28812185537978 81.4864315647721
17.303019531265175 92.11912797347796
39.805232341147125 51.347458483283894
95.1707275395977 53.01690055875001
64.41381761186275 5.000653791597676
7.427845599806937 42.12135987815968
90.00402872919994 96.72161495718609
86.78286321750362 61.30992764384894
14.742255970746676 42.906668979781934
79.28067897510101 21.03778581636383
61.684239188359555 21.68213714044799
88.20934195113969 78.28360806324068
71.12791854916793 61.75235490034646
28.368436789881002 7.403594822970893
21.145125411418398 44.354341317809364
33.17064996260479 92.45295945708787
14.845728259197966 72.32025811074534
57.476374351396146 22.66462889332609
54.363081322485016 29.232136367733652
89.70837624087301 90.24234521974907
15.546131260562923 86.61552153462733
72.7360228074632 64.52577128623903
26.141529416263676 83.84455073898117
99.86958178770637 42.17447773374775
37.58080941669144 53.96256530510334
65.71182327378874 14.233466880309331
45.620008061934605 23.915290344115647
50.996110809822866 81.0574746750023
33.345290684695314 34.34797440668412
53.53728519502764 59.96893075563221
0.33134419317626396 67.64990368445066
89.92166797108626 97.82237066346285
19.02597468738386 34.07493676179543
80.49068036556099 56.445181271235064
52.01398401646126 86.88398848287564
19.834298349232114 66.46140054348307
44.839899476153846 47.80103682669562
50.224404554950105 72.13741953466008
65.67518675714747 50.91312291056025
23.54371332755285 47.289913909937994
40.34288806679109 6.684786033836709
85.5542348041162 7.921637798764946
32.89094034870368 14.92584918097888
44.145044055052594 86.01635221656917
64.54870862115753 0.012086804905653281
2.2108957330842283 31.406334699132533
2.673996737525486 92.25825179109488
99.40984908405387 90.67969883027213
95.34346479141932 35.865947453944145
82.48844508126524 50.99448229913318
13.419679821786923 75.27050899873528
50.52776732297446 91.55555007994849
92.79815420574768 81.34846034483557
42.498511130569526 44.170731220607884
92.36986217798415 0.5673132178313445
26.729046873649175 66.80453793922466
67.13016786865356 33.8895960502984
10.890275052111143 16.857969954163178
42.47321957748783 95.85550005418428
85.46217407669026 79.19714787689969
99.73816135894299 23.181299072277127
39.47252183163569 76.40396536653644
94.98652199757957 52.99250510173869
70.56435680181815 73.90031516513798
94.78215892908547 57.96986371769051
88.94308117769087 86.88034818140332
87.93937392258904 88.39954030775607
74.10609524492125 78.03204552073497
98.79716811250945 61.28948961210475
52.662979132695696 45.10537966299163
31.97049669622548 50.836031343860824
72.05657700884962 81.31465907715061
31.701695346538127 17.345982579599916
64.19664479564918 84.68758464654827
56.26474419283348 28.399811060863723
67.82289584918747 64.5263361410434
90.1987106238895 32.87618670985185
16.441085375652776 59.42398721304668
10.474632839432218 62.915705605188386
63.872621981258746 33.78284525949704
40.32618886289162 19.34257742637364
51.837032818295285 96.08022544446226
51.38322112308232 94.46686991408846
29.928519555173484 25.49327511151418
37.512624580778386 60.80670085206551
16.51693662758578 26.803716870609406
38.798752115407545 57.64192089598499
90.98600053518848 31.95826166308634
79.25483920760497 8.439802286498521
37.66015953648382 18.39703694494329
30.47580471611915 59.19671081655269
36.99309096843021 9.615863198709729
31.955303525719348 15.989052303490103
67.25492713706302 13.46880100316259
3.2757286563670496 76.61459837365892
95.75977051481702 97.72024146984411
89.55782340176725 62.49194538859726
92.07588295590897 76.72101424237422
62.16273953117823 67.55044270846808
36.64920201744779 51.79385003763658
63.87010592789194 24.601456025784675
68.45941502737529 91.37180646238322
78.19446554980031 22.358757336313808
37.30532978185644 16.696828553521836
68.81949984911333 17.56694844996528
48.13432809178414 15.790347393995841
84.46901315365642 37.557682156362674
96.41102881763295 71.633482028063
86.2684577288236 37.91112734812895
67.27718193672072 4.051898182132696
82.56716700708071 81.05941238962173
65.53639666487315 73.62276993384066
91.3233160291435 31.41809355347399
99.09731658885966 32.351731309743805
32.02539045174711 24.01299796060291
91.12339895021204 60.837403077684215
21.732946703895184 15.160446002208838
97.88041621280642 18.694603332981195
4.120974761287355 83.93953832623482
89.91459755928555 11.205856072097752
74.51939034950746 12.706102317580337
89.87142846458134 35.704897886348654
6.604616147159559 98.89402489166858
32.65957284629576 33.75440176138249
2.815023772536973 2.035264818375293
22.326861657587514 43.134620932025214
96.7168016294455 21.87607111102219
55.658444175364444 61.87726426158825
3.503646205592603 20.814521316055192
92.8845235107199 98.91714700157048
22.200576934411075 36.2192808832697
31.87846502224325 30.999960876986854
82.71519816597463 69.72528516693787
7.598112860880313 64.63524248489898
49.28967890839473 76.1654808562819
68.91073273329846 25.955032905793708
17.247320691892565 55.621377765932976
57.75555798233547 68.86085303682952
60.30071818082595 87.83423600231338
7.747691635916809 35.54694029389749
79.52942142667996 3.646815644512691
78.42718429165302 21.718388973199477
1.2924591736590996 23.450018387187132
77.13538725242468 89.74535353119101
41.78771079862409 14.698070155638787
66.0803613027725 6.210350655540397
42.16022949952971 48.804463930539974
65.96832587630827 31.01924605522325
5.113310389659365 47.76688950660885
1.8893869357059612 28.81572082411631
40.62512963675155 68.69540146996287
99.61616303736533 9.2960299651207
67.26085931039954 39.2663498134247
92.55869210580778 43.27996012650534
5.435010414756669 65.93790598892522
98.76306838582975 19.664871982456976
61.18404610756504 84.15275507982813
68.45873174679576 0.5210075081114596
3.4094708575492905 68.09016543745558
47.15660026965474 88.1064018857896
75.99602517037431 89.80377295172217
44.13464939054329 13.976073940894063
44.499583579071135 9.41205249557605
51.89267158033929 78.00582455460949
89.49926980130546 9.906629809647194
36.133647860201634 31.466017880372277
73.16227353427503 86.70872625647281
77.97200114601928 3.3837031960118447
47.98858292036107 23.216547667469467
41.97334611283738 27.681638450685643
7.44333632969213 91.46316122811966
55.724043332869975 32.53927818831359
9.574425102439644 86.72135878434266
65.32618366942792 66.91847667277847
91.56978792465875 34.1932418131626
66.99558423073032 40.23357280441574
92.83194288933657 91.661711316026
95.62468969224224 45.094700047482036
1.5962654407140509 44.72978298698552
54.47754878303937 54.4902736750696
47.646549472107566 84.4798407973522
80.44280331184983 43.791136036131604
13.011468678735428 41.17222647608635
57.44144391054093 54.72686494929131
8.44673716146409 64.4839111566225
39.467291475946254 18.82008479729309
37.70038951235668 1.0481616343394062
81.95888583945735 72.02300166854133
85.40666644635495 99.63644932043812
1.0353229965374355 42.99689913493548
41.754808819578635 19.732694869430812
30.435246923265392 10.048881165318079
53.39725969398547 56.20759555757295
68.32926336112428 27.122839602218228
15.698767491851118 7.283039934233059
12.754323948710722 27.774579559650437
43.78710883412049 89.41697198646533
68.22245624803756 45.868177623551446
22.219068923001185 17.30203962333676
97.58500115836102 27.22258116503268
59.95718688493788 16.536729761414904
77.1362355567779 15.84652052906681
42.29157548077893 72.25009787035427
69.44691795504671 15.317500056678634
50.554950351660686 3.4079809939951744
60.49486371224828 95.95302627215543
81.19652965011997 61.376532954115284
68.38371768356158 29.54980433712323
65.52488358637068 22.140060078924783
18.8866073492624 31.10887982731366
41.73824764441846 49.57564328920757
96.6522634788455 91.28879933667545
95.138332408067 32.61621966545343
67.28352132219733 72.56160860264721
80.92293248558975 59.73337181649353
41.19889136994986 55.807516798848134
31.380595738997684 53.831470142837865
63.706266992326256 22.515326150295166
83.03221726945635 48.98118928925969
30.72190125048735 53.441671058930865
14.579834552168048 91.03848276755785
6.16176068740123 9.145051689888295
44.5021134533382 89.78081082888723
0.011848659785751448 76.38153937010831
47.433166432840665 30.748585498470838
64.25335668768916 55.28540460178233
55.154740172877524 67.80951080581717
90.33679280362288 33.15412314576761
30.690613741164874 37.35462608650041
25.812932946737998 23.732436349787424
52.5749649995438 78.06696877530476
90.71150450838857 33.0723656985336
88.1343860141198 45.19742648737983
58.53675790134159 72.91767545644483
62.00670171761159 79.90631981651296
27.423886943877505 4.880491247380303
28.96488182680137 29.68830341164026
53.00639736777492 66.79726794107813
28.189365989795945 50.135635923522116
95.44527104560032 86.54927812253656
87.55122679896908 40.36119581040579
50.220267514238 52.5572891144727
87.10443272322638 29.62891046761733
79.9229436856635 55.08729269032763
55.313947877863455 90.54326755910564
7.312270776166374 11.787400662751836
35.02596289074188 55.666971406344686
54.211847608187334 6.562351269539746
78.12305290505726 5.032034939290653
87.35771885690214 64.40846684468859
34.99297746705541 77.48219130958077
60.90318759105927 78.3215379646311
89.06312917252205 86.94176057609137
2.6906731777211923 74.28198748953086
60.46698598603576 7.6090490756935525
14.066427565515793 0.6315059317108074
33.83927140324862 0.23744559416994937
64.69117549897258 33.96346654998271
73.38291767887061 99.3965228204831
0.7370965662658158 71.39314293084819
77.56133347023089 13.664017395253147
50.54812968933832 11.316400322859998
83.18255001650415 53.63694050703942
94.277381391939 43.92908180893348
57.73675377600745 71.81445039913739
93.95593679157278 60.969078489544756
48.23531131978297 52.03019221692333
45.42781144428347 68.41009119976573
44.42212913794932 57.48619525522302
77.37527340448155 48.052220562852
27.508363139409198 25.460387245908844
50.44077377731221 59.67862700246891
94.61377904965842 75.2376596965169
78.54540757619968 32.64902148185913
2.787018723734358 32.24998638739493
29.844740457224184 3.095343035606901
54.9234365136937 15.74877103575968
83.10694354970946 37.059974005640385
42.257433214212234 11.507495721112504
61.49443973684791 77.94777285945547
45.94386899852842 74.03220096169477
10.382096119090544 29.197452826994585
67.40640674712394 77.6006183635203
47.9655849671878 24.40633088896006
32.75890019791957 86.72251478009015
60.320167439025774 88.86335748498728
90.47535033393771 4.314816674938626
4.123769300410441 66.19311205633073
73.4590009044299 99.75946115582677
84.12318228294578 85.94693241566996
33.96610887732475 83.5144892134051
55.06588074458526 70.53903435439139
12.059325193955384 51.60611596490099
43.02983155069764 74.58452674757595
36.76209138500642 52.03160500084163
48.86447606040968 29.30696328333
1.0160631356036176 66.12333628667557
90.00521821334968 72.16454677668212
38.9765160546888 31.519176460665253
76.43437505560861 50.12293604243736
89.43297206356023 92.02861331633909
4.060736515095487 6.214594664322659
82.76695292324148 77.38814036265236
57.98662000776966 82.42252243902703
45.9994224362601 53.86020566217237
17.015181824708357 19.103777675224432
48.49699857603246 38.175391713801375
26.310430254913207 39.27416850712342
35.19081485103026 94.67623229438834
62.82964173786277 12.749706060853129
83.98164497315379 31.502269482495283
10.60560796939175 26.252992680584487
41.21779777006861 54.944523447878844
11.212690967262029 87.67926317026529
40.65326595253923 92.60573821598456
0.10367073455830322 13.836230534663285
58.89828875943364 56.90737237455219
2.800919733903251 40.9904941814737
85.31386251693809 81.03811760078854
45.97001743872372 47.67766917197706
74.90299635648323 34.57991787796947
25.653147779940856 30.001883983094213
85.93161223900941 85.57400628250578
75.71153837293622 29.36380926009431
87.98351270956236 23.22699512706442
4.137262687197585 51.15384627017065
52.45470869381113 9.5156318037239
85.24637755081127 23.5605130071473
73.0773340610319 85.67980639171004
20.451651723687636 97.07866004629938
96.07979051223938 75.5605257673658
53.29676440694775 64.00471126131538
63.767506484208894 46.499548740913774
1.6202698770029555 82.80315819841502
60.51163898874162 1.1418568338524504
81.58179450890421 2.760317820739966
11.979807859087089 4.549388129645749
60.51252331867126 71.73432493505646
54.31032720489537 16.511157319684322
0.7751597419557332 42.62096973221154
27.111501904355386 90.29969196035321
29.798403521674256 18.19402872078354
0.6582708290808204 36.94320093792205
7.622879175158537 49.84437625754805
70.94670858989609 46.308268705119815
95.17263568526302 12.402876429461429
6.077974142261555 78.79951285214884
56.65169651541804 88.2613272051387
31.99308377651753 9.522051589302228
68.23066585615123 7.382226485527655
2.522847090861735 74.20915175509727
28.993293584976808 56.46951093139353
23.31034429318152 21.415394243541584
16.593925848844105 13.9879534554453
13.833107589584781 9.497608744652265
40.058830760278816 68.47176888579504
25.78450314199984 44.487389976592254
48.94355659119226 69.14833886299218
95.25716527508521 42.03827736475877
59.84649158119346 49.01255717112046
52.02751159235041 95.49927792566568
61.55731794378075 8.35705871110518
40.626304883905874 83.97558183099247
54.65670908624294 79.75807623132478
63.45609966375496 84.14529110813928
93.05942443803643 14.480865309754643
41.4920184721276 78.78789559956758
62.00775430664459 78.69862528120713
76.70817373608571 14.721486136284279
52.40692616079071 32.07352970393129
6.397976713504927 86.72378092106037
13.460047694026144 99.52948910381814
2.028164133537891 38.5527549821831
27.937016693351847 68.0268888005932
86.73362658079914 87.07835234466143
20.253773017191435 3.554513922053182
60.557243083363765 43.349091788407435
37.74296451814529 18.2835194966952
34.405634021756626 13.071454173409947
12.184983721090425 9.685170208623484
36.725693505011655 5.948360252113105
26.028862044575586 33.29495276899041
36.016726106171106 66.55176930574638
94.76605953163565 58.204694629615005
56.64051168591391 89.1410439657283
80.2297389912854 74.37690786788107
47.5127682912047 24.715724327881038
91.14428694432335 27.67515099290414
55.897557361348035 86.69603645882093
69.53885938294056 58.02870377002659
2.1260358197919382 46.659279155086665
39.16423973255332 21.4516459893222
27.371224497889834 2.468364299804382
52.468878127344475 25.330544565934144
1.386150373717332 23.04678808475975
95.52402986928045 95.62830827448776
27.305869993968745 99.8530384117112
11.664808745455503 3.591193451059904
65.56203230860109 43.056000967183536
87.22253831967073 26.540524427601586
41.96177834809516 56.984898233931844
25.674592221767224 14.534942418132824
7.747876836233425 28.43844271884094
51.11291196231015 63.160316488903554
81.16178163686317 40.932181278590875
30.174103335684066 14.413969415187111
46.284449274071235 64.67004351178602
39.57470820741397 24.512227995014445
59.926301548754246 68.47998876594676
79.80936737275812 74.12716412555766
50.83538182464882 36.35628395053938
32.966397629172086 37.2242032198827
47.05282156084552 29.121911870951035
33.65279001714323 2.4667635690490686
69.85899634009563 28.277086768437385
44.97540039729889 80.47567620567426
25.60507168067403 89.65006845370594
90.41973167672002 38.54384027027867
42.06930727594103 54.03569062544413
72.17717000727045 48.262585581202224
25.19999559140639 44.34044884001116
14.909704592470629 69.45475969083834
60.17435513072693 79.66341272759199
50.31909086942802 90.43545863056957
24.055515963877138 68.54290664527299
9.975259117706582 19.169875184714236
20.85471101888382 6.673309624513168
44.068619476719896 30.081445145639428
59.593948416651 11.28504111756181
25.817252801997025 43.94585359729937
45.0924752437476 51.51125611105716
90.628854385515 22.944918696170546
33.91131226275391 93.38008647905161
49.92213834031809 93.94522590229661
20.022699648977216 18.646213703189453
25.563079769913223 88.93405412268443
20.80771375082047 46.83526890662121
2.4638199395500715 74.54801914541763
15.266746511985641 56.80896439780281
62.57908709827381 1.7697505112295953
23.697490924953268 91.26430408968616
75.08488178610364 11.589093291230446
67.56839830192752 30.666141699817786
78.06696445820515 0.7114408974589592
15.92242736806494 19.75055309685857
43.545543518606024 1.2421251551142154
20.57283237411577 74.27426397576401
53.68315531518547 36.76428878128441
74.00997052583186 25.577362231936007
96.10650957526167 92.60233858769021
47.54861026198609 54.65287579357947
37.43514468660965 18.61293829604078
71.56770142443463 29.451026362684974
1.8990401223414999 90.96128914890593
88.85773516854437 42.980890955262595
2.4361219872406026 18.041628683557498
43.47451931002049 81.33545726849809
73.36881806440945 7.328600300262211
73.98977442228333 44.865727298521726
7.85244722138152 16.40749164186165
89.03942631556075 46.44002057995251
48.45193759416942 44.66355345601946
3.7420055718555223 10.531752175788956
39.02252913660406 49.1634594575578
45.60317039541337 63.91520386590274
48.24486972212949 4.545263377460906
7.59165062822923 44.36452460429607
23.607297594451836 17.42608813833797
28.85258887922052 8.786316460230093
29.934023636286376 21.264123804144276
12.870304854662873 8.744896857623619
70.05743614665106 74.6281813469173
36.44530062311052 43.330404381422824
97.97004345584524 70.86889013987869
70.43982923618064 33.56018269289691
65.30415571346249 35.480620012240884
3.382138019330405 46.17862072993722
48.107169389612146 19.29976641081066
70.3200337577571 4.627578852238468
45.19095892841894 79.69305635586053
97.22272543297593 60.302836182065555
62.37826515099566 12.8823403409141
53.7771557311078 88.83733813989808
52.292536581883496 43.309885168455054
85.01194390422151 59.46518033758609
69.19486355690991 70.31980931979865
93.18262862367285 42.48924648108996
64.16412874738636 13.686502046392036
90.91059161968123 1.5834032533155629
26.12072989089208 1.6443544522942832
19.412777307368856 22.919381859539058
17.591811047375895 48.39284082564495
14.444620010063304 86.21835524578493
27.688837129247556 62.496859481177204
72.22142727196406 95.36339995171137
16.511962534261436 50.7406309581034
50.436912762336384 42.277335889961606
15.9203197295965 63.05528068869008
29.986431582745844 2.5265082099771186
39.16319039953072 37.06997882417929
69.39925028205832 35.92458704173123
31.73979403242736 49.27360908019214
62.527096964641494 52.75570414150367
95.3710144698642 95.06370126329878
17.297664141965583 32.007540480089204
19.397036519359535 41.53842315333846
79.36608362283776 70.92005264162786
76.6994801449161 64.30213485984807
36.547808465192944 89.43167768282765
86.73767802731702 76.0068173548413
62.57880949452247 36.10449222929769
62.657547166152526 70.29431948595733
39.48455931495265 59.673576916314694
71.1523944234756 97.69960569299462
22.37941334263921 68.00390087108865
3.6911482455009303 77.19328234482612
15.329182484737414 61.882682705512536
16.151246137069975 39.54716995959948
21.08440723731162 66.5644246122329
3.848880842480651 87.15681816538101
54.71116841300429 72.8716015444629
9.065190260548285 1.08470853524123
19.978363181774895 56.85999420800649
24.407593788356262 58.23260881268153
71.24484793043464 1.6589891536260892
0.11897715877867698 30.076111644088577
21.169488903370905 69.48093225214078
39.24270653308414 63.74965421739891
23.497464603672512 61.978254574711855
17.819376310561175 64.41956488405886
87.82167739590642 69.17350291686294
62.70153873377191 59.62251871509664
54.99937644764938 47.07633991354009
85.3755756327894 82.79383268178256
87.21562696502104 8.21043748736795
14.210782922115673 6.3202599508212165
87.29737961887753 29.96090209938851
46.34187786687618 16.495186996767398
8.633483709049717 15.19570618697027
8.980740894569028 76.92174358083574
37.72626371163821 0.8596840958638552
43.10444264570433 92.28839625049058
36.49896476674021 37.748952852674265
35.73309399185478 57.70587171289292
40.86828870561193 54.94986709251738
81.1119213360037 91.96060252155434
88.20995922884917 9.023332853157973
24.866964004892356 12.091879974113617
6.136091451117065 42.44057492509575
23.84108909004339 66.74633477974346
66.52893364399073 70.45064363910505
70.85864325290581 31.60261540129469
93.36747527210589 64.54165539404705
14.307713815686785 93.84069119650812
40.074099508128846 11.090530064188343
19.074347584132546 66.48157320993275
94.39156025168191 57.78983337018929
58.66850244909754 54.600740483136576
5.200363476531001 83.25757128016213
66.28813795416988 72.15511252480505
43.65298303641193 32.55006629737039
82.17051195525877 22.40551856470092
76.65738075881961 13.005607193750135
73.45335293675969 67.24599271389894
12.033788973025372 49.992962674141225
8.757737921319608 51.02306352152204
81.17104438656173 38.03816187014759
85.44631064870106 58.92896505183326
50.486301209474206 7.771418515890394
34.7202949645906 87.50285163079128
2.937071006850922 11.46510698069012
88.61961287627919 83.32650039099366
37.19331853099016 17.051987246788002
68.89146224276423 45.24559410037151
61.423871611474034 22.069944993409063
70.28200505983334 10.937187742017873
39.294560379818165 14.106715258741964
62.52336614797588 3.505143636214192
23.984352642389396 4.579008351488967
6.754398704215858 95.54501432734796
5.148911281771196 5.782219909674469
9.669079098921962 38.151741172733246
15.890278561263592 74.57276367553338
78.04028006653641 91.04438764834403
53.49438508943609 37.733462802820526
67.77799396397597 70.49456707394994
25.17942679794245 27.575465138371058
61.96137562961809 89.97272482379819
49.712393063504344 85.88576216575956
63.391938383691674 26.954892442664203
6.526061098211988 22.56263701106459
38.933817717961325 35.792755593009886
46.0861395324771 47.17452695558403
42.25715186937165 21.647065178977577
28.88022589872564 11.580182569129072
74.49571767269603 80.92312148995157
91.68733435079136 93.27772456096358
2.272178409214698 71.25297819662384
36.70897002378026 88.97269448868722
26.74050701065964 73.33219124189495
52.89479919467974 29.22413035086453
50.29354287479196 30.545214263104135
40.2948944821417 63.3086616259152
82.8236195283343 13.113453388141828
24.465229496242703 71.29188734732901
56.60347144967754 48.70398047310472
15.487114244297961 33.733401386543505
22.002223854522228 86.00066088206881
83.03594679789103 80.95058120905739
29.29762216995847 27.54839601291795
81.98643424061893 48.30975438474906
56.274216224021245 77.34711861786081
50.98093628008821 4.143050000192073
43.93241436927414 43.916422820612986
39.21331298008612 56.26191117789078
30.88295103483726 95.43129177311552
47.14733925912341 97.91339361122805
96.4460160674038 83.99036602895019
78.35539697320276 4.636302087637645
38.957858669045066 42.74493459174503
28.340993101116375 60.785296135290245
83.4628650032317 40.89260681246768
90.47693589807572 5.129329790111747
9.260405928139647 2.500625563618919
6.568719528475531 18.80440991141421
66.53526936490749 79.96605855743134
90.60010746127426 26.566908248046406
72.6100968006816 2.384401294485017
97.01373765974175 39.07377154096626
6.496667361695685 63.65711671427701
75.08188772329292 31.063910102014436
45.81865472224123 30.74487549741334
31.38976937707708 65.66020607569371
8.936212117675302 46.81162334703571
55.6679825726015 84.38167268001904
20.80900647445936 89.49056509565546
57.456638221990296 82.29099228201518
96.81669452353319 43.24583743488522
4.7079858920121005 41.69882777410925
16.081309163376687 72.45670284714343
87.17615555124338 95.42830520190715
17.220405523064773 39.857302630235544
30.580512290192573 50.641421680284594
92.87151447941739 33.94167881127426
61.030927809325675 36.81308539340996
98.43763826374351 96.07981840136708
83.57404681578461 69.95921865908521
65.77354990923253 66.85283204083458
13.636036905588778 39.765386449701644
21.12339517544175 28.79856082844189
2.285784837315641 45.180622106614706
26.26119407237931 27.045417696412642
16.267555741440574 72.9557768250636
12.275168946466074 3.616819548275174
41.263888002123636 45.31908642584712
42.03747126692381 55.741846556927335
37.12429921118312 95.14538528197646
25.127397579928378 68.73064995359792
7.173232686894737 75.22406110419259
14.084379031210027 70.5828318806069
82.76350426060634 44.926776008269265
18.898479756404075 14.715758070379724
99.50074369531717 57.030555608485244
41.09759697554911 39.290079658064705
86.13155948199527 12.687211246671716
38.4633864262839 92.2335260428958
83.82645560217472 9.16533381466811
57.63825559143992 73.88359814653417
64.75629824025377 36.55005179323856
23.683527438875885 81.01251393549205
14.077503647483436 57.80573298886576
58.80934504238652 21.3564733701887
79.8033355714844 82.57497064372158
96.40840379298726 20.028073621627453
78.77195949085419 94.47890860166494
90.7501890515592 71.36095414818925
45.80767835131222 43.104682651433244
34.146473699517344 7.7731935737710645
91.73971801603355 32.085627768859226
6.444927941898248 90.60333117646316
76.73824007331233 46.204952343427244
42.25025731128231 9.380637425714422
47.29735980528099 64.86762731635287
14.257475710598877 62.66282469854549
97.53044247410637 91.26033423633373
9.652242232885177 88.8833530388771
78.10857277797616 8.009637108016188
96.3215001399258 32.18334844396976
28.759870899596006 54.51207608981116
19.65335055482267 65.98801030359222
29.931401565608727 98.91303093626473
30.51549094353937 58.28762561770826
26.220910231835013 11.421630352967682
15.971081045433799 85.55869499805023
24.11103928273728 61.52212055304604
39.4606275151984 55.527883446030515
85.87167696852967 51.624164746320524
84.9269466928942 80.47560651114311
66.64828214354573 27.065684165765646
75.23811454932017 50.62512840097128
94.18931874937691 13.708643200305614
87.6849467867181 22.32020039283571
35.37419027106517 1.4023676030900267
43.66962964352956 33.47689700629124
44.86484120971998 74.39232853422116
74.38426112597801 88.89571005329053
72.73268345973779 41.05621745736472
41.81590968521913 26.106120302618763
39.566527542296505 63.34447352643181
48.26094974354702 40.93962365713436
5.609191675126624 12.543886220112343
91.48657175661286 24.192192814861702
12.796715902923205 24.330793024542473
61.15003730738929 73.04393742368657
5.162849270595748 69.19157894708077
78.57477109643614 89.80038814562009
24.342103086496248 36.80419972322895
82.13685806366503 26.875568004925153
3.3243204485248645 25.43282481806075
84.59480305514771 47.393746135173465
44.400812707585345 64.42095878834304
45.91130590188338 37.67978371758429
93.30876125431753 29.647184635412415
92.81866417790856 7.614856661816749
46.021351804787635 98.67047636741414
97.97526764423887 98.41144923738182
76.18405236006893 12.43059379877095
68.60318556066738 93.8695286152465
66.66224159466194 0.9352043788595221
25.682333890792396 73.29616964285199
11.674253559674174 2.5831680194931095
55.81686967802998 95.6274548073333
25.758448509669773 38.63978721860646
9.400091682836232 32.951165722380395
34.15290372400632 73.73043709091124
83.93705862948046 21.387863647605098
46.40507013845716 94.71026313396237
39.979285389011565 88.49032997763786
46.005513967799224 44.70254578633749
60.817457689285916 86.75976034927504
52.39978954811273 91.27613595081037
52.44796564913885 44.71238978684836
64.08393983149946 7.803404673818736
62.33605408901985 53.717751869756306
30.69374670915488 42.628906761451326
36.48530570279506 51.917144875700004
63.161785477661184 98.82631579506705
15.288164473584963 1.6214146638968807
81.100736843931 56.55288180468222
1.2395785843683171 41.73347972707935
96.69756109463586 12.433250663097194
17.57314410601254 92.95822939566541
89.53923162231492 74.181022257767
94.15228396889057 16.69543137728998
9.904866344148978 74.59696818005357
61.910042476737395 21.793507044619588
92.3983582254307 0.9959133457888791
75.36195919045008 53.132629611125246
29.315237184436892 4.319448758660638
40.92952472076312 78.74762065716608
35.0788545947614 11.989027056521106
3.933623744032466 10.409250265388593
