722
85.11548628976811 30.52674427951281
81.49906070361472 19.00516678919858
39.00047912846144 33.47468676419167
29.964626311075726 81.08104288253915
39.8249259604597 88.92872498172072
76.74991667658895 58.91071892809827
82.77426796560563 13.309157958894602
14.841239971493192 16.435298027973733
56.108227882495996 83.71342624380975
79.38912124933594 24.070587748566275
65.4940026545659 68.14358221216365
38.90115104125525 82.31485340926615
95.45419696433868 36.61655297117215
94.14647878036386 90.93314173995486
57.98020655654097 56.32959965737208
19.00886167695116 80.93877676962934
37.83825795196657 36.36963870103618
49.46078605602479 88.48553797850258
3.8305962075776634 57.300359727654794
38.53235882421123 71.95933004668822
77.05939057108989 32.88023072231865
11.5716959678829 41.305294640953306
17.645276057193893 21.990355987332666
35.96378177315695 12.37722408104066
60.94902462027895 43.4876437852519
76.89122427754077 41.34268774126089
38.21840022876898 6.904755730523259
96.338180124 98.63561445240123
82.90146128913817 7.929038488245799
78.194012820689 80.58522708155937
66.51191397147596 23.48580711789239
32.514108168169344 48.26399715229229
39.95138108571413 27.55798135321036
35.76592562871128 0.5864106673116432
69.195418869633 94.62582292493778
26.95759484028232 46.60875590014473
60.5906113805669 70.17549070822507
23.416138478387094 79.65573641319646
29.24409738372784 76.54724724560134
97.92447037374168 92.18131173173087
20.167732993659737 44.187663383605724
12.754198947413208 76.8571718785352
37.623548891444614 90.3247324220132
26.36323872157145 50.34844854967868
17.577043245645875 71.09361651577315
89.47497263466408 30.496806587326454
15.471429081511168 21.631169612818944
75.0658745939618 54.06035906687479
63.173673325765435 58.939325472020656
9.59546544155705 28.508750677020355
50.89474308707518 84.01003124036917
48.79134997455857 44.624282395514406
37.052622390628486 3.185989877539941
59.782853158612625 59.07483575999707
95.25593947520875 27.857050640593428
0.7467715553328369 68.20805274700838
5.107938535680945 98.69007714443855
24.28257309088744 39.13758037886327
38.310465462508915 89.61513453586292
81.17937772124635 77.49292906119777
89.35113421834298 22.287724983101665
16.20672674778231 47.606357139212385
87.63543935006997 21.96464263539486
12.328441926336463 11.772485299426505
76.93938377068761 0.41733326898441003
33.08483434344443 63.61383188169154
72.26038582914302 64.3782012118015
59.1368114476987 57.84877054555031
53.925031888573294 26.950856404497603
35.47912268445989 43.1503155407357
19.335859323038306 58.896363822423304
70.67869017723251 27.553807107305992
70.88715889994346 87.14490972598591
72.65997201457608 73.24591130147822
95.79668733866562 22.87516079336359
93.834686025493 39.14816940832841
20.37112303997153 90.01381325845993
24.591828906703338 17.328173044671324
47.843807384094475 93.0934481752418
67.5556387749512 37.47719929060025
70.11675445799082 0.0702655063900881
71.44380344897856 99.71230947337158
66.60435178653839 63.07222355482902
40.55208587057903 69.99839698055064
46.28983007464662 46.92625026530119
5.0011725567967735 93.40866061013215
58.745820444111 75.75374159162921
86.06125123008962 24.152624568195304
35.02618915809626 36.42414571995886
12.47849646637562 35.7607497910843
57.27204061407991 9.933551732249535
45.105065774107544 57.892554678493156
65.47945133898416 18.594133406083923
41.20291426927432 53.23839059542704
64.65513116304248 61.81345706247263
15.094038953044498 3.080376087503689
24.646026529695508 17.907793552890936
30.66896923519321 37.80625154875701
40.93532929298303 0.3599351107357096
33.47527686081796 76.54734097643059
98.41029954671122 57.701566893752165
13.764242126990867 18.645333871630232
96.14099064885238 87.4492909855415
39.73037206390879 22.41519428574634
67.34402151201668 33.94073750758469
88.75046421618038 69.73881387036552
77.46289351862492 25.269116139049864
64.08127083031553 89.44377129962989
4.733582652509927 81.53967300523155
78.42543118566533 48.0773606160823
50.44977115271184 90.84978005168323
64.06292220983173 80.88565892565306
20.276303099686743 72.66603896140839
77.64619866512503 49.656178418136655
72.82772789694579 9.664051861853961
93.19285254189293 11.819195464551935
42.09182581496863 47.29158617542287
52.966727101889134 92.90389926521203
62.60222329102103 16.91715062099274
28.67889935177247 39.54081500127934
84.75123890082602 32.45470746151222
41.10206480633561 30.271033283722737
93.72713601796585 94.02566496581416
48.240581688363214 10.618709717305263
69.84009341753563 8.341672159266444
78.17825688825839 11.822906742370808
15.644746616714567 57.719132870982214
41.8201088111296 93.26640304461758
81.26818183828095 34.509815382917665
25.227323940498792 84.64707950935721
8.419138617489462 58.766752722227864
51.89176051027034 2.885406224867426
17.7982496649725 63.39492427618201
55.189194613732795 60.19376071564876
78.9797842321093 83.48326151001854
61.35078977803858 41.75608194357599
86.81271046618436 90.72042622528406
13.778280644856466 93.11816177833387
47.57438848730582 56.35682378764489
94.7597649789793 16.441084527642026
90.98961919079805 62.986967235686365
22.929588656443112 43.60691917154868
42.87681875817502 41.08062836967243
36.90029048213736 57.24151352998928
5.9818972914368 21.621527128183793
43.327203843471665 23.6339462854798
23.68243863461107 64.65580347907304
68.0695864028865 0.0514460364365088
22.743533244017023 16.707490098852606
18.714461193543542 48.674910365938416
66.75823294124275 95.86583135721767
24.47424012002719 50.901013263818214
7.235794260217121 24.21438299320964
74.18359479371308 64.63370226566252
91.84829475589984 45.45518366561269
10.268809852813654 76.04478903218717
36.867835624967306 0.04613678363276641
85.58390344265435 36.571951497375686
66.81762084957887 28.83147351734926
54.44158042530173 54.35629550652751
44.55979056459677 52.978494788794485
85.48123494297126 1.3095404142940525
78.58510772489423 24.19149287697587
89.85896105678738 10.47489419608647
28.05165831352392 36.38596697123957
12.57841099533058 78.19169959300966
71.7405937642333 2.9668543459465124
30.731301324514337 92.38349242637842
40.088066111092516 88.71875584009558
87.1989372890988 41.79926019069593
55.62456428087388 29.954576436104762
64.3016234909133 94.60728706111463
70.45757246276916 37.92707452488941
93.32012548466672 99.4575268876833
34.52324517978727 85.36183156251988
4.962086443486147 32.31818311829441
93.29916359410373 16.261526565587893
86.76251496156812 52.03852442639588
3.073810016291223 98.82540645814291
99.56542100285698 69.44658079859386
14.04222026503451 42.45920484777687
62.761407397808064 26.748722790296743
69.65571948425502 69.11070268619913
94.45474936983739 80.48427189746468
40.62648788195605 50.482279069553805
50.5458525941708 33.89414044652395
50.692818495564076 58.25758277040354
57.22148212299542 85.1422207237371
37.657970409379736 16.54086033852825
3.771471102767776 69.81047068988855
11.044160316597317 76.74402010014029
7.398338836976404 44.14205143252832
74.53732333715281 41.91268666294851
12.492213140727483 81.5681690060992
44.67470098869194 88.04848824861236
38.04440106190816 9.51622405986482
95.51573135136184 99.84313525752901
34.50341973359178 66.20063224616324
3.79061434435245 34.82713109889095
73.21169853275964 7.605525680672887
93.67667628605516 65.93980649518433
26.300115967442594 37.396953396310906
75.3565481088435 43.577806740410516
9.260171024370202 58.96649031983405
69.99409236821836 68.72013329738505
2.5996983525468087 16.61884683781568
87.32183948597209 21.205672243913178
92.71649494819376 95.05365069451996
28.40115433782121 98.70570207729426
32.621515756590156 49.278699767211045
72.49616311700555 68.45971418395695
73.54125902663338 73.5480761390829
66.45452697197878 64.09658654481086
12.46833608851421 59.65600758586645
69.6026478095923 86.9791438289164
55.002520669942456 75.59551950156413
26.610321934589077 51.43622104839463
39.02574955562771 5.1566140694334734
58.70640901563063 73.96181965570686
25.93669659798491 30.74631340686017
19.02309224773121 52.928463792630986
66.39823403164995 77.41211297303055
75.4133142665068 93.06307653669819
13.054099175982593 53.21368061998596
30.142279844606147 4.13540689053783
62.626463442004464 74.10875419687434
14.122045884154844 35.12052625548736
85.36081342855302 99.6479155757471
58.93043184177845 50.67168724338893
17.595628227285076 84.67170242937414
35.7888227007524 12.532531311523964
43.732100644219265 43.09081622179688
62.82650779056965 50.616866064644384
92.7251410830662 58.187753041592714
12.178233863760013 12.677063727359329
31.72720067748215 96.72417695783618
98.6450315552759 25.196056866648277
35.92193320442464 88.42407876728464
42.39821517703746 86.56611626816303
21.589688025570286 81.51580106931388
52.411912001547776 32.77480595415029
23.904951618789315 71.52801886140195
92.28083632602983 21.20835850782006
81.27498218846966 45.249021215776686
96.80998415755903 92.20408505513146
88.13205181396825 30.851779176747087
35.97419116649244 50.07358294403923
4.738938149549387 49.97338024121928
34.586895674042196 45.17632992132121
42.556721252440674 56.464974079368865
25.561391210550276 82.1455868799697
11.00749098002215 72.72241088747677
40.36032719353963 61.540552001352765
7.48662026547221 89.52665537669078
33.064439909191535 39.02051454722224
45.30394735203049 86.23796095788701
18.361693464668104 6.106525808554764
95.10860804032524 24.66208538967831
7.937956067637719 28.915240136168496
49.62890341658168 25.622146934007084
17.66558577657593 22.27391876846211
57.99221562434522 40.92629762691205
42.26079257891258 52.990090413685145
88.83143885016115 20.782498317923704
77.02812936388248 10.180873927597345
58.38328065537033 80.8666723944611
28.45774614634513 71.09425239893238
56.36019373371772 14.348859038824735
88.67296271994653 80.9276132619657
95.27907827817401 82.73127299290105
86.73023251117972 87.24799757325317
56.0169695881148 79.68914692514608
37.38340865224162 89.438444839163
42.28824219065548 83.52669772693334
96.84288938627952 32.851540085647144
83.10768848147326 80.28746525710095
62.22622017729693 12.124278041627544
99.8074167691532 35.426090460947236
80.52759382905354 28.088088887428185
42.88293589827605 92.401794528117
20.238301986409347 90.83235215165502
58.25804295811013 55.39445966241495
47.14469560979043 43.99862958277851
30.919468758783164 36.910411205850316
45.607937223186354 22.31615019006864
71.15133730521018 69.79262766158928
89.86727483089861 19.719541330833124
34.41174193818137 55.810564459798165
38.39277662494387 33.82842208388636
83.90096163084819 99.372991381738
69.64899746753014 57.988421203119856
36.916470340514685 34.99778436317445
74.87260155984592 96.11943992149921
61.37380496791703 25.1585040735533
0.8788680305626739 83.67414877661909
1.7719337508926514 3.5371695765621713
63.58020677524547 38.56581611441708
38.552940666211796 18.252834359545545
54.989591269296255 66.64103015170166
11.191112534355497 67.23734619555036
30.191122318162243 50.218420160793066
99.53308822349378 70.67164619828301
92.62798349287269 63.32930946066525
87.05806352738468 9.894024589149097
98.09381234594774 21.445680107236264
0.3651460915037541 14.391473225163587
41.12766600441805 89.46236692820266
78.70128910350427 30.127254221461985
37.13895547143572 50.490726598787404
53.836231374749076 59.656374805516464
45.58203902120821 98.336820692952
27.024004792028933 8.023648702134334
43.78784512334496 80.86220440379276
9.00206059677895 67.38001022994607
9.781768136919656 77.81454998433622
89.66528278470123 62.26244035240725
55.800434366974535 75.96077006467881
80.7757713148534 0.2534854191742486
67.56819773354019 46.3241247418986
26.774393267764417 13.762054510409383
69.6936470508802 93.20856059894345
16.53566617653649 82.20982612313422
46.583209501250224 29.464834550341322
65.63624475105777 59.39889847127492
86.77459985397867 31.469576026127477
7.676206233664374 11.60956430393525
41.52664499557021 18.341078323241288
0.21950772755590098 14.689016866124692
67.78373293464814 99.54962876580068
20.10512950149351 5.568122465580272
19.790414677578205 60.02027935721529
39.20280152079675 54.038175614509306
67.32602115451756 32.23524925336261
1.5911723764572172 95.67302314947906
46.458032232137704 98.61293539753689
47.84750050535541 99.78710185776102
0.5361746426301495 96.82633195764195
80.22959241232569 38.48371287795098
59.422310568504685 50.99790418167761
54.90462583791693 44.921994715566285
76.41397174132769 80.18463295227998
37.4483453141282 9.089795441640469
89.50234363470707 57.27050872259816
56.04196240802556 95.15512708542627
26.19896890037905 2.3543787204564404
29.01366773389561 80.59175468556582
30.608924289049465 85.81083384975804
59.34039713328504 49.36829791367676
78.16037477833218 96.20400625554993
72.0373583874099 57.40825010019854
5.298164593898447 92.98978490983204
27.461777535661902 40.34962481877581
44.07872836890338 40.52228649131207
93.04600919452614 14.824631386770104
98.10589531604516 44.551933160200086
16.280268747819125 62.277853762038305
52.66584310123561 42.897290521893375
58.44281224643596 62.248592766196985
93.74239673257354 17.836121134331872
82.08213020634176 64.34815784491614
86.24531639880834 52.02719431493995
49.67093365017232 5.881200254795238
21.243905193367073 44.178518308758456
82.34869354643052 88.08620213179069
64.31167484540268 24.778119832741396
66.36393323294762 78.95370821112388
60.96075957265151 37.38096024789851
94.19141818335721 54.72037219170883
40.282235036079626 3.31013830476945
83.83976735061307 26.626274671823314
23.76311379137005 81.47967367114774
91.56648198774097 97.4056871130345
40.05126206512448 40.4419337200636
68.00782326377401 26.16877024885209
72.49829688796035 60.55294169404025
61.682995085188566 16.62817480437232
35.146497102177555 8.564323630473025
52.347351272345136 31.93810894626298
65.88389768992519 35.071999373706554
39.936913572150836 69.8324960111841
7.34266808138565 20.671830267277734
75.54385527704288 35.07651995795764
56.28699527901519 20.55516958828061
14.861053761341447 22.844489036178395
16.830261896513786 44.5543381181714
59.34156803251527 99.71038923675121
2.784515945440902 69.33663644526065
96.68818899607257 50.37405870384395
37.8102401414303 4.786894386463281
20.02615381287076 72.7439758739494
33.11444593867295 56.40223342322942
38.68312554146891 23.270442592557327
43.74622340711469 56.24870061292
37.64929333041056 20.21363127685083
87.10020464023927 2.029208293164253
6.249873778324488 29.6424959230437
88.02890817140903 71.28665822268329
91.86463011650282 64.80641601889077
94.61256402827566 49.7320013074297
74.81518408174198 24.592049016446516
74.9675440901772 21.835137293826524
39.585811873038566 6.463480201542515
7.514665028735202 84.1573641432892
99.27986938601315 54.26875414489071
11.552462366528715 40.43454848724808
29.42945266949203 15.15344969014657
39.29315469987694 14.681778007883272
62.19813823208655 26.133209880162724
26.439361154244313 30.740359091256973
89.99800742304933 80.13183589674377
87.6300057581863 21.757920419405874
23.042182733395634 44.48827643167276
1.4865555871717229 65.01347848603866
19.25477022090851 24.167952221517464
38.11016921401994 68.90866416630432
92.09066430255443 94.93807921895875
97.80420587963906 29.799780570654722
72.21849380672883 17.365522015358216
31.603574557031056 4.99275050480218
33.174771933253275 94.61714078608482
47.45638972346223 68.75424945331609
63.199142892457026 87.65661450216966
16.602917806353524 34.734269848396195
5.301667570165858 72.3587429703364
27.810184368952985 4.14722077683054
25.5172770523566 4.861834855951319
34.02961845375296 67.54997424039702
53.69544730447859 75.00553682547225
27.36430034342633 4.588238764083819
42.76606984970649 11.835193242082154
31.690929599291362 59.83338336796669
90.93613699370361 29.621844634982576
2.5197388539951238 4.798709251356681
61.48933324963723 20.556006446273432
9.478246516460375 82.85103874913938
51.75453308959784 86.78345667831302
1.7485303136478114 2.1378923697726426
36.095608831348336 53.30534660339895
9.291236942843772 97.03653796009169
24.561994946804834 66.50691398852757
7.138483036430021 85.38788934134593
82.93491070374911 28.32204709623297
90.4354324412631 25.177611483084394
39.005491682972874 55.142118335134626
52.26011342524415 81.7202683374972
77.700868647247 61.061920976362885
35.67666283915663 43.41802499511742
74.81056565743089 15.807040373437253
45.04871605269709 12.5425365853566
83.39136805010452 75.41441069951746
24.88690278697916 76.87677346516125
30.22897533818617 77.38874379712108
33.3443198128707 43.15675329235433
18.1641036943077 87.34984014978187
25.508900021237302 99.3411433400262
2.2624748469327383 92.30962462614852
72.46038943807392 90.84065720068638
28.555088173608066 86.74627515577862
25.811787250053232 30.397676052711265
92.99998894823739 92.54488396553269
84.74463540794245 93.87648650063177
27.197849683424934 55.91600877512571
10.647378577896049 26.911213664600485
97.6650651171161 34.940549761585714
27.26210179070836 78.13467660288997
46.808691726880994 14.081703992276683
29.18448039828121 2.346027449561583
79.46271812255718 71.77162466257278
71.01471304486459 43.53021781294038
20.886814392372887 84.70414613883099
48.0713689462975 39.98505060025259
69.05913449209658 30.43713476093005
25.331007945865824 58.692757936200756
61.537526520689745 43.66986304255705
5.446514345172215 32.185315540642655
32.60797899959024 36.36406673267902
23.73226099138973 67.28338975165798
50.94885001472781 43.33420569415115
71.55826450986652 24.415169063961095
83.33253618061394 2.612016828395669
32.447119519746934 20.03602522262734
56.67705814047535 49.70743268282494
9.958649022644439 17.48347574243889
80.7171511196049 89.49938741383984
18.197665550344166 87.7130379515642
7.2161438600286125 66.04691885321374
58.05870569909391 65.40411088018931
26.441430930354215 45.453863524659376
95.38027935802388 53.28509548306355
79.32654419494432 88.97615970572167
72.61432332098944 87.64155591236458
27.71538245691898 0.0070760960870996925
7.247623711156203 33.71051382347409
70.50924402527838 24.48143124101445
13.859539577483226 52.24052882088904
90.92269383286417 90.16077173145256
14.941029402959494 92.81014193178073
93.00628502496899 44.49225429026201
33.936066859084036 9.897371614917905
38.79844929947104 95.14750501592853
47.85274489901684 30.105676466036424
41.01219009531708 90.09182228575084
15.686114017196019 75.4898989301391
36.450092088109166 66.55913534620734
11.53578584138275 79.29580989361654
34.88950850897313 74.77908199381237
93.46727284023109 41.808248217574196
37.546670372230075 21.089227740686447
6.138342021336163 26.135144252341192
74.29501128946244 28.68517968958102
31.577315589183264 17.717389375030134
69.7446433445138 13.300103988402267
91.51911266128884 52.871920944976026
49.597501333224514 6.161365424541055
82.2168089805273 17.290668613364556
1.1824459312580804 3.3162706809942155
7.288667695363127 15.791343737235042
89.74855325310722 37.564216827868876
83.56972617269788 40.646379637622964
36.24640328167379 60.31246332621322
0.9314509280244465 38.6961308086312
88.51740226080906 50.87075779820785
64.24752779737439 13.368718092038833
13.432114612778012 65.8990553463003
12.894225246536273 61.898599337459956
29.000166017009732 35.21050557080416
60.54309912977036 74.11297674492168
35.72538759458934 32.24929513295426
93.01223060173214 8.763609248396275
60.984502889751205 30.686032108400617
41.144470257621414 99.52804122208082
94.0141862903866 69.21828756469188
54.76059819659612 25.78092249438675
62.9725734029429 18.286739969304488
93.07505643226204 12.684019112265087
48.13516281685749 63.800540420257946
11.920527364970523 81.72006680710223
51.40261148593107 24.606622734099982
88.43099726586567 80.53575740069877
57.40231347331115 28.06518695106801
35.56971229425867 13.070259346877178
43.24776800210128 37.65188769797496
36.524823663978935 9.393654332850298
18.86009920386439 85.74634435327263
65.17707109973107 0.054956666975403135
24.300927732506196 57.00794585520781
81.7462945049845 44.775279091001416
65.28961795494693 65.49235372165084
47.47797970974111 56.32464454479883
11.550126623570689 74.94294827380116
76.64192144580278 82.04718273903418
42.284491391814946 77.93359310244882
64.82090342452142 42.47764147659634
32.777019759867834 43.31988457845631
98.70346665454142 95.01290432361844
34.71482410279791 89.00772393499187
70.23794046237467 61.810372353913515
62.12196338961979 76.22895248424263
65.26666886860153 27.92980124973481
43.36821291198931 19.836283247113172
73.09215339389827 41.989597526987346
50.21643585031037 40.081932141248636
21.31351894338276 36.93018991851177
51.641965183632685 58.52769344279515
42.76211645997523 87.11003580386814
32.031370947351235 32.36279223451781
9.68345055685611 8.508809866927969
1.4705764918023778 33.542942164453585
91.4863768199204 70.1519475930644
52.050774468631836 63.39252941140323
73.53544493765172 72.80515295905694
14.569661338103124 8.315358356815095
44.862355540708 6.186231028321066
0.3982599050619817 8.178821707897232
20.69608605792901 92.23920718314685
48.61981223851001 37.88456794339552
64.86309652751471 69.4259756438276
9.797824756835727 68.3858077306248
26.194616009259263 31.776872874949046
29.204021638987644 18.32912497050675
40.08952684876663 66.73314940873253
47.03750708547856 55.60465732507722
81.44526301518084 97.96072931922092
76.73066833795653 51.51715582665841
25.015819281287932 43.264258897737484
29.69135032935065 50.21465239354813
15.093575325285425 0.6825378975641949
9.358467025819772 25.44635049405577
15.15897260347142 16.347217222684264
77.8450817202523 65.5119163598191
61.31085190699189 46.38111256540096
90.13899653067902 30.01375717827489
38.52584716471057 80.03577473826064
79.81817116192943 10.68182608567254
35.403757560611105 62.54866802243231
89.54020485228064 51.21851088718879
41.78646471621986 96.82650725933327
95.07308328451819 14.924672818826213
93.72410531167658 64.98274999335237
98.62034073641708 13.852513438836544
98.61314633228511 66.50445686503849
81.18720893591482 58.27965941459079
26.938368181328755 61.45137684319619
64.26373623226023 82.8280942009478
46.73057876793803 60.84752655672582
62.33858141130375 81.31348159523168
87.85025661218462 97.92821482258293
20.45476326896598 14.854945360623384
22.109578791284502 5.599196703127318
30.28362234250418 94.3702845120151
4.449640749730765 36.161635274498316
45.0581697012405 1.664536179460674
35.77930657435153 29.923141628443915
89.62183226360577 82.1889812095461
22.6688705290124 7.433980833387189
58.79673611186623 39.168130417420166
75.91047690656842 5.686423621928283
79.39338838755302 86.8457418737372
69.23190950043514 1.621028483224607
93.17160496043154 7.952121247740774
59.01639665186329 6.377981361642904
41.213692845790504 17.15351518922048
54.66048531302873 98.5725226181129
52.12625719722084 70.77574796209156
64.17699922419744 83.25758179125454
83.23623015717756 36.15264311103375
44.716233199130585 14.87339773261388
28.106219848119473 90.03264099437094
16.85406971161584 32.3893896119967
77.12316097704003 59.363355720127466
81.65173988506788 52.75531795417553
38.23031423763079 89.45444303808002
99.55018461887151 35.83264691861297
65.98583649405178 14.923593405758284
0.8051535004260368 14.227571891247958
12.167704458709771 62.77031457963287
99.66141809638019 16.05105919838786
33.15679784221729 86.49187410750355
66.07784868998225 27.075094159263692
86.98862004721794 83.04282458686654
80.61961755559994 24.906858600548
47.16288672861037 98.53683743077984
42.479320164187214 76.16611947761808
26.78984449474201 70.7336349717692
67.38969830116221 7.1986412660935635
59.85819318294854 12.400049373428212
10.872469302274801 16.54483793800663
0.42102235412970757 30.57680075732785
43.19198499583332 32.97048860113739
18.091010671655905 29.36131351615413
54.22095218819072 51.2941579130306
79.60905730987116 3.2499749577780346
87.88227506724485 99.86782797045278
27.293194665067887 69.10151985267602
36.290093665067204 27.099982089397457
36.04574979050522 57.853275209897895
35.41504804137251 88.20420272050659
51.023270121160856 88.45683727270945
53.61191217118877 45.226798506383304
25.881675111785853 17.32656840589225
72.63724840014453 33.090211979597306
83.54721987862136 55.72065527942627
32.48405354985401 64.7003337113881
47.90770712313987 65.65799117800114
17.831250339180528 12.939436786031223
75.33080121073871 25.497527800667786
80.22719985824025 70.6346385514084
97.32695786626968 85.37146296419981
7.140383382106141 29.872007254418165
50.28500895512836 66.71745588088447
84.54173846503184 48.55357759701706
78.11504198990396 86.19546428744755
7.034492789069846 43.25040014572081
44.29237004406888 85.25609796577398
16.811724593275954 22.29953715250247
83.15566489603354 5.41437342367831
59.79671368861784 57.33840005332153
53.47249497714949 11.89659871963633
8.834836581661898 44.720607011378135
1.1584980371101006 59.801635666766416
67.75087374666494 44.68516324782165
14.88164102344679 13.609939441384643
95.05762712420737 0.2079481996018928
33.485758680531085 31.309042151881716
53.0491146710621 5.67696627660138
40.66451500535221 79.96259379350882
84.03926491768527 16.933036012885626
57.39589299434298 81.11067482482548
98.3120371880032 87.84843343698742
27.078128451197024 8.477606762066248
86.7431107645025 1.9444768805383483
62.9391926710586 75.93093662433677
7.099985748734161 45.65306326564854
9.255263122766365 67.22601853467981
45.54410029259797 99.0588604696694
96.8734752459382 68.94767665852251
45.02813918501853 94.45335991233253
88.75392652300673 45.281516059063165
36.6958563884345 17.222862241028558
44.82584623309806 2.0403715986457516
11.38085893052504 31.752735523415133
48.45850711570815 45.90750450472332
34.649142641568076 44.5308469576492
96.96136396990701 79.36754927451148
93.78583992354496 28.19697174999304
92.38912865792715 3.5612668528471336
72.28827625984077 43.82126729014646
29.684521794142228 1.4332948684762647
70.28571171968878 22.44375618176411
53.1585162579399 38.616798243275475
93.27692041697091 69.2297069027845
93.16221944888969 77.49555625748242
1.9726232374484343 49.33330925268382
48.97705842582979 89.37299320602212
10.80307520641317 96.27389383388554
96.75500880669881 14.004903991801388
82.90062634920764 92.76554741564999
60.306326188179995 86.29568208378562
48.482156286006195 49.78803786352706
8.50733863799691 24.653840723828612
77.88843881743074 63.44886245505138
68.29373178832415 85.8631364802094
