801
2.6714077624968358 6.551671674281367
15.627840935949756 6.050144402890667
1.3015404957061771 30.29969263472212
50.777999014570575 13.59846791647743
33.658947799227924 42.840374881809026
15.885600191401906 45.92722249565492
85.80723463854879 5.339268309867284
30.31870466390938 26.607269026985936
43.21268608780648 66.97186168751722
2.7171621354946662 37.53798256013998
8.24401696185456 0.18141308100415587
71.77722555958064 69.84773331166527
91.19437513908176 57.162314794864145
3.774688449259378 32.31131902036615
84.69325707141266 76.88550210738222
37.38167855467827 29.555273408033244
50.99807934371762 17.792394810207014
17.214826415131434 85.18580465170987
46.43623961516666 7.98879098548777
40.81915266931133 99.86119315295691
67.65012659418228 6.496865145301811
53.35618951207499 80.04664475152724
6.390734387144081 82.11332604772865
73.2567427926211 82.64062241501261
41.515715423448896 56.937626657783625
60.84082207662986 3.0816762257232733
57.475368735795826 93.95941796784302
42.167637046740744 50.851611144289954
99.42029290935889 81.05037773187925
64.8006412504552 33.005379804027
33.0279638324506 57.024953325447335
61.762996875037665 87.47332602428416
28.53613140962765 33.84801600580786
10.088964712837356 5.661602517831987
6.678241480337766 26.5458686157371
60.05442695796589 60.39341233700255
89.22218409488201 25.91494987283668
84.33200933566187 21.329496406138894
61.61856714019631 56.438087669243544
28.33079703767758 72.90399867561526
96.51834939770558 23.70599763268988
88.68158743935062 83.00728794684835
58.47095228199384 1.5812720780975287
35.826399623550095 9.966630825838308
29.513082361772547 87.46551057129415
60.007889735835164 42.63650220659538
0.5660051635195007 14.778707680310344
15.677376145419542 54.89759270172064
84.27781950668872 87.41695638709776
1.887586954852405 25.55413692211387
41.98834349125138 4.921039463370979
73.0014271379379 70.7496277020897
27.257304528412305 13.012138567581689
11.776662550330663 1.3728369716044964
47.718811299995956 3.3909257350069
43.524203754928536 41.06081548156051
49.488066822662304 21.36576444850936
70.65855490770711 8.643641832056748
85.2538728215665 70.53957109811662
22.910761505380005 68.521124038766
39.33256056395986 42.26520903723262
10.88202367809129 31.43419944179866
18.072028774782922 36.40924689756755
53.39462234624806 11.001899592815501
97.56543593339444 29.48786462014453
79.3244696039464 94.66156089009246
80.4706050477859 17.24747366588676
65.11866356441813 59.68650953952651
41.30448748172457 8.980571898441935
94.61852486177158 95.3534153340024
31.770618891758307 62.72733593874038
88.39657296173168 0.5009765930091281
65.607514904575 11.972757068080053
27.48961753230229 30.481404687424394
82.74734166759826 76.55988639465221
85.15577355654736 92.78188466969132
64.28586072962126 58.48456937596285
24.146664526282535 59.430799335098115
97.74898524106655 13.508250915701215
8.743334794179368 3.901952639597983
77.31850936264448 99.41311937347969
95.88340246831268 58.63870998758542
95.75843817295967 17.138563956669827
14.65052833058802 80.69582090538206
71.15798918861596 65.39310813288486
84.52098582264182 11.301932912563672
92.47492276372391 2.719544379357397
34.80179554167883 63.74179949082911
6.841221756638527 7.193462210756396
0.15388802442234395 88.90082453947107
63.80449836286495 36.49497621662612
76.24023047535233 90.94113175283624
55.48175996940845 66.17515843201642
43.314745527014196 58.833612856732174
96.66795294196417 1.6370169602227147
79.97160028484478 53.94740768774579
96.35966129843881 9.3044097269945
7.452838470349732 77.74766768825263
3.1453924625573837 51.30643951154775
98.62993710587115 11.636461676171194
20.0919484126307 67.1326095974769
41.508764576437244 4.810879572025739
7.647914457805493 16.69932097428036
83.43964772355325 76.33761161929444
71.65509225342335 15.636277413708699
65.64610434977284 51.5657162064366
64.19639425521969 92.22159955736069
34.910863134830926 38.82463901205242
10.685525157171071 19.293886955974614
59.90645099591323 14.726792704847746
15.532495027497495 7.618734492663526
59.283322981573406 56.02240847634328
42.31202872791793 69.07420151562879
5.068103518135992 81.51347948694533
72.54595401877285 16.065195123755217
73.34346068677296 44.5365488900218
17.307685983281228 4.367281142186819
32.00359871194508 36.666790392864826
84.09713163598286 26.2237288230733
92.6648088534747 21.0631793151109
89.39265229896996 44.47938035054825
73.49459772520017 16.198449868621744
12.794992647649506 38.29714753702228
78.35576642955189 59.530196080099195
37.8029381307415 46.7915381768616
48.464070340880816 27.635216852370228
49.93855001437978 27.57126721845481
49.41494604830786 89.96467836310661
27.340069660618273 91.18909690476235
67.44214661810297 48.421471229783876
82.79962129688512 4.851849456406098
32.58799219722596 16.1950704759115
20.294341079271106 55.47274262114662
10.321970096399602 91.09179113907592
65.840005904079 48.225717977725026
73.11396617700923 52.276973528481484
42.52336310441519 49.84354157206343
85.48354055775114 77.55125201527096
41.68437389953048 91.21716104431788
88.79507979782589 13.118417134235328
51.98995169457373 57.872487430749196
66.28651963857648 0.5340672653799783
30.390559494211555 30.54818186063836
45.843487271973224 16.845482271895207
26.59687702566237 7.282918404038085
36.672164075726734 39.31951746965964
7.727902622189243 28.34727314426995
32.667300068993235 85.58785533600565
31.814859101439495 93.08030859478501
99.1827522838938 18.789071296297866
30.491500079991805 32.38230165585973
22.513400645964275 1.3400661414219028
62.89121837898253 51.06870495058045
32.52836453097978 37.82140510924319
74.50746695885606 17.452008231760463
27.16702783306648 64.4621965051751
96.70517652655032 91.41066735534609
35.54087413859071 94.36000961632915
35.701721485246274 1.6400927713427382
65.98618527484489 64.7611626936269
94.4499645673345 50.35299278694302
47.7175580241916 34.268918255303845
41.08275774042368 12.107355177485834
77.17119872658367 52.879033420024555
84.41654723766423 93.8973730681483
31.995251718182715 23.116700334756658
96.29240787743302 63.96816695861143
19.0005410572225 0.17299405295572168
27.027576757295545 20.07121147649068
6.38121109721218 29.234219851118613
77.91063012054063 31.998925904111186
44.30340119168699 47.96180491711276
87.22928443521386 93.58857306247695
17.166453688097928 21.829476255908318
56.31579797456807 33.86909258808949
31.9719837690834 0.01340345922580255
36.48191059652757 19.661488913609084
53.091540038374475 10.383832454121556
56.82110025411697 13.594373620925925
22.46091591296423 18.677836944451165
18.990469439697833 83.06548063624349
53.53506954921181 49.839794468664735
74.75663094692531 62.44628349026664
80.32173144194131 12.032688649761692
37.10768405861301 49.46268547023075
97.28993369471621 57.21850249178655
78.85819448297364 98.41574500160442
97.46589258190428 70.43828205853183
3.1586700002820045 50.673624378220936
16.198698897953644 25.091940949423165
22.3169213547723 35.313238900315405
21.08836534571167 96.4135313896718
64.15464897419902 47.17866358674646
3.37832735390714 7.684086747885333
33.93028585302081 80.58281336736522
93.80718799923932 57.88104907657705
38.01930979581124 16.987631726526843
23.43126289649351 99.08237418833785
87.13614688633949 57.76077640313727
30.770127402531212 30.546312188248436
9.540951957541289 18.355858842295593
24.583139904206273 16.292882622013003
11.139584639521571 61.14433294377252
67.54435013368327 7.456446780587578
17.722700633829103 40.569772599622226
56.36674850789374 56.926697478771274
59.24680101823219 30.008688223761148
74.24126940851662 43.330455329710915
79.67496732823294 5.703229850221736
46.54978786963936 96.2758809281047
98.24547456435427 50.60383851823763
80.0251140293306 14.68218608937123
82.4090034969396 3.746723605679503
76.61232439806042 32.69006739262691
25.426756837713825 51.33114772487849
51.88753237761653 36.99361138753279
99.29490852490872 97.06179345543333
38.090390528025765 55.41589272280424
3.4263149619753963 96.99708518624196
97.98953677873018 40.218223980019054
31.952125615141615 57.95772922095176
8.271762938557824 96.82598551461528
57.62347701678841 69.12155612397645
76.24013448694035 85.86595504069625
55.127614491180395 12.338480837562072
0.17363166205950353 1.7062738490693952
31.95405647430407 65.87496267588644
40.607936007750844 15.214254368136526
36.849471139092174 64.69556349407877
39.19399235446694 43.689744302326105
89.16056904137928 13.067551071910643
95.04581660023052 97.53367361611289
89.77676637918287 20.095773547641237
64.6799571907 39.038286724080606
17.85761621386258 33.104345776324905
17.81949536591333 6.129063778672672
24.33151946808193 21.364701742431823
7.757228902048007 91.44806283968776
51.350082831967015 71.73000812784593
17.04608047235854 49.465492092773744
24.930150214973736 39.30163488896835
77.21633866428411 46.685600854526385
31.318551401675876 78.44640475458839
89.3039612009351 9.910074775628752
24.9413188421438 57.67940267136568
6.229087744111517 11.835562398409749
7.9374118503954705 76.61234354957408
21.896883460673276 5.451014566229495
94.85047060245797 75.44552652722865
12.852345381975617 74.47135640532895
25.77468260465445 68.9332825379443
79.55250864258493 59.958974248686104
53.29933455695283 58.677756435231665
45.395835525276674 22.97668326921414
22.458430218709314 37.50985754410685
55.943201919325666 42.938883647395365
33.74447245394953 59.19661747452941
40.5188679630429 77.72666977410233
30.54527220009382 50.52454086378675
14.178732416252949 76.83388235418577
25.48065587272772 47.24691401302958
48.58479646842184 37.14967054824504
7.484664571665123 88.67565843512165
28.13493012135758 59.21757361087501
80.03467222374246 84.25977113257936
24.36540171825261 28.924236196178132
21.393438120135478 70.18793081000582
82.70030339598753 45.18613480842003
39.85338358413225 40.68343085949129
46.5287924259644 31.20209314082484
67.24462929102216 79.4426855921013
31.73412424753875 96.00139443321872
27.376826264671283 88.97490616516491
26.218224415343027 96.64474454306317
44.09974507834983 73.8883905597837
4.15548263217439 54.76930147693706
36.64460743457288 56.796204536108455
57.50618954910952 17.943845847754268
50.16898128274566 29.650160899001254
31.100337318946348 83.4182501111298
82.63933692685154 25.811038945153808
71.46121752195727 40.368420875249825
7.196557475693465 55.57273672995411
48.49887775768432 34.63801411508774
16.106036823820837 36.824911962341304
19.166966276447383 76.42767064004758
72.09239116365787 20.497975359508025
16.191138762411494 43.85276490172274
80.08520603350506 24.38283168643206
95.6992846271547 48.53401192350609
64.74790293811706 60.37280094015047
52.12969337286364 19.220098956854535
33.47624411834901 28.057240900225967
62.00437706720189 95.48818453675571
73.6378372741627 43.83199285303696
44.82380200334995 88.23648732266281
13.308174698403308 70.96358035855823
63.058095087171196 92.9412942002169
2.813246968111194 74.7010874096809
77.98889237568119 48.13273245112566
53.281155964625086 87.89429269444655
72.66277068256863 92.97167851241461
37.752843151862834 31.34022865226378
48.92380311689819 31.92568686449472
37.5310440675927 68.21386252428596
72.12655730331053 89.19418580483983
30.355209863211098 65.997667462298
75.69708988169826 91.64377920317335
15.539632538951675 96.91387934181012
34.495056716246374 9.914403943465622
10.562836384970387 8.634000937469077
65.35922050840574 67.13557020021757
11.922593589798113 59.51057849713778
27.893924106399282 56.38705564434871
41.19094998426841 11.297949467591318
10.89872642416374 72.77411208843228
19.971223935174397 91.14753387746495
90.95724839582998 61.64952796979101
67.7885943191293 72.19465811836055
24.715962183359817 31.726727770241414
32.808393747202935 53.17952136614864
25.50870240753088 49.65401488686824
31.798357967596193 23.06047949949552
99.31006340386452 76.81942514438205
38.288794555374885 8.941304072460044
86.34764148305457 76.49192764175422
29.089008971970554 45.6280234535424
53.084098151534384 12.220581468976766
24.418042325051314 49.980980014654754
47.64175103281219 65.03776379351739
0.2944550037404903 87.81929393929579
62.118617647899896 44.24617079435561
84.33025904143909 66.53142345257052
39.03959857829139 93.19285746214098
23.118556023572268 55.82379954498311
22.088659453730685 7.209928079031203
91.40951082940543 63.23336257046313
39.817972467449394 94.91837146131897
98.19872926820317 37.94046441403004
50.13021273156596 65.68151443752008
35.214221317032745 69.35433448540648
42.158579689743036 15.234974543912605
15.82937505314388 40.31271142682128
39.26800426042073 29.814495368509554
60.64986346686519 8.088583832997621
74.12639217848175 36.72389639842223
21.672014132660223 2.856906467338305
56.37756566699844 43.827835924185045
24.173243966251135 52.66061463592434
16.704933366973172 99.71165786803809
0.5193524242938174 18.23418549369259
59.26501274271395 11.522206492157917
79.99893896438113 80.69450062841045
97.083970039159 92.897343309177
89.49209720136538 32.03942838419122
76.90869356612257 44.53742674578138
21.969639500571468 55.46880544821398
45.29288657177353 51.04107990072338
28.386155011144297 58.15311199573118
6.719141598087342 40.4289941370028
14.720054472326972 48.36061043099985
53.096016939819435 61.85717014120471
16.79052643720407 58.52973536165605
15.295281454713095 66.70464809625
7.780560060932262 27.127583333684125
16.142602491952584 62.740097878828735
67.25470851622558 52.9909494650641
93.183774446789 33.59071990369111
0.8550999581300567 85.40612662893608
24.486307882298785 50.59027382868846
44.76896526520411 73.92457777752321
31.03879935468393 42.53819411359533
45.08560814750647 30.417801852578087
66.03774264194264 12.519672764469236
73.21900795425044 5.093645310282547
55.455893473861636 44.869433429145225
50.705921073928295 90.6972955029572
39.31578073236304 4.944958358099383
43.58493116865779 55.79223291391775
11.053883297965905 93.83673064369795
36.461815821933385 35.692294649734244
79.98769136615724 53.70708318643188
79.52016542265432 47.15115249961691
99.47048116997438 96.83236286947199
20.483280353519174 41.80937154326521
54.24719862417705 38.17349303723522
75.94071357159865 86.81815131784467
80.37358152920544 86.53311889856606
71.5205339116132 98.23203340712979
51.27592117242392 27.85570755226058
67.194931594547 25.862780158567844
23.06551036652439 28.842198041442767
48.07909821676438 31.382239683836268
1.7796534580089118 35.84424702643564
58.644152958680436 91.09399585927662
30.734552562797813 87.027645378888
39.89876120701818 70.34367249100472
60.17204163512895 7.553111217838548
14.500455228622311 55.71758433290388
15.466668132487637 85.35180367350459
86.49848866327915 57.86379346357853
9.777217003200123 72.79440407215704
63.565706959010186 1.5048493280517605
24.772023533729193 61.16068392904276
49.05567678257381 6.274273187955104
99.95379565910774 82.91023142811123
11.59543820182991 80.98561870885604
97.09295747461883 12.603665935771025
66.80167665018953 42.01451183825494
14.899394705136014 31.96781388610831
42.21313540178567 59.67349331010382
36.05825999748895 53.75633796241487
56.95923713702913 67.83729822095617
93.14207568968061 9.978799418748729
4.598779293690236 4.072448397999285
71.65959683449799 43.97010853366292
85.72046410867425 20.398083275847267
73.99010601702541 99.60761827777911
33.44884252963618 91.26032513219062
98.18423444825362 27.22050622621739
13.756609084115656 74.69988106075161
48.64707745029799 82.85469122798634
22.246236635321104 15.412229006188905
51.643502156671175 41.94113036112947
47.06528416850778 64.87133110445507
45.04203479797145 49.162521614456324
82.12402183507017 33.490840407392085
30.99391385290301 65.64775369226297
19.75157046357111 20.887691033844668
60.22080525783598 16.244814828582264
15.18738407516188 2.127270178794949
48.553690773863444 76.63289280574655
11.586929834140191 31.51141217833173
92.23474528924345 47.995481634888016
7.772532160447998 35.917160622914025
78.0838436424796 65.6747729337205
44.637566823297504 30.735377495367477
64.75892473886938 41.76001896184934
35.145315663046404 12.389778002417785
81.49553466329218 71.74887537716236
7.454513683661745 91.96557913647982
99.39591830949752 27.572106942584007
77.15612521300827 25.156930669107012
93.34078935181515 31.731270638313845
95.01792271886595 51.39562700728882
17.139222247811915 15.52379515012856
48.40843932837554 6.03465399776727
82.67304590222275 81.79564017945408
7.7241141495634436 90.01841523038414
32.938701284087145 50.6900329080624
18.610645331395638 93.22564176172891
2.6036553179218824 15.727525472885517
5.903821957097987 75.63507681927366
85.16629618544 29.903125224428674
9.645287026872628 81.9078385906539
14.398002589905868 2.528789805400389
60.0244414921174 60.52481939304648
79.25652931003803 55.1510618167232
68.97530753530279 80.87425734809453
39.96803062683263 66.75815401314993
95.17854479072521 91.82407115133242
63.14509094482761 32.94199437898153
5.5573111004661 66.30076259377076
75.81798958845705 41.542597149113725
98.79002800583169 56.97642236718238
25.825179819008902 85.69157639852585
45.98475235918427 12.627468053802682
88.60938296304346 38.78408972901616
85.81333011829372 20.606640239626472
48.64409031409785 47.15883380881507
31.016556724277944 36.168737405564734
3.617559424514283 95.43176296216109
15.921470614562184 74.735752860272
59.832267499373806 39.58021797864988
72.66101364945098 80.8500638391745
39.465259502572266 13.102348385520667
98.37904263852462 41.58438405524868
44.19217781577277 84.27730575898855
64.36571833851151 16.37325785062982
32.74641433038261 83.82359110205549
71.72221982194169 79.94806797030003
88.03571578776462 72.12966457685529
33.13486957229996 53.95331754140885
42.83051787018653 6.018735709135448
34.72493356182802 36.6375953946567
10.8369220023955 48.907595676296346
27.307564211521008 8.244388582355977
23.610356006056264 57.5881799415668
9.403548346994361 20.17273417658787
17.94038754985965 63.91892455816637
51.73138159492419 20.596385163515908
75.40458828410084 75.47266706923614
99.50146129125827 4.601503465186241
35.03796572641392 9.979542730658386
32.24362104579187 17.72522876807766
51.82396120590018 16.54902339899622
10.16405297854478 68.09394383452194
23.80868349553047 55.05482928005122
71.73308297134966 45.644901241933155
99.69490144871796 7.9334085123319635
22.512888703260934 43.299830222418564
22.708838727658232 54.96537393696992
99.06423814944317 71.86650515515693
33.71757949891443 57.3262739323523
22.928822725255536 36.39445273461014
84.50135381539938 45.077785465507624
82.95474802793531 66.62278088396883
8.877584503384739 11.28903049226324
73.98382500824043 50.689215618184825
53.801046469511085 59.50094908013158
52.867439273349184 54.350161993428856
61.59366346119103 73.2499310752668
42.27567953720669 77.73992025241483
69.68577602255746 97.90832639356651
16.94198071348033 9.002142813527437
12.963278871792728 73.32115502856645
28.854051161255455 5.3713318131648595
11.417373196044778 72.55552223770168
78.59323373765682 28.0950773112826
91.40718126766586 28.107902092165947
63.87795920715451 28.168202142184494
69.12271746162976 39.02414065634111
39.548978124804776 87.0091391557277
24.455947792311207 28.851288493951756
55.67938438633357 50.91495793866015
12.952226655283805 43.6525277759795
6.026358934455911 17.089436352572175
86.92224890391019 18.81401544145579
69.54656571035697 64.16417809736595
2.4342848791253258 24.264020497065207
87.09444162576217 4.034101086461572
64.64163419147299 46.21202052651137
63.5621360593996 86.1148772046896
15.407270598684908 54.40170909031926
81.16938971365832 45.43986492584957
34.76760586918306 26.527209799617
15.723519808744813 57.15467324111613
23.384138503104225 26.669527008997708
74.74898046544544 94.57570119290318
71.97983897406708 57.17382793144278
7.8214686246076415 85.26276573766697
55.305518336841686 63.785706997406834
78.65901781053863 11.661468489890847
38.99744582617334 29.40852170775368
70.90415845871762 74.14875564367594
78.28823326162691 88.48991327093141
64.41678685611629 70.68888154426023
27.539747419035653 39.594526145578925
20.106660547578525 29.145073889751238
71.44714642648472 77.16670284301543
35.28837863427135 33.00640881047605
19.73258930710051 50.33445036857871
4.3172847563760826 72.36209451779494
30.07850807825586 27.566636216346406
49.81546301146168 49.72186061068403
57.805839161713294 56.67404130490791
67.1704079803383 32.77161296051684
32.890041405044144 94.51336718524355
71.41314239574142 80.51626740870026
31.223942724115194 83.37343788481068
36.255931138768325 18.278929714484427
98.90133432316978 80.0763601654954
9.552179643699077 4.6051877971302835
6.9913966628277535 2.9167157261227428
79.9331858148955 41.163528495850656
86.07507520349532 77.07945412456768
13.1775770938509 7.9574738276477985
95.90521790301094 85.04356914551546
13.330656388716022 20.805050109654132
93.62642627616694 7.025788698525915
31.195888066666267 30.020819166298196
95.54022027893566 8.492394320162134
7.045920053470345 29.273672470342415
77.39196710235021 14.2128282870026
32.157797251720886 24.556001042168262
81.96843236627298 26.527986023921613
6.696964773473047 88.63263986447086
77.74821358577785 85.42493511063962
79.77499980449994 60.3049893326285
5.734153941012177 43.632955980886045
16.59678988035965 60.821300825638104
30.414398950146037 29.881941388478573
2.497788896470299 11.492536358247074
38.90739157443795 2.097296882245858
62.96404848155199 57.175374480219574
88.22172042117498 97.16638217189887
45.24365991418499 40.32978613897983
25.37873366060198 55.144579127442015
66.52994361774883 17.414753007641192
33.49606023336244 84.51581197352398
75.60987709900269 54.23182235917331
55.4367726778082 1.4720726399907402
85.56652594417065 14.798785179371066
85.05297926682177 41.759106583457374
75.53378557324689 10.623138419847722
64.2916014709305 70.66792263755796
21.096945666347356 78.31042836881917
36.30266133239094 15.23988493407219
73.95175701721918 35.74794998596372
1.364221160353296 28.25962869538038
37.85893878957931 17.448870304547746
62.96491886438032 39.63767674807386
32.42926710452727 17.403937354309008
43.36056715687698 27.262799127741076
92.988210079753 28.65121195253263
31.370416210022135 24.707239443459382
99.55214806301464 54.01876894996897
28.40387560932689 66.47179845540448
48.41973718734028 34.38237788869305
24.681562126628044 35.11882115695871
78.34410328455321 63.28366432984281
23.588569181314334 79.66866579334433
73.82537282688459 99.81156876465658
57.10856653822004 27.314375534786627
35.380447157582886 40.52931342419821
56.741161189895514 73.9328881035922
18.30253546667806 36.66841729610448
86.93237689792383 83.31978548901196
72.55446757573347 99.70576268516727
81.58062750881099 74.54746561863688
10.915139461713508 2.622591382199091
19.21656893079383 20.99414621541893
90.86399453933242 47.95731330388083
53.524228740750836 28.130547663446137
92.62866270449783 4.11078471924492
74.51381879737451 24.3750915252718
49.06097463469471 64.8497663232152
32.326227519385455 87.5849477352803
44.27983264728631 69.42573397539365
40.48054757353115 25.670524961579055
49.74004722664952 78.33166575170335
57.52550016912987 73.41393926689962
25.21343026143802 53.42724727615504
65.96061153788197 6.048858288427194
35.85576949474082 13.633463934614543
14.17439832294669 60.10449008854286
54.961757585448545 3.3958664603279454
38.68795847494354 5.335719383818748
86.62041674126854 15.050264222075349
47.03824119484595 39.366249506993555
20.45143798965835 17.11765709588484
18.796118249816285 42.016617623390204
54.594350811387415 6.672451478903874
84.07902300333889 2.591302221037517
93.02731004375849 22.108620839724146
10.171722293566832 55.69180422770265
23.22767313600306 22.63804843789723
26.510745516104983 80.45871387472029
53.51402016233757 11.30870191077118
27.868950352081644 20.67859819400525
22.210172489271084 4.196171626751733
90.77383512011036 91.39563709877368
34.54985615083488 81.79471716473398
95.85480375985512 75.77308389281045
20.36436109756642 27.61925341553012
95.9576174206234 39.022862776716394
0.5894182263548098 65.71385668494527
93.5177286775611 40.78541738295968
12.599186693971287 45.93920330912914
31.43323649265669 66.35804840347636
69.18039888889248 99.9044825424373
58.115857204680324 31.971065413753742
58.52214699089813 3.0403697602567226
34.344906316940715 3.703026959017175
8.292655135805349 73.44342993346513
5.405510313464457 5.642319541103047
85.63384315706229 11.439106889755013
42.70788807103063 5.741997972059765
58.53084279945028 95.28804246571354
45.20922025080477 64.61756107746822
94.58931953494005 0.5834075277058925
5.120527795059049 35.738484718196496
53.96323946135399 37.41795216053884
73.13073354327953 97.07708917869286
77.09192166502682 77.39806913445976
29.266156482702076 34.84088316177599
83.44179946073561 0.5362633709405262
10.87943063761424 56.94323734364177
75.67524896597449 82.93543944510964
77.86457834427453 4.955399668918381
93.40912998868912 25.42042115645139
1.6142779545658348 56.583606929801036
83.83355082063485 39.20105616110483
10.480276585337233 69.08219725231415
99.64244263134819 95.18576874615444
51.660292562702196 12.840488169038544
24.754050804530248 55.63505028762782
11.246024619380101 76.00809521261478
53.91299611917365 44.99328008704755
68.06241125001712 46.03541780953071
64.95850445518121 39.407260238091204
59.68307328368818 94.68037260633322
74.66148612974733 76.41169114704795
55.34888090269418 50.17085874390226
66.82117688022655 2.126816443929058
13.314367150123063 0.859118155363181
88.64446235742206 56.764965035435836
22.688999193655324 23.503586684960343
88.66712619877633 98.30401812404092
79.48896779801366 68.74998163689132
87.29233853415938 36.83087214306676
51.266077607429395 80.33441237465779
3.7920897283254207 32.084987438191895
69.87626284804452 43.71194051781161
64.46949596380135 90.73046969387599
34.742856816066606 46.94223321858754
11.09507688606659 63.695330386203544
98.93084916656264 18.680159250993533
98.53865459972062 97.91897345389773
31.789932202165904 14.18474767744835
91.2380953500972 35.20370049009396
67.52683475720663 13.939470439327884
38.91447300021017 36.106716866626854
93.93485219028999 45.97812437124826
23.703516100888542 19.5410398996839
10.708831113689609 90.1263933581315
65.31690805089559 2.1117238531512594
14.672083815756142 70.5339393057836
15.10195613469133 86.96467535387097
43.69249383349872 74.76713023785163
67.66777318953636 87.3617925851446
57.89244721520414 94.47762312160435
1.5979320936612695 78.97784126058518
45.9721325615624 39.9216136645402
89.87383693818161 29.526350040741267
73.37888017176019 17.169160368789893
61.138881635040256 32.08762912873393
18.267346883775993 32.83160101856686
97.03852200504554 85.35415398579983
12.549541235009299 32.52944474663517
32.98963712519253 91.06032920022568
16.9896055146442 43.08221557167023
70.60309898709085 37.10751400313772
47.893040396751694 74.72592516074799
98.24132231734659 88.17321641511474
24.210920849841656 71.55963939852036
15.253088180827934 56.79557695476032
98.92312104955083 4.5426926971843145
37.35993512347321 76.49183295922609
19.010725257005788 17.28782950238501
7.99670244907068 6.905372323501258
89.61166694709605 34.608315473707115
84.71988996349931 71.94240437637369
36.08692321141537 57.52707332654323
45.945864928357295 18.573284036278014
16.477170842971624 92.51217391812673
74.38542717333296 21.355193709988974
59.873195720644176 36.4247304269777
25.347732098233642 41.069123312295794
16.751209315359283 33.71042024362559
46.34968055287296 93.05385184341657
43.20924152542869 56.096052590122845
43.99370796257555 79.97911745378147
16.258592313043064 23.980476644470063
7.829767275933097 12.008332762863528
49.89332493106865 80.41853373794092
81.87388917161803 17.657403129313465
40.56792307288326 69.4428433619017
45.67182274581308 28.193761361533888
92.85479766624681 22.791884064088475
5.474221293311643 53.77323903468524
6.236404962401954 50.134031244301234
37.46045422285215 13.417798184404074
75.03287760734244 5.1741891772069115
95.4130836305801 19.996730861813138
86.18028489218787 74.99876185034628
25.4528717792748 35.22945094494291
62.5899829404505 33.60607472033985
47.81103421324451 32.05039515662783
46.49346896870272 45.84874225026508
37.81544488793804 84.0389537519947
2.212916792980324 35.804049754350274
74.14955924955886 35.971723602249575
92.1113036318554 42.64282351913773
96.78573652249159 21.355340705207347
38.628176489540934 52.8518713384276
83.88923462568889 73.67182783290812
24.944545356527858 43.1606800910359
57.58868762302859 35.3520265641062
31.868202940338364 9.653319996258137
60.92247242502731 5.097984350928364
20.20927245756964 35.792021904817474
73.52119176998877 55.57944439796301
31.49282514710412 88.52514411767477
72.92716300770816 32.28681275644492
55.49239499333017 0.8041138935631409
99.13626218897174 62.26328233328301
14.566367735647024 86.1179896942963
91.26046142360171 17.526239598856797
7.812874600237341 27.73727925503794
36.848286124024476 39.26332991917436
46.15109281951574 43.045142297312196
3.374992080116823 70.95948662904688
76.76562906210823 11.156762021210964
94.48139934689469 38.16780931001394
61.53785506198296 84.35383503080712
13.668008308979418 75.6574996440237
70.36889617224452 57.569341922604224
92.37780033020256 46.03153648381751
0.3334220062418902 34.24858722500388
93.14193376852646 63.72431676092789
