724
1.5550118696998738 39.824321580979735
1.526309043891394 82.31157019857494
41.829370161028265 21.57408056030572
22.19437036882971 72.03025907231103
61.46781957416248 17.85867661736429
7.132321668003028 10.13882362589108
21.2427945682482 44.52645510037008
92.14614795263171 21.513556384297573
73.28643651582146 74.18630581551032
28.095468854700336 14.158302524728617
23.08755135521361 34.87222441980455
25.69059746262524 4.504193591440931
81.8072145271098 76.66089175780122
31.983260300276907 10.710113592656878
8.777110187313465 73.16402916461766
32.24324989215079 9.106424771833431
79.14491702400854 51.260644889940366
36.16418306430662 30.460988777332876
37.149449673757616 21.52575489286962
1.309050285262281 74.22258350931962
80.86501740112982 5.291908720493533
4.2809417516207375 5.434324281916469
89.66762602530682 62.09774867319962
44.33542921462157 82.45687420376481
82.93273378799218 40.24436988405052
34.190885624844626 1.0833690635431603
31.922126035922204 91.8419099259791
15.549758148797366 24.94675477851881
77.03525648279425 71.71438473793951
92.14750145622095 76.9931972818785
85.74219768338418 94.13750103755481
59.37351601148971 56.17208147131977
94.42617678744188 50.89192648133532
57.812765362041105 30.70079226207372
94.95327190749619 92.09376394941145
24.37710693942632 98.61417613009613
41.88202738400668 55.99542731542007
66.3304174927947 68.26313269080688
11.199748335517079 70.80388642176514
33.36575890232759 1.8214418611513294
78.04271793597682 90.94261203254761
89.25119068768174 46.4939518557673
78.71634855783533 86.51914156814723
58.958918858123354 94.40461596252608
53.921405758107845 73.86609126999197
79.48567086233506 22.853776280853687
29.228690491958574 63.6830683934901
41.5942496525108 81.02104943834283
31.42383328089634 66.5546781799209
35.06428809784341 55.290828948220906
86.85484970602096 6.244125148679447
91.3059513557674 99.27353988364946
49.27421351088267 3.285664483387829
58.46828949079538 50.953714129097364
74.71983068054023 38.45791394313858
51.96041143132501 47.06570219038259
18.166711481092747 27.981114733972024
99.34208472935806 92.18995832305762
15.607316691158324 40.223734654102586
29.333310566770255 10.985995267600824
10.004180940760177 97.34086462620294
83.24422823188769 73.89481513688457
17.887124274359845 78.95528576942775
98.42591224276471 37.75325025024237
59.96365065665965 41.83872747785815
85.93042866823309 90.1349719152185
98.7973422270371 63.09139713673206
78.0399495480618 95.68484377311447
29.96481998250594 52.58564054817232
88.27778022404445 79.41292777964108
20.351059157327356 35.250918182709725
70.14536464849203 93.10976446622114
45.82629375748728 45.41277899878213
17.177595192245263 28.76702062962141
54.02923962099667 78.181772007645
21.413740041020656 71.52086576107465
39.022346462814625 9.439024947074003
39.1017416330385 11.536906437663452
38.63171491462357 70.1104215289613
50.21910007171335 99.44000598675774
57.14010457409005 83.04337196208746
32.1898966582914 34.87480676317355
80.15679504990585 6.7763192357289
11.437376590806881 10.619732480191846
68.41049965147667 86.24009800206103
6.266721035621647 65.0486460872871
55.83916620645368 5.429150086341461
75.7294216487588 17.901593996902154
15.991305752114005 0.5612233318254445
85.54935281199886 51.83961000330044
59.573005847521145 33.77546137143052
17.868855968528784 20.88212790874643
93.94215424881037 14.878377528908493
36.20989278629681 34.519182739766244
79.44310355419113 72.23374621406742
93.20122099903789 70.28110764299336
65.50921663849793 36.032574675315985
66.48687773606666 78.69312696125725
5.218630528537782 5.90597709517342
61.500821198139235 86.77785379488728
39.568949159064935 92.89790235613083
83.00421947810649 68.35699969965968
70.91225848741634 81.8709059454462
24.276857420702612 17.090413535624716
66.09125525212573 79.00158653861354
5.029421319131188 7.987458494227651
92.2566550644378 16.75147708068625
60.083570259537176 1.755459573453444
79.21261766912006 14.506062976879985
64.91242619870764 84.37364479257846
65.61311090336312 84.1693924771691
38.94669430243313 12.822494808836748
60.59684396896306 62.67899603931318
90.71448775292687 59.01365886584837
34.89441513826468 82.53322871214999
16.371524645773594 32.32937722926253
16.893682372195517 63.988022474436576
24.234937801716683 52.08955906622405
25.749766079003745 79.23074501332617
80.56885165117069 66.52490821937094
20.73622607282003 70.11392759297033
16.242171009108684 37.309101920402455
41.366455638633596 26.979158718875606
4.406303859928917 3.4721018924177116
80.61545759983362 71.9986841886191
31.62050887515172 20.799989562053955
58.673213660887924 89.9729320209915
96.19748785397437 77.8273787324173
29.713557405623312 82.45643856360479
59.555852955997615 50.81511998630227
70.159646045689 23.77645936668291
73.15875855790969 61.98700753990033
59.13007526567825 38.59591269767893
81.85771152251407 1.042969341363209
4.36750958499974 77.6892663689368
8.062948765254818 10.108066238185664
15.13654573194334 78.19009569812886
14.997179679626505 75.32613678134018
89.42493299393739 42.805990203055835
35.92424144120711 77.58238120151691
30.92863570210306 18.09506412940144
62.59949883403099 30.06968414428204
98.2916930501977 21.350559285137383
47.736186728631914 56.40103274640653
27.108148536971388 86.34574998736866
13.131601453221197 52.240007946179425
6.633400514045085 82.34789714146432
4.887603419534969 36.96050577580762
88.37584956475973 58.034985384542814
27.039100727500898 58.36129168004477
73.81299885238565 25.541668439883793
61.837274045989666 51.824320194758386
33.75545599818266 94.25349188111402
37.86200396746234 7.364041022747136
52.5602224847191 75.29970926438236
94.83171870635076 26.567870826319805
39.12972662961213 26.801910238350303
2.6600399503786676 56.513599612407994
66.73760332115114 26.80584359447987
53.46603768000621 93.19199577296784
13.021409247541893 75.77050554682366
32.93953265162188 77.35104781284215
58.67129167616467 84.60897445341928
39.81556354597707 30.52695340780618
98.90899864787545 1.7105945180159177
71.40694455853979 30.921983793479633
10.298365915298502 8.982815212609907
53.42773707076856 82.7063303069822
12.724019727142633 94.66726406197947
63.97997149898518 33.37985809706922
44.437154562674564 27.765561981431187
70.37605421090318 47.51421566440214
73.03961733960291 99.53193330527763
36.21784307729743 76.75682430478247
13.31659653514432 53.087489737829785
11.372176217432472 8.50060731514992
5.000946968975917 25.72575981252512
87.19253176468725 61.08890486910852
11.510570691780831 21.240040034955708
60.30507061218218 94.05677835957155
2.1346231107903346 2.5680160855224288
67.03830062955734 43.90819663860801
70.06962157907037 19.411863054118548
20.530207983127347 86.64271444987483
72.77148833221142 19.269334343376055
2.8162042669425125 22.503414873757087
21.92420679707957 84.32982953910782
61.91610289062762 62.22004816715351
10.587341993396072 70.65310378785713
24.003932468993728 15.093669340277705
55.169809800788485 6.196201300719806
32.640269577660796 61.713319035834246
50.35933662589985 12.035888905295412
42.81599983452392 96.84899828999598
52.451907884858464 23.642249663461968
82.84882243799095 86.54331171327708
62.52992891740482 1.818725780839292
21.229455370743278 9.857991688053469
45.71805823011462 66.01218556310162
98.04998079535862 62.764315621810454
94.54060588587456 16.06953034631151
59.49313723729721 94.08361222651081
47.38181208577833 20.541326284495376
52.648939207418046 85.50918076008341
74.02662901615635 16.023427592827556
88.53100209858435 18.936211638516333
20.08425125875215 0.6075928271701225
99.04059514419065 0.7345505783669326
66.2013000612611 32.07150861642209
13.2417480792403 44.709888713814514
73.93526368897078 98.0953413853951
67.45499864393733 54.650811414645815
69.58720298605597 95.969113427611
97.000180065337 39.195289480543394
56.46874934129592 48.92842161915236
27.05033830487763 67.39501224734397
79.27245135387653 93.07438585410634
33.702498558576686 70.27500265065613
52.15397370806373 34.51977598261485
86.4467352671055 15.463714560850782
91.53726804634314 51.889274864744415
89.04813602801119 28.801448897587644
0.4374650401421154 89.56283865612163
78.88020485087851 88.20222958324683
39.02432182439578 71.45241234157321
20.97994599486408 96.65319851565917
94.23021637626553 19.47029489729052
35.916626497319704 8.777559768297527
76.44655574174108 62.6551867420314
55.177417691881246 14.337149869582023
99.91788845661887 6.9407368027541105
1.1028509323856017 41.52164438921422
36.7793042657652 51.41644784917367
71.88349291028561 62.60378479381068
59.69799693769164 16.219218594045714
41.21624387571303 98.8254119314894
83.64328508730019 90.92373271511164
3.5213548580546705 55.36044426580009
42.77190700468827 33.63736295408288
0.5574300906175056 50.63982309515757
13.175870056411465 94.64579446718402
18.512851333983516 98.87983906780937
6.575639187027161 73.83757147878266
94.75744476404185 20.167675170536114
86.53425080682348 41.92544543954278
35.13198511126291 62.249855630004305
65.63666568659127 95.05185550999708
81.85666560392622 59.66777703602995
9.345861714294056 79.5324347657497
64.42946286644302 58.209315132849035
44.81562617839698 90.80344394297242
37.0633269618782 14.64104666316224
70.55743551672614 3.689030655418013
25.832683678728397 41.51258827344796
62.39003318336566 11.085141414724664
50.50171721834443 26.699380885243396
14.099687095597824 78.98579653711829
86.5034741485406 88.9760310046137
90.23620872558506 30.687702859863684
20.78450325127147 54.33365963479997
15.992898218090168 89.67009453198654
93.68331618191318 8.418513739043066
67.27239749230333 75.12129690109552
25.397790250112052 98.48741328971829
10.028444207646082 2.6150055098251968
8.535331712160389 13.971901914816954
64.80461641124397 43.309782297677934
33.05240095904849 32.83114111080303
14.826574563544215 82.05663669476387
18.778946521491292 90.42178075900044
19.838760669931 33.81004103766904
38.96782761151665 72.60069426452611
3.9257372778060073 22.58651807642873
91.90272485525672 30.959865645862507
83.93932707697776 74.33157415913459
89.24946513004244 77.74239140985144
3.8813289608346735 58.93253770703707
74.80821638710944 25.325780286994927
30.724349846537834 21.63773000620276
58.40988890685913 65.21717130999878
79.59760912374894 33.64973769412185
26.649449940095447 74.0088147887295
91.95219298736582 27.58866991461144
81.29021811208035 82.80502303488328
69.94249522128942 83.28939850165764
30.302289668255067 55.72814828859397
33.48967210322393 7.411329006546796
42.563557848414625 59.930239244013386
96.59690365060429 38.008968904605325
19.606727883919596 60.14965614188471
93.2915222171654 4.593960233651151
26.242855834158618 35.44036816089326
64.16499688666715 92.57482961769661
98.27479966301279 14.520912601683133
73.90442663089807 62.24847560831937
55.85494759232596 13.202342774577646
89.6391757748012 58.017469385426764
51.27298478218123 75.82466886443662
91.9380818108292 21.939898488667275
73.09529247801288 82.64905961017816
43.510835340504315 62.5249018913368
38.30563412529069 39.0067492340453
41.41944020235643 0.22361223942537478
92.10910532005924 64.77579957655614
71.04388489593106 40.18118697563708
84.61465146961649 8.097216527688289
83.62372288287835 58.57709479201137
20.477037687800937 97.68614764873409
78.06037975685203 41.58692740172811
11.701071897506965 25.2129403391802
40.27557684052425 50.55821296445346
52.370817941211826 50.491697300293325
49.6270973793304 58.390556283503834
84.99423039022163 74.97442517733298
93.91913865047536 40.435872904978964
84.75689319374244 84.64087561899545
14.765733067302167 78.89790866534854
82.15930692969053 44.944402481256226
26.52157912908384 51.444701283271876
87.57013808453648 70.73204175184982
36.969922891459994 42.40064130702304
96.87994876615258 15.566877624307429
51.11680301674076 7.683787124230312
11.398681438017855 54.4947167064109
23.729209600574166 59.874574413259495
18.473714749085023 5.064898038635668
0.13809217721918454 9.458301124106317
66.08021059367 62.710618745875976
34.545752431643514 30.587035945791296
15.135124838657156 17.875469934144395
34.84198499978722 39.42214191887795
12.874043357585164 17.914568438370083
15.80612958880968 80.83393510490467
8.8840971781595 42.401270479759425
19.471761969855162 7.184657054791954
77.10843734962445 37.324983068064796
73.5428642528527 73.55253626277754
95.8165510121207 26.857252262392294
20.84205483702759 14.667668163150637
17.255191861631182 65.92758448712291
82.47883187270205 54.311457970344755
85.30931452683838 67.01217057163149
6.214851005256794 62.320498358338014
49.08842610291892 17.617824012943895
26.61596986775213 37.67403488558494
45.30906687992302 37.90288257859002
99.28805527851753 20.95540744945773
72.81289850251375 65.62423998960803
25.03497843956598 43.338356522253164
32.505770484485176 34.81060412107128
79.13976535892964 76.99785505097009
46.34363231253701 28.56138718585254
28.510290068735433 90.37980434723913
95.04936059536332 19.38141634731989
4.532158277146792 98.1975448534381
6.599163971499921 99.17291466350892
57.73105352899401 48.35572085392873
79.06833285085088 54.102349787765014
15.627446719284134 80.57856947074447
57.13381372617874 47.21981492571494
73.72840597485525 1.9262185153796962
35.042824005252925 19.10307177467967
19.44351777850799 22.886003613419902
52.86214832465173 14.365391139009521
17.723258822327015 89.67329085529127
81.88329190978675 37.939349843420636
92.93860241243847 77.83649941262601
39.90184902787451 78.27348310460876
44.080272025369695 60.073715495264025
75.3027646842147 87.567714574331
27.92402288938961 90.1451978867617
2.741797189405959 48.668040421960725
2.744979172975215 27.13419191539116
71.28600659287747 70.8760409735012
44.693823704585235 1.8016311304797639
44.91275799922937 97.79633718000679
19.823568289686477 98.66540594321998
66.18737430632879 22.35237233888595
8.998754922190045 5.036100265184595
97.08609997730287 45.11729954744488
69.20924358179406 49.78533514621427
73.57458588555595 29.37381975941278
61.28650986872536 92.67363134789011
68.59296044246085 49.63103037515327
88.65871511320704 18.21574605913847
2.0566581115859073 11.935319705663627
88.89142349517486 49.2507975759143
3.2584817481974393 10.714718033531945
80.92288822092043 36.416339785164695
78.83632538071532 91.91924627837001
99.75508321399421 29.93706957132154
24.160437116765664 61.248779226824766
39.02490660942597 81.64359849101052
83.25134082865445 32.404364449257315
43.7641316989634 52.342418718435646
29.860590878309967 76.33917449163387
74.7558088595915 81.29042942631274
83.49736330344443 50.30209237838078
63.068024990066675 43.450064225268
54.438566099701866 27.998513566667004
92.38829587244399 48.43573949356427
62.5821417918503 69.84611470191491
88.69503571218259 51.534239468040035
53.23436401879557 30.13205167841132
68.10628006719894 98.38111807807407
85.24981284223863 54.57888572672981
36.10607919103682 4.171965913447129
71.70455670113506 32.12083751281328
20.024201503702987 58.281607876958304
61.81436333017274 95.94371879481976
6.653684263459869 48.61055889285244
12.076472690577923 98.34509970339391
51.68127083011728 58.065544079415
44.39245519752125 20.666601925624896
61.82584872785376 9.834121604568068
11.767070040506056 60.92942434156632
79.21141407193572 92.79190299126745
12.929026471015682 23.03077226407971
91.1942586866502 27.007989074273087
35.69350435927201 51.506965047781165
85.47385830537803 26.406236521175465
86.8049856674122 1.3902551099322813
99.94562389686888 93.2808682499629
20.407589963110883 46.71086878120158
30.47216522515225 28.80476937184524
54.23681247525185 96.6232001105468
18.331330651852973 20.980705110328234
16.85426684205311 45.24980387381905
3.8204515020767937 23.828643406656592
76.84500261428411 81.05298472070646
69.58755792775526 26.88084545259005
41.76779249839604 38.95534372141087
80.05466481644282 34.7691055105678
32.80743216435651 41.537856071398046
55.27475635865573 97.91952528519982
90.41639636971964 6.4236804841365736
49.46544876466679 17.931112508752534
26.91463280252474 76.72773215715566
66.35528154223944 44.935676095837515
53.00144947477197 34.77830640858159
24.981266072930218 29.07574838306338
20.42418739313111 45.81530353423956
32.22706262581977 99.25466717808924
33.827795421921195 68.23864429865971
55.83242152823953 43.55908632525717
8.162413704158944 20.627856305266455
64.50093370380759 44.95887975176428
67.79059142598814 18.295517465333823
26.859636313895084 84.42868233638275
30.096695808303064 1.4686673882535861
29.19733201035616 91.0938613192934
27.494031614919002 47.95343118860125
19.2644979454478 77.68891138292346
28.86073722014213 8.62655580602354
10.68134501529946 25.684548911388315
86.48857855414053 13.024625473155826
10.565209417946896 50.84578503069306
38.87116980340153 11.22246725799111
98.84433506904844 44.76550713620683
97.69284779668116 17.506360217456994
93.10241304266894 71.94805401269664
96.53315517647765 27.054425938887018
45.86231150095158 36.78487540753561
54.8122132846585 13.625404118057249
52.84828214801567 58.669971596528136
8.352477931543323 94.15026531619863
90.17984151181805 83.32135787587175
30.73292093346045 81.77802614716843
22.436436946636285 88.30401472763803
8.299910988450975 67.59280553907972
8.82022134585274 19.138692025426185
24.8412436973233 27.98836232816869
39.5503571155697 80.50710821906833
72.80804567785768 24.071432524585468
22.752565948778635 8.734242187367148
59.3492463674992 73.78571947491065
24.163079470526082 25.15312743304947
43.29886339652569 65.34368880833644
17.334041434483805 98.74895343846755
42.88967995780004 47.35432597606617
19.626770611890098 20.593471311150292
76.9801162646246 27.22086113137664
78.58306856150207 62.16441980013884
30.32450904509577 37.664145774967075
91.31439023590058 87.90641587538477
15.947436156598794 75.51891076784139
34.01666209688181 97.77693843602381
13.79564737318666 99.7896572948601
85.41634937501732 68.1253517884124
59.90719895394279 83.05182876499987
2.8291108469392867 52.394381104433876
18.673496427982062 64.85014938096174
55.92910279777252 44.6802782476375
50.31937198874569 6.112514211316256
79.54956836189943 8.583952541639551
75.0134045393941 97.99586323468
82.55852301298924 40.70256516823585
24.98216563449791 16.679501272562803
23.51036130366917 94.48766013646264
39.73427058234766 18.649583455379027
72.77737487548751 23.099780506985667
54.768371126648184 24.33270711488594
32.178057303806476 58.99030217547481
81.61033350815092 56.78823190283462
19.13711223662521 86.37931590731884
91.38232255908883 23.321496616610027
31.6865283256741 73.05588220959748
49.320734164851046 37.6457209248083
32.65552588169627 37.779296087842006
10.444563620265136 9.354279475331806
72.20268797521925 69.82080912096181
58.04211912408367 9.34852073081739
47.52463084786813 99.88365889435956
36.486261982395604 91.29271340040721
7.110123068340634 26.890940137918484
40.84763896029946 34.68183091557262
13.705228294193395 16.005905121592868
0.1576113606216234 65.50351207323102
64.21981806085876 59.21377743258181
15.340630834626733 40.111925603307085
56.21800546899113 95.56131348574539
50.217446240767 91.27271465855917
60.23905732528301 3.058643486263646
35.420849118604714 94.42419424178865
79.0761191150593 7.673612763240589
48.92052071151276 5.841675388630863
56.158278416306494 12.351957411932613
24.181621975476418 84.25959852760732
85.29059726081346 42.8107620333828
81.4792232376466 28.192387402005625
93.2250172884793 22.082539131680768
58.341319034946046 93.2840721828468
58.89740552356836 36.75216295509974
46.5311998687812 32.18445746845945
10.78369962702549 77.10062200154896
56.96099156285575 33.56987433185793
0.4919729122061067 32.77593620406775
95.0869692789375 15.667389905892271
80.78157918805692 94.00211482882935
35.54956685716364 72.2697022783093
61.801393490570646 26.353627269416368
12.997215386077233 43.95153268592048
58.33177373223381 99.63265529519924
86.29878625908344 47.211029523817935
4.594272245968933 26.467916030145755
23.815612405989107 13.297916501215346
8.654117061386179 15.383516139584962
34.12352452468098 4.791571092100499
11.465930904105326 49.43629583244243
87.5791861756292 39.27705905354186
65.32376882503235 86.56301442936054
63.44962456083404 13.4221970470639
49.71887013728612 9.783722810178407
51.34136824652952 45.75563590985078
86.02817479427797 2.77098143413792
10.27153938501737 22.895897757309303
57.00843082060272 16.412351700261695
80.31101725081469 99.8358121760048
74.59161372297632 51.13268828553178
3.363064937065674 48.396001069501274
39.10999036256938 16.93503071900705
46.388061648866774 59.815278680514005
52.012730995620245 70.58516098376657
70.35773469063172 52.82060495215952
74.06115788919453 49.251571684912975
1.1247842927859963 73.20581581044824
90.76698810178317 31.06972999946589
72.91671731587591 9.073453183622837
62.517210010032066 67.79069811890427
62.813049084817294 84.40014685973
22.639319265639646 28.52684409378854
63.05501041421115 34.71284069274938
14.617963465378303 64.00561045940465
17.608475794952838 15.79187520469092
48.1499998640075 28.426216588470588
99.2247939476402 2.3179322857933227
5.824503150967852 49.16495617833767
33.20150631150929 78.01962184534422
28.852180330276912 31.985792610549268
85.63783748809831 58.2247900725523
81.59455511824353 44.04570957156503
10.780756146860249 33.596606316063436
57.73027885105576 75.26074358384054
39.896513254589024 59.53670691492551
4.9295670115603984 90.83101257431365
42.563367255701166 70.55477281954072
3.4892962403803685 95.9648517167862
61.59912720421312 11.461491684352676
74.9050016347281 5.863434441765425
6.52379344869034 77.22097045187942
27.049447763354785 91.53230739394671
75.51844555520603 59.394652435048286
19.334975271621623 84.48589278219015
89.63477739172389 51.17930483565345
4.450013206824743 15.602601471940725
35.249148346436755 91.15185810742689
78.81839086996342 74.56463633233264
23.75562522865242 11.231680726866067
85.48670482028912 88.61341950298109
61.48410877793478 87.86612703580735
59.23637126272811 96.04863531669075
55.69207602987773 20.12502439851236
85.32655751020982 72.34038070465569
40.93246446537675 8.860886788355538
95.25576153114046 77.10367707224738
20.067337133019436 15.390883708391613
5.266917475710498 69.21667225099395
53.034294296383614 26.328053624772963
32.90878167339125 91.49446341753935
62.497088116714586 46.698812745954775
17.33542401841568 26.783722281711885
85.67937475208164 2.2618632360995483
48.798921097939576 67.27190837247343
44.56054930721331 68.49039112660272
99.46656679717442 33.141214946650734
76.72326603962121 17.11026881243537
73.05932473200455 60.00501087463438
2.25741116725382 39.93111438441168
19.33315464779648 63.022131377304305
47.23789788716031 35.86031093474875
20.956931401765765 7.311324199785007
1.7429441405762636 76.27689863384532
4.02484425096854 89.51103622026815
16.569097742241055 75.46755257186281
73.20924368300999 34.92804832198784
4.9995373943470645 58.220906333022135
32.1174057759957 10.510588719457592
26.472848689230943 56.10272237957914
41.4608918894159 5.597489734622041
66.28435257538662 45.73185776874621
56.13351719100426 50.96062404574981
2.5931003142135367 30.07440001095715
46.732794458171554 61.197371189599416
81.9772053542089 15.678130296042037
77.12011385529951 36.655311318962966
86.58489351078596 26.650548257865626
12.411264320007042 87.47695373687382
46.081877904747316 45.782272083374075
76.71950871909182 31.125303585826924
18.42750890196374 90.26766261855083
86.27695522514686 72.44436115089094
37.90529258425164 89.27125918455059
56.43155405858287 61.69499802080547
8.076440790876827 21.094822803775138
69.72295084750743 11.9758205737879
90.34148252994424 9.81619271714127
64.12990855397196 14.820969453258726
73.75612965350452 76.10821672137234
19.17964049803238 16.239181489507793
28.01402829258467 23.16078968974712
45.84681036882705 75.12423494969174
30.58476233768197 94.12745701039908
25.803746554919538 4.060165705535102
21.90031743346692 85.57935922700415
74.27964268749245 37.08099227233088
21.222778137168486 24.188958090176914
7.624304619680378 96.91804881794819
85.79499248223406 27.97961072157611
79.89293850362493 71.12741425783302
48.836192025641 68.09322461396623
2.810906370751687 20.002406047077493
47.133559804954864 13.200521285339661
84.54089765708666 54.341153997035605
22.546639436032322 90.87893998995699
72.87508768129057 89.48272705265047
94.98570943281783 60.647910217911225
29.7743301001787 71.63150805800869
19.970369630316664 10.93238508411476
81.4114378731184 99.7607887003767
93.80391282748009 41.48375817643244
18.833644263844572 27.506311248676553
7.703652865969457 38.11090654233992
82.49136343828044 72.24139172904651
67.76303866864872 29.96020122026527
3.908533496788391 84.76023272076613
50.45001972553669 52.33010900835906
9.053210945410473 87.17219312971281
10.482879401359757 29.066253720355373
67.426821374753 28.759993718917997
16.41100267256075 30.521772600972618
5.8291341026126435 26.366189505872118
40.13967713177673 12.813801512103707
94.63534509678144 11.259387886320994
97.95417026171337 75.41159396245679
56.11667183355703 63.11431867722463
94.38253412872542 59.920247953466976
33.868330881606234 84.92094737126884
42.31329680439556 6.085179579785061
55.796438484691265 98.91901296728848
48.01512411240726 1.6398184862298382
63.530090978375476 21.113874630846464
79.28911640538229 18.839843412033353
40.731289850541266 19.079287963836833
88.50020979281823 18.596360645142173
34.47328715355834 8.135411262919312
10.450851646667891 38.90859352109809
85.03002890401686 7.386623613131427
90.2218335833531 84.86465067289105
88.06094752741738 44.84039457318395
32.41859522471858 79.16679167802468
52.64010946367439 36.40931740464064
77.32664814243527 45.75506273444997
14.74079947842305 21.45667711211694
36.32286220673111 14.507916499302576
73.96692722547485 38.30813526335375
18.36692456778286 61.89716727476542
14.097763666363717 6.216282330297862
88.89042315566223 37.48610407267686
77.86858170243961 0.5913004280052148
33.8047394392323 84.90772430853063
8.562977756745171 79.48671279518949
56.95979402235144 84.11624494918306
58.74383622750465 28.789369569306665
89.0933304511211 87.6753512731843
17.765138988292872 69.44988024666263
63.000951254936496 24.585947121306994
40.41645294420263 85.66377511676173
10.145153729404354 70.6524104687067
74.21746423365455 31.56369236849461
66.23537084633455 85.93838511613832
95.05094684815391 62.331251143946645
88.2275912596109 29.698014512473293
30.970968004511324 0.608312826670554
13.1322273770341 14.349444838048864
