737
72.98187124234151 42.778763224873295
87.31314774800211 11.181213583200567
94.145584413825 53.388152557173406
53.48475645544531 26.832822051991535
30.136606565328382 29.544437617150443
13.493720278255383 85.98513207841626
77.23636540032423 53.2724684369582
28.09416155739314 52.09554794723993
19.828981903160958 88.99619871243011
34.409694388451406 60.62203484970856
97.1692220999351 2.791641388681654
24.18746112506446 19.262722003523102
80.40573469308272 91.97263248274282
70.79761182122596 43.735362357956156
20.757373552350067 31.049862321343635
59.431226245358395 43.42064589718486
37.98665703750075 70.52092074752751
13.533096555062995 39.95285937996233
60.471802268891395 95.82262167689872
90.04264648364092 45.60022552540373
31.92653978674048 48.315246045502256
29.673441901911957 8.000011708124145
15.011168620635706 5.755646025480776
21.551992913090643 9.284883549029255
5.417308397341691 47.27813064658686
67.36030276127873 38.86396971866538
48.806003116424556 29.830291665064035
34.34206467735377 51.87156130648752
65.55975009184817 81.06548732647678
34.243203976087656 93.3272032520969
25.416771583157093 54.79441976679084
61.54084440981183 16.256866249396918
16.784545861601806 82.15843843240454
30.707166447017475 91.68566121846506
11.91726367458461 4.2244222054151574
7.82262589040722 2.276397615218728
51.67551434764277 30.845469978053018
9.846624567772256 0.259754978182114
95.63531939993672 21.278321792226507
43.85650641883665 21.665680929868213
75.61144539945951 68.34195452510833
97.5314741668291 17.8636279071976
52.04071907551295 79.49526119685886
99.86585889066318 35.304382154718596
1.036791555706107 45.28516853247968
35.95433023773859 91.29883664915586
78.41279497447965 3.379990923248122
29.774794499433042 71.31747190805729
25.267851726373593 86.17414229003309
28.32241459858298 83.87115699333691
31.29773213703857 40.883621340100404
31.948507189485685 4.458956265084312
49.30272141047687 21.99906541165828
31.48568505794296 28.332134859622617
15.053994195137221 70.6467677733905
54.31208406612977 65.58652024518985
21.243486712573766 75.25234594449117
21.304861119279938 41.777877854135234
89.86936670726452 52.183222303937605
79.43140468218107 84.8008758914598
76.02623301484222 7.522789993334111
57.28623310159686 73.01826284941777
8.439343241489839 49.98616791673059
92.51894120760764 57.82108873079096
5.3924146059239675 54.33119539173214
21.115449315900225 7.743236327351766
69.58551968158737 1.029574977642278
33.74227351599407 70.63391895035457
22.3984048682907 42.20243368539316
66.97452738855203 25.605873146385104
64.22516436985919 87.78870283838022
17.861991944674948 94.31749027515521
67.81810163668024 19.62534000180044
67.05461843857121 45.180926734444604
25.512957463246256 23.951107812526708
80.12598135870275 21.6239838181449
85.95034329417024 22.89053410042432
67.05117910758696 46.48276467930924
67.12130624936984 70.35054872531518
84.46782989264713 97.38239783582542
52.294025418240984 36.9677352841935
80.06490464975423 12.851148373886323
72.98973622320311 62.21221538401369
60.66995938170634 50.10350033248192
25.3607429892432 91.96917281633927
10.180576050829849 17.730865905837735
19.583286173677493 45.27199424150239
93.86010165165783 65.58934617740081
35.24497572823122 48.2566883614697
49.9696963152931 42.097784128359585
75.11855489024641 32.431359040167195
7.475261476458717 70.32723981299654
80.99162593803622 25.817369344478823
0.8282718294343128 7.38944011982916
12.157176511493118 45.867712835444706
61.7685626245133 37.895379148282196
89.84807010673555 54.8592924986769
13.789126277780406 72.50189542331265
16.679201558465284 42.84319669952521
68.6807997526437 16.457641424948154
93.62953173182072 72.29951575937592
30.527235661395615 45.44341281323572
36.664709265760976 65.11063276486985
49.684889501325145 65.07924068081643
95.22828470044216 9.28616292393275
5.191300680212962 44.021956564054
70.51049196670718 44.519887853498076
8.835831886474088 30.555873493081332
71.40521122700827 10.266676610716697
0.6494099022913757 88.31060043774521
19.22674962622837 83.38255526017923
58.44929476991351 38.158338241622445
14.438926403157893 61.42428241336041
53.942551383688276 27.431952048962195
79.22783419083316 68.01172154108227
15.38094660106446 32.46490666939516
59.53351782773566 24.099078676375797
4.9583473820851705 90.67553282936854
52.59788174190704 53.48260502750226
13.708178102749258 38.09498511794064
65.16525336397824 23.062753906342294
73.6251331319134 64.3969455416416
3.2528153083600575 41.58368252868483
94.3606271923238 7.550846292763691
1.0244144468360417 89.89477349848704
94.37278772097467 80.38960340662048
19.593521843777893 49.97438980377644
30.7379994801113 34.840569854389436
57.27760409853858 88.93027103661802
43.62809547564266 43.860300790208264
38.938516396442644 13.068451845619721
38.55092386132276 99.90612017482188
19.316411488124217 5.057777297578703
48.22584210850888 23.599292993250952
21.90491757243307 22.53629990680921
80.98568035706293 10.116991684557973
78.58987069581256 30.47194211472315
47.423149024534936 80.42615853255566
68.92220548498473 98.34717743065137
84.84291943886694 16.464241756644725
42.803718760789046 93.21517474299736
28.71472607795429 93.26529760834256
23.737873446730482 24.97799196527022
56.12748654913323 57.92721754892462
69.14241158596667 94.65648654236341
64.89116077530423 33.36322573087177
61.01476906028633 12.993988028353598
20.42870092357999 7.485868368039483
18.80808372795536 36.58125999980185
39.59190029636844 73.58878257489984
8.750617361637026 57.83399012433401
41.95917459177042 1.7456379022553592
37.71748901083507 95.16317968769143
2.676765598574371 7.998073152918305
0.640503085715427 45.4627036397026
63.4190924312078 50.30058782292761
70.40991122147433 54.79868996084254
49.304214988436165 14.46371887188933
7.907375078324064 35.48215669523882
44.517939745263334 21.190495921674234
2.954805763007029 28.917552212836817
99.18802432092069 36.16829089377468
14.208635876219422 58.57730924449832
44.33429222477253 65.75181496463397
94.43344618632977 26.992037123620815
78.5176585443954 96.08918039067721
86.15417660595048 0.15251254200797648
57.35010066367378 19.832050762023844
65.42329713605157 44.673209240397014
23.436139068911967 31.57827400393597
5.9337032443185445 21.747549799771715
81.10274214875652 41.56514428002317
91.78201501243059 39.06173911374724
62.37895947341116 33.417516750833265
92.63816975681479 46.411535558915354
62.08815789438559 53.35653762007567
97.30432889656859 52.642809449678865
43.870318134098184 79.65100872919012
26.597393454358688 50.023375670223004
81.63142237886677 55.293366069963746
5.196007480295317 72.03155360254185
70.63706387853843 70.07537303190115
42.49149269474714 62.90919340863502
19.430796434684495 68.8972382501254
14.263531410612662 27.549921553122136
35.36688561388902 3.6209263754757193
51.20318218745402 95.13857729947014
81.70596253862573 49.41755486123791
73.66451684853006 30.443313816499128
70.47277840611528 37.924037974192856
31.671918343982853 89.6292211382209
23.330506243294447 54.48857965469255
31.821079444112343 49.472627129326575
7.864345766307013 92.76532196130815
95.33728478724903 17.615675606999105
35.92118386492267 33.056599483776715
55.78774400598394 97.3944314792576
50.355172161542185 54.247646438795094
90.05482743683382 86.3679762378492
13.358256118056854 62.52195842815904
7.568027036883973 66.54429917437517
8.408963976168382 63.72835054164706
6.832052105588337 58.10887969724809
86.7441621049644 57.09777412232828
56.43167556275679 71.41218808277145
71.09323386815498 0.9736781222355106
20.41384204756971 33.12046207987815
69.2501980876055 76.6943556368647
20.922633221781027 20.482768861482004
78.52887068852738 28.86011483798513
49.50684731801933 54.32541482910701
7.867897985428529 8.849796946441192
10.218047426696486 96.58630631871951
3.435601584500003 29.403762625674233
59.88870721860887 91.73731836691813
44.8690965495769 70.82069115479818
36.89937931718057 0.8446961240421658
38.133485323160876 84.41137881493285
53.498857850079695 13.560202752193417
96.55765696647454 73.06908520814518
76.32311722326318 99.39720779789832
60.02213650638897 12.67982225306884
99.71173783338538 27.406088065085598
56.32960669365323 50.58531514403689
70.93915913558268 45.27781507985568
83.96530351729268 6.183602478473771
25.469050239523195 62.46603124979865
31.497831945147816 13.654499510765305
36.75428899543359 59.04515482167121
91.95226960222215 35.0876641865853
62.99813030226552 42.23721948957698
97.5802835712862 54.03098122136033
83.18591866939505 21.61442009462826
66.23463927844054 2.4945825602837424
38.62318129540287 82.96715168168679
76.41554974909079 17.607319209142545
20.089256405514355 94.57612726717805
85.36573449525052 21.02725853487126
70.4212333977942 56.09033362826936
0.2409335932394785 67.32065996895969
4.576503121475439 1.9430637449319832
71.04878265249727 65.17003955365162
89.36135931449726 41.709573874881066
10.254725643528918 62.012249721572246
68.84960287924777 43.955486194070616
55.52732312830886 30.401191674094264
3.536109271060217 51.924083208393704
77.35496535005957 14.143451083746728
24.4775513443215 56.18123649928604
20.482386239349804 13.784350496909392
25.945759697488956 65.09441373141573
50.25785295639881 20.046253608934972
17.891487164066234 96.534427599591
90.44764413434454 6.066625057702368
33.22743200939835 47.878903225153955
16.789137266628686 60.91596504961998
24.19602631478146 73.3747024932722
52.42747085497288 1.1627794515394752
92.41168816868819 82.25644479491876
2.769334573536053 86.08062551645207
71.54778489172551 42.32180739477555
46.921842492693614 27.70882781980324
46.00218317025505 74.44224064785763
32.96494248946868 92.98093088721485
96.04576208702922 56.139449474118564
25.183843881803426 37.5496667404272
31.27786907761151 31.48093742783994
44.58008412882428 27.190885154006118
61.76216571210315 20.11077131871486
17.22605447865687 44.270491551378086
53.469116420228325 70.94981574615379
74.82730886002543 81.60756669357843
47.923310987033005 16.15457974894301
43.772852242406934 34.20613735177006
71.7991219257231 98.82728437951309
82.6243549758098 48.97787763358943
1.8362862238823663 16.47118686457184
19.508572155339465 86.30024725443226
67.42950585735221 26.109623582477504
1.0147853033250165 38.520559043030076
16.825825638155322 29.3952638554144
20.172721521047553 35.39823487658803
78.85194271888251 83.32850885484616
30.590013384899862 74.3485485866545
88.83465520379355 59.061394563507505
64.98557069583634 96.43446703402995
6.672164718733509 0.6659638418740399
80.00644808132222 89.9797819822589
7.452023070214853 76.71433798976177
13.078160271804828 68.68211115254067
29.867412129034864 27.710970934002
17.471442265991087 2.9082815037561494
65.46657956310966 94.7500226111151
45.18237555378243 90.37758363585255
90.00102361955243 22.89719595308297
31.538283914346042 3.602260551785552
61.385960801101206 1.4396544236648046
56.44726530950014 75.4517201280844
58.627738700418895 14.030117110680074
16.284188515160402 66.75075089273949
85.60650830483817 84.30560985490972
77.8612257623143 92.76881578538446
47.7410811051641 15.354801137204777
68.18580684594184 5.913383126991678
96.48279333086843 45.9896551288204
37.443654968757414 26.71247568477049
40.86054271989825 60.63758879963087
6.12173267299454 85.55716902027962
76.80636954872043 95.16180859256886
88.54092318426387 43.75205686523238
49.14156989716519 0.9981234619555912
86.43161249141619 2.000286001936602
77.03865717645745 86.6340541484021
54.12835986131095 66.44689163935885
1.6290623105986723 33.029175747144734
1.3369260658474547 95.53767341403348
64.37716468775146 11.581931224505293
48.56065027493308 43.479333094430196
27.42305750936206 6.436819372878199
8.25098682144093 15.112676406313819
6.422395767542666 90.57691572657262
16.623876179824137 2.779699535972835
63.20239717012124 40.49889184955362
94.09633781820385 66.7260739464476
73.64909008576211 76.70215310199231
56.378932562152706 47.0501481737588
38.776037743730065 54.64756136221215
54.54085838423835 19.287035466276016
23.79372950770946 44.25505710476959
19.362739999101265 66.97679679973128
34.383869044275315 14.181479923943474
9.372514894935048 36.22130540492795
12.81079634926574 28.52985525896652
37.68020231444651 54.399458210899496
11.16883235404842 32.57246707458174
1.21059421233638 95.79441508382638
47.51604369703221 16.880498542011203
66.74061065002802 61.08109127950582
81.40807456400341 27.58160402275148
70.71260770801331 36.409625125492205
1.0057400337522338 26.279965997511123
80.20102222763884 25.545139259615357
54.83150254304544 65.69030297636579
1.5045830140509864 95.60486939650792
70.16293947177869 77.6668464626601
61.88041985635711 31.392345016857636
90.7725857153136 24.73112643180677
51.52360881617963 79.83344818357722
48.22312172672187 55.14208163490893
0.018539252897498137 96.07230318762528
9.696522797724372 65.91332705442716
26.827348792542438 50.2963769888784
2.6711076428331038 6.2620899951790765
67.15096172016884 0.700860420442051
20.160599083714704 33.38568031734857
45.489324930211176 91.72985943083609
8.163077157278764 10.16046394033534
78.88824209947384 59.40498656678418
63.786474323190866 80.14978279816482
13.211590184528587 13.759690686548199
19.54934684190299 95.13644687895054
62.83434520560177 16.080973942661103
79.35783182524914 90.81662641799491
80.40506491716519 53.00352891167678
31.629027820108035 82.2012984380024
55.97998343039022 57.491000238256504
9.58705402390364 52.209767874225854
96.44134166001311 79.39695015259583
57.785216102589054 97.1820956909575
78.97844829618037 44.95496705489701
56.149635872087686 15.681307748065576
3.1339095475335865 87.29782420360317
50.28498670011822 45.87659291725002
51.68925894789959 7.574867440680377
54.30114560498382 73.14689654580579
18.144569232937393 75.26152082290545
45.231729638439354 8.829761444070893
13.517732861465015 90.63018989950434
26.53050893103035 87.74238168010636
36.53900941588962 36.65366524636134
63.009814303199185 20.89357205084137
71.56353965993047 9.168609167630827
13.595594674248957 66.23328272573839
47.214100681963345 91.8767167648086
76.88226904525881 73.76666777464203
38.64786505692056 90.41730362770943
36.1052606675288 51.527514792553056
57.72542482702683 9.903167637603739
59.441821347892855 76.78578270984289
16.727129525052252 89.2244428273415
51.48864366533697 8.082295106409365
69.00788668017151 64.35909039219943
4.155685253532759 36.63686873952763
64.37818705302644 38.07916599226995
60.798312320457605 34.745094693655055
2.6583053864324135 53.70049162099536
6.186277941227269 22.97179839045581
95.84430986356651 90.16258017164864
73.31681571306865 93.95283745760314
58.51615389896314 91.70355090406707
50.39858939992684 93.37974037794523
30.06228573778431 22.860252959886097
42.66354088656548 6.327189816909041
70.78044015240147 73.75670569036508
20.499963383564832 60.868588280884936
59.59305514413469 50.966173939295444
32.4598280852768 92.85276374437494
47.60576388744686 52.13316096211388
18.3906661768621 18.965535049880376
50.908018555396154 10.576539459823053
56.173291005281655 32.46154970996261
46.12320578533038 19.053540824798144
91.22948168424814 47.007849987742624
98.22602823063721 9.482675705384281
41.05962367497116 45.02952853803737
89.05281032476464 46.18553331967102
93.5911934731438 71.13968960646491
69.8883860261395 19.681928716452447
48.0253367601804 91.24424775465044
10.343238928991916 53.676895901227304
66.7452256329168 63.71329726168958
8.844537819074604 88.09592221499966
47.607744452452515 77.9920645637569
41.6660876266394 78.31266775311715
47.74006234905248 10.418413953166471
2.3724042871847817 97.08592981096292
52.403864637059016 72.82371571109884
80.05668446556098 3.1714987269087835
21.80777826353082 85.18216899145754
70.52195855555034 14.028845973042747
40.51369049823823 97.36734902231326
81.17723501126068 71.84552485278655
57.68788108568992 33.79200857882729
9.192894341423873 58.44030950490385
73.00145756376635 12.28791026003867
53.82832380587358 98.33648097797844
84.48244671428309 35.26967066124631
48.236060703432834 38.59501613169236
29.483347753553545 12.209797344168793
4.141772698877311 55.559814149660625
20.028917138923475 72.43232422345056
66.88816685927563 86.42334247936938
63.656902722131335 72.83516688606728
30.175799020569695 27.17213654208489
26.04640109011177 84.05071957506381
78.91365266611714 95.30211083656226
32.19733590630721 34.7395922949027
5.342597471352384 86.61245159242982
26.973625963292523 94.34745780924746
54.551733602184086 85.78839431897038
81.28364269038504 30.07723031498348
94.45884571137498 2.963310241136796
60.24022664254344 43.55013282157708
40.427756607846575 29.572615142071022
10.029843785708813 81.56735955406684
26.030089358463083 76.15204728957366
15.587615469760586 81.74812474637997
69.84922242177805 95.83833260294973
22.016484020928306 2.0585204855288364
8.874424614921361 53.63881836006246
54.89480422337296 61.32925369983043
91.70184111668482 86.31448146112898
8.618243909915513 43.13228837010434
62.131408425696186 8.868058169221971
66.65827716591673 68.39141047464884
19.01167967698142 31.291539189812944
8.976362879853571 89.08020465896969
80.40054770670056 33.27225926689788
21.478061727891664 26.08069681219166
30.341808619827958 46.74274899837787
46.04139017625268 38.85431255960163
2.343460628803362 57.34157245886142
3.471126550244097 84.22894444540448
32.49911711400748 78.24598826581654
23.41674392818178 10.231111039624297
17.861604355511417 37.944361175205245
11.797799458488601 41.62970439065122
76.6357090835491 34.52567433627859
37.941306892920835 20.09966577484302
21.859305771791803 29.486975657010394
7.079049149013716 53.81432632134945
56.281025154345286 89.4186171663894
20.231826988921796 69.95943170294628
82.59242461386343 81.78465527913193
96.25238338619758 22.513017210531537
41.289325005521505 80.3615720527994
69.77587142621081 86.77867256836903
44.35297136984813 11.605438675684631
78.57957957737044 32.938547372492245
12.849088164882739 24.750892552294367
18.50607909493325 61.329107191890465
51.79463563079981 44.78241024515488
77.70574421551989 36.66689714456024
96.11898137234375 56.54004171161488
40.70703964557115 38.18643401912474
82.6190953537823 20.637107462055727
28.677393220937077 98.13174292257739
28.836409212409965 85.60317396377063
45.630441671825665 76.94758477951258
59.285340850448776 19.044230017578776
93.24162783600481 36.0580469990054
45.82874702823181 89.67894704371233
23.470172645425436 73.06985187325503
97.06248401267294 30.011207168276886
74.50523330487488 6.251997891415151
69.51446376522867 63.05014327553409
42.86216065786892 70.13459160192816
53.37617389291255 64.10117597536195
15.695974493324394 6.092101927397453
99.56027584041283 16.18328342336651
38.86456592839913 11.059843563085547
79.53553572420084 78.85402481399437
33.14983104944867 51.63460932713516
50.60282758578813 42.083165824147706
88.51487997150535 39.279427203221374
19.026630614409846 22.31172376457152
64.32354413222727 32.445002736003644
89.30995659498359 85.73677866194771
65.19270969886995 35.005838799381394
29.495393914503587 87.51460590636381
28.529224527060425 85.19423670743457
47.083099333201226 86.39530839248837
80.45349639834238 9.126629437525779
2.003168314978221 63.50690057715263
87.33614281174175 74.12356828336203
93.60331850963728 92.934071652789
37.364957039154234 89.15963528649556
7.632536980896387 85.79012790932555
5.651784298362972 40.039617268416606
97.38380145741938 60.29888959371835
88.72632537340382 78.00418358627796
27.24576214189083 53.98376062317448
19.370714080242312 2.892434325438542
80.80377290820118 10.028469350258806
32.60445850533894 84.24782192539026
75.78762314988455 36.94781855785221
76.49373396652564 4.897298980124609
9.084856114251593 42.037551431195716
73.05424932551529 80.43006013866403
89.55889895115541 30.948267697288124
51.399150415948746 16.72125714032553
81.39806949553008 41.040658680268415
9.490092263782923 14.154376073151154
32.046941682187246 73.68355579914294
14.50504691904575 27.091760821450926
95.32702864715267 9.17004999472325
85.53055079389166 81.79582543939755
68.59204371870977 74.790287021216
23.652310757167772 64.49541717726514
45.92959829310119 17.761741578658807
82.79558020744746 35.1999003790322
51.636587692122525 95.81050208585656
68.03389975020913 2.7754492164352884
16.852117227635645 83.86521167400974
17.474703299677728 17.866227188812434
31.606052211043757 92.02572603125483
18.42471563529794 25.042900019735516
41.73315213432447 92.57457909106049
91.34077792588579 23.067708785368346
25.896506437975386 90.56719236145477
1.1085668406343507 86.61682499266153
38.27828370564881 87.20500805849333
17.013877051568915 40.503429006925394
4.270655833576409 40.1072415321415
92.5829194121529 13.48273596003099
68.28095007741743 16.779095966848033
31.53876650118057 17.901770974049104
98.0745838947563 64.7569264599361
23.829084665561783 96.49631127222538
17.046303654569638 21.88111128209411
25.55796172541135 5.08150582287753
57.41762907281674 11.10078115031129
53.958485498001785 7.3873239595026785
74.45632215107257 55.60639050966314
23.286898501765872 18.778535236146276
96.60980746030768 87.00796295140731
77.07591828759983 90.31658247112368
33.95872286991787 24.622802744086304
25.694413086334112 55.490887871401576
95.3601258838367 94.62176513243293
40.52629837791078 8.288493879890336
14.643141452796959 33.919104760838394
1.0503085884741359 93.34985017294679
72.10650322375433 61.509751913985035
93.76866797556623 81.129128651668
43.9486800715283 13.296989244554114
5.722398909108229 13.616757875265229
45.66266989191049 60.438934521871836
75.39000621471253 69.41017285482145
27.993817945689393 2.282627734025122
56.04719323867966 44.830401148373944
89.11700111504909 0.18964615037421195
28.14461216182894 16.15280336017355
34.09569035042275 65.97136382816629
89.59318519400881 87.96634191641202
55.66745588929387 90.32202406354719
44.530681608947084 60.753910936237574
15.538596252461268 53.984160140632575
68.52417289514197 74.19698601684985
22.526830681572807 66.06277122022519
22.02610067606163 30.045766340552195
12.30697674445308 94.32846933125569
50.82108042460008 83.3841642269029
67.03674536595123 75.78399045912914
99.60319240472431 88.57706723122499
58.83306735034382 6.346640839258688
77.85921070166273 14.45161153179214
45.69133168482779 35.43265793182324
26.77393226758581 72.9856090810171
86.78934888787492 94.72414779888125
48.843006434298275 1.7843787297073255
46.48762339848046 97.42603585140067
48.83242574648452 4.672341051151574
40.74125025666435 67.15125605714881
33.11291309807628 92.65614494758054
81.61696916663182 37.16752084368783
29.909543200252287 75.49906201702228
98.77222248077275 33.32954827866617
29.921802029240485 19.481969699884882
50.16125506800274 76.18478040412774
31.96009990312274 83.21315050452944
83.66637591639362 41.69014099697994
88.4451741369755 51.67268710406036
29.105400967476868 15.37033079807416
63.876446640288286 0.024024943110256824
68.99028708454988 98.30061734527902
43.26158354162401 78.90330513740425
76.24708380128658 87.4352310613224
35.92405976712584 4.197649548326632
49.51633423291057 38.43462261210112
7.732285643101033 82.86967749818791
10.12275206979345 53.74607828569404
3.567431705173507 45.483258828391534
56.370857208999645 81.64678104201556
2.4819855476190478 30.90178136650782
15.813523292380339 98.3923794124399
68.62515251368477 12.95791672136859
67.17117937355555 24.470811270221038
31.622024440563333 87.05745737110911
34.76105443655928 82.33651982799461
84.33272556095834 4.312869511487804
86.92871129743823 44.00384926649511
14.29098941991791 54.358647603053754
45.17209492861254 4.367047017797832
75.28420547095207 60.247400601490966
64.12406778523962 58.47568164338829
17.655149461187815 37.90840941095528
75.6059290375344 7.492333495946591
24.856877678858382 64.0939916127814
6.891772871709501 48.649059013629156
57.70605504160075 13.363375291163916
64.21854401975564 5.767727979880288
0.6723841663486607 30.60012417035207
61.3665358448468 61.1549312199451
31.368013403568963 32.672368724997256
7.371244069550221 51.084756132984566
57.8902687663701 53.16668605214721
87.17354492457052 45.88074668998854
27.490915464269573 87.19163657916307
8.380679095061428 86.52900380885737
19.69640831597529 33.21662666497841
75.1364055735003 96.93238331334535
47.50513247909729 93.87351595394425
46.544372043811336 41.76507896464145
5.746015140751437 22.58666014852504
60.77807035273973 5.273094558621006
87.37587796410209 9.471553580951431
53.514046311788235 99.8804633974591
35.53676811877109 19.05297937453293
71.19803125685064 56.795108253702345
16.032766760118967 20.261248742924753
30.474455422962656 36.037189649108726
25.20565474074313 78.52666757326861
50.40308506057598 10.745587398580604
0.5659947428974132 9.161384921812154
14.910262058795098 76.85291487551322
77.47183458084882 96.04413741788046
27.072832110543764 52.66663886546728
61.75190380744032 52.44898784585361
32.917730271261206 67.50191712294762
6.015143780122079 58.93782047553905
50.75903057090532 71.26970436158977
73.34127278217048 69.21613374666457
14.48008366455612 43.102804583896734
43.05536305876533 60.76233740727402
39.540239823730126 66.84588828384523
26.595153592377407 39.33732843203196
7.632239619115766 10.796919983689213
42.09756786097194 14.57403454234979
8.770563528521336 91.11741356887416
68.39045502664837 70.1810217211891
7.011437412118715 42.82842189542014
41.64865516189909 41.533614043850285
52.09233157524997 87.1996282343882
33.98591073571539 59.99523362965499
78.39480555731801 21.723782918516974
53.920219320146856 69.1745114547461
2.9770630110447893 78.36686935540456
35.885192485684314 12.001521249718516
53.257363649666104 8.292175206234486
40.121312330896394 64.28962899919456
30.882890266394725 30.09919243678044
98.58945483860849 77.19060124517647
52.54746441926874 33.373258258276614
60.432295516759396 50.24203904414516
75.1648479064481 36.331046972299106
92.46698816300109 83.0228313969257
30.53791347332073 95.87709087841534
67.08815661192577 56.66165779870583
88.1906133580309 34.75686158175695
52.59227231012946 42.40852237452922
22.580879032058053 68.61743115022331
7.308283659479953 72.07248215165312
8.146213418857206 86.84125023904656
62.024705237527165 50.30750203486253
32.43787036243751 4.231421274401159
97.22944393573465 81.64880559791241
81.45987404185512 89.21832583959774
38.56743659550054 87.3431889664839
19.48089313850485 60.78448586119528
44.20246640555162 57.265763561160334
36.96093588450607 42.90075849413457
49.943127292914866 72.97420494122252
29.481880863865573 90.39569261664751
99.07121076703463 21.878672343229145
45.829268174916585 15.763741582675406
41.07037508339365 71.36138969702968
24.643342527968294 51.20418884559922
30.664618187443658 88.97050066799524
39.268392449211966 82.90178980600771
66.46384196424393 93.24216550509995
85.12235043039222 39.918617353006155
68.10046817895486 89.9149818596595
91.4147478395337 32.05117460226493
46.436087401135715 32.360654736263605
20.2662663187525 3.733047946522894
21.506799584469118 93.70703527015962
