739
6.939314720373813 59.00623025126315
55.164678797267044 82.57824362457046
64.9150277162097 46.45924723036473
97.26743791428432 29.153966145938494
41.993980011046276 87.07399948644688
69.91510322927769 94.33006066837129
78.9586096750104 4.683893495617331
62.432801260628466 43.782339003479706
4.145920591447105 75.63069143708668
80.58043232424924 82.21477076838275
5.522177061464884 82.76852303040218
59.552458039114 84.97521783623145
48.63478336587621 6.168811751988478
40.6478260363318 80.35111284039759
0.7152212961922033 15.479215745857234
21.40888393986836 98.06363758688606
67.55732183339785 81.2085090861371
80.15609822598915 83.19603224346653
42.17540432903436 29.546307931396644
35.58152228473477 26.539167398422492
2.315731046706815 92.68165937940675
52.25279269547595 57.34738626670342
37.39220522289565 14.750667153158314
91.58632318609884 55.74709956892801
90.06767558487776 49.221635338175496
1.2460807979810862 12.632269122785422
92.65155459804365 90.90702295978295
88.28828863175958 8.937714052868817
66.16425598115376 45.9278454714554
46.91394994792459 37.7724808470355
93.24546315495154 18.933179606235218
54.074045001832694 76.6980390383144
49.73321063061276 9.750676622998554
43.209251224486735 62.73083270151374
6.760918597069399 71.16490883855074
48.03828437361116 25.392412530979115
37.013448469984944 51.82942277990126
0.12138151143574749 57.85789216616636
75.05889366820537 73.69324721286566
0.6391775198780314 38.762515612496586
91.8974057969869 55.59419232579119
62.16484426913117 7.423422399219081
3.5329960417671002 93.11970528340724
68.76449768238783 0.1329463994103386
71.7418299293979 94.92182108157849
24.670755817868283 76.60373550294888
38.30275250556847 49.743425313401914
25.904356390159244 1.3410207509589323
70.44186530088254 65.12869209075426
95.03171486297677 41.70494548580568
92.49398212255696 34.511275307255026
26.208656599298617 69.91842137052538
94.65534717334985 98.67695627424919
20.381480249919058 41.288367858352295
45.357181867864895 22.76673654647958
47.685785863584606 51.25847803639435
3.7626472173794667 59.54622528981145
5.929791196868517 68.29920937537239
60.9079261777022 86.94668226121259
52.226742433919114 95.97395642258294
91.24895099985318 91.6979759843124
87.25410249329289 41.735278294355574
32.54789738364357 88.39222431380688
84.17737884960334 55.69857542534743
72.51873553768574 39.836770767569085
96.3174470693185 52.3092049685426
5.870936435619523 18.140390866564804
94.37172664959118 29.33301539000527
8.75360402228017 72.39121129567529
28.240769070433615 71.45023176051592
64.78887566950824 40.97582521034011
72.44376691456166 66.86567410146772
57.11807879994895 31.534109223394736
87.79221505235708 28.63969622447231
15.67753569398569 92.30493983620508
68.15696753934465 35.24608291505238
28.80969130394665 59.94695961746794
5.675554998169163 13.89059526027534
68.91685360561665 1.070892000191126
63.07289943043368 75.41656753357786
82.67635936801902 35.16559075309878
13.091366750233702 24.97989657950689
81.03514597847102 56.53798849258155
93.90149096518805 48.956007345516795
86.61601852318977 71.237399944506
6.293600790341081 60.18826891675958
55.21709698248678 11.338822706509388
84.45987125758894 5.541548686213805
24.70818915463807 2.4455558670363753
46.962687162327846 3.1987653807079908
65.69359861840918 57.78631435269547
91.99057693512839 41.92649640072814
6.200806508552681 22.18446399053603
94.14202490411392 52.105403077056756
96.40806425751225 64.30524647357223
13.940648835261559 56.14882591934662
23.904527072874913 8.084315800848852
36.67388450924061 80.23929486026248
1.108423470676323 78.91393594598192
37.253611747712135 24.966676846856927
70.4874880213162 68.59459128825895
4.082059218255186 37.15124502203289
24.867221144234165 65.01904676938692
82.92650048699096 82.55312849150215
44.33720235715867 71.59113590813546
79.9092764619114 1.8849934596360862
37.22611450086454 56.075653915510614
37.215101743447455 11.107645723801651
37.94328133797492 47.43107903928744
56.345450050724025 62.84100393645008
71.69338032341228 69.42079785152944
33.49225620892727 67.66285499945175
60.579335294215575 27.980171434726962
57.31861515524955 61.70651866060748
23.20839359412257 9.548679214792177
70.14154170333472 23.661450355024407
54.481700612790505 78.7679063214255
21.158885790791327 10.109895530174672
49.54604719156504 66.5428536392991
55.95128483369686 32.851251984815434
41.83639759157233 93.7590566449293
99.59007454481008 21.699847993221876
50.142974187867864 27.70584925874414
45.62029327262805 33.00118860858541
4.890047974090428 50.53564396521062
75.7920083682387 71.19413707565195
74.47581831961432 8.211138196267909
63.9719723159896 95.45911741217755
41.365722797961865 89.47752659100041
65.26040075298164 76.20484781216477
88.15682761013221 21.841220665601902
10.831034083243797 15.885873767334857
81.84766374063372 67.53284015670678
50.75154021794302 94.4312849184098
90.67800185246215 7.039285444923616
2.905673279472276 41.85630988669394
38.309962611683815 21.458123115793228
7.27491110101065 2.5463228061293974
19.645195314652618 57.713851555611726
69.93594667237242 2.552658937772012
43.06637625166708 23.310128238269733
99.58666626270947 2.7414243733428045
32.721124349341544 64.65154351940099
7.597700880439118 58.73545920093308
97.84639438633224 95.18873652400039
97.42407055882602 1.2800493488569264
91.84679629317985 59.12115986968569
45.236342121213625 20.643875981809444
67.5419754424474 85.93538820128649
74.22675037444677 1.8084222185709264
44.891825052981716 55.02448789984974
44.09166511455209 22.510588154968058
0.09712575898349618 3.5832297255812273
76.56655002801384 47.284634626781695
8.25348330217912 75.43247804826812
76.99185467839025 3.4678518757258803
14.714598820077551 3.1178457424717143
53.74865836814917 57.87878196482615
30.253123895783652 95.87011148311873
89.37610907885912 1.2874505395847557
98.9124556239964 53.681963608035296
36.91502201179404 27.688054311117018
74.72633339593106 50.688718137239675
66.96577329843768 79.87078293490556
66.52691502958947 25.51584615704281
5.251231057898509 58.94488417800653
3.592243617212698 16.902863304211134
36.413867237792495 14.1293857618351
9.98432818350251 72.98628687666164
96.18677470104213 45.10731937975554
47.47945927958766 5.034606464712931
81.20897177399755 64.21626876434516
53.71665596938998 20.80667095679439
13.009023510070005 26.457942382231835
79.62649316070174 63.92999393789467
43.96203672289801 7.12698371702195
21.54226602103777 47.51909785577661
8.354410789293754 12.006763839771429
29.98545603276941 49.13396233826081
20.784096650690053 84.60482294402331
12.204726972961366 0.9685043768786317
49.69106863441056 94.00970116946425
23.733527901137773 95.86652439980786
81.25429326732862 29.698502105598802
42.49945640338635 28.641142860458956
82.2115860822512 50.962288010682876
36.32231431393591 0.29303814902941205
94.32133271994584 46.92235067826529
34.05135905792168 27.639382499913612
57.09000718538372 14.282174795567382
43.43111875130386 75.0167853616097
18.32990065010206 33.5785150540316
31.841899910418725 89.01189715349919
38.55152154711511 49.814414471134086
80.75401901867451 70.85681453945749
81.57994840414678 46.75632870344077
95.03766050833138 58.35974234516197
54.97614992241663 2.663501270281199
54.12764885097309 83.31338952114949
9.504838975006447 93.63323341474793
47.50659735327493 34.5363492704033
92.76596738384116 4.981820539801629
24.587051195023747 59.328066571850414
84.06887254782916 83.12875981786534
10.409431368356826 56.39785792381613
16.170488592982334 82.19759186108985
40.738310264227195 17.6573199597968
37.05616314134722 46.92960778348054
7.968965012939789 92.13854013386597
27.88272022070093 90.00714367171541
35.660298217118594 41.25618579959151
41.45251211505491 51.78001876987681
70.53756773131823 23.408122857613233
81.06355257838386 84.68035369412506
19.231982568370952 75.8401369092764
89.00569997073126 54.7354215860018
65.2646464833051 34.662944079332924
81.05637241805297 64.98965332720533
24.68792627507702 5.002774314584968
97.12343405582894 13.084045448994653
14.327062301202531 99.94585583484736
0.9878277304868233 54.911718889619664
6.713550108855692 15.420121615892945
49.45534527248593 49.3141858025107
77.14785525798382 42.41795903205456
86.91046686242798 66.08595371694938
53.36700592686723 59.09724445385953
83.4213214981588 68.06922604060019
76.50097240428138 83.19597859824881
27.761484242549127 6.496888819031832
73.28270018813366 36.34463674006253
97.1741088708207 90.83285387980158
5.304434905120948 97.95127658057488
99.1417721075193 79.92297478515253
56.10415832803305 95.21463494458223
3.662605704472599 12.575724491615048
67.30865502149676 75.17360218030764
15.456665103091726 36.438242618080196
59.557587316574335 12.946946964235806
58.44744704341004 19.470846099463333
16.49233290242683 75.28980651920935
16.361760512453248 59.38989619948737
62.416982097313955 89.89439003593556
57.31768790274402 57.83061246633617
6.223631335128099 37.75543169536035
27.346590043260655 0.8707886859130154
0.9371400914534811 89.34625332659446
2.7684137315837964 96.94413243674938
0.18246890092337154 41.66888700368131
54.807372219118776 99.32710549786559
72.68632426226407 55.012089526259714
43.20639014429574 31.437390785451292
48.892316993235355 65.75027407074163
75.90189818314136 35.06875671746534
98.86173815727201 32.26036268613579
98.31612669527686 0.10520745158572042
32.36607691410642 68.75696495030651
9.257316797372383 37.59577516173448
44.65900852308936 74.17518116458595
5.621441692640749 95.5756893056009
1.211950018054575 4.968256110036473
16.2745203039957 16.449089811046058
10.167658235354393 83.79833083992484
16.148270391854236 6.084612249080079
9.338551445227882 18.667544184876494
69.72313050165876 1.5058553872052904
98.56174167385593 4.638255932028934
21.143525123610807 55.94905641493859
57.61478235323104 45.87365111966446
16.28222048022122 87.58501000323628
20.192644352824164 25.583679674667437
10.849364122661221 34.69522038569273
62.3321944833066 71.4512875184779
57.79104946088749 34.18668051177616
11.117273615656476 74.97561646950356
42.650571770243836 2.1247882978523425
68.82730080761125 5.910482364141457
56.54493783783309 80.64637224040466
37.729097809835174 7.13069323215918
50.26664258637021 94.73985780941021
26.947901908206372 43.42938072637704
69.96692379026831 65.20692614425526
96.49219114943489 90.11471619389465
11.620998098712022 20.133559002163683
0.40214292265683405 68.09669328783426
23.077258012212877 44.869258825265646
55.752144057518485 40.38645205616594
48.76148456524911 6.143805343852193
87.3091113707039 58.14052738853954
33.44678639745524 49.65495395138069
68.21886653027741 19.643485126911298
94.15673366905594 67.24100233889752
2.6205094434760268 85.66752767869603
0.4665908401427221 11.652275492961738
80.24905614754245 40.12673701933943
51.46021165535913 7.494265902738428
40.75203138695759 99.25856684480406
16.67165209366622 46.92348073306959
49.193562046286786 18.053922040985192
14.554158622163705 20.011239119616363
65.42796969283829 40.96923557083585
77.11993259549489 25.012165874236846
95.6232891932712 11.242810700216943
46.82798501565526 81.81406513219511
48.32453979531017 35.602204929085744
46.3606999401702 84.71084025532885
14.290130734497186 88.68133038766724
68.03344925219076 74.54293445192206
70.93398883627333 9.991336124258886
55.00409069741907 2.6484308348110774
53.56285450363204 89.84374991605758
86.37443608442392 51.81027395808101
27.1684735771208 34.19756475645846
87.38197835200793 73.89216816026577
79.51760424745628 57.41517625493567
35.84235512186842 93.36534008250732
84.88929515562084 77.02076989722431
2.968143602590223 25.66662741817676
52.54672999012715 37.79160432384162
29.40350301379401 53.96491459128562
69.05683472592146 7.3436602785244105
80.4408502938195 67.5147181490302
17.322646464637902 47.10714711619026
63.34354311273509 7.194174026415534
78.69330948192216 2.8568166672897077
88.43874022061358 98.25347980069114
41.842212225188916 63.25488415549588
77.20892785205695 92.32057128455673
3.4951716103523434 62.01941197868507
53.88360030366325 49.05194981123727
66.74433853971283 8.24289804205829
72.91448881219502 83.7469599917782
39.276757637856484 96.36810404987133
53.0580768814359 53.64420190755531
61.72176037575734 33.333527255173514
67.1871127162827 20.29188945704452
45.57848646204465 47.58680631208143
15.518536613021583 52.348387970989485
78.5295041974867 78.81169149030275
95.99472055739263 95.83297108660854
4.297061204596108 5.684090980729451
52.838888733766446 22.779572416015537
83.8555435892113 2.144200208385727
3.296880885785325 15.723333537188067
89.14481911844895 3.5520307346920577
97.26021109162538 83.69539122680186
49.60685290887557 48.87602661270481
11.909323088686907 84.78422818408643
24.07995983036857 55.91142388035526
74.8550057152015 37.06472201080094
81.79049855746706 28.05418263848055
78.05143829179124 57.06460835906846
71.39666387715485 68.55213893677458
85.75978238729795 21.195418097266984
62.615337320269624 83.51671599469064
38.182271982051844 94.6829413856348
56.97304775388778 34.992026004260715
21.826381723239386 13.7270512033142
77.07556792211562 59.695990942824814
93.79263824022755 2.6203570417898336
86.03373324845937 5.55534151404542
68.637365318986 92.42020513367997
21.894558399905904 12.171480402000556
38.771958276737315 98.4114267963454
25.66399438822885 26.60550433299357
10.229831823790747 71.34775544549318
33.57077139005254 36.091108296973964
51.74055395517041 91.94051779170567
32.1623064941665 88.34752595443084
88.27765055191496 66.77005232376365
37.490337874168326 87.9323691007218
97.33985915308854 30.063710560828316
57.68003506735931 30.821185289187603
7.886439429331704 16.617050148737146
75.67853911011912 2.5171938591421306
91.1067989372968 59.84793519996979
18.847159364785426 4.397275497783426
51.33650278907066 10.350740305871774
37.9572761958071 36.516069141222495
73.39702387702528 66.25333187102652
21.655922803633445 6.095056315677983
41.623747752175355 41.29028455630668
18.83656178898606 79.72169699995743
80.66202520000859 63.61723111486847
47.75482046720288 77.78807466871464
89.94704272766602 4.3486972341557735
4.366075758737531 33.85927698323831
58.068852760673714 73.76026487497414
94.20585552555004 16.083573739462885
37.91169902811461 50.45773895984923
34.61954644730814 12.532031167885126
23.726275197880987 41.13631552613055
21.961415679878538 89.38387907084119
97.67661359181787 70.63777494736779
71.56904165646219 76.61176572219915
65.21404472303433 99.44874542086565
26.04437663069844 27.597991683196167
41.304481573680675 49.30961032027296
45.965135862983196 68.1419223704816
26.688763750204526 97.90321246921097
84.70496967666811 43.97246210130016
40.70113481747345 67.526718086124
48.79797925417005 88.09838626240108
87.8681934099054 71.47144197134102
77.04064573689877 20.739806160822273
62.37365456519585 24.606118534171706
16.940202148271165 25.163823894841798
97.29223702448736 18.893035409939618
79.06204157781922 85.45121434249661
94.11236062936084 67.66431822344828
6.095868034169383 92.58527082600327
53.11882423387658 25.559803480582953
98.90091135820441 98.61044493189937
53.670029568911204 86.85594689256865
87.8465558228053 59.42329238339386
62.10763012189421 45.00642581239583
44.88399578484032 0.06466833656659787
56.28796619643177 44.40515232330293
73.80121079510333 66.82567247409519
95.66900951057539 17.381777163838798
21.896139817039995 13.226200265047893
97.75832836564163 81.25911499627341
47.12037019494845 13.219116151675347
75.5141895465305 34.414841308816065
72.66714886932415 25.104072553074463
14.31691953780102 73.24973993424379
46.91204462906665 65.5693899963721
67.90059038834588 90.04092823882033
17.245402972480882 13.882928230615132
30.688335919440846 33.436469098993015
77.5305851860605 64.97667761020203
74.82070993852064 6.633815606351834
77.98280868820444 44.28744687189913
43.96412548754475 25.641258979885183
72.20620187091073 40.392114788979505
14.610217252646684 59.54898121783495
21.15743094772321 16.00753737745978
49.51590956458174 86.04077439049608
21.482823629291982 70.10117624780128
64.5262519435051 35.74632185353099
0.04063185548205395 67.29618723717414
35.23622755461913 4.159735815850918
68.48742657970801 5.447053837966676
65.07551773102922 8.061295305958128
16.0546766110637 81.43250554710825
79.30894708722575 95.93921863681037
22.806108457606445 2.047824820796662
79.83589034516818 58.66296421292444
81.60765805028572 13.777372623391004
44.37914408170721 97.82418460214708
99.97789059096482 66.78623548538162
93.06207417330698 83.45105770139178
27.79849863142354 58.75704606987971
30.92121324423006 32.563844095542684
5.361156064208538 8.988341119835363
95.8703879720578 16.07370793364954
5.213285253361121 9.962928246463054
68.42446221483658 9.198279771238205
90.04402382130111 61.6942568535379
40.89222111600536 42.25139362751694
54.035406403110265 80.18310438801174
83.03280031924558 6.850173398211579
40.1290922412699 6.996863117916119
15.958177512157501 79.17602751525364
98.01924949995669 84.41313079628796
59.509069541832794 81.54417338577505
39.81733710038963 51.69465999642825
18.599732912622702 45.31041695209146
56.03082883802746 78.48237195342917
27.904233477501695 69.32853837340203
24.667773101534085 64.73145457892687
28.844502299500142 53.4044966592273
26.8576614627702 4.748808056777465
71.08809834879447 30.345695572021203
95.47931246769058 29.21408589038578
36.46569002287256 58.999537117881275
46.11915620832404 75.50958135628923
71.23821875903053 62.115585711998655
15.709535484922377 57.87394458228533
48.78423903406788 1.54944530010247
17.610819670774603 37.28282784891782
52.13258796365243 53.3039308676682
39.46276203319591 99.86106522063628
44.29575366614045 67.95983775896461
62.33277297050148 4.561855499430845
73.91546483208035 47.828841520167565
53.98683783343744 58.014622033229834
12.573687397089262 65.84979334472895
70.81010796057558 82.77936249421893
78.15520801781649 9.776540482668238
93.90482320853593 91.61101840205093
7.345616887193418 16.04953020795119
30.7563968384726 8.858008044149834
96.27959462381631 87.90221769507897
19.820699755112326 54.076122793225835
67.76765597427647 52.15926180347088
44.011751460887936 17.723984490386833
10.462878008370947 91.16382764419366
63.29985305883038 59.269994365517974
78.35591088561775 58.828136519977534
27.258672233896707 79.13615263989907
41.62270164073691 49.28452363368804
48.59927552669572 18.31696858918378
0.5917612294490171 19.823395734751415
14.183497368585885 62.737499250252306
84.95399852316747 29.676218459071958
71.15550568402605 66.62255984202885
52.363845312651506 59.76346921516053
67.36360115735357 45.28938735252627
64.96254021409784 3.561225688164127
1.580221250789271 79.05185261972781
42.894472030450004 8.62405760051298
76.28900735815373 66.20801365435557
8.73806850496499 50.962323783257446
8.628100552478147 27.855891722865067
46.346163670035665 0.5658023240896148
38.577929970111555 14.161948881242248
37.68984211479097 28.9050817131448
94.39179048768234 46.89456558296128
41.22184812786867 64.95317887427886
47.66532265785606 63.59400895571247
33.20530858443337 92.18903207115501
34.19089995175403 66.60525323872284
64.55512033462304 31.871961553749927
19.679163149287838 51.20088151213131
66.24280869327302 20.169388755196106
67.71150699314703 64.080544179919
57.520594075494145 43.3625918860893
63.54568579041568 55.447466177838386
18.96713697240221 70.40380417729824
0.19765180720326958 6.312837381317971
66.80107510656958 78.95095675501126
98.54651224071725 79.23492701966106
99.48747710838798 38.033893912306006
50.543206393425635 70.52725277864768
31.568133843365274 84.97429077638766
57.885641241328145 59.670687881805584
60.067640699643476 11.155644227063465
38.001313767577706 95.48016067485229
10.4761806182869 39.66393888070308
40.9418395685373 41.10049810441616
84.13317277425698 0.45821372743618527
94.1010788840311 28.499078148169076
25.700215869074906 92.98317854228831
34.900483278949615 5.02548447428185
12.918504487492866 81.6513405861638
43.713040589059794 68.30166833446432
14.58153209993861 19.273245890993152
17.068644358394558 59.17270261648806
23.316158708847112 0.5986890478904439
12.131225755337105 48.396929461499006
96.29018463752375 28.79931473020527
5.925871059789989 87.35544840140903
65.26054449467745 18.413352213629032
68.15019214285772 79.29304425247933
40.28035714937157 26.473860829321783
60.899982302391564 85.22770253608107
6.8445713061075715 19.679004617257732
88.39530465718539 15.366072449974133
43.90385049212527 93.4809307559103
30.07361051931098 5.3755296113006885
30.438208952575295 9.874596197543061
30.61070177015508 49.24458846453368
63.602655956759214 30.029951400134223
32.74721097340916 18.63719920017801
60.34128144258829 60.26023950597607
68.67799836567117 13.530472830651508
88.30962501846655 14.90809194732119
14.878416196705146 16.834318639386737
88.5922411185133 89.93380223180061
0.4536375806456383 92.87934354566936
20.146442080800718 36.26426914209861
46.87869629151808 17.282233722263463
47.446098777604064 63.78959529359932
74.08334460531194 10.642075574216426
24.89804848210021 4.49756213017698
82.98714984791408 96.61912179822335
75.41269006219767 11.75586130534837
59.94201788008606 56.27461218168766
73.57208575880053 24.098408032653406
79.71936510702389 56.81551255315716
11.474391971913011 24.668707249970957
82.25302063169403 60.400245740317416
82.76290895050182 75.32462918334419
87.5082975793108 73.07982734397268
33.01086295533895 63.86746210117064
41.7292158927507 45.21785875220474
74.04070348816657 27.385748291395128
79.059687401074 49.931156158098325
70.08735546001195 11.415014184657203
39.86473555799969 34.866950845756364
77.6113936645639 39.71496806090751
80.37524312198818 33.7921445275993
65.15204019131477 52.92601618526156
4.151338903075741 82.66333293294387
14.59735781189896 96.04696496557051
64.86602029348252 18.92090362512615
57.75619483453188 87.43983725078934
21.202957950656454 32.847717230136
72.3525602147203 24.75131740387266
19.972476399098493 77.12522156095895
57.934852990966434 58.57688769763843
94.95044928378509 34.20839422307643
23.708989425098203 96.25465919058627
40.312281010085016 82.34106120746956
45.86214628391924 67.95369427906252
41.768624430517406 19.179611630499103
2.5042712214839336 60.037627009170514
91.49909614458483 99.77418815280356
55.81228562843835 1.1982859938740154
2.681583014043043 72.21314563268473
16.064429274725722 68.98771550567183
30.655616018041776 40.38383313382189
65.02106827051621 38.993487886628905
15.906980071596532 34.193458086588514
79.22023007368387 84.24644643087443
36.384955066629345 69.80025013523756
55.19413264223029 80.57577273806338
66.73040777487817 22.131856229300663
17.391594347431706 54.51122870434857
20.545266114737903 59.693872154601465
39.32052127399274 74.45343419100621
40.6661376427905 10.864522812474286
45.38525215174367 37.51837131301631
20.23312389432309 56.820363335816324
57.00159166445895 74.6442970626072
20.758111622183005 19.513629147475974
76.08719065080486 95.9457157041847
54.62200440157411 37.13550885176495
81.29164208876529 18.044604820402053
62.98272086038471 80.2825103811379
27.80254075065057 39.39386974360816
64.72559249350304 54.99674299257996
86.39174739747314 73.85626539612761
21.31816352031164 81.72789012916081
28.117875943646663 11.015447371194732
96.99618545383 48.84831131830158
2.2168424669726017 70.11297982311076
66.55001509301393 77.30083021107725
43.03165587208948 49.29875027886169
55.70951391729601 58.55864270146305
25.246292529708658 20.246156986164245
95.02194381743132 7.363659884852369
80.51806111990985 52.831231647328316
35.8455711600714 3.6631793163515836
35.43044243084651 21.88907270469026
52.59244239426977 23.68815900500987
77.06087639892904 5.384146455616101
23.25831002459424 5.449158515154762
24.371331004738828 93.7372299454582
54.068143363118516 48.23497915738007
90.76283943585186 89.17371514837245
85.34808924345441 45.708339294680435
63.41128374772984 25.92364080099385
26.179658588301592 90.24272245834517
37.981419777203875 51.014143158223405
49.54424862016794 73.49750003437622
7.25475600169132 30.037189789961715
42.88486709380983 91.375432748987
21.682581098981878 67.85724884960385
93.43856357140743 29.288537988443387
96.42325179065668 13.105912757240358
77.72076211135989 85.88752481979051
30.1710254078003 33.30878304680203
63.29231743019611 19.05818734067851
94.23625523044107 14.818939900908912
81.27616983336114 54.96668881717546
70.66875737361946 29.378330202213178
3.2112763303450476 25.000264457463217
71.61906023995961 98.89741634312648
29.99365517721434 72.56568502113755
68.87039754194551 69.77864239125843
65.77577152486217 60.848596046925984
9.0891050303904 1.2186861818842876
99.72569659669668 45.58078353735344
36.90464881156712 79.57875981819586
78.9952892473249 77.47185481742079
77.55936805495266 6.078805788428965
25.586679178143534 91.49201482330561
28.90054228559483 4.327110570605752
11.103979326097836 4.1379031701442415
37.03485158322839 81.6394607985543
36.77444495400345 19.2189451309301
41.11798017025114 86.16582436022938
48.50041354558014 42.19741463432837
5.829575055210112 44.871571189703396
39.46070810398909 80.91369150590867
40.5818585606486 44.40434071540379
70.22043432073714 71.44545875541071
16.616505892253464 97.50833861035906
40.26373695542303 45.49652369791812
51.799162386308716 31.813032815338303
30.92846694902659 29.062528355222284
66.85799646904954 99.8746496747753
60.90906909767574 53.36457118812197
39.40797672774637 59.29933069202165
15.306143711598775 96.49382216799094
64.3823098408842 9.082556861038139
22.260578012692 36.372315883433835
49.822095531462786 35.696834480936545
83.14118759560773 21.24296109775169
5.4781125059501505 59.010094632250606
65.22100364551684 14.246801671287601
0.8078868730431177 0.08316029481172382
62.998426519433416 16.868271431798444
23.848109855878153 42.91164417215988
11.37216456751824 28.677846517963935
43.995386231996115 15.989080567671143
41.235207311276525 15.813134683919106
15.371043934315809 16.61726991962903
54.476494821828794 5.81756154596934
11.524985755678463 1.470364065217089
48.813482318478854 24.236160041053544
83.20266834640879 75.18747524921214
24.74503423269403 51.965905844919334
21.046821231596923 34.30789061266988
71.63924297976743 35.43878993219043
19.56774832008037 64.61150272638932
60.23798058437271 49.33653173128207
93.93090171453338 19.71119152334879
64.64802835877356 98.59434074408846
66.17623208361321 51.61273336503566
71.78670905846064 12.634130688653478
13.260848806108083 2.115656133928634
33.96633100625297 5.945151244575831
51.51022541140444 42.98504932861024
19.93107730962197 85.99716426366774
39.55245834693917 28.66989491920856
7.816698734839244 87.72797013011574
62.98461349732628 67.35846089053014
69.54493406805543 4.929877424575702
14.311606175130054 38.84716369518697
88.20012631935062 51.86701419588666
88.1237461614955 70.85805245584523
67.33962551164275 84.66234867958462
69.19442794556157 53.119365022659
84.9374381717198 13.064705246117347
59.22662429161243 27.223046798094963
67.1347519900156 27.86091021575143
