78
95.22163059880248 55.98737874155933
60.992684872877945 36.276768514512725
36.19476483127934 68.2047238263023
52.5667092413335 31.222091618406832
55.32946242799558 57.10125256169222
28.812151800367413 48.49482396678163
56.43366809036445 23.11184491084338
85.62286453474776 52.5303397096455
10.399437493388985 94.11461302487768
97.32673858592497 9.83995957359458
4.6226717708603315 36.98357115986411
60.026558685635436 97.34448163937431
72.81973087290082 39.07284825435311
18.3656564931152 1.9006210661287049
96.41774886169337 15.788279659586646
7.725452479149519 76.04041798039832
51.66585639701113 90.65948576683303
62.089231019917136 34.09257974111656
33.617105033017666 98.36613783498234
10.429399930273519 57.66441480790613
66.20986005210176 52.98192312922174
65.43441914046566 10.413287001370698
18.75090472656591 68.84823811071058
27.290763286401585 98.72585774689483
19.242190595627996 47.16131998748633
99.28742266694533 45.66956771689544
26.993783719936857 14.176135927896748
16.35679372855706 68.75238437370945
81.49754945341037 7.322829956128906
9.99324394279093 48.13703183607888
42.338473301273396 10.651338963215217
18.787412696088257 69.74271133875878
42.77715545805809 58.438840205102494
88.1064485756226 96.37014656559461
78.05365029827094 19.134434374709052
15.089816114860643 18.839792840800264
57.27332208752358 73.44071909724119
34.271410952251244 56.16966227071721
1.8456690099283968 28.694721674144496
17.685662553761528 44.73101847485189
91.61163326273072 15.775021580579729
7.442449251772554 26.076178114947357
87.27881942180824 66.52333895157825
63.12326214280131 67.80940771490653
78.30917633360454 40.296582675739
80.88161133420348 7.554123043485516
86.36673789969578 0.7963978725254894
94.28038024267877 49.03686396028925
37.01436717370778 63.9407836441527
88.34838653966519 7.524627268152906
42.92909421310903 38.020597662107214
18.930645143337888 64.55342111105674
24.380385199763886 59.82309591020578
63.570608614586554 32.98212586645235
74.21629229853748 27.77103531893299
53.04140814246641 36.52620432552751
43.852502093436655 16.42198128623359
52.307163219989796 98.63711549385606
35.32019183435753 23.41435773467059
78.40825639048637 33.74630454720452
98.30115240200553 17.31965812341121
70.71499253990848 13.15510043295751
90.54595377677794 24.91112562140986
9.061479321032518 83.51042389334887
15.805592842797067 25.177143657965175
33.18493887389432 50.2306485809788
53.63273074260473 95.13291231893777
4.357010928351479 8.625665092064782
84.64810758996289 23.021657778580884
67.00303510237887 94.68918961816037
75.52852075928016 41.18038404455394
73.53429600622461 62.5791690817283
29.86843473480483 13.830346703094254
84.17253337590746 36.62474797049562
4.666530027178095 32.49167719027757
59.260163627538475 74.18160035196678
11.437324330404586 24.870609880705562
65.58441875944675 16.920999792060808
