750
26.117477988024675 33.93621534229607
72.20001166655241 5.215850507366504
97.55761932263877 18.93129172005671
62.25791900502028 64.148930330869
51.280790084592255 46.27927821732456
48.80946564157442 21.79059767402134
73.10446013588563 34.4281547881447
2.9913014475984934 90.40385065179166
37.56233975030797 40.22889229766638
74.9536283819379 33.43767559733344
58.76166636218667 54.82132718608671
7.191909505056682 15.058635668693432
6.282334694068814 87.25173263734729
27.587936136756973 72.27133470310736
0.9058971392615467 38.852678373224606
67.89763288056153 57.8557514977198
90.27196957184248 27.863549680777155
62.41974667161507 23.58904506086703
86.55812129309375 11.943585154460301
6.169953057012611 41.245217210962196
99.50547261538641 51.711523407347535
20.328606363325385 64.00439853064715
7.647841512149622 34.85553364124887
49.69003250456859 82.67232720413962
48.89928572389941 61.04755900686105
2.2561315238530555 46.34461483514176
0.7210442687779262 79.18275579815237
58.4517821139159 56.302977751703324
64.48027581332018 50.83829629692927
42.4957052985396 1.4722729972440507
7.338852495859205 21.745900757119465
48.60533053962746 15.423601864736192
23.007573540205218 94.41487545918227
82.67649959658317 82.93762465310111
55.63484624069625 80.96161886330869
18.167904888371854 41.75413641968703
87.14862231264243 55.18054809466151
28.537792826670263 98.90379269692488
78.57478582299379 34.56947178787085
77.78086853720471 77.09267712975773
7.783656606471434 94.58385986608202
9.941074460954546 92.73693306273329
88.99600543015713 47.78486944289487
87.52618930894377 70.33361507790072
66.90774668983619 72.70318290539801
56.90490555027651 91.26239797014077
71.55194780755217 40.3586170821035
64.22935012323954 60.8761050207052
47.66311420536902 25.60588979055023
60.365318547961635 89.48653780616756
20.200954078414355 12.7803585328366
67.20334117153237 58.79830254811979
49.911226275896816 33.245579413083924
20.128805245855798 26.30764039728286
55.42267840580916 42.74125907532653
71.70183467328599 25.923546183636326
9.397947940454765 95.89112325305706
88.68408390520301 66.2380165189936
48.99314127690033 3.0743067301975624
43.94278206692823 77.06412473979671
5.9770072292796295 22.047368169208927
76.59705196933398 59.814976313886845
34.923406209930384 48.880372115278334
2.5791402551874176 86.79792934030075
65.34872529671264 0.16032332225425217
44.532509152975486 66.8245480335263
17.844410340476212 96.98006203713427
93.3897468789707 4.778520295885736
68.88699915810554 35.74706900522244
63.428516696448135 62.75103622466366
68.57477137592927 92.08137265597273
10.657509810349207 91.80252557008032
16.893825299392052 53.2750668588278
95.5799352520479 21.20166022363048
83.49991389664504 68.58783344751586
78.09884445143221 73.88191917882862
17.00712498346132 11.77033675034993
7.024340173511579 72.62058557768343
79.8281332231136 73.84011266451314
68.96129611548271 72.92895177677457
8.892223274943555 32.713661769513976
68.06960779586689 61.73613352916202
21.712424657054985 34.04320009096229
64.08728581598041 94.00803889446829
15.348157022105225 50.36927575955262
76.23240664491111 89.48565386474735
83.64974052677948 33.426261820686975
47.136695819385054 11.421375708725357
28.496287607401005 94.32914194996705
32.809845426802454 61.80457759238778
66.10039109737062 89.84397240756181
96.06287717281414 83.52429422932836
78.31772487166052 31.565105578291753
88.99065957931036 17.97316016953545
66.74042265334846 50.113151025379445
38.065970692963006 9.954309641632486
9.710320508006308 52.830209589712254
71.14193469617763 27.178091789452697
32.8176093766662 82.22021898436725
3.802613694701007 93.04440560717133
16.020575140483018 50.30088445365878
64.38647287579563 66.54908391441118
95.31849916139018 13.825517467613446
16.160300629048375 42.85990200466606
63.90155115967724 4.2954948542904825
87.15655409586302 24.312012946070194
7.747693092575092 81.78277457272998
28.15071258145573 92.46269199146958
12.240511205213334 46.7400340172221
23.126669843789706 63.31674059451212
42.30609100706542 84.86595844445792
8.411489002015337 44.03164716583123
6.352637908621583 29.788210648487745
16.662388129566498 45.39989684624302
60.41111488563401 35.41895509651688
38.26808661704397 97.35567299725123
27.917016497896196 78.00948537117651
7.890747240307383 19.66490870631732
24.373827838244633 47.02320221148714
39.192193967729374 41.26293734692248
24.273307903609375 39.166452094780865
43.65542141036642 90.53910480363098
42.585759468455166 98.103128346215
0.8833395700178714 59.942550092150334
77.77144717219595 63.833052761725014
70.06095852382309 0.3083778734811138
79.01451545233994 89.87607939322089
32.96345946363049 86.06203071770909
47.78965137144948 18.072797347216017
87.20888526801079 30.753658071783008
91.633160893762 85.2898768372404
3.277003215598273 9.665448876269933
45.72300561111475 50.01154467352503
19.855408209137494 96.42772506581156
68.53938830367497 50.52283542061537
77.65927959119536 66.78266288696227
1.5354909370734249 34.4935620204748
54.024224740316384 23.437787986938798
54.420098612124754 9.61794850495532
33.71757034306575 10.153752323575539
3.915106666120005 31.509626816861235
75.50281044287448 72.81452517587971
60.337774121871405 70.7378972095911
47.642119895865434 18.68732205241823
13.32879438851653 69.1971406165711
60.987954542372805 53.49709157741211
7.8111949996682135 98.08590488443528
44.17206817682345 15.296808460712985
91.30165864965981 27.970705057242895
72.4766816354452 83.34858567406704
68.54476724852499 82.68777470452815
36.15705722780079 30.56465270911446
88.50219298501649 6.344211653933285
27.91768827032669 71.8290182106325
57.16206272960018 37.24897886461077
53.587917374907455 4.458551248712251
23.31095934398545 73.79660087286956
25.106029029251474 38.985176126107625
25.639306945034335 1.6897114115023482
2.535922437180538 62.81107249448369
50.4547616314768 39.0249458595297
2.149239734417596 91.663780267921
51.57885702633236 97.4990703761328
25.23451850872326 2.148953126269215
13.317139932440492 48.42620129925691
67.28286807863712 35.10953397503294
13.205636367796048 33.656963752014036
70.36683665845983 24.085125736543745
98.60338375013681 30.14780100657639
87.3762273018701 5.270051651518026
74.01527533450233 32.915577805317376
1.6149043000805663 9.331441090476078
8.516337914310911 6.246790112561584
87.35431070836239 41.91367424044125
6.880219281355105 41.30655277638191
76.94758029441047 93.48046964978897
7.187789403837774 79.74824664578321
9.91174528437636 0.06877995702080364
33.276193330665194 28.98306716307173
89.30876577201133 76.89846231232961
99.13746938947634 29.28888071547433
21.16759759229725 2.1310932537271565
87.17869318457885 69.334949331237
89.40014713509261 27.71813436216832
67.39160811511124 71.81826768231697
33.23411607488558 79.80112659774218
92.53589407133762 93.1163762995377
76.55921764580793 65.24608570586635
41.932360570127805 2.1797576911319894
82.01855244756236 57.42684154027533
20.42261885915513 27.40676207845486
69.97363557109253 24.03670792247533
21.569435718172848 20.76822801769155
34.72894365047387 41.38920124467494
84.43765658695732 87.11583182733162
84.40151943832231 39.14959005685063
16.837551194740797 45.54466664523205
79.39062630899866 79.48099927396835
97.4448376932565 15.240192161818655
11.13353485227827 42.82743616293696
84.48274732395781 32.032581790925974
13.22912481686489 31.807359482289765
80.16505724441214 93.65932918409231
47.06009092077574 20.22962089909176
54.71334837326174 62.97588014771988
9.701637904278149 12.220250394563914
83.81252418456015 70.62089834758721
78.15744269716757 40.67346257569775
52.53601693383872 89.82189765627562
61.34220534189028 14.866374110628378
23.181367060787284 0.47520588966419863
98.88021407334156 56.03700689736161
88.58244990402575 51.58881705898322
60.12473793381423 62.232207757910295
85.44071765552292 88.19744207882387
45.856438058312264 61.40908172796187
22.370579747504394 26.037758294535983
63.157850327140906 28.24085893572178
94.67750247020096 1.4587330721072878
37.23456800030802 94.29915096497652
34.75289423957242 71.09400552099754
56.81837568957455 14.961893647238467
55.18371285627279 97.05127324891035
51.14204431299464 55.77088542565358
3.600249175760406 32.95738804900328
39.55446001025391 47.14925347195128
81.54062541699486 77.688193570972
31.24823327921451 7.082023677857585
43.15071533565216 8.954044922100646
71.87606174199172 49.14220057999681
71.4118159221264 87.56312036600026
71.86201690602874 81.8587996943801
90.41763777194141 28.755652567407452
35.25287443432745 26.21078193106242
24.695366665752605 66.91568965934991
87.75991647440028 45.64980099207454
67.43048264421306 53.556167066831186
2.784275197496666 32.258797801834696
16.93627588821296 81.54471601352537
84.7516047172721 10.92854257282081
34.73854708598353 35.98856638106282
91.70571723392868 86.7464085994837
84.72328166129725 89.97895697625539
89.09737064246085 81.47969669571411
73.7370118809594 59.90417714683546
57.102859530873786 27.640025823440915
91.74046049662866 21.24588293605131
75.46356929631744 95.13415946764431
5.714051447847024 22.471397574739804
93.680909623867 97.55836621926942
12.532340892077231 14.4917561323342
22.837449628773477 37.61615326024103
52.6820368822751 90.18742575006145
33.92303772003933 33.17683168564709
51.7652768180927 73.60725950581704
64.77319109378007 92.17660071239008
12.122290003956525 89.12588856128744
81.86144588649648 72.48162134316615
31.09220890237442 46.84724529594919
76.12923994740538 39.18331594808846
16.309175284140064 8.050437557148149
99.90173062302749 63.757985096564425
38.76140210642457 90.9484413664313
79.44468840328503 86.04100993390367
52.34283236148617 78.62876226244725
60.33084711766546 71.04877038396278
86.66189580122304 5.32672857226183
65.67556033105824 8.223381111552563
61.51188737215869 37.8755172056515
8.81173429779556 28.291604541600655
48.21313602613695 27.894842676784293
33.90157404332803 5.615439864096306
71.2827488079258 86.14227303166057
90.04110666811798 56.579420973096006
17.98975200932165 2.1736068952180276
50.160773672440115 49.47904157827621
15.455145727247944 25.37302116671607
44.33465354275121 36.825339444595585
1.9258419703951146 37.88260712539978
53.373426653502186 97.56017901362947
61.95074950006361 53.64490629492701
27.40296748013754 5.8415043597216165
94.719092153535 19.2776291146441
28.86605686592052 34.114979993877384
66.53731906095756 96.5997498851696
14.634280284640333 20.497236372655358
81.06046077839565 18.399125414484942
76.58397713659222 1.6093069270487925
78.40053475742846 81.57406994077955
33.48691351443544 67.80340192423971
7.357373266885969 35.89767161256386
29.952663766834263 1.4638542561715262
30.558659268748322 39.95990709801792
70.67708312907615 23.91384279705665
49.795698248593 75.62800451682983
46.02163679228586 57.61686723448539
40.299821259101584 16.67247425817785
1.2058802168158245 93.67626264377286
82.86005505147445 81.69370975344674
33.13494904571721 55.51402865559456
17.991853669451373 64.61848563031619
22.644779270921056 55.228939461551974
1.6151914891817776 92.83991805628025
60.42426799846535 82.59685121797196
9.601852461420535 24.345635194589544
29.66856451421386 95.23743945873149
18.686233855827293 73.322300982683
40.535537818229514 36.47555449906134
13.95194202454122 6.88597441102301
69.51562316379764 88.25891777621436
66.95841679702794 72.57880126098235
5.23954986485321 27.36333431384468
19.687337264902006 73.09372417322452
77.53079789028277 38.725881930444864
88.66094876174546 91.70438840490583
15.686355705641597 64.67162889140103
5.608159911219368 16.12924367804688
57.66099308178133 83.00523148797846
24.29134637611108 10.926992796865164
36.40654143362685 7.320359055876824
31.878929503542697 34.06148457465137
22.894654298411908 30.87101022622679
92.53050369653693 86.1547612175618
56.074277731430634 80.85710541226695
13.862176911113721 52.71943795144496
42.787820518539036 30.999256377925942
52.39510340117106 8.30637734180617
21.6045679480537 51.01063197327619
31.95384561513309 20.557675532969178
23.31110643243456 56.97518676097808
10.772727492585298 42.76541482702329
29.286161955864532 80.46183219092941
40.940203012579005 83.68345182744477
25.633553648826336 56.45606447636155
32.57059416877536 23.230608500649318
65.40191129990161 62.15058930019624
54.09471434932445 50.59143926630648
62.488175748472685 7.335349873010866
49.77135951053273 17.218534149055408
96.49576137700654 80.85032769061662
13.773488439040015 7.06470222382899
90.71085443332016 48.4210667418204
64.74097582163614 49.64582037839277
95.96006056299984 67.96605214845529
13.475545324336991 86.2824629527021
86.84567138601888 75.76669653251072
70.07940963162442 27.081192118871733
87.19933504139789 57.873960941860126
15.723299016138181 95.23804907816657
73.12293487529999 8.657740369298228
14.953498533757347 41.20731921475669
31.375425699886318 71.69072462154635
37.5302828096424 61.412019603127376
37.08371024168999 20.227896560617296
33.89309379261255 41.00112488191675
76.99096332135353 45.128576644074805
34.15159150196621 35.94237486468008
91.33630773609728 76.92345121069644
7.603693665255495 93.51108811044415
50.45158906161953 47.76109924551152
73.72911778461366 34.60306811410527
29.059716934293057 18.684759173670308
16.20597410969372 40.89213687012258
16.724654429567508 31.993928674756834
64.49140694982579 44.3681760004594
24.606243588659037 77.7638712358554
73.15423786327287 10.447638930451419
57.570857883970284 98.66402740977156
45.22386513235013 81.39998103373856
55.34387961419609 17.94651882280244
22.059648983901525 28.855603152273503
71.57283459537503 16.001575771763633
30.61826753766096 89.85359813300663
85.74197329578243 72.32182775691204
61.32704201671989 96.54085672086062
88.16965078075462 47.0032333823336
2.5086118737694174 97.89945773110809
68.96752723969276 8.219858125220824
8.567284326149881 78.48053304538001
13.623603581055876 9.877741102936755
30.869177956512285 74.87908725910735
54.369536454170444 78.12458298039202
17.265328792350566 70.56171758516513
54.43687414419628 3.8540131547743495
22.491326755827778 5.6750295406565066
61.709442349760465 71.5724082469676
10.723795569295913 1.9172889970874074
98.04439893776585 55.216361887863506
89.92527653203464 46.75214727259368
70.82028303661994 93.06795472288103
63.0102558542994 70.71812780584915
61.470576024793445 7.770786916924555
41.02841362130146 98.82780292914663
13.423823340793362 86.15397932537206
88.09628371806517 36.33506305137504
64.43008815875639 45.43010965412546
16.811171856792107 38.75284567511406
16.00048075254571 66.43833933538859
10.248375594204862 31.840272344602795
34.06960941503429 89.68105258148115
93.93623434189192 30.755450446006883
79.75274340581807 2.0447416153174025
74.35252199555073 16.58834759182123
65.50054678730201 71.47453248504868
14.108001789201019 38.87349933086806
51.52752707014939 74.27155833519159
21.700386215927914 96.71722270107561
47.977448924256564 61.12802861001935
81.27729727060016 19.64189359826065
19.462821243396622 57.73626015611414
95.93723390356325 50.13372890343414
55.200635927888285 86.75496687224717
67.86890162711785 68.30317155656324
53.96972762581637 92.61734741041498
41.76076226863803 2.1263309802808106
24.60901489096382 69.66184406479245
77.58533553912586 53.58544836823144
95.85603896656025 80.89469268087525
95.27628993335206 17.945013943094736
96.66531248703416 51.97399480217325
22.715933059544746 70.06360920198632
64.80478956045143 83.11161769448115
93.50214204251093 97.52298426431108
21.49894117069403 48.008303310868726
46.81293363821668 15.002005424713605
62.11415089627109 38.33024378520956
59.98676803759113 0.9798103509926381
76.16158041437824 95.93336043436061
71.66327742876261 72.5667265757802
62.41379760800538 51.396325157303394
24.306859180845798 33.322514783724145
27.22000903536943 57.684748717152466
22.66060131889801 47.31977880489158
32.925064896790225 41.19822117381803
32.29026150112851 44.93149375070171
36.15192669965478 99.38556182056118
54.42468858929519 74.84257654307314
13.776616964949095 73.83137769005744
47.26002944717895 51.25693775635014
60.33770111231086 69.5112284040326
54.44450711664236 72.93158807648263
92.29192032541408 41.903666629779345
72.40508740599599 1.456589620533122
29.204877054117905 1.2170409363127077
80.75096859486209 48.88374579650494
48.25230432932417 5.934783066687754
52.37984850351091 31.57476311288805
99.23499524551286 91.44902629707747
35.82466410842484 34.102237821109014
85.22725373224068 56.757989189513665
94.64686622089314 27.211954279832096
90.59697776290912 64.92497078914913
71.34958360014129 13.52646667628612
58.539026692374584 11.860558705438484
60.48793910715966 33.81352513017626
86.19994824130741 42.13008770608317
18.891038523053382 43.43458871708845
8.603507951646062 11.824461690526944
84.95733242293706 13.068687460144812
83.65253772436951 39.50017890080905
41.22480564275247 68.02960143888251
75.75168150508877 28.90457283142418
59.051809211983894 48.19122697056672
21.49437614695372 18.2217112889569
10.815490469799238 36.73882073526058
17.7367134666222 26.59985139157335
61.853719763094006 71.02130909329432
32.43125606943643 47.70648490160882
85.46918637776294 94.23614873411339
94.12929715623025 98.27518332279895
81.05661841548596 62.86403271662707
95.77812133288174 78.53828177650793
28.199128540094588 73.47566669359921
58.985878274454194 84.40151841070889
10.94183629396922 26.892051150746056
86.65963101965646 6.767455865369132
56.361852547359135 38.848227100623234
99.74120177602683 4.0801384980950095
39.825013483941184 7.071394361670579
81.89207619960732 47.994630446063745
80.70217993156913 15.284992437998223
96.78274718043954 1.8811916138141038
95.463934539434 24.86995095287896
20.227638399414804 44.001927850236065
28.454912974196255 54.9859726188358
27.028623193254475 3.868434064520887
77.77034435164174 24.097278285582714
45.23605019481277 27.11845946731325
22.015052677908642 19.136824689226806
54.86055573879219 39.57388212429959
12.34179534553661 99.61590193909612
77.05771819828088 64.97370633420843
69.36136439199055 80.23298182029353
40.62881931258693 23.985895857922113
61.300352810024975 14.519742796445556
10.313866691908014 29.013025203894205
94.91791484822215 15.03920249183961
8.987912984943957 78.06862369874119
19.845715445006327 26.619182841171263
35.5326395455715 22.660189410990505
61.759364833350205 76.51371417407033
19.095168558414343 73.28521299246428
90.48321745546124 65.02034877906479
18.152351451444847 70.83144329303755
25.962956430395522 37.14072094612434
75.7185157751313 2.182004878520305
9.696562902456696 84.73935210090336
0.7960374827433725 69.52764721857625
65.89991193548698 4.654806067974004
97.21502366362098 92.4715706262317
12.70965073319179 10.87227057203548
12.411318571983653 76.56324660421672
57.43270243465122 36.11438709431092
19.615846323132345 33.96011097884234
13.311405442356328 66.13819895010974
0.8044531807719135 42.22968199313678
76.70064827048229 57.63163873390067
79.80405265980296 50.80778436655837
56.5891630757439 37.81226882673266
72.8457762937592 31.547548132874127
17.800956948709157 46.49668590783076
36.97326868299498 47.58377889568
33.55562527351811 16.73072819675159
60.38413506087138 55.59570346609563
52.826533248709396 36.64921843231599
92.2667039697821 85.13237751593621
87.86644753309808 5.110053419112715
15.103914709082744 11.715669884000967
62.402650632844 80.57311366013329
36.73824436673369 88.39640171625864
56.28045243493737 82.4355527039253
18.06860422226031 81.99610514934183
41.67393053421756 26.89121952479678
16.082551665157496 32.12636168523243
83.3118441702181 75.6933372013586
81.75585149371781 7.32604211340977
86.64216174661397 88.76262385152975
34.50214913775183 53.113807017904
26.078502192486262 48.888395353133276
45.36973409021752 98.43846582575108
96.84997893272408 78.02873336639013
84.95686157455889 43.29044217163861
98.48155588422722 84.04851070288962
31.77305685820174 29.361960192255644
46.343934563397646 43.684252910821286
26.53615674746408 52.25251110004524
50.68504685012941 95.40132853633386
47.31901269861159 36.692696368494474
49.34116337150415 79.95198089181167
45.50665000585572 35.2602047563624
72.29784725880592 63.4439529600228
61.10760484060728 98.57929641866849
90.47571026255214 54.302832362022315
40.52370888113006 23.551493019946747
65.47785692143688 33.85426809323033
20.455739284322362 86.29751475668522
95.84391769910752 70.29859682440286
1.6404751456017719 41.26642042922308
29.779485148011563 10.305437910054959
1.7497055232174596 43.122748065725816
83.60420674372614 99.9952085857291
6.0230862215373655 58.92677291895645
72.51787510353165 76.3389512065464
69.32928288847005 93.06283049468004
32.79525187676799 53.99110062847884
26.510520352532907 75.79936638407044
77.38853078413524 97.04908150624027
78.43774576700733 3.6031282933999265
51.526692064188495 32.80600629704467
98.10580837511596 44.65494955420779
14.593329875671824 9.844443578424034
14.860341333354032 55.422934974773355
84.780471369474 2.6292399802185007
93.81091662112266 55.54481504784303
62.60051499736781 18.803871248192927
67.57233077725367 52.50841168167574
95.60722686931106 39.662739930272
11.45546666555488 77.78399737739291
99.80641307064907 94.10870928410577
81.5830968621283 86.60070802269819
97.21528912564841 21.396750141434985
9.621780751354414 71.34801500136638
55.9243925765306 16.409070408672676
7.632655711441738 91.14029522179703
15.354844227263786 69.69509720325097
50.672052106516894 80.42074680303487
92.76851096200532 83.26910972279751
52.68068165317988 51.81664466382598
90.2695780359747 23.749134090455073
19.214126068226655 4.685783386960473
46.94999650355429 15.722189824778866
79.46705554506154 27.730130936994524
57.417350471688025 99.1537867617536
88.38795264758485 9.639776669767453
1.9924884596103865 35.18729345941626
29.254411008284432 18.039217435433486
54.32183697477642 72.62257598238061
76.78932077840537 43.25295887947105
53.31878711014099 5.72160054625408
13.518656591255452 34.97204809641524
19.351193707738968 92.57259627042632
82.17630971531257 50.106979517147565
88.2808941104223 50.21868542491408
52.64524745416691 75.93627676259987
95.91342410982271 48.44258669566821
18.643338627454963 39.66845780100057
27.923486505396355 2.297060353994762
20.583462215248783 84.18495920070234
88.85081270692964 85.27562931270221
96.20054684091471 20.995817540732354
72.3084951662963 31.935990391590074
19.523032566362765 10.22658837605388
71.93735213493314 44.964447467390976
18.32158556773511 74.6424549709255
31.063468512360615 26.329149866824487
61.07082098253799 64.76957010310146
40.487860892469655 81.64307381176981
35.82121957677662 80.16465644382649
96.28567706642373 69.29500782291332
5.092724388298009 19.363935754875172
58.33499380481793 89.83292731356701
75.84951371846871 45.050640577581945
86.51753876846693 13.053692870936917
5.411879504953854 90.03649683611916
46.618114446129134 90.37685958782701
10.03050247187608 72.82332182496835
60.958669952817836 89.80951441147653
19.600082783547613 1.256739590093614
56.373712105987174 88.39720340330828
43.586552404700484 89.51370287380426
32.72871092644961 28.487429012359932
65.0367326755819 0.08502798062610673
53.354584528154106 96.4651753658967
79.43808133743566 55.5753557396532
24.260724770342023 95.30648259702133
92.56711696719769 89.59553276540831
82.91859122986482 81.97531423066347
50.263694964006625 21.55944604545077
36.40804118469851 58.00556657728412
60.735075066116465 4.107075997875375
58.67036693777652 86.58173458569351
48.618588838527685 12.07967231199646
48.284110853913035 72.18251638014786
44.00756578881683 77.99149697875856
76.43891701370238 25.519752677344197
98.51559397729339 29.89259500591127
71.95593804099065 1.3778217685898597
63.37835359272576 82.82267552605539
55.8033945918943 45.47793641882698
30.316516538208237 69.5981534820076
53.64896375682567 85.94382362117834
67.82531469815517 48.93136632466798
15.02157199749049 8.086948731220843
77.44474954250065 35.99059082694701
77.18964527306484 53.38911257097081
22.854376327053462 27.56485188014526
24.00036071210301 90.8374507107344
39.152757923210046 97.02151756316624
29.58231048375486 82.34468613370733
89.1325746908505 37.62415242107869
59.29104142736988 62.52014784892509
53.82518937413349 99.87750803757162
62.700849976095306 50.95372667235756
48.92101551403317 47.95918320088952
96.59172686299202 83.05578808367332
96.23085713567396 16.661196988969962
50.1601417824585 6.49183165477083
5.747123499182516 70.2449297443204
82.34065468504245 83.74279995911625
84.01914134156931 96.12896450390448
82.72052770312769 43.40893220303879
20.952917057711275 95.73890906790336
54.00501411720473 92.2530718730135
9.51945305526537 3.5210576922294234
94.03095144732532 92.71978340660128
1.0591789857072653 30.55364837979352
14.28882283913051 0.4958378333061009
82.32909398342146 75.84436323711824
6.839127751993601 84.52706224333596
9.317743467462714 90.01033616535165
95.02490050341606 31.216504827089132
42.777799118896255 56.86623848072014
40.55941414389566 53.2592277618259
99.29276940944534 86.83761636116384
77.6234544731862 97.39549361666809
76.03425657963624 70.35200006044231
72.34409166945906 63.41019579622412
14.984836896728183 50.3598151338861
89.82844225871482 41.77245438682233
32.08905591112563 56.50342257134141
65.05948246707399 91.76914358078973
44.20694767833232 59.43283752496165
23.157223316904872 15.024750686675137
37.447944450530834 98.8523010919414
1.2486989067782228 18.166903736972728
36.949449371768196 40.45262223478676
88.74881717199605 8.128160445806753
4.984521289438781 19.652282009454
67.21354498591987 39.36387586226362
24.419093967552076 58.821574505379424
82.06664745248163 73.22866258216871
57.11611521987573 33.36429934010078
64.27493340788803 22.021770258237616
65.71382260045901 1.6573559420560158
93.17543032497878 38.69014332113403
80.82233407002823 45.17677619206961
4.672179174283242 25.338627956291116
48.28992604016767 4.52425149127238
35.49927704256227 58.37333972486887
57.09425855922038 34.50032421118204
96.88198622697448 34.87014469937099
91.12874844566356 21.187804462360983
76.56003881918414 16.901615929075355
48.701619880182335 69.7157504838922
28.537917376487087 19.63613997363097
32.46131095473026 34.184824980648045
84.06541558630926 0.4015707716709227
2.8690930693851646 67.29427880925715
81.18139126674977 78.62407781779908
73.76645841689555 76.49607578083918
93.70714749133191 25.492972644849477
19.692025088068988 91.72673050288753
88.79626072542607 90.66538112212235
40.985709530356196 60.553218623057994
71.08254709472186 78.42714482429929
34.65307207132228 38.43455699172057
57.704029761242104 8.223411943495618
60.848664335268566 12.628719255694298
43.58170156402609 29.006048196296106
65.1000182649115 25.86299985410907
96.8097889876756 86.93326233013656
65.04798594134816 61.845554844988435
60.469949945436575 6.706642336794754
69.22029741785406 58.70259208266262
1.2774286531730517 73.00544211526663
88.25291555103685 70.60379064046673
87.32415345336028 63.68491215113574
66.74500998927958 92.04659918703008
78.86347203683792 32.27006915038268
50.15848271378006 17.12488341446281
16.083388729448977 63.38786526911202
89.0480020273821 31.46293760700577
70.96896003666929 5.07671256164921
45.428159838008476 63.0178400131561
8.400377325517482 54.26233303843109
67.51975582916036 38.77785143321619
2.15733649640083 73.04114621820025
12.945873384213824 82.43447548844752
96.0147829032957 97.13424551021915
27.69150498724673 25.382471382027717
