786
99.71299308388559 38.39509377902948
4.23012379504496 7.263682458319664
20.16161494911046 97.65170741112806
43.959779337719176 82.91165553684142
33.258483582184326 32.728473455240525
91.37911290370883 95.94818397292678
80.62965556396794 69.21838860653291
20.532335340878994 57.35470899161007
28.46609866713521 72.71953839245899
38.914393805734726 28.75321521786145
8.720838365420502 75.06836237109502
39.67248487083586 20.334458324025494
49.91168397109138 70.64243945955599
8.795088236156158 37.837777462972035
48.560622385182626 96.78707390848813
71.2465346268818 55.17718854220113
72.85158957480182 94.51321853778938
62.198303284963444 21.87332708711288
52.60525890806714 45.76187968132268
99.2122860389788 80.86839181720971
27.69392047498829 12.709798183652554
59.94377586153976 22.267995979386257
29.476182386556072 80.91554115378995
39.75114938972525 16.05255420321009
59.237544154410195 56.66584440414957
98.66156125335283 2.3757856008623457
23.11373315533315 74.27282878550002
70.1650070592635 88.40646312999395
64.4137112184261 45.7955227733854
85.67938543087399 72.31841750420563
32.25334198215097 98.46587875622915
71.12995532327822 91.00995668685937
39.07021448347228 80.19906631064521
20.557860630005763 11.763994442327396
95.84470816724561 44.96763997898226
10.882544765397162 2.9166619705965124
70.14492443671163 64.79332382707504
93.69565415173913 5.549108149195881
98.75798581859027 77.43463809736997
74.3046079673246 68.86137609867862
74.85356087847389 89.2492623132283
46.11823049456491 21.18343302238991
75.7205099589094 12.0073908056473
63.91359850336368 15.73818066222139
60.05054481631839 35.163690806148814
41.59588037093226 96.43114796278833
3.773633018744127 19.964690509691497
64.46776505073242 51.93008694417195
22.121262780707184 95.44013147608281
15.901907386153946 74.8923262640639
57.435895419602204 20.243599407118907
48.1791513783586 98.8294021037874
60.14848307987031 40.80365872768251
53.76014410784586 24.330237160998834
20.662248066760558 26.891934817421514
99.97218230625032 30.43842998005275
33.419169936470304 6.23295984874066
84.9863848785772 13.870009360751535
19.86035053662174 43.18523447550183
46.733113879022625 76.14964165801534
32.553813159354696 88.58363110263687
56.878075190215746 95.3532478441693
88.13800171456326 31.186712261508287
1.7999717801354898 58.20654207591244
47.87531391206288 13.553336416824347
78.01675391322563 68.0179337936737
56.98725321673713 95.98181179118575
98.43579795427455 9.132437336923605
95.07058412282423 64.93655082357118
27.305104273434978 93.49527194484077
82.9196454180577 17.911906412127887
5.889065428017249 60.6144482061087
61.05643134731573 21.39062646367632
80.52632951539614 66.64136809243273
67.78056773207105 39.497924304161344
62.43593782175394 67.65183821842629
79.40674588125175 25.41916955498076
71.51506506207991 82.96712658980756
32.91136245410583 78.84587888131392
5.309446377828497 35.01812809792734
41.734274961871584 51.79750767735191
9.13634626344808 28.309744819907444
0.6621574600547464 5.049118561790856
40.74762892539518 23.219076356380384
44.54460460282167 42.94783923579697
56.31675170998416 24.774870119820214
58.311548157787016 13.92691903634412
6.350864765983277 82.95274800799889
34.70807359492498 60.56449440852122
42.27368819710704 34.91995700586735
82.6654877012643 50.45147367123941
67.84725867779045 70.49563589815813
34.085905996137534 91.40585256207389
29.70126947077497 29.369759630504856
48.882802092409825 43.47862516608312
56.454688232439906 91.46634117311433
62.69103721727552 23.606447425627763
51.771093778129675 27.49989398738283
98.55097584883306 16.369127864116006
87.85087160440939 38.17898216679916
49.87906288251608 67.5522145164221
49.30579026854105 70.32295415258858
99.52960138023403 8.330356109798831
91.46591860172059 63.732142502752176
36.031008143236534 5.980438139514444
40.15661566630231 65.17475729451024
85.82137444185541 53.79713728547023
33.45208247652813 44.10260663785969
61.65143594324282 30.312476035188386
14.30741057403212 38.62279234333258
37.89255873113335 83.39931249552055
93.08189503355383 4.464408839661827
42.06587809011714 45.149798494839835
94.95696057592585 77.46311127948687
46.57905935291742 29.041839314249394
49.01966341630698 35.82969232187387
84.66085138585993 92.388678136611
96.86291412285242 37.73682515485186
37.98000335059504 97.05921441812282
5.960546235180053 27.418712093521545
49.556695513037226 96.57067927029802
24.598130106195747 54.33417030573246
32.1770580298955 38.468360803342414
50.74894619829507 67.73704406249209
29.945790494245117 55.471939581529014
66.63918687883047 75.90460908135024
46.23396851891947 97.49843541009486
13.679682033869344 45.195659794864774
3.870027709271162 89.60405432201784
45.7250479043651 27.765887144757396
34.78464619831087 13.361248671953064
9.413612504687274 19.692371431747212
57.994593094317594 90.80086254355234
66.5986282681646 27.886295879213296
72.90252397507378 37.99044552473787
51.21780941612225 84.68220736986399
51.12160985013821 18.525783810936225
68.27254996236081 34.89472476077974
40.868543629177644 8.175445394412185
34.331310369905864 49.57182674724828
57.57347024196001 48.722490520617036
42.140085728666236 4.57821800488134
97.34026252049517 84.35101042166619
59.67653825801037 20.967440859121744
17.864686637793405 5.30368510196999
51.08027469283669 54.507098960368964
28.626109487002203 16.926594194054033
98.49666543019526 90.34354592035413
43.36799330298305 33.05381005511471
60.174673825772786 46.185034242368026
68.25454170090723 27.742709464990543
78.99663845088408 27.713691344856993
59.010256472216994 52.43096796032257
86.14201579617782 9.737258426733064
36.48239991719684 91.76971097333602
99.68100199241279 44.43523782398916
7.867240416581045 90.55703298132656
14.8769853156137 22.11268800365521
87.20517241256258 23.11180439738444
71.1884011067903 38.84036760218653
18.542918336457948 68.96532109030944
46.38580071031604 89.06122065767772
44.27599016132076 87.93177389433492
38.91814201864315 45.792080270789214
12.446916718231293 34.369285453214815
73.10352786515686 96.70548263551521
65.14574584125485 48.082028618657446
85.91765496423996 82.51033212176095
30.71871068299792 26.710529377341206
72.77491816152715 13.41417219501686
73.54658771691217 9.442347540982233
92.57909252783276 11.955555582657295
72.89717637307082 35.606279594476796
66.68264375375111 43.3307026839168
88.18505304945548 98.4092936220966
9.188012914410438 28.39820369676518
21.20426295918315 67.46618008151873
32.93451957719046 24.676320371490633
28.703093211547483 13.72414234257815
73.21364545721012 86.05796077265845
76.91118736917244 20.60035937617939
35.822606487374074 31.180292641984675
6.443856560565431 81.84943724064175
8.869249995200635 90.2491298880484
77.63749223354088 29.237692978878695
58.0766121902822 1.198694060286365
57.45361985161571 58.26596192496258
92.59825365154742 43.509758823661706
17.787992314417313 76.63792662928502
93.3621384141384 70.16394285055515
45.40650173641277 96.92428808877257
65.58866819381848 20.201370801706307
77.72676821605403 64.84032514788045
39.18869248083537 4.113282655732508
54.33373000795203 91.52129853830459
21.0181003102767 50.37416706442461
28.341198080018547 67.51562579678712
54.74067650909388 37.56681019495445
67.19479507297405 44.68392201833705
40.79623628316149 40.880802773729656
62.624390901152196 91.71231473543565
14.814689298241568 83.52832430172502
84.37750909773219 19.61569933602908
77.02878626047493 16.472667646979822
53.73748022689694 33.84200890957
43.01882159107128 77.47008573535841
36.259322621725 65.42730620446919
72.03392927093985 21.421399092146064
0.6405505342590656 28.70901577657112
57.474150098900765 61.504238466492886
72.69250706393385 36.61279906410413
51.821366208710195 11.159521127461069
46.46866148535187 0.19456382527806015
21.537045895186612 57.00884260443756
39.44734345371131 36.88464465553408
35.86717939695716 18.003402257641486
40.6937936617849 73.31712438071648
29.28643625924564 71.1636860848478
9.076223959027086 6.660179225451158
14.472274550815555 17.72804161189866
90.15044684691142 59.23354484750051
54.819149137389886 1.6313923660654206
2.5859431432115665 78.2866075210153
65.87332521502435 40.947437351771455
91.66542513387714 5.060211999079378
69.59927761376164 38.10960306629667
30.674422076280994 44.49514670559217
31.959860560799402 63.236527095608274
39.292298117827954 92.31627856749255
42.121755446238836 51.43955003976636
72.2121999606181 92.08785465633272
81.83420972754256 38.226503766386784
9.67855562542318 54.14615349294755
30.5993697853455 46.981285757246795
63.91329691503312 35.84590252296353
63.39308174387808 62.02205790548706
43.959424833562686 24.97337122898894
30.642165542216414 70.90998737691321
99.687705436317 30.279255410250904
6.589222339477773 29.429423070726145
73.89239445943291 31.214692315243664
53.82020570423298 0.4919160922695287
54.472404779376106 35.781854755488155
61.6084845172725 96.78077954224416
54.092715525470304 40.98671644642919
92.83798984165362 51.43022421697625
44.63691843291928 45.014894567233746
84.77385824684787 13.058239481482502
3.9617330228621017 8.837274645941996
69.0764257253356 16.229291043870386
56.21619206470723 48.13751532694812
55.974849006000895 26.089443906916486
6.859193155368959 33.09692895093536
26.757666786948985 20.87009354146717
94.32235404465557 15.71267371044498
48.9650733013336 70.15756751835775
8.76656744205353 80.20667970418401
22.420749219813317 86.44434102338387
61.80577053262895 26.418794782807552
57.56408184348155 59.21429016069213
26.26515407941814 57.98272053377034
82.21741631909939 96.0661740082901
54.13130902864252 17.332163504955645
44.35157254671817 61.463549147520304
6.946839620280565 85.83393902959668
38.953004029620544 12.207558606805103
51.97367112849 9.35926997989852
40.29321741893502 24.589363387449193
77.62671767381183 3.8938841255908074
13.23355553965152 0.255184892212168
86.69555289094387 97.36110495726193
73.54222040868052 10.860565174427595
19.39548410715517 47.56493827142414
97.15637390559515 67.66518497925951
3.392426565286244 40.94216609820434
59.674742919241254 5.582808248174165
34.73585319716985 80.90197780757457
73.82329440187091 33.44741980713006
17.824687017614625 21.44958139268581
88.50373483748473 30.950678678368103
85.84205287326809 2.0804519659958998
95.03403235946519 48.023331670847746
33.20878295191439 73.2105881020162
55.83559579762609 36.24264655300165
69.06421702910849 0.5958505790889301
99.67190317968823 79.21748966847814
41.54432913034133 21.505459658029736
9.206281430411313 55.448242049170325
62.26316953288396 71.32225517488826
41.64172185253844 97.04739725875092
15.23791899285647 63.435980390362154
2.839340554186043 93.45588419793091
42.58930049087552 83.64947071482236
63.44696629215214 99.16155488162045
30.804030515876846 13.787459276343938
76.89153494871823 29.408400038235538
77.18695221741744 16.24279508342761
85.96646635606491 37.313269694777816
70.25683356133254 84.69632597801449
74.97962845934556 40.75134196781893
94.35410192259077 61.69679172963863
94.29309841104497 50.179695739967066
91.88144788761761 30.32429442168503
98.68156694914279 14.182031597595845
36.45680563178354 69.82058846199189
31.91121208488087 90.21303192601694
99.37444935338776 82.11171912527796
65.00607159617175 58.08539180979654
54.63824355189148 95.9793235628768
97.58257879940601 32.54059047838408
62.50225468277924 76.05693375699744
58.47253729134829 34.29039063206596
21.938234286798863 96.48743316748478
19.170240360715674 46.00942132306726
96.20516333770878 0.8783984847915871
70.89718631094627 13.265363929589524
41.660554968860616 45.16941395387124
13.821295645567687 86.93919188257837
12.936422101848155 64.2776433924952
79.07472862387672 8.811618291849078
25.057258935871662 42.55864231674018
78.2434499090134 18.851862255101913
59.516457471301976 39.38882378731474
35.07706325260115 55.979937751918754
94.77333729044281 6.986086161657978
64.92308492602665 93.29679245172618
51.53180111080091 99.6184312106358
62.597105005524675 37.75664050748128
93.09656898724282 47.944466706498204
12.457794383835052 14.057940919178613
71.43117183274553 79.838760205783
12.089728349065643 5.590329607003087
32.32318918028949 17.075695619627783
19.159826858131012 6.894598025474929
36.0673893798382 61.188235837432124
91.40629525001881 80.4282024491726
33.53377479423616 93.04558645925455
81.18037543716183 29.374373045919178
15.924947080124529 17.586461410394882
33.032299653537535 52.10712587259215
16.21386563485574 53.62072808636442
66.47303919388331 21.578506526636033
87.93115403095881 92.53686151586
78.77038890632161 4.591378880641795
96.44392238518056 60.92402693564938
50.091307944302365 58.95303046289856
57.59707429595411 16.890950845753284
9.98262194683084 49.83724333251621
81.03483054136304 72.71729005051654
66.51708539050698 29.838035908484727
73.15985309360691 7.7498184101150835
15.406157009570354 73.35296266521071
5.261001800603193 3.050335274173588
90.67386841948183 93.9374677395939
89.2519549380761 24.989891828938514
44.125334130824356 80.45526806955901
32.9652469357468 5.293031193299525
29.298694178908136 16.50168264512949
24.75067835567568 99.89042586511808
43.043232217007954 16.2808814945237
81.55246904780907 81.0851137317703
20.344284640019715 34.523782719899835
13.971604598854059 13.7411944240583
53.50304420286732 16.65739367890019
3.2919863895458645 57.744934258421395
26.21599214898902 82.80189481783343
60.11885042155581 35.08574026599484
74.55713746018318 95.7339933386576
44.93562637953029 38.724022956142115
61.565053338852614 60.77325790946608
4.548565750467171 98.97044844327354
36.048605034829976 6.178172082126043
49.33511066789323 28.684870846642497
82.72944514754671 9.899776550399885
41.447986188884045 93.5103565566925
83.50253384577596 6.4386512560645865
55.19751589481021 60.53516042681261
46.76268735108644 27.10323435560298
83.7853017846151 49.58967570747559
98.50568440781764 57.762078243229865
64.45499508442221 31.790379119406165
30.534221720468334 55.668838952079604
84.3256572381278 4.910146926651116
97.29475202475041 72.11296911540408
90.46079935388008 47.577523777249475
5.800657178936264 6.4448996412375115
46.60144762745646 23.81341652891569
22.771831796416 44.286765974451
34.495042617235704 65.40176412114654
46.98398657225052 48.256053588820336
21.74583795296806 86.65801723938947
48.128559276320395 62.2842207002218
5.309991700954331 18.17794746511987
10.0438519283364 52.33398629072808
26.457004872046685 85.86199217431172
80.92732603494935 15.50914793007665
82.72213643517601 95.62930727338419
40.96183642406695 92.26214882718166
64.7842738899941 9.014309522375596
92.93942167418832 13.383684118202188
67.52437881303861 61.66573424972333
14.463022428869232 33.44361825126614
91.70950720574828 42.63319685164652
10.412662416285823 5.305769810660211
2.91550172445475 62.09891981197482
24.896548118597963 40.43841446866017
4.315049442718266 62.76640146512439
21.56749822656775 38.12739934881546
57.605603172267514 8.476508994587862
36.578871919779374 15.345428772083036
34.07605949734048 57.32015423604378
49.65155106167134 54.82134386986053
3.8305732777990875 32.31979155546662
26.314444736796005 37.83406190433022
12.85386014482619 6.834890657171533
57.96710390258828 81.36782844565153
43.51512299617424 49.812859867714444
53.073251565093116 33.15869373942284
50.72676128041348 39.286176875735265
49.294660062665706 70.38673397535445
56.533205841319386 93.1649330005847
37.286840818059844 32.56722644161621
74.08101363756265 14.572572198488787
38.50005487141571 5.684387669182856
6.368306007849112 92.7512468326367
60.15236356109553 18.80360631874616
32.77856354283013 4.881813747935171
81.88606218872796 5.941203431672005
55.365998432988114 69.29198557333552
90.43305961165554 83.25232608298325
95.28958228176498 92.62327144924238
48.81213905009032 62.56467297112428
61.1054551346077 76.13425511419246
55.8528659111681 29.046842417642903
51.8316994547234 77.2230016315316
77.37067170367713 8.66409214068119
18.523944386326274 52.65161691060085
17.8230789726208 63.19930563625151
13.955053179945265 37.60837598881835
15.363489767346284 44.04763840347101
96.84870078802592 5.262385667054081
83.70582636840878 71.40735712448351
62.54547446722323 64.34233463235229
13.93416384795525 71.42436109179836
56.46005838705664 68.55887647472969
0.5687863092528667 86.16239527850925
19.225628722801403 15.713237977871197
79.76613705687139 27.95038602370917
45.37238720850646 79.08028195123879
18.16654750521026 33.368782314109694
40.89891010272863 86.84931765473878
43.52695527339889 22.33249063740311
79.03168443063235 48.04555737288669
10.237534606714704 60.83030301840952
80.67468305176561 61.04301219642413
28.49949948636047 95.23190120748353
83.0880441742389 41.27031171641414
96.93760077107139 17.471439929238752
23.92739036754038 10.24144751655427
67.50030658475549 88.91972040667059
69.5865667808129 84.87133341511773
10.84771332286879 46.51994884900829
9.173889702024097 87.42622189246359
51.21010105694729 18.607409278394847
24.48262202542787 95.53408581171745
94.82249450015485 58.890517305382204
26.986468824915587 29.520441780805417
17.372839191233325 89.01145037928977
91.67110462921627 56.655723174311845
56.33519467313134 28.25604291896967
95.84978807452916 62.395484197771175
92.44681689388483 67.78598179076508
68.13151798915078 25.75687039278327
59.25200933031821 49.97541554914419
52.97334710869958 78.09329501136114
53.36031097134031 10.050939895251465
62.055229083671605 9.493938490157994
81.14713187298257 79.37490393171488
14.66525365282002 37.211253750565035
95.39517007757264 70.3069560249862
62.49566721774718 70.69189187174237
78.6959036169449 51.45528786569196
43.77309937688262 78.01927927261563
76.47059062575447 84.99369646410028
15.853649317441254 51.46509604364539
41.03735316893733 73.5611679735652
18.59224034504211 79.83174089901657
85.63046644294042 12.167919049073461
62.85909624116207 38.339951277712835
31.641122650901178 11.13921715289079
4.544821234874341 82.43613718698103
76.47120288041434 0.2830897593955828
55.14297517587695 60.84447064671754
41.36017442969695 7.048545555312479
96.2424871770218 75.08193932996059
41.78810002866212 91.77024286809544
86.79367253586189 55.90596496170652
96.20325543102469 0.3375695517631061
5.3737288116062265 81.91481666361518
80.75210889299464 45.40214609728116
98.36904833544524 81.64158133736565
3.407934130129575 18.634124039521637
32.40411353508388 77.90380659918941
3.995261352888113 21.955999360917033
0.7238983105089969 21.074595674176443
56.55348999601223 55.80804247279762
21.691318576512543 90.01601008136144
40.967471989288896 54.55485623027606
86.85428052337171 70.74882803995008
75.97673233043464 35.40126927211524
29.94602375032789 56.07734254289093
60.5123097068618 84.98900887763091
51.38247359264339 34.795470183931734
96.29331469293034 9.938194471750982
64.28997947077312 19.100604441574653
3.7859257417400927 68.18069877852759
42.601612217141195 74.39745977435014
34.515474796010636 47.03254880302973
61.936407635576685 12.77989108242139
15.224892293597247 52.43856368417815
18.114158615302188 85.6984751874622
54.00972854157137 16.93647085155482
67.98463818803897 50.274819209166346
24.495131143285466 50.41400646816155
40.92526556494851 28.482199584869594
26.72055918173034 64.18124700026878
92.35500463551573 69.86836383784836
84.65188255302336 51.55915478096994
37.38038028358871 22.0110863060893
14.636958894041163 34.05880005621212
61.42809343112011 90.40363123930544
99.70874013205015 88.33651153033287
31.715928504277336 82.62570546120817
37.37525951582141 24.633597073393652
95.7407070597396 80.76455562832604
33.79488635621715 42.12712625988693
25.12101409876424 86.67671522390256
3.558551569163748 75.4494121472368
39.38564585621821 77.02136739894169
48.738608246624224 64.63587930564675
85.1108283903476 45.67956414547998
21.407926626705233 87.83724809508861
87.69053627657539 34.284921981147086
63.663301012358595 90.45691421146054
74.39662962301871 42.70282912226517
62.534341622278276 20.21583251455821
19.491363612492997 90.16833520865428
3.9886808136376795 29.13286170033128
75.7357328555349 55.28726277046124
7.2626929262936795 28.40283465215565
39.61531128109856 44.905575045807566
85.97142363974642 94.14700578046426
36.46459410586614 57.70466256452692
64.60667547747659 89.95527504522907
97.74785567142852 43.68993671792818
30.775671277190007 15.218715986820808
22.983586944124678 88.46185621119176
94.65518207489475 78.721156365746
29.924390816812128 78.0616710506636
34.62934238531496 54.798144984129806
25.658246255860007 0.5775787673231836
53.66664346860457 60.445761460884796
42.54679475377626 61.675922534193205
49.84729917990449 24.395878014573825
72.44198798693797 28.672770986653696
37.509189854048856 80.03943241125914
34.82228898655188 6.92046379360145
64.25627371595361 64.13991643677147
78.7325943025693 88.95635450267073
63.13651216877151 29.21741238440434
95.3952595112395 35.352966939307336
84.44827591461367 13.111226515825603
53.15105959439654 97.03300115384344
85.60002200905157 40.05620100483536
83.46857840806132 1.2245085619896456
50.57336339329254 12.690898852642574
23.634411729003922 2.8487222325846884
59.92076738923009 49.48644772180296
44.23284369338053 34.709555646790356
77.77377618370545 24.777361697463352
59.003176164399676 28.428288481073004
73.35902745254324 39.88850173801166
33.389132814578524 9.8996699925464
45.723139813761215 41.283377570276215
39.877162292459104 92.96035516566208
31.177705960686996 44.5290508695104
20.999127104840365 50.069326777350845
0.23657952461824117 88.30723897170148
90.49890121583168 88.02153229161868
68.76842820011055 25.431129658512177
1.5322682058202308 56.39364796515919
69.99024926238006 4.048714232165929
77.91581191479939 17.172210619746707
93.19559761224343 87.71025290070195
7.150769102757748 62.716223768809556
36.19337138611911 36.19842903514302
1.2654828265147966 94.50718748303612
26.85758514762917 21.768293467147593
7.606096982053579 38.01680845941645
29.67119030143347 53.170914271697626
91.08257866245366 64.04879417692702
30.742083813844435 11.629765788461333
51.65333427159901 6.8953727511706475
37.79367401650428 46.19750923132428
41.4815651758868 69.90051758206644
10.47688310406989 38.07685091007167
25.20525567637294 69.43178586454185
17.655708055264885 52.84487646132311
60.67968020637855 52.75411233160068
72.13133828626933 14.042441622222668
31.2625945573042 55.865090915014015
3.456195525901462 75.54511323562568
90.78947181425738 39.04108452984353
7.555359187794419 1.3104549951275524
26.29212701840411 15.260077384254556
52.04732880613132 69.21826032256287
80.18111718716861 64.41525872474128
40.89126765198541 19.496153822208495
61.96704812117766 22.62080745222952
87.39990773083767 67.33251494249414
38.83137320894565 10.641569354912782
97.8110921509252 80.43072874624704
20.98866087153587 82.572412307185
34.35778285649407 79.67648922046567
37.857250066837366 26.524687718911643
0.02690881076174989 45.35772433487416
30.71248320081593 97.75446631034217
40.918619223184095 2.497154730330897
92.09126017771109 76.50562534274117
59.1087020133898 21.70243314716329
17.356491133183425 29.084811158259882
87.08160382072279 0.32031230192924864
25.63703994257032 52.3355402852679
81.60100811945958 37.552554390858994
77.5439801706221 41.27640863156616
17.668860909602046 87.85517885785015
79.35695500563875 24.091082926463358
96.77572868872774 20.737772701508206
5.66085773697057 86.62166569070084
63.61244288293122 56.70990359599235
68.25728086896251 8.409542047823615
66.24264477739547 84.11210483998818
48.56561002468399 23.850827988136025
17.83891051414962 72.02308283874885
51.35193870880773 75.60231667219807
16.50023483739106 87.8310603882489
81.71054202574621 93.54733709484711
70.49209659890204 84.64292394595572
26.57732427213603 81.80564734880869
64.86383514471903 93.41660167812161
56.36817953990514 38.14804102050814
71.96414219295735 49.35932610947016
83.1117325351539 97.84291982768202
81.04622311501973 93.05306303878088
11.600753007695353 23.02932939574407
45.5035523822253 80.40444997405179
97.89661008541873 59.389994496310905
33.96372361539976 16.737169813824348
59.02133779454669 83.77962135196128
76.903723292731 53.55646468690451
17.234810420357448 35.31875219767312
7.438928785381915 99.18131853285045
46.72057150710267 34.65783254475894
42.99116682532945 29.47764915911589
88.74884279214763 30.623680593713765
8.290065591041051 56.62205515384963
77.06076959831537 52.08299971688115
25.687348308462997 60.39628986496868
41.18702839652288 62.64014071336169
37.40082719743546 75.65961407272488
62.247614993084746 0.9932357096391509
21.014678620469706 98.81559137973625
36.35048152235476 48.23766849155843
60.84232428115295 90.6122198001224
23.668719998453525 79.02416483729485
4.514216580298058 49.622647993499356
0.6793732560766763 33.61448376064467
54.093000174858105 84.14497561814973
31.58888286747508 74.80867732762584
54.66831743642656 50.881368407815216
95.27705849914061 1.5618916295714325
29.451511765213233 31.918705600298146
50.392906585284436 12.646818588341624
58.13283271644987 23.22922322643266
11.19707809652536 70.81520921185933
30.76513723895371 11.054574022746555
93.14175382964031 23.653618892704774
52.50930561413365 18.254231723622492
2.1166701775117147 2.4935085297551396
78.57840319355469 10.647508054129684
44.42386906726736 3.6113427263322118
44.52722730365919 18.691893425842597
66.33903632822444 89.97750465869284
14.39214255511696 92.94767490151143
75.23971732644253 53.94410482004399
47.15219509757005 52.257645976527186
26.547677642246526 19.941157145666764
89.24023518492035 84.64763595156352
33.61821815044579 64.48103074579217
44.83372742734174 85.14326156826823
90.02513007828999 52.316860921995136
72.97749790970688 53.11629268661899
70.4884020493394 32.89002275910524
49.62105100480569 24.90085951949278
45.873388592677436 58.369632697529504
79.86847056415435 95.5468525833269
87.60718456289192 43.20322744919803
34.081088741521285 75.30069296960782
83.28796238017668 5.544045705978706
51.03734360549601 15.19746747401971
64.78275984731955 87.45686295747687
34.508226169973724 17.01825247755132
59.480798092922825 75.71128733766062
29.274409453231943 70.28207009435594
70.61097461207541 34.42101067434778
9.381077101417567 90.3777348600699
96.82902049012495 25.855490608086463
55.0859801493077 74.30878507164415
17.905991747930916 44.47731707843865
95.5134240805771 86.6552783160087
7.354280371804833 87.29203945054877
46.82602132422085 19.044464778633706
22.403129068604965 56.79399300639601
2.0274685539468207 32.66984430594071
29.060146900425956 43.8194340705025
91.21110445598885 43.49864472617926
7.118897461095342 83.53806701319174
62.78332154792381 16.173298457722307
89.76094472954938 73.89474149726838
64.62709240395948 34.130257353618674
47.36894977919215 23.046411984279715
75.12276246865936 90.36373403875425
85.47754174691558 86.60453558625154
63.88872861337641 62.27995822072124
96.42257217504289 43.09426106055665
89.24693863755616 96.33735113617439
97.07095514031083 59.25528864974775
2.3271800457410174 79.22584517026759
37.13828962100097 57.54763712575542
79.46649180645433 70.52865085274634
99.46024132041693 73.24074893854572
70.47372444223679 60.39938523573921
74.75441309387317 3.495683726700116
64.6958020782211 96.51715593007052
80.84906770692328 70.30935612729907
36.73818847964658 9.938714050261787
39.09039924105871 21.920928380843108
40.752690161861835 94.61870095648605
42.59420871983618 30.337675643215
41.96462827023561 21.91433591200851
96.44231681535182 11.798060334451655
87.19195618660962 51.6054873061413
8.766658049869857 8.92397506492113
99.82528771009314 50.629032786110606
72.81302528778988 85.31713344778923
3.0386897198711904 88.04733436793211
89.02116913246925 37.118699021590764
22.089599373609893 8.906961237933174
10.51285756761462 54.68028800541727
60.84101641520371 82.70733669430989
14.961339567570809 44.40139095310202
7.600457250876758 72.28496340416302
72.55791655919766 96.13343028446339
83.01618009792566 63.04953134808399
23.36410413485799 98.13039762410291
2.4083716094055463 61.609151882161385
87.90212514090405 32.87065318869722
12.79179602049897 33.95892354360567
68.562449765083 23.720012712854455
33.198534404275485 67.15891970062826
86.28263233837437 31.35299162326094
32.602022761070415 35.77891174414112
12.97441806513493 78.28957397003333
71.07286517647682 20.670731549542086
72.08157544902359 57.2392491738896
98.0327639275634 12.71500410873292
74.58287694820591 42.17166471509242
87.42834304889585 32.89898770073273
92.63922484026433 3.739884754002587
87.55827541731334 90.06721096205469
36.77952490682226 63.69123463919203
22.01128604738727 93.71859112569663
53.7627075237852 19.382348053691455
74.14949382400926 17.48478430736855
79.00022584945044 77.21305415031694
22.08601030782048 92.1121955411654
