767
17.630544727561325 96.38091067867785
87.43696850868645 51.831713921726156
66.92566197572279 79.16410099201818
15.649485896116433 15.483807203401312
11.08651578122335 74.39102719225345
78.44412168197233 4.435975463163411
18.89175848515212 74.28416903159192
48.01061326950301 28.963703196746128
32.4868736930142 66.48907532978261
38.825860748973604 75.77699326990049
40.28589499485452 25.385297411557552
81.90522701667166 44.01978783090746
33.711523156277266 2.1185569987815955
12.123245368285652 47.46181969564661
4.4551957673570675 66.50761946470043
62.80244747995096 16.482296313916667
16.99017807083689 68.15883202666039
92.39225057299532 96.37844154880413
6.812029846302348 55.512350526719544
0.997438350162716 92.80677072457844
32.7273047341048 80.15212518189246
64.82903429277917 73.29925478010763
29.50373348638632 2.913362524672458
36.73092657813767 31.033492169682873
98.0910911484798 52.84532353516747
11.074814679521495 96.6842602474955
83.7415706650112 42.739443364346954
31.091689699958536 26.415559218361707
0.45210076671956534 47.68609918624318
67.4130636848451 47.267414504144845
0.0808854644630208 31.974267216158914
3.4308338211040956 24.36296477190173
99.5880410510089 11.267980101633645
97.4902736633347 89.31659669932581
81.20221726318051 43.19271860472319
94.01948858001616 50.99436704999213
27.5394587594044 41.009385211459794
39.94040254416081 75.27031226343564
92.15098758103775 94.49013811070641
16.45914944650905 42.90016941969655
72.39599212358891 4.403052225292203
84.20705243914406 67.69517002375136
66.60443879827984 48.37668374534467
84.71199843244123 15.197219641845926
88.94458414972301 87.7428662971922
27.843235726577053 47.35194987740664
9.701139034815343 45.172403977332884
41.295854737619045 66.36963610973277
14.027650729269892 4.3038731613893155
79.82572696418788 90.17892573398157
36.7921284941946 29.038688825995894
27.780885981499083 22.942616453213628
79.47497302889333 90.31503430725238
48.03837230678825 57.68677334391895
30.356737155105872 65.11942397973043
55.47217268761544 41.476974566116176
81.75787329889653 82.45869362259593
92.06107525157223 93.11620632321474
42.69761810247208 53.40790291496693
61.6748721632585 4.040408789838324
21.095869411531087 5.01518642099067
50.682466812794644 68.55368907518964
99.87778854741019 58.34533104664009
59.15567342642094 67.79502700448118
89.62207909253482 83.99254526717883
18.864012967693345 90.35198476053768
83.33047009358737 53.995511701872175
54.783879826203034 4.822444638341117
66.15294696737335 9.204365011305038
30.890252141930485 23.914125464815427
38.66086176773521 85.46503733805486
1.459848639992245 60.00917346320842
51.47760272336075 0.9612069641710019
85.55197910525514 42.60402058932855
66.01978903723865 91.64048859805132
21.351747251534093 6.3253345383543325
7.089138207004087 87.34279812248448
32.620522403479015 59.01252744473094
50.09474937013009 98.77340584694846
89.66136990208292 20.957394582392887
35.17463525025879 18.380990547963904
14.027227352700455 94.73155108451756
62.35756490242203 11.104063904925109
29.50188319416216 27.376258819881237
56.31519471209955 39.923193613957196
73.6851742515705 18.64839462640211
86.79151607615766 70.09583550696759
87.41716901356452 33.1842805484994
30.666114167105828 14.324281727597498
32.929244290299906 46.26975790086318
99.92092765914083 17.8387550456477
48.24747434305934 34.32453594312914
87.73793147716924 98.9412706920038
39.47961085052503 77.88975338262047
37.87764454417882 87.26185116347688
11.609589159632893 76.83325761078649
57.50015150217512 29.712163907299395
53.602330044997736 37.706030796953925
24.09359823722541 5.014877675729745
64.11618242914284 62.46915514262107
73.56194135699276 30.603240293867216
28.995429571956443 11.153990842878969
4.119817572845108 38.69765855199216
85.88029527705949 30.60944831160747
22.183314117915664 69.05345239069712
87.0983872658141 75.96630252704435
92.43644968832871 44.49884441810505
46.51893574610092 52.36008644695331
20.78828088167087 18.15373846503272
10.461934372979842 57.34269612799243
34.44132633132606 28.111756205790172
68.64891094112579 39.79677596285599
81.02931361538027 95.19193698421643
9.810453104971295 74.08706653122343
55.45887153476209 47.07893693348849
57.640473768498005 18.37295790424207
88.27040193445768 26.100662639480266
59.14154591619396 40.98960582968212
73.50865823856965 18.561798009511556
29.148490964776308 30.912739191582727
17.331785044271452 22.271159483837078
27.90664603960461 14.990206190682521
23.7955155162612 6.658617283782875
56.93894258992253 27.961290833409613
87.24018423123128 88.32407017719432
45.47693057785689 52.59325447470592
22.670601455337202 32.58572709111475
4.836406806122806 90.81422204160276
17.329207538630342 9.83697146290986
85.5910068038323 55.23721937159234
60.24622705221269 9.791641206020463
16.03454488258178 12.889186409606701
63.465694417523345 79.72186587454297
61.355265482390834 20.942803256702824
49.47046478211213 28.83656085777987
88.21015240361744 89.42619363670296
78.39365596057858 39.101699472084704
45.57858590545026 8.167746794246444
53.44317062850923 64.18321917300236
15.967708972279372 90.38403888876414
89.94667467868189 95.1000410115068
60.03388439415893 13.844739290586405
47.64703395255903 31.13258907479476
40.675857168823946 25.28375072895259
81.61870841416474 51.10714835769555
56.731785495900624 60.17598519840725
81.58535334077706 54.29070681660093
25.651851051050322 4.387219383363183
41.92568206789347 20.113610749447343
79.78870392414767 47.78690297200426
67.24461460482073 21.41934176513208
95.8728193677412 93.51445452622727
25.45642032847042 94.28926989074803
80.79799233479949 56.674742281105594
14.305220549852592 65.03253331670315
8.550032493633742 87.73003247418282
24.16999349560214 29.573057140444092
43.65176546526447 63.211350601425266
60.03185938341795 92.20432779476648
80.508469472417 78.40085311076928
70.01996483587166 26.17106120332844
46.8568089179392 16.68953081288238
9.588907581779226 69.74770153068611
49.32389226878037 80.73686557758099
70.0555796598702 31.78915082284285
8.596424149423143 49.12666060111671
73.29894497902977 84.64512121305695
59.119577183330975 43.12698334756016
54.90548247948577 74.2847909213065
76.5210839113442 57.99354332051423
93.19461502029462 15.879712994847905
18.728748231996374 54.5829233866675
14.614108110218583 51.72077948007839
74.42917940448977 15.032655232678449
26.82742305708198 26.112283517366585
84.0313610611901 32.507888571726696
51.34024250795651 65.08347821553879
47.03248618377809 42.30766997131371
48.11866266637141 34.346821789971514
48.505797132618966 81.96209884797442
63.682704281783906 24.93672580220936
4.896104084122188 11.961728953202911
37.1304865273132 24.011311728320074
63.5687567618434 64.50208803609215
41.89092816407457 9.79268991199188
71.8746180512499 4.7834773940915065
32.31397273581658 81.9803907456589
93.1046970304723 26.654374125721336
20.312914482628486 99.11422630053923
59.23690116089081 82.63150005636386
91.22453735828624 28.48745574799021
49.15166386797674 58.48553362281136
32.05002716200751 12.723893061430136
20.308137417122218 9.580625776874562
28.339248463162402 57.62539161369982
39.95707960916487 55.830105208399694
13.977700185849805 5.6304978150296
32.44257644279273 11.302240108567796
85.58343515647596 89.11569005302208
31.044931728790537 3.316114023544181
54.08317835021298 52.75075737828166
70.87745205740369 6.510343492084203
59.854979411789564 95.64374389626573
92.22707276432783 51.79226545783283
38.8263628438543 19.64303749814923
38.25658503122595 17.423668101001212
6.284605532112064 97.19254135343905
75.04849976260478 52.16239196941803
22.050939350099174 63.66215128203131
81.57497363209505 19.89851476361825
16.415076511535197 65.04649879466672
1.2772980204080464 46.31319538867158
37.05483801662158 35.52302363183215
25.476159531541033 7.736020554746171
94.99968321574742 79.00568956536456
0.6009718046685264 63.2881246270519
98.06911609884868 19.782181250500976
53.63693411107241 15.281598876633973
32.219244057504106 60.51616428400285
95.03008075868841 58.602608586575855
38.79351032056445 29.601637985740435
83.65608581750492 48.56309391694942
9.166292802117415 9.268416725698136
14.012190100560062 50.21172215196737
38.0649582871935 61.52065949856228
23.284727280881423 69.5590629579501
59.57153261849467 16.54526255150486
93.8258813285987 94.95249068714962
89.75992792038372 92.86694935510626
95.6073471620615 65.47799877674248
61.21201243950244 91.12339619651422
84.79800836796734 23.158519956917655
91.93309185959617 90.4134003829443
39.53897646462379 15.645550570261847
65.98057574447081 23.10247571612225
88.74332586214248 52.16787394878162
64.3854659013057 30.289446119119045
20.84786885205575 98.56694428111749
94.34981498639038 4.77254045483968
82.93768187238769 34.73115288796206
58.32731989725731 76.19739039218992
82.23515319838224 65.08858339411533
65.24999913388339 59.9018372450878
58.81906975145296 33.754148394576475
48.829990058255746 33.547602116159325
66.07591329497986 96.79775295836325
54.36148267736264 5.5788009959264695
40.84770613465063 76.54914067792399
0.6329327805552398 41.3307517293314
94.6719037795318 72.19501494564078
64.20537634309302 89.39919058733098
38.40579387226435 98.2612718095201
55.69946338679546 84.36123869043084
74.70887397704816 11.69195204966581
88.51185492907486 53.1414202430158
4.305762811463543 83.92190865203483
94.0464776440405 46.3907209267337
68.32217001411317 23.691870325286512
8.679832961361766 46.587072963666344
79.76164551597414 67.1850073639334
32.22180907380277 25.067261153686317
24.867051355133686 37.94625668319805
21.611575227496726 92.42511528730851
3.5642638132565185 12.569531820448198
88.66223488482437 22.37474735951772
76.56811055372616 22.334168798204235
93.03663509241058 58.813971391904275
0.4639968246660464 39.18727118123038
74.89715059682115 49.0501985861091
15.7559620460193 61.50010458767719
36.15761956854237 23.834637291796724
42.95265033627034 54.35089560898009
92.93264374756689 20.437193313141943
55.3550726684673 92.12460330940688
72.4808274680625 46.47285928055174
93.92022882888526 63.46789563939841
48.23273169628043 97.77590835213485
74.83227853131665 83.3804966283459
7.2981398417778065 26.750708080150464
61.65889408066478 86.52540286989668
39.27419935771634 46.88470113274895
76.72680363339084 42.70813545108661
82.02180717686643 85.02465438226346
61.47437821974642 74.62722702506053
67.30439857150407 38.817286670468356
82.47913344063463 16.972691347143588
3.678168743180532 84.30815013339375
30.010556597110284 4.623291043726663
79.88968678340981 81.83499855581874
9.904977493420509 42.05415631082887
72.44320584554406 77.97520658703995
26.163102182118603 73.54056709468728
98.9765273059883 88.18400435606594
67.85315836737871 98.79430427040958
25.163755917746546 54.0362333364084
1.7807539840584363 32.259109362003734
27.696873702420667 23.246530812849386
43.03736962871626 44.613665647702625
87.31043044726783 87.16676109284676
88.36122972131815 87.55509645954838
58.14119797355738 21.100465374682354
22.719523103682793 97.07712319296442
26.96011214783437 3.3692262018138686
91.9055547228808 84.11868696152855
82.28972935373093 86.64564923670997
50.425629995335164 77.84766970748768
66.80417245879931 4.354900209000356
17.316608522876763 91.92356030967836
63.09655421197379 3.9668140010906017
81.6826207973162 88.46227102106113
69.29182094645648 76.73361829719471
61.52589638336271 7.309762515497297
81.1555033546698 10.35036694155541
60.09791241103055 6.221031330171433
59.56733210255408 24.156214527403243
79.68967633640993 85.28011987461632
8.747200300085712 15.386294571162528
19.46554567189266 0.6664540214194825
35.423919294040594 94.08940284341757
55.44556375322309 80.51866243339093
24.222170518201548 77.3055010432498
3.787726507013467 43.57716270071597
86.49216388030759 51.062343906969296
75.34580840266048 87.12866207169455
19.64718536552953 70.27193009050325
65.88786786337158 70.80656410263217
15.212661504478453 82.96923230637752
48.92884425005454 27.851694302625518
90.40231249200504 4.360383437471205
94.27513428713117 26.40035255817462
59.038064761083916 62.40764900039587
18.391918000743257 98.25794619968262
79.59023230854665 37.826975511824
48.0570793576044 79.82086436038777
70.24322233862136 62.2402163917273
76.14052930074247 96.7440696239067
7.305682564019045 7.606833274032576
43.36018531526097 18.413020654637545
84.682231954778 24.80302450124595
72.52742125427477 27.07931663315386
21.671126700872 61.30884189337243
40.947537368451606 86.07416461414388
29.37095705984556 56.31282520619568
36.949092229553905 80.00092233112007
89.58528883367363 17.24476569540182
57.68846248399137 34.45939833125406
49.78843096209681 32.53273338530086
6.48843545642549 6.635275208400104
36.91185860990891 72.37447083455136
55.74169415474582 91.74371941944814
50.30708390359826 70.07991762317701
65.89321167382913 58.82305921807346
73.63190569591389 55.530458079409875
82.24668361642279 60.63774287136431
22.306086314329566 13.388435370813523
12.971040942482349 24.924751727374293
29.804820239522158 69.17228536548569
34.128801923790796 87.64597611241673
30.294536020075103 52.44318145987912
18.16832322013221 52.64300258109746
58.246038316924306 98.71786595846021
9.405074787299771 74.63138121183856
68.28201073315266 41.116051330060586
75.86594930950797 36.03995516322773
78.36625340221684 0.5883019424021474
36.92820165958769 52.11108897027103
25.25405387140214 50.088098942639625
28.64323651480849 50.678011601891825
61.08870422238445 99.19725326926549
50.941009906022074 45.4379079210494
33.71218929719228 20.196834430293986
53.523067468792796 74.5040897515226
25.803664032486505 79.7818858481976
92.88996535554604 70.656139708668
24.894425928486065 63.35861945017713
68.7240995979527 0.309968845471964
54.9776084522531 52.8743436540143
29.607138988708847 60.417881649577765
90.84241025261683 55.02685948428788
60.958100463281085 32.677827613298135
9.835644675611944 7.696661327373655
52.55455876842262 49.33859494898578
26.088522805554536 98.3208807160154
81.90580566842559 60.63762504070249
29.702307977798114 92.87036530766416
10.640908191734022 14.75266199661518
41.24452680935661 51.73700961662219
28.03829918552898 48.015322985207675
65.06990981297282 63.25125177929215
54.7505193695244 88.28417359785269
16.35410867723167 35.716624132450214
72.53620798673343 10.494807952967832
28.736540210308892 32.90032865149593
6.711181355527495 56.85985413880488
43.31635976490117 26.51561240320547
9.946729768791451 90.18013024990236
22.838417553223167 87.36160241371371
68.06215693810724 42.540372603123686
5.889229853630784 99.79893043965653
61.954389559694334 65.97472012424326
17.268583362528254 80.69570727268973
8.001692657757564 83.39929114307274
31.248423581561056 8.967312864707445
33.08633374249704 47.28456157668004
45.024402387829596 6.36219411320591
19.80036834269171 88.24430778570851
61.11026612298311 7.975893032840997
65.97789853938795 47.15695471401703
46.54049697476489 88.88718715815183
12.862031637260085 17.696496777195915
67.00266256352886 82.39339297153093
54.11229869469552 77.7907256094469
47.28727902532869 75.96417872738947
14.906416423666002 32.69803708645799
21.561138438822624 14.061402860813166
82.7888092111791 10.69948408792768
88.19548297317546 86.53619495293954
28.86085421096256 75.08428512580508
9.925136497308262 20.268157317246192
86.45603020494882 15.893558899409065
68.01359312783805 54.62171891755213
98.85307161249997 81.13812884591371
22.039355889334043 48.07564820255349
47.59943313309039 35.62043108449141
11.751004729687754 45.978540213587834
77.9872926672207 12.632823290376693
84.36392190406649 92.8001468004862
88.1984719194206 69.95418170011621
65.65765318122787 82.95498703441719
35.80685120230381 86.43608756947046
98.50435764168459 78.05812781549947
18.28106542619876 32.93041848510705
21.99780567833265 25.69515874138456
6.3571800897655795 88.3051798794659
22.585119563889844 69.2978650350361
12.97814257557366 96.23816093998262
8.418670636753333 72.416363643732
76.69044030577625 5.083346864221616
25.692773253160585 77.77921964332415
75.09652802525 16.64763376024968
39.1811297804996 29.360904181722614
48.09286325828146 27.60434601287647
65.23426757441831 62.49045509725858
2.560773788432047 64.29487795004873
7.1647043604360245 50.59669796389937
38.14531088969557 0.609653238646124
44.96738111334402 39.1317493232906
2.1240992554793614 22.712998168478627
40.87439081931682 11.239313586401046
97.11691571165719 1.8512461259902135
28.657503141330565 51.03964184473846
78.15412572485756 53.61155341444823
50.139593595347655 37.93155284420631
32.32443859165034 49.392419561637965
50.946108107093735 45.116368461384916
10.185632704867931 60.83842308842969
0.5114300464408639 41.208823722276456
11.686271092030031 17.84305228231964
47.51546857883577 94.65293746657085
89.61209141938417 72.18662980649673
58.09768482465017 56.83206361021105
52.313568119010355 47.90154143016646
65.06315292817219 82.65717766482923
18.929880051754356 64.9494569575565
72.37787450219724 43.83325552159312
57.06342448316135 54.112187109753464
28.75402355931447 31.04138032817604
96.08484403977432 35.27353056660238
25.841170611702136 8.662149762371918
76.67892768472888 3.8722164499134126
68.4413257858549 2.913886871021454
4.645119087427785 40.84473108361637
93.29972036615767 46.05335307264306
67.15109904740618 74.28629883833945
81.83332331922195 27.174810131693384
41.45611085644567 65.99994805472814
57.95500578633227 74.1942932272184
13.732990700222825 76.94370280322975
65.67217032328384 57.808807255591034
93.07358344372622 24.213146286885934
56.90335783124384 87.99467359910184
43.78451495566744 18.002913682741706
80.52844579757881 22.48434120546895
49.85766140852888 33.82568205498825
57.51876462659382 14.131446987793039
14.334567730892678 5.712666470653982
64.12385373217617 73.25009461472163
88.79228626196122 16.976252559265316
27.457901242200332 25.70065340560278
23.849538439566565 86.04086028846973
53.12061139418803 42.07685315854269
0.4729042015249041 0.686787867487193
41.50605806918111 46.51726921348301
8.405185419882022 10.357780217778823
26.616414985908655 20.24582055644123
6.608257608697043 98.16263813649495
85.10189647744333 21.3643405661304
12.601056843034996 92.88104075589587
36.17516626437094 71.77048847704256
37.48627700981595 16.03394945737382
50.215281444608074 59.741368347461176
78.02192348816467 62.714398248047395
84.46217250052288 18.596538689278574
48.41969622149649 70.43404507713899
60.883613347970055 36.10526006634156
3.0857122240265156 22.343925549593635
19.567174815229382 72.90890704794077
84.33076576760014 39.35967586400355
85.10189581639332 14.456980484879288
10.019819322955769 58.02109462512831
61.7925960236777 54.188203146304126
25.953409736497857 61.40144246637562
0.21929144114793964 77.86509009335003
3.5761195133597545 19.553149823972802
72.70567811866499 76.48683184762959
11.158778946399828 99.72392395011452
82.42979955645244 84.40039672203092
27.05359095277594 22.544151081499
63.46048689399581 23.69114748975093
54.629314240897266 75.2424619554479
53.32353355365256 19.165213061870677
35.15920361919086 78.48398141880747
91.50541637942561 7.920573996425473
12.005189848365072 12.312162128243365
30.0719055538718 2.437026675825993
69.48451312258858 38.09214862269536
2.1447585216654463 1.4250603589493482
28.84486902717751 38.01146262167815
63.78079607727861 40.74246883893029
46.00050934855949 34.183453523307264
98.70413005229304 26.07783772047405
71.56800487842841 62.5996998982964
92.36478459205331 48.331587860484795
1.2986358973267498 68.74371650258605
47.788638990062125 7.56145600092516
76.91461975373305 80.89984868037226
49.36347378389733 80.58702729218876
85.99102454203594 43.54298020313466
23.806688999144676 50.77730022449528
67.31291685848988 54.246714710530796
77.97370477013756 99.32567604536514
94.38862420405599 75.44416080761451
61.50400366478716 2.034579297960337
24.742367194434156 80.89836419744614
51.51853811936432 93.15570511226014
72.32273128862568 21.4270322382645
59.67547235661321 37.971642445149925
14.425984350892252 27.871747736229523
25.049823460378818 51.715967839993716
34.09571004094176 1.4146467386301431
46.31615425095165 6.105261428896835
42.048948381166426 72.74352461479866
97.87040175102658 94.66742379502115
32.84597386835305 74.95651671388705
93.8828850354542 26.584002337301893
88.33294596193494 37.24149981090282
16.871485975054878 46.090784455839454
48.566342675695395 91.06458097640903
59.85186067173518 64.63352831370526
30.80573986890166 30.880565086332336
1.4923511490803287 11.404813883162578
9.895394679030002 34.661151898364736
4.385999125876139 60.51246280793625
56.90673818901168 20.60833198227502
57.9153231610714 63.811224390074194
14.906550683410869 91.0494404713779
85.6935367686024 1.089965845365759
56.564319142966966 5.860471427174452
67.11636828485857 49.52122134931081
25.12598901537405 26.91453386106585
50.87165329210044 5.919719386666767
53.445345687669175 5.293756702200647
79.02937450141154 49.53101437383383
16.923975066992746 13.398003673351688
96.60568543538473 68.55167724817112
75.20449405504857 5.676384331279638
34.411571066074195 4.406925916120896
52.1960130401265 43.15441163441852
79.15138616077311 83.78270815578746
40.99347031974243 20.497273276349137
39.77989420244248 88.88869050448905
52.523923481336574 81.0794049142009
73.39958319700067 90.4144974182537
80.07984106750877 90.02747703144371
87.85848970482458 13.083394293919037
4.740902238060407 74.141269110581
46.626089282448156 82.67759121360938
59.140576492452205 74.93922520616543
6.950786278520116 14.160771095335466
52.61180009656014 18.473433958351247
7.511914918629136 2.984468701721965
43.377296483860086 7.85667963310962
16.69409863356497 33.37923134578617
63.556930961275924 79.86226334497877
31.453986781356093 3.713080426197346
48.99035254429507 30.074744651637097
84.84563372644271 80.4233255972057
21.057350076443736 78.76707289974841
21.293171709059745 91.76979962032759
46.636559237971255 92.23269007339793
0.4269436752533107 49.314119277628606
6.294076720685016 33.983382663480135
14.957948196555549 51.65351465354108
90.18645549647881 26.1778252841924
64.00195067744653 62.14981927960205
35.614973412930325 68.3106454630076
16.47720604262968 72.60264591633802
31.482414447447315 30.857890978053927
40.15981759282102 59.9617388025607
23.901621892144743 16.941281009008147
56.861630064676675 83.72241628313765
28.657138278071738 17.279585622406035
4.036262554591463 66.11363705048862
70.31360109033497 58.21482417901082
81.03689228509784 4.926457118811978
62.379605853141705 32.574612054951714
93.25497768508605 99.73800625997997
46.446009159748634 82.31245924363463
21.928630543301043 56.47442863295906
26.979838017945113 93.3480481963494
21.508868809372206 17.565644710083838
70.54408810043918 61.5377826037714
22.655605035942163 15.320093281116165
58.94826263680598 46.633542645314165
62.52029364660531 9.882655700160791
72.55451617832941 43.3935691008554
2.4167587909188604 10.363334830759818
87.30009487795218 46.674980778375556
92.87612634054886 55.24716529375281
48.438024770779684 57.5777752957714
97.77699237719672 11.955586103752802
39.13294275064639 54.97085916724676
59.58061191184616 56.50789206557033
93.6958600558128 2.767627889339186
84.0169935890508 7.567380089475062
17.052267792282528 12.715147808878314
51.40252565285083 49.09664152975496
36.99049030341389 39.976209061754474
43.42057573120939 54.46103157305085
36.31344257041496 90.43910678577778
29.18676470338556 32.176628760999435
75.70404071431287 13.781127828202278
42.99116148048956 73.97805949461791
44.94811176462831 45.40228569057858
32.0119162678716 56.05048055999493
87.4783565178534 32.75903569539123
60.96628497477041 42.498158832452184
23.536028071959002 30.643016733776307
59.774870623271504 20.452257851796098
60.013204560756314 36.31679664895459
16.5031454816683 41.10112091347787
87.49275234155091 64.48709817101724
48.309746948910046 85.57036184843419
25.44321946272825 84.42682674137819
98.40442828723049 40.651855826946424
34.80363731430005 76.83702466219958
66.39465891387887 55.84256377934098
22.405546828802603 11.578090775671546
63.33920623236339 11.344528292962252
67.53246435799045 29.74927130568046
15.721528094854575 65.34525849254142
57.374887310001945 88.43499480324219
32.31524002851397 14.968918856330193
41.552811814157245 98.29050141516468
73.70302776224477 52.331942854110515
96.6511305550555 24.10128319493474
53.652918610107584 92.82056031013387
68.21170797613999 23.405840331126782
26.55707176049016 88.58659092051693
66.74819183314045 43.73524058413059
73.89205448342348 77.91055689375882
92.8319549729103 53.89269727893259
7.815454252390297 36.652230430498456
15.355535443881617 83.65973339985453
53.17550917244295 57.23093754008046
13.597252271343852 53.70496659322108
16.067374399344892 31.049911753341576
62.05241952277589 12.19952330425298
52.42640242397443 53.83435291688789
20.75966667362934 13.945587396482217
7.758522159045733 46.01894290857616
17.17222322221581 40.7989366681124
26.774809682093583 24.627663133419595
24.47308646199362 81.29548574289743
19.028409167927762 1.852828211730062
38.64174280602357 47.2365988227674
92.95461439969927 15.723946964513225
12.716059675659041 17.477382202253857
52.01479032143895 99.84703383222686
35.115863750674436 74.02540381410267
53.42236841072195 23.494952449675345
95.57980071654755 16.08298827824558
47.27726363224766 40.04582389137254
15.24004623658991 14.934084638912104
87.83709500851468 4.057036041214868
96.54228089624213 55.03694137259456
78.39924399744456 4.212236501496691
60.1858406957181 77.88077323456538
99.09082750209298 97.32526030150748
71.30419050949371 62.19132713338681
94.6106119718218 42.7573750090001
37.83210775717358 6.729382434462217
15.300318484579279 14.25366449342964
76.49496479674063 65.78035313531493
85.67180635387014 50.76617142052583
1.54627141492778 55.82227416202126
5.437774803926665 24.615833280231
47.52003023558697 56.125383461535016
25.61973285631701 60.9740209348015
25.07717140276753 61.27054256083848
62.67047409109841 60.33869846065614
45.667552417720245 40.92199390851094
90.96934929431802 19.893072544858025
89.99352337187119 15.167522963855607
73.72416321416473 98.15063534320575
88.98047990470796 67.14384983308956
96.3841241228563 88.40652458381206
54.697796347037745 5.625131537735861
4.377721301302162 39.506087223616696
65.95259170211818 9.648014523941706
4.951430569451043 44.54898698913931
46.9767552509216 81.53292994201317
49.28160713407964 7.036450682094031
94.87935816864946 59.560115520507814
20.796000656980162 62.5341019423265
3.393792419345465 93.98080008336419
93.1947844589435 27.697459326434537
93.14836516437835 92.33887368388912
25.50968281459891 3.848541823028895
46.54597488547526 3.7384809351796555
12.937216251424122 88.45064683747412
76.42721084163385 77.73531125151807
58.67066767750077 47.16233945833115
40.751286755387625 13.04001159086987
61.68836315522137 90.18578707329249
57.254378218937184 66.58089006133895
94.63131815399544 57.036079457837985
54.010260442870916 4.833669649175853
23.43270111626682 17.35083813034236
66.0718460032225 95.88008364164556
11.93607256061041 13.867256511094528
15.217345026512719 22.785969759215654
42.87829807496751 72.83136387340848
6.03525550826739 79.63015406397483
75.93608065734274 7.972537437690197
22.825184065079185 78.54950146020188
1.5512490452481154 54.10212941401949
13.34295666637817 36.98360221180368
3.07990398989052 72.6265139433451
96.69390864383539 93.52946157662238
8.474311401416458 24.505421231104087
11.5101835348848 83.74612583634767
85.55019308357856 68.12800711209754
88.83018995283349 95.00444871897632
30.471021014815413 77.30743442737466
1.8841365879995187 79.21381649403479
22.517683084054628 37.57023068579494
98.94531218835718 12.043328161688072
59.5397073663782 44.69254243818923
51.381690019917 99.41500608731462
82.85959734168391 83.66671574778016
6.856849857452052 48.1946570384022
85.17553938738682 32.65180096376004
92.91131412550875 40.06238706330091
42.11185644536426 42.75501439240392
16.48997841022295 21.616404753318864
29.734050954663594 6.458148601875946
