760
15.802489646561169 1.990470000610589
72.68156578212115 18.890954023958606
22.109470054254942 21.507206279212753
81.5709253720594 15.291854199362154
45.67228124730678 27.46305512285462
80.5091334514483 73.47363401993955
91.63379254456592 50.87511289062342
48.53170558957669 19.521837845785484
77.14198473580058 34.076981982616616
28.04700658197322 3.7671821327553867
38.5695624017348 42.1515263960071
70.09941824983554 79.9511137083002
71.01332454676212 59.974053671424365
98.15652780897057 85.69228012280293
61.93190242708459 25.133031687140495
76.24864382396176 9.506120913005933
82.85874931013788 90.75144540860641
94.95578533232005 71.27408081612809
12.869599081693728 48.204296043149064
9.07078665899962 62.90745020088937
97.27540862802509 61.56028487836921
31.198877131401947 87.16125244876697
26.182461398929636 34.960853066314044
89.4765896430602 47.50978316930754
68.57383923599447 21.274785009201647
17.665631865687924 19.454163809338375
14.923695872505727 25.07488596080628
60.30800246173571 86.20985010520693
27.221718492014446 20.294899376446384
27.11514369064705 58.68097823744242
45.25753830280161 79.45728802030075
88.5907908603569 64.38006597907551
5.085533140137133 40.1823572303834
57.03553521073849 62.162837942161694
55.38496564721424 90.83180512838723
83.62293582511093 67.06374618138035
74.09463087916737 94.35936545839326
69.82180468308704 25.2484169260618
4.853502349620998 61.683523036973895
27.792983150660422 28.090132721853898
40.968681683467686 0.6487031685593392
89.1625751009083 2.255891266213872
0.5957102835666528 38.803339667754145
50.576574958613506 80.65356479969988
30.83777376269945 17.442265466478833
61.14697403609871 52.76843632833399
22.299345641007505 33.60236587592814
18.04892300979204 98.73680085332622
40.08801692543518 14.092766488325026
52.066021019811615 96.74186793640452
31.607313090731605 57.371995263367424
60.79068913933485 68.37826853845914
56.85868603408836 20.95228282716466
46.20199105956774 13.927127992301102
75.71788246315624 70.68543180281685
31.580833854716385 84.22277644941573
73.98597624772917 17.70692056047858
62.424400639348 30.760508136689456
79.88336857302507 5.495528517898629
75.0210491176086 30.98283660921831
74.19312929790479 23.432443591716133
67.23077726377247 43.861463615921124
2.595378336595666 2.8679615799660274
88.44272722795687 99.95736927788641
30.45687210133321 59.329488185431835
81.3168069591405 93.53084144332091
97.62850919446656 24.440684153640856
98.40991166075861 57.51073753661484
73.87839371994652 68.92595428796011
91.93788649704854 2.4004618458913773
45.127484004025874 35.68692626675346
67.36560405797613 59.68765103792817
41.612923956240266 80.2069348703235
85.72261655261975 28.700819325751414
6.020029872712984 83.56150731567398
34.93651611074129 23.500304543412053
51.791293410967334 89.9445019734516
46.944954583910715 56.31024495601877
13.92066174078902 52.385606105875546
97.17167468491965 14.340113721438474
22.547905459751572 48.38994003902104
34.12257197027385 3.3044178354651565
36.88753088927946 2.9189152865770396
91.88116140198626 8.897969521350069
5.233560573504614 54.4998516773434
78.21717571200169 24.478969530545346
44.56832326834823 66.33578899398911
83.18938404315188 38.51398088271731
58.87462829646092 40.39325550366071
60.93640381853086 98.69264905955458
12.810369649491415 34.11524879589134
21.131177672788592 44.57638653330501
56.449906857361796 31.739293206888508
0.5274161414503209 19.495104853456947
94.32229792664457 38.05141494210312
55.180590674420706 38.97230655114916
29.538099627775406 78.55880381310989
45.25963470065769 76.9700328284584
60.81327350890389 99.93573894945847
20.97718876710384 84.29986073093387
22.067772390518204 8.414557505727826
81.61990721935814 85.88999248257716
92.39039112489247 88.2710129682191
25.106357473852327 77.50025990975843
71.62795921004914 96.4872026490917
13.824089900357961 54.094515385464035
29.51274092071927 69.24588807565037
77.96191131192262 73.24854107271918
13.856055238439346 81.86579497742761
55.142570377817165 8.545793403300749
72.24247956418071 51.58704492277465
42.58590197519003 49.9219450625358
40.81337585021607 78.71046203880506
68.53149301050173 95.07621836635798
4.8453967678792615 26.004159938831283
67.33784698155056 66.99030388986525
27.62232513491949 23.006949087338658
68.89829952175975 81.66523150394288
48.648953537251174 26.382124291185562
13.84941632051091 76.40754073090305
50.49004235078497 43.27073279665643
11.41113680704371 91.35263113470737
25.8270214151767 30.383503848741398
47.80311713364862 91.39028959626614
95.82471945145193 17.587126439592648
49.42303103490933 3.3411450122967645
64.31583437750754 93.491001502583
37.12175263840201 28.848057091910118
44.75299739772761 25.060466421457317
51.212938984769764 4.3858013024942855
79.4642459042128 11.787079008305101
33.38764006072299 61.087692181627105
96.06844247119058 4.366397939452671
13.422549838409015 27.90939900002325
48.03437757783805 47.592966011869585
82.41000323127633 55.18607948823349
65.49193792476828 53.35949211664241
5.909298390936679 67.14380681710203
76.2068963173234 19.213185909991402
70.30176631766997 29.73586424315605
31.075455095991277 25.797840513883273
54.18671730543391 21.60160750474972
42.12793994889479 6.412000848758604
27.553785855469282 31.48099124442554
20.42863303354372 58.243835843954386
46.94561254749405 13.581572997726054
20.830210986309627 46.491064323732154
26.249955618729825 21.969370629056662
86.59759559289084 4.172601930620845
80.55947098928014 24.238865243176456
28.033238859893615 19.720192280046035
66.24635093096481 0.866601840704273
56.659027122216976 30.417048644320243
29.66322439029844 50.80592129607959
75.20930610253932 80.24077486730434
82.77454436287911 92.70872240507346
3.1887952501708283 71.03841298865903
89.74393306471462 48.984859670553284
15.391909957261685 51.00770630344741
84.72099460174549 53.514944179420034
96.10079436304088 97.80795586454903
99.94598795213282 52.225626337348594
54.41289294686834 73.44237938665752
55.73830361793257 34.96346766056332
20.76904998673261 19.99375237500869
52.876459443800485 28.321631123453418
50.33801764897486 61.238482915495986
68.41708794815655 22.039130110522397
70.29689874272297 91.86024355437428
99.06510072471728 13.244416165130424
53.993436936561245 85.78844845169256
48.25396821706659 97.69992014020863
48.11046688696025 24.31584260878239
70.60226428555582 63.85266758299052
25.663630808317638 5.5562097006578215
81.11150168540118 37.787803882030644
61.107378376534086 97.1075228941695
12.786485723313469 58.877944199505535
88.74436076129507 93.30333165406687
10.517729539949405 69.6118157208504
14.756006418980927 16.330861122764517
81.95023301126534 68.46043554359493
4.581290905347446 86.19331122345054
63.06338341352383 72.96107968504319
58.59083224458357 26.63374829691969
79.90995854350484 77.45009403985004
99.30301940430527 30.671917708403107
40.027479168785305 68.38822546620685
63.30013465897009 97.42975483463826
64.5834151448736 66.18891543077152
0.4593219822670802 12.90247146678113
21.415501962115858 48.544822396106134
52.85858812770549 9.908039216496146
39.59975154555912 83.09688885213355
71.78809602706964 71.71177204445928
68.61850802578661 24.791506208754278
52.414702609677875 17.854808850569803
91.96679823611427 22.55054234413294
68.9290169613867 40.31649004783176
36.010490742385 95.57551754580153
23.092901471764982 84.7690450200655
75.95697369481536 54.640249904000704
3.0565732956119307 89.82418090856076
30.88812860783281 96.25538949293139
88.12467782684143 18.531997627156226
0.35320459854223385 69.68452233425946
96.43805540166663 84.63862376816628
55.60274363300347 49.701911524964196
94.06845806680204 71.72139616307607
33.51423639244872 86.79764360900009
37.3089136995214 56.86006919185801
12.035381776145504 22.213672848871358
3.6934512913839423 31.293843362133046
0.21338484228540233 57.987210206882224
68.40041048085132 32.89957646567541
29.80508746734598 28.458166727004187
5.7594231299195275 12.696588264120322
48.94513255445831 74.84228585462253
3.8646186959254814 47.58695254913192
66.73980364703105 38.07139339724787
88.3079413000688 46.249829021271395
84.97241650691423 22.58959317175988
57.70517770327028 76.07766448094382
3.115778337958286 81.39599450283296
27.608948153068535 12.251672247881174
70.45488132537866 40.10111727132769
10.619829411690374 8.03492966693713
4.884290752910925 33.103216604385835
2.668032342783122 66.03920511499778
62.088701774578105 62.92560723947555
91.5807921638437 73.51274785941314
4.894062217526729 62.07602779632124
28.10398389394052 50.30392350165044
75.90140211626021 57.09496436249738
0.3427423765883453 62.55995620787378
80.40068037905998 46.30381504586809
96.58777102581246 43.13199476192649
5.2991407509718425 75.01254680204111
72.00516503025031 17.70854702523327
60.158361985951544 64.16598467933723
25.050083598173465 64.29724901114434
84.99536001435115 36.82740538140125
99.94662719096374 72.19403265287632
15.861459755806163 74.78864647458254
27.74402575664664 33.0557327732799
73.91215188767316 76.64774576879152
77.34370687742056 69.65392101179239
71.15336833010369 12.34698115359334
56.537616079396756 8.919387194807582
6.505819927408718 58.42034035501036
60.8904778087068 59.409419126619966
19.749345574877086 90.81956152116342
77.31362371760795 89.73041787919293
57.2453800773844 92.90557748090374
56.181514356718644 67.48646240164207
31.558485173340035 73.52392001747057
41.98336571140872 67.31745856362632
92.59742950826117 10.112634353046502
16.245314429961365 54.21667321468594
13.482630008684804 92.99402004266095
13.7679182698617 48.246033317249825
58.90524241482219 72.74953375686002
29.196340689429835 30.428480222686282
78.54899995988123 66.7260653103039
77.7813728784764 81.28093527588885
44.92373523642603 5.748108110555783
18.576425089444747 30.225349874443186
51.9747387604412 63.124922373844136
14.194889941725341 26.95140857948012
91.89947678281618 85.29720900412586
46.91761032245866 92.13605429490761
88.72394854112153 67.93262809468825
60.41755971258252 13.164915764136554
31.584821292346366 45.38398768270966
58.928611808224176 62.8181521213104
22.645045693599762 23.674315329533833
43.653758336867675 22.33820332657347
76.56919287302446 78.11208416244384
64.74521452952334 5.980048502472634
61.67527052319046 48.25055990655167
32.41857156011885 89.54760207855693
17.6696560825791 53.79804579593163
76.18132732302844 0.7311555593141672
35.495320968547986 71.3231497207993
65.06532008032401 87.03376192156945
65.97368528574428 16.95174495718653
77.94750260566572 17.07087041779064
89.44885848867705 89.94991026178556
93.11135616219339 19.036916877818967
45.97011767599524 89.80825729942387
84.92287946517482 48.91532888123501
73.44567450143148 76.48767047342082
19.974089910031257 79.57629075388859
61.26142765895326 72.90972390742522
24.37077547387633 18.579761026050534
28.579879277808384 9.162115692218276
39.416330726990026 66.3215673377768
58.78381110353548 49.4575464564996
54.349281692549745 50.322966173864636
86.76713366639639 50.456417742704
33.628162109523316 73.27323404310151
34.1272975747682 54.07062928743169
86.07491633914266 32.08742537532488
5.372820146507662 95.3538028949928
83.10146888421926 62.62998383919813
10.066926174766522 79.15221272072077
87.49499354287133 83.35119864335724
93.12657799645473 10.372113676095607
55.63135652476549 40.67382518597944
47.090510963654964 39.855128338879965
89.15191740751794 6.884520453896926
24.878693180408273 4.917782435933271
24.765103961722502 98.72518970317381
7.65098357260695 70.69580864462239
77.3487592102604 53.721438362934016
85.82372056762449 94.94464947240822
12.918994022040508 91.39241684898558
50.468106829697575 68.75060461499216
67.26976844805516 3.294429704119428
52.42289049148954 22.009905407539353
83.08506256692563 53.049367021567576
60.96520664273777 29.32507968418291
93.752301121266 55.3888154789139
66.39564674317876 3.648423142445212
14.665029066575652 38.73930207099021
11.904818320714538 98.53176925498437
12.985847241063963 38.4010703532097
84.02711796575147 63.78621744397594
6.805011555623919 91.8414933478728
71.56624266371256 72.07660339128319
32.50888490663715 13.720053586802727
37.41384504662032 14.897081276722435
49.847956039413624 68.4551444777068
98.69031457835223 56.765446251734176
11.500911896032973 40.481493832521096
61.98346761206784 20.42681124888087
36.77993512792981 68.43347960044588
18.260733803334418 73.90089348147507
6.655137241781284 41.61327681545567
10.924379330477086 51.99159520120259
24.998159765905413 99.33818520137905
19.08999835539269 81.32105090005925
82.69604516576922 11.577445001513176
33.5660181049371 37.69753315817527
37.83882539374497 35.032905848198595
23.887823803402817 63.47557970424184
60.80758860456225 23.240719426511845
7.365984707951235 12.887008464688876
87.02011305772686 20.205002258387484
41.14959744363753 83.51842678216701
41.01797171739582 46.79426055293558
56.413482966715165 24.52453977591724
23.614395802108767 90.85328246565338
56.89205670272981 59.19599587968823
64.51852037914675 92.36519044033568
20.160898273381978 51.09316645640344
41.901197179975355 92.66826307477068
53.20923956804684 85.26178825233097
94.26991352995073 17.971423395224974
32.67669356712949 37.95209588755344
25.25127132694903 82.78120430251853
85.71301795512758 71.80359595680437
52.48353271434143 82.29160674408382
63.12419379797222 32.26841431216093
19.62124468054487 42.401231268110216
97.46521509164901 71.91445540846266
12.795720000050038 11.939684638233484
77.705863289594 46.7680056307827
47.004858128730774 37.390737853309055
9.328535085528234 92.52365027635766
83.85368428244348 11.584453407884865
97.33303922692109 78.82108476519606
35.53155061137757 40.675937015969176
47.6664986861849 99.3215836459272
9.766369060326019 20.92918523419761
22.03266659466082 72.00622536565177
3.8742758192901072 32.22851848105488
20.04608665109138 28.16819679747855
18.640058454528262 40.41078772673714
91.06283526392669 2.3987749833204397
95.60638687309525 12.453533254305949
95.68183419390499 12.662424395995743
30.38076613996621 40.4386564051638
91.89345115003613 64.82475996607906
18.904860077003228 13.250517000762517
58.036881126862774 63.671603613922954
60.84342965715699 33.98069222376474
14.969439724741296 56.32874432942432
98.70912615494683 32.5569278610576
83.84067976870013 95.90306019781288
73.55298211765178 85.59900571836543
13.107412300939236 73.08084111645945
47.05158470997498 83.63902146016835
83.72450594378004 42.29122812209957
95.54104110808576 41.70605172822876
56.74417752305339 3.934440395651795
78.12167862553844 24.00507568835217
9.461014227699637 69.60402680762964
15.802747342693202 54.547844411962444
48.09113228794376 6.852043590640244
25.669650342675176 19.187933425852176
91.95446875511661 56.47200172614446
8.33735591732454 86.64092940246248
56.47862818974656 24.71305967391165
33.94707047558111 74.68209932907324
56.16220431728705 2.585167596775495
62.83347995946671 80.79317793041378
53.08451268677907 0.5248554851160825
24.900321941641856 44.01410548237532
72.66235443903689 54.5775413249214
9.236235044766495 66.23785649219778
65.11072698613782 3.2630456652123274
45.63781577518407 41.8399914569854
81.04471262909948 57.61873517346673
79.02764788599812 13.572723733281656
36.726979491180366 90.78979560507324
13.501635663740863 26.87646553986753
78.44170736207272 23.071064960996523
6.7611088500945655 84.77135683421973
11.758475707275394 62.163278271248444
82.73145732614074 26.11287021316532
9.574919045780794 3.028578847561747
15.204596330280395 49.87890959927501
49.86008937007659 6.137789676644778
85.01322531565421 49.56313013210504
48.929856912769964 21.572905165446976
69.78111577401039 41.84512101211786
42.99571635681377 48.92430115298435
24.70547337711453 69.95727323993336
87.04408282553709 44.33969280739106
92.32384083813264 66.98394114590452
0.754641440292847 8.309353277012955
23.759353556294872 65.03381488901462
96.46028331983084 20.337189227923492
34.905375481743306 52.67291853149142
10.504683265513115 2.179510652848471
59.79645389783743 11.394216418272585
74.39003779565179 17.50196353313744
77.28085668980724 97.05973098821657
28.352747256602672 67.80931438271173
18.85864473434815 9.475853320570938
64.56291192028625 71.39959423637364
21.962557135214755 3.713166422671965
2.6296653914287482 63.44941633372974
84.62569348423298 48.07577296231445
83.30330399286109 15.979657481426546
90.67532503552498 52.23882760568516
52.6831533168192 21.022870510183523
29.784132209066527 58.67808619959902
96.57824063330312 57.80270726841871
28.97231426418665 83.20171582768204
82.59671353924546 23.230985807893735
71.33780355055467 60.81655341515536
17.60664431075254 21.41480769295597
11.151468964212052 65.35696938005076
44.342721973648715 49.833080126059606
52.23111854385854 27.82021034468727
6.961998541762437 72.3632782164383
49.05204556190231 99.95785715162143
91.33860608228167 88.7030302872603
31.237758163752204 85.55295772575522
73.18509968096933 20.70278696254907
27.509976698754144 85.7577033277144
46.69371095591804 23.605084944214482
58.95069791880172 75.7354078038124
12.729994812730183 75.35943492070516
94.73293403111654 8.370799900548931
91.62294867956611 15.23715049336609
60.07580658081962 67.94574174334551
40.91944985563393 93.9184241275542
74.20502085902825 71.19717129051098
56.07117466297158 0.8466916554048742
69.01199553524543 47.81472917010954
91.29534766115725 43.80644998651865
85.61925526394035 36.78509384466038
37.78146402597011 51.96877279853508
2.8092514886541298 56.68506003659694
18.2320409544092 2.0443317828931273
69.37513997255414 70.0698539492162
70.98908547241656 11.09880011785853
33.97252177124462 77.43234135509451
70.23427879896037 71.40768267922707
96.91941371336571 64.09084104101622
35.22189031860168 10.94441127071224
82.2455520639226 21.90700024427703
97.879680095109 26.771246407611947
37.54646938206365 52.67961164096865
20.577905802949537 45.35512437674636
91.78934212857122 8.991945707189497
79.2738431003161 64.8674104986522
27.190823157160406 6.579663272368663
45.19215845099773 97.71615776782842
24.006920634512618 82.24161748534007
28.63312103624166 73.91172934211924
34.98303840099764 33.85047070455164
3.2254683435204323 61.084192241569745
89.94356286824157 20.81006460243132
44.90561116394552 6.211327444271564
98.47209868494856 8.896892379966392
99.1157173671106 14.30842239286637
31.604611324732357 63.20793957298885
92.13431863763388 15.947239413993975
82.48372750975504 98.746384983551
41.6033911946053 78.57736996782239
50.97529137030355 27.521921192583342
10.878232964930056 71.51078601658352
88.88531533009801 56.61052098271669
60.09571100051758 83.24256587923252
60.302468629660765 46.07034900399331
59.25584963842412 74.89871235907381
59.5408978482546 46.83025741422694
37.37723126518638 29.02599044834522
35.64850223628654 69.04444461669081
29.44270419018169 49.95361299596961
95.41278303686866 90.68904781379837
2.022111272286764 89.9933820218869
18.90419853113424 58.4927111698164
87.55625269923208 96.11817144283724
77.2751458870011 41.61216588390134
36.3652898268581 17.75261484403574
43.18006360835368 44.934732051411316
98.4989134150547 85.23700683869001
47.0659950902514 82.94177725547283
28.441942941491348 33.21295515808832
7.619815535943985 48.76667536510448
94.48678651593154 13.678892970607247
53.05092980775127 51.09400374326407
26.571144352912068 57.85646765389405
18.677829639830634 14.06677700137694
73.33027340010943 98.453839618257
78.73039923320604 81.88819196593352
70.65869158047806 36.3008582649434
91.00037298598072 68.80426117400111
63.96795958304972 40.06077609760689
27.922507919971373 21.895206315390737
4.048521850598263 40.48388063712007
78.2673625060744 54.52840955241667
0.08328439171206847 74.42925619411612
53.92867788665472 54.30475906853942
80.67104129330738 2.842477585704839
49.479459421068874 33.749700282971915
15.941934828699743 57.808101598267115
71.06839421880386 82.42218987831757
22.164450480991626 1.5682084898794968
55.74498518224888 87.5184054817072
65.34136941839168 11.12747567403356
65.30349603180295 95.11395878631805
39.40513293308586 21.13213228184726
26.71152411562265 56.48423793107885
48.10269854611362 97.5661094615076
77.65149634140143 80.79047317177248
6.102641726892289 94.62582914372328
2.9763346295132775 58.692629151308736
75.44254588404647 58.590017098494314
75.24828963576999 60.06089672498055
11.427846433683964 14.120037427153175
51.25628164740944 66.6925416998589
5.055999337980377 89.30111191374796
88.40763183005139 60.272493075363165
53.14666239567492 86.19263857460756
67.14319570590587 9.358411515071175
26.060508642330248 42.84977966644319
66.71557779432055 20.16728161852758
7.243879383004037 68.60956052301543
13.138601821915453 36.74040354063691
93.72281955952771 70.31249085228711
31.81951375453619 43.81401484417723
70.03203818707462 97.49576318536839
36.369936553934664 15.228656536276496
67.42471857805819 84.90449825765383
56.87022255524726 17.517019916334398
31.281572002878065 64.44874271610333
88.5476557196461 33.117085989240515
97.01138451392752 8.617332338419082
44.71317156291709 91.48961705085034
26.177558912304665 70.50887272485289
59.27720700733793 13.457386399023996
40.076549103095694 85.94804896449489
71.00012533404532 46.0433295359237
88.99148196865023 64.30364826972779
48.2683073240505 55.40065271618606
12.765565150333558 59.76138781425123
30.344531892641047 59.71109490575442
5.624167133459035 27.804038057770132
77.67294014934662 99.13838572143501
99.189334948619 53.84634070904587
53.70298016615862 41.37154681362687
44.96686951220337 12.853181176375262
92.67221733149877 3.829928343153477
57.32790661390703 65.65995620136607
48.26198934715825 14.77469368977793
6.655245762624573 73.01483586445666
1.9289170433431257 27.64532940157509
3.7673878730378196 41.369976506206406
24.723327114322124 50.157440599190494
77.61679448732289 43.265890504840634
17.48347157533606 26.809933486105
75.00706445629879 7.4371286543781
80.58237229942196 70.09759690532141
4.2598370788547 34.46566321188159
43.54085956672352 12.27579565500223
37.10033859562461 9.698311906392387
60.79712944588963 60.81525821638417
16.875132828678385 39.56223766632182
73.43776392729663 99.52928941465707
70.32321318543178 68.83721736288945
24.28496134241963 12.88351866139379
82.32855702763526 58.55553270692527
26.54093954571716 77.90613054385939
24.205466469513183 84.29020242758239
7.100900493316553 25.073938381485384
79.26523067219243 67.84717737659403
54.26646026369484 56.95154510646447
7.1847474394545525 93.85986653855811
50.45826728445088 88.40061544765962
21.532790911658285 94.68933167715278
97.11834720586867 40.9217322150714
24.67204667263101 86.30261767620865
9.589116439842993 73.35450106580026
7.020538709609125 28.31291735931556
10.16856458476284 62.36536453909834
86.50566750103052 22.52203997309271
24.82236699115591 51.33751165420629
88.63708953375706 91.49894248264555
50.72814372886799 99.9620845050017
75.21786222262821 57.36650326525186
44.30347484778701 21.020220554343094
40.66529220461669 40.73022528853271
5.4652595856757635 88.53558932495918
25.14648258809471 22.43115999130496
97.46873525457862 7.080869646762689
73.76865704540828 51.02194920610299
65.03072893374431 29.863908946006003
78.49675593302456 77.60844951163648
28.083045634761483 26.140723494751228
55.79929497893252 9.935949329527249
38.15730538405 9.625796206128822
43.418644506703394 36.77467835707417
50.91165343376248 79.33009110627371
70.34571075374741 30.84518529863548
16.46960667259313 16.222942005345097
74.26122599441847 67.94633745351358
60.014030825060594 12.475798007594419
50.69172740359835 57.58219246417974
39.83980979966737 6.569121892022334
48.0034988991197 73.71078065835118
83.67879354625575 32.732669872751174
0.8136803555109928 48.45523119010359
93.25019781843356 22.433379610248537
61.829096555989615 43.859637872848
17.194574831619857 26.206700314433963
71.41592829761271 99.06246399293943
75.89752182810481 82.2883016882453
98.71331408838483 73.31330454908638
36.565299272579125 5.679861666914143
44.87380669465823 1.3955305634351878
8.107048698089859 49.669244989789085
87.87320819025832 74.78135713155356
54.00773141663775 87.42959418663875
43.78799013905551 51.825238950643396
9.470722672157928 78.28718469354887
53.281608860525786 9.111033638502143
69.9903304733273 92.09199335892741
21.9231312355449 1.3102011272329794
34.687950948904565 2.114269228412047
8.22894353856174 33.76447053793401
31.581460407836037 82.35847792173892
46.37247017857208 22.660912703578852
86.12214105027495 3.5743917173491013
95.22555975929512 69.01497110911569
62.08452878468883 11.948854400875074
65.95496518807042 71.71852460228347
46.043827932827654 16.81964837139588
71.26189523327784 68.79481407608851
40.5614430056993 23.91329773820914
74.73432315702875 31.230466162861248
30.098839974478263 81.53350843603953
83.5594276973066 9.816957035096419
93.31925100245454 84.02974383312103
74.35121385860526 40.86866853636016
49.83197012371458 77.49107054044855
76.84303305978925 48.7063740169135
88.75658256651285 15.795701785339112
41.69532352060755 19.948937633522934
68.16412286520371 47.16189430370656
89.99693798717811 82.18088554985071
84.21320411876685 99.37624042074347
87.10966263985678 5.536899297799492
23.77861522489837 40.116725723889466
56.15004348286534 81.70705642251187
32.33226308985997 11.607282162461551
88.86705156151133 43.041562901406614
76.25423493793745 46.15521819852749
25.150624468736304 84.18341942461524
72.92324167346995 48.63701148267899
4.0233096973910865 23.560031755738542
36.914894942921826 12.425243283362963
78.76888914140974 34.22136421788906
87.3714353801409 71.30302974075596
20.56839374457565 76.9021375723958
6.027208773738002 86.67164722661263
76.84936729849355 77.66738113475039
71.5679767965436 51.007376913745674
49.954282573708966 61.20933040887158
18.933539209118834 66.00465757532797
49.29827867757231 15.582736607408787
71.22505406289372 87.92172923981677
23.700971488125376 30.66561801997729
69.43247658832667 83.54442212498861
47.00668704774193 59.56958580887077
36.112480665777866 64.72800054304702
42.46800628949716 95.53730462512607
55.10480455240258 78.35205216695972
91.2054031830653 76.76962269325047
28.23786178764014 19.891316457525853
86.32870525400092 6.978295646164434
44.638708463082864 5.317010856783478
50.46330554962219 7.04073399888443
3.0556609601213314 0.4028121614647051
19.185070458037067 76.28657320553516
71.00402679518271 32.01889096419682
24.24657323455839 64.58689161308654
95.96627692286995 22.071436567978044
39.32962779392548 82.40480493558898
78.25775850192831 43.136552963882345
53.21469332001786 77.81712535590952
54.739105130190865 82.98143644025188
2.424492015425994 74.68163190809362
39.035318756434364 48.3898786734424
35.314620486190925 97.01441762633709
42.88042576954365 70.49788915432019
82.80457629923174 73.55088049745541
33.37960400685491 20.833204938708338
15.761660643947561 66.5450602673393
35.91861157205414 47.07933691957603
43.61927999634284 99.07451968972964
48.80004688066089 96.82172600442047
46.02944086397347 66.33759739096726
26.779164428755642 83.09586756284084
36.26983180974892 73.65412448195781
27.043533475465363 10.243161349013741
89.61953035417646 67.3849083259268
12.12486686309765 6.0578873635755865
44.17430844442956 8.594578115860863
89.44255570745636 84.43919740938416
13.726873908063485 5.821389100688046
30.789005567869832 54.08004040374064
56.35447885955047 40.005581666487366
19.162776177823048 90.06673473247263
39.22893955617045 41.68468153131024
62.29892055836319 95.30103771948623
65.91439239232896 72.78323077972048
75.50660186773253 12.71673824272036
13.900992984528592 52.29741443406988
11.441436132220018 11.075569741971613
97.0295320242209 18.465241816107046
75.27003697816004 96.2129669082717
27.828075777662896 39.56994922169444
39.10784133860743 84.91464591885321
7.027997113181595 69.95646194536042
