728
82.56632107132754 61.02751153632512
62.2585556583813 32.5686670439704
54.24092549779854 97.39952177739917
56.431569476485635 35.240795620420975
75.71762514378216 82.50259139059737
33.5494455800964 94.89927699502545
88.9771163689391 25.8449200608185
60.30076456032122 37.0276586923326
38.01153550915988 29.15663862116974
7.262557864382924 0.05869242234002314
29.457690402915095 66.10237100072321
74.78555464887383 14.67985311101253
20.05499661329019 68.22308840147434
14.751397957326285 85.34358467004952
76.06853956714164 43.554995250414976
10.36680511219268 55.93557000244762
16.31926506525404 59.84371619417964
47.875424122773026 69.94153485497543
66.05121109896372 93.24423563553844
40.99176174128495 34.660621699967386
6.899071602922402 16.020351589016514
28.849360557904134 44.05626367987645
76.12645011692615 47.56770202986624
57.62904980537361 1.4643794332106164
29.614574989015907 37.89238686650537
61.36792270477566 84.65390419246702
87.83539602495125 74.9889769325314
91.3673045113772 26.01134151563128
10.000761766635158 4.182493577960733
67.36666852515454 79.13889771781274
84.48292642069413 97.69423383710613
66.15012385189016 57.4394644243536
76.52800753638657 49.521671274516066
29.833398970533388 88.506819861753
95.21964504370578 11.305278833087884
65.53581433316572 47.91062827561042
32.46717701089638 52.74314141043478
16.804966238274744 66.66983101514487
80.09734859712742 30.1224516832992
66.05819108055397 5.968292243774975
20.501193699220988 49.909925671238376
20.659942844723123 52.43867971433625
71.26854671644371 5.553461375404922
78.3595633253334 4.766324895883578
28.014636382171 75.57001448268521
4.452552506230312 76.7590085578934
63.14473644569074 47.8965324799949
47.54158456615954 36.605379475837886
89.43885263273101 24.954988021386914
42.413803912210554 57.544140770800766
87.53754521733687 33.79659807584569
60.597852768687865 3.8824068926257116
77.939732762484 75.86330925570572
97.97644259963107 92.52271868596809
85.6721919150769 99.03728055045693
74.26099825949407 86.4948797041839
63.08613696607808 36.47840378957991
26.556338120706357 0.12162022348222168
5.937163109484301 18.673801079046235
97.26408395090567 91.11656910979465
18.393691453324134 36.76408913830305
22.650536362095707 72.32439841623535
70.06709699911454 88.52012252156658
7.62922406475014 6.973423182319005
7.799232217042706 99.20189373291483
65.34068282392688 5.654907414466148
75.43034932911439 38.70517097790882
36.97232455167251 19.762670908109303
87.26428117360388 84.33271624798385
67.26375795027101 86.72272791688815
65.21152290668677 89.70556343182002
11.415636293672748 9.964672796810625
89.75970256602388 53.06324207761269
99.80414742417473 92.50960538859873
9.971658778633985 52.67455282305149
11.517699916709812 13.345909923125864
65.91855073042672 38.250759060422254
41.11019512639778 39.955749602415615
35.6061572569137 64.6632724334313
52.896251212420054 92.2764501625011
82.1159036676724 54.609408090374636
24.79016512177844 94.5571744544011
59.350181090102524 80.47872186684883
61.24134189260919 84.18052317572901
85.88512806622947 54.89042100012186
8.971353495788248 66.90869248598938
83.69425095291852 10.71897026485875
60.26902297449197 92.67082187699262
21.72440304725032 91.25155599219407
89.34095751804598 37.672914539144955
38.761835424374205 68.0169447116892
9.579393519506818 9.020418723747902
85.01941800602908 98.81334247754835
76.7391244749434 90.75896080483055
5.825988749902367 84.3119572855873
82.34118591163224 56.97858491654064
1.0422172156300702 98.05218205032011
33.15763049329392 17.87024744826423
50.90000065262408 43.81894800330679
97.6805819374937 68.03897083989155
72.84181765359367 46.25185501993712
31.36534920073878 13.951538782208905
81.6943506836562 67.71895282917096
48.28997226573786 6.427988261197082
75.84852865697931 12.092638752901985
39.068040316923835 22.592397540168065
30.50380273341734 34.61872693994225
82.96952232739338 1.3393651600800527
23.68880696381266 25.167134898845735
35.75145884183352 31.661516318782702
80.40724010911902 82.10225030873023
91.49481633833159 23.872661336951552
33.322090612919496 65.0458893602758
7.491881625569274 45.60728062575164
63.61758650229818 23.051715354612888
99.1013467782692 48.92429404359105
61.46466597673097 48.25317017711767
77.03696995691651 25.410554885654523
78.83735050642132 44.71883236135768
34.93217945991424 10.070279249436155
68.22501747376556 82.70748091852819
56.868106214260806 37.210580479899406
3.2441890069015544 53.2302070395406
69.53891099649535 44.32565922973921
70.52433568081953 62.140252083732875
91.05196614069676 85.73142315193469
97.5159593694148 80.96374478696515
54.15888299618462 22.350664482598916
83.48570758546451 96.22338340702032
1.960210378614824 55.501136949799026
86.20803759868863 80.99386469039251
55.864604914010755 0.3943774257498478
45.677602443309986 83.49822047225955
28.629335656032918 40.15485247452942
4.6484555310825515 68.11713043000712
65.8086396693791 10.84310027447567
56.244960420474996 96.75149851888767
30.54330471825527 51.13792796079662
79.98694108096727 48.65662571036196
34.82863950671996 66.44984930687582
93.0783777439296 8.73048839800129
61.50837926620119 42.0884950033662
97.06049260297046 76.28548544810735
74.57062183850825 76.20103922487536
97.87962845425695 26.648232552413255
21.809085148754125 39.09237283766524
98.06754696218353 84.11544726554634
53.74049037689051 63.03673951825903
1.4702656386919921 34.616277987555435
39.6367016233349 72.32234940709495
17.60083710828716 1.2393901054777112
46.97142859568838 72.55766965043762
11.20567351988061 25.691507491800202
11.977898512484408 76.02934316246439
20.034222013717862 75.4869300414302
48.978621850079826 40.91657146754743
95.28304097801478 91.64158835055865
77.41873604841446 87.1171068961363
70.94804190316356 14.46467904797103
15.275050872641138 72.35362915319176
38.8348158852595 93.4722293818605
79.45800593890267 74.08860516549159
66.45363178860092 79.47164033043002
20.157972557658923 59.33460377377935
49.17770154504299 53.99888326691299
31.234274054548237 78.80244505022883
57.20187637500986 47.13016613333642
47.419396583287075 5.944987722392636
51.35188830865932 11.738490759448295
92.5188872187884 97.3288509078594
25.89887811067403 59.67860913536731
96.49997968543896 7.063404012904995
30.256770578375082 13.21635538783088
60.87729437658139 62.39041709122031
84.59008527346722 62.13578558713186
23.7163156371353 29.201286117104818
79.1874670238844 85.22747022684565
76.82602007068255 67.81583173334357
96.37395543108383 29.838257636937094
58.83741352765563 27.9530862639906
98.56599907231386 81.94656092936974
67.75672648554523 8.990179441231195
88.26967338594525 1.0455228310193854
80.18720723595297 40.93914729948247
46.19376951224646 98.16440153008948
78.13271531357853 98.80989409583
93.8545658405292 51.47996771154154
78.24204418159754 23.495299054272166
50.59518415521364 79.05796180580681
35.68751263378216 8.239410116735446
22.87943847372046 42.43107690079317
0.9969806204939036 29.224024971242013
95.02799288016486 31.370275453835493
46.849055776876035 98.52546616030709
19.086615865898494 59.84236566911626
5.387436298903747 44.88766699443683
7.584147445500844 36.9129121831041
52.600465191940096 80.07577185593503
61.905360512712335 96.06989824691404
61.41192818914614 38.49975100135794
24.93410863815194 42.41648950072292
95.83922833979932 84.7147241083307
72.85186870943735 23.885075882948893
8.062707768193267 98.66504828754802
63.93539099337894 17.76127603539771
4.510711710226156 34.011534407470975
31.787799645760384 74.04473760215811
32.481252006064906 98.04758673837325
4.8588365409849015 13.353526150132566
64.13467194373086 77.10512173751106
61.27377028233527 45.46677404672441
86.93614570073521 54.92099731634343
11.12473255547628 28.655626805626856
28.222656797217947 40.19472359724232
77.20378181254304 20.235634309852056
98.58088976185236 62.04518861814582
43.10727603250394 55.85252314575162
79.27427785477364 92.9720700892396
90.97813454913248 77.36861311281359
76.52282534797446 90.68171166975372
24.851917639327848 7.132494506642139
61.24405297069784 17.767342917917695
6.25330081954808 63.128554156396255
9.11492053498596 71.83155795029955
21.158975314950933 56.94415543398416
97.29468420579582 14.805511639938807
9.494876157924237 57.18442551871436
71.51160543643232 98.30221474409919
30.156936223677334 48.56364964872214
44.40706605425435 69.3654535024154
23.146499443483513 13.525047481235008
94.93639021066821 31.588888633017888
21.080510935274877 90.90666298978633
29.94986038465306 25.85018435888108
77.05321910419141 77.74404259107287
89.64920801780619 70.22321043411743
51.877891761066486 70.54587555651185
24.744460174729344 45.1141610974638
12.580696439812789 0.45791633457933356
53.92315879716115 81.82602821661985
83.60109242687295 18.23511714132069
96.15102706139868 16.24734156124462
75.70746861076367 39.241750214483794
53.42532851670345 52.473686083801816
99.96017730353948 53.57278033497758
18.17572785368836 12.977678108692036
5.628342395847897 62.4069008199408
26.606650662151043 94.27907088549846
93.83271716220243 5.50262811503014
61.2146359261239 37.74163706209035
31.541224087025544 90.89029897002024
72.26875485729335 69.29615977626857
23.58838334430241 75.12342376384748
55.25741598068006 45.3410124406361
89.0054861447601 4.196023828903894
10.493884783005337 36.34758102232826
74.19956732126309 11.647072582422702
30.89002291673132 7.495238187048104
69.04085218008916 82.02085955135067
10.450587809217682 50.33412649675587
63.61111464068332 10.481696612207326
97.95788902065766 10.436007295844696
14.052720083599791 84.47052065624942
7.165536737623157 22.623261000386464
86.85500350686186 81.87906580309617
93.56496774461509 43.54588224945295
1.0059688578230142 83.5895663761167
99.69124975850184 63.28143808652358
21.114552450787727 15.982476958561232
79.77989683861637 42.02076174954543
75.89335726889152 92.56217813451616
97.75989024859217 9.865401792369466
67.04359937302378 13.636709056504849
76.92616165374756 95.21491062857494
4.4658084690482935 95.91839627033478
56.2953656102242 85.59920629873488
5.812728369032727 89.0100451806595
38.197092960816725 83.98875642323092
11.656182417463857 27.560989939094217
16.126637608601058 74.67829495781577
62.020288369422346 69.18668967053985
26.482401132505185 51.73880337029433
62.88691475170647 83.36770840757376
13.113862183307567 14.163189831064226
62.40333082165043 39.62357247871277
46.993273705470116 95.61308135121472
92.56527142035446 3.671412562472387
32.4311815257561 13.108295879298993
38.699103176882176 46.864030408843796
59.923743020886945 89.14409035259885
57.16084815031758 79.00606659999461
79.24217486757364 80.55139406030062
25.436995369408024 92.7923366204404
28.10072769360573 87.76130539944663
69.90028093894213 66.59064566603861
79.97441079314248 18.30945465082703
29.030586685176896 36.697046577413
64.08907270882386 30.043759652361913
2.7341118255546637 43.61043480366179
87.35957074727419 71.9548943511528
28.189957692508095 21.779443102454067
22.162816777548265 68.33054291140074
69.89612298446592 69.23920631354848
37.11048739562065 17.846891819764032
37.231407814929106 29.914698709784194
49.56099542010507 36.667517731537636
35.08214144381848 55.865161235799846
70.48674166099352 92.83103476745215
9.488407865513626 16.95689701012002
87.4898961564323 75.02300962584796
62.704868970096804 34.69563893673684
22.98185337452766 49.10326850150904
98.34578624989226 49.508927967376906
95.51402658471024 1.5637264076058366
96.43062718393519 93.89622128057236
87.34086013042598 53.5394906432498
56.961976894777 94.09481354650389
85.61125678823055 2.0757342526650735
87.42946378667062 1.4901992139361386
75.33788690616358 6.53444433044823
32.5096877130199 21.601112429487344
79.93303304809342 0.24849507664514991
86.19433689601419 98.80112438753628
71.85995878925654 32.696704010154654
5.729145367892197 36.3698089404234
6.1413593663957045 48.95400629181809
98.68805037703552 82.40218366749737
87.00258963636777 15.177934330964959
55.886535512911784 27.08506247077419
93.57683437935064 86.29750621434655
9.734135850261971 83.05579799555152
73.24588809190855 47.53275771266259
23.028407795245244 40.29044464076812
93.75652199464444 42.333472311671095
74.56362281862096 6.42264755707439
76.27991867006178 39.31105644018427
37.84566870225877 4.076042178158634
10.049236127733586 61.88200116266462
89.48334821371037 14.394966096521022
53.34774295760625 52.61251426819729
84.13569921659769 42.31712761047864
30.781461138402967 32.669988252163385
32.849227438256676 12.465338236653867
40.016968758798775 43.02373565182519
20.776206283457157 46.58409641731732
50.88057291844835 25.098490063502943
19.20757585698314 12.24975897073637
92.35676043940857 6.225602145542696
59.94555408721439 69.66786079319802
41.23521986675694 21.904201179922378
88.6603123735782 96.86945976663382
93.41271777485392 39.07783553244259
18.027751105604683 6.90279693178284
61.28860934127158 26.167036650658904
38.90492163076227 70.13813252976148
51.780093682750106 55.59540284547813
14.06189302342663 30.920373481154062
8.043159130669741 39.178082263255945
25.106454138198377 42.907782071301284
59.53108269988444 47.60120401007223
64.80147301018563 67.37824886822004
35.255931247054995 94.43556224578018
51.098511409857814 14.131066983002228
89.10320154153032 42.502965297033754
54.8045434098463 44.24875730338253
5.472893381730781 75.51461556347373
37.759918657798885 80.24285364819899
67.39435887162833 45.426287870437065
80.06987226827503 30.451506711552856
63.27831249308421 76.12495793953025
68.36576917739883 70.60330675151812
24.06402667585118 92.18484684856331
85.31273740269258 14.264569940714667
3.7508469629520147 67.81992415219987
42.78547102291718 65.47180960501845
26.570929861565883 67.09086412153317
0.7257330891056957 81.55421066314891
46.21986184207114 49.35947621954065
78.25160599598253 86.34794056096537
83.53765771590517 73.69058240889075
14.986357976308028 95.97178053426687
91.38793721347515 2.714083400839562
21.061005232028208 74.78797086912094
58.55843688814747 46.615173420303236
83.71301752930717 95.07492861128999
94.87421852535827 8.140215211529911
65.70315230029513 45.218625978203484
17.437984742701506 97.93519773960143
46.022667088302605 97.25623259289958
71.78929171585291 61.67736109503652
42.96540053846206 93.44502015031331
20.35588986726422 80.98564262823665
64.74915132319413 59.33836558728237
57.04158876467681 43.41358876676378
38.124064078175955 32.23958974885218
21.574957333672906 89.44129053924583
86.70119068068354 46.12277523249505
69.8102700088191 10.612849532326917
48.77373216104516 33.13325734908096
81.1086619734393 94.22613215051534
38.53438901170454 90.17969127656028
84.2674732457975 5.1261520163436325
5.791851803526093 23.49016869413245
26.636461591351768 0.48795125996189403
73.77875730233255 34.611488727989666
90.61969412551937 4.3959945221539005
74.95929984457402 17.980747781938632
89.40999811422168 0.714703349261403
24.085565171901557 35.52457809243098
51.39944631052323 81.88501377051794
88.95712963454233 63.68104241764105
8.552091268080165 94.491706785867
16.59107427053502 34.172714334097755
41.07583309033971 24.486700900163783
8.569947108641362 16.41925080926815
26.986380145651033 12.94286954718774
31.989495654598187 10.719725894064824
78.67938221339928 31.963059015743433
43.05922119821537 27.239068780893806
3.3635261214787326 24.15093537327896
93.32957052669394 5.834382906067315
50.19468986103324 68.79160161651563
24.821798546733053 9.39838115657421
97.8065763102826 91.09597518428177
66.27013127516054 66.0414270815625
70.48901696932384 52.44825564701071
51.56222928567471 73.84918928006203
55.130673221656664 17.446048848294403
51.82385619300356 12.603587923750649
0.77647530597309 51.59147253344023
33.436542085579255 16.663111196138093
48.99350665437983 97.72328565273865
0.17548172796748585 88.768337583166
46.98589611802836 31.17485475781582
62.433302493065455 36.35690365524259
30.68127062090219 38.186043312681015
23.19710581125225 41.77348127778776
21.728016939010363 54.37715942695836
10.329179730115401 21.83071942741285
18.462102936901413 10.619416837113583
85.82518602576212 71.19476860904538
36.330170042242806 54.766885227185625
63.74781329951789 75.0263347873362
49.529352981964514 94.833224956461
85.69479215187398 49.519299782354366
45.71904302972344 38.93774975760436
52.91722333567226 92.59380274615938
99.45925685707465 54.4001868428694
22.55308399094692 64.37249896164475
94.53461646219142 63.33828199337306
93.85682432715413 95.76987670715025
65.43926323831383 24.451449543697812
20.402237398247934 82.2012157904929
74.40674903904258 44.760001080248315
81.36184702995153 4.478465010406996
76.6658224852122 97.16060353055097
51.84460777131855 42.3301039553594
28.846188270060992 46.77162715181188
87.43030420018135 78.35359200223985
79.45866976008662 94.92477723591041
99.1602844825311 2.06422425473346
84.22222414603044 83.7238472729975
58.44010657430664 17.181241656974635
83.82320081718568 8.283572663429684
88.51980019941686 67.62973346723498
58.59649703402315 14.81216465353511
66.09326110065173 85.2358307773343
15.722284250864039 51.282702622776576
72.5104786752715 72.04685086474785
8.05996630210707 64.75009808488676
97.54432295108894 28.5630737273867
33.006786826468726 97.85963772809353
41.946384029720896 82.9870627911762
21.85380423694525 41.67198160915293
22.93833038448181 96.01105485307026
67.66123541179928 35.16089567557727
21.55151468451941 11.691114527492541
27.771099509674624 27.630519627428786
23.991889054515823 60.484989441320735
91.22359846379052 65.39317790578477
25.480619584912855 12.66201406827322
71.76768807907136 94.38478536523408
83.66299408176118 98.13315744981622
38.14997100825145 61.879710143048186
9.894446117042799 84.04506335819892
32.19599354939704 25.814183932204713
33.263697693111716 59.158676039146854
72.20491863021566 49.76910199657145
37.624071423022485 67.08226454777501
64.07983614163567 53.99947635846717
75.89907456324613 79.65454049484462
24.802591981360212 24.825357547186545
17.490492771616207 14.085446552352431
83.91287219665219 64.86447798601097
45.63102675614468 5.758032545025992
76.877963460979 32.253619706727676
76.05560196492272 28.03440543021064
5.152870305796231 97.13951335779241
59.949365208364355 45.77069163147903
93.06184880153468 3.8007218834141376
44.10776699166088 69.60800412653134
98.08145795444592 32.34252758030056
10.659807423738442 3.311857170520749
39.336071212597446 9.62523008602073
66.59814252896972 59.147135626437965
57.6544907506201 79.50119406921068
37.494402955380444 68.49733554427449
35.38925200558558 5.086425787096028
2.5601166917551876 76.06543689404914
7.354384162669348 30.4142222175795
88.14220711426846 31.776598282824907
49.996466918808544 79.15930293064226
17.654341278272934 59.3332105414475
3.1788386005619618 62.416952976075656
81.65198596701188 99.47317490939813
68.32926166389358 3.016427615740036
68.10176535435507 76.5000030638325
91.12707595523239 86.64779088732746
36.84048749954749 20.15961824825203
83.91056047670449 36.93333097295841
7.717924514433728 88.65119236089883
6.7727039067498325 9.585131390014212
82.25838557953881 18.93846322497842
44.11135605248274 94.03431648023192
6.803217004210627 68.94922675599905
66.41245787032115 19.490761760205167
62.76234797387361 53.98354737391179
14.393047659426383 64.1670114879069
60.273906667699784 21.61370657790297
34.27452454114125 95.06039346807063
27.15543112149682 50.12313999712183
61.65879894531108 9.692373088399664
38.1242945672807 98.75498236584434
26.408420713018586 40.69567882513255
97.49079692651512 50.18422061268711
56.35548866695166 91.24241473981782
46.32024512467985 34.1466937622763
29.368448990662767 44.41539524836207
0.2980294766031899 13.041519877617047
92.34908397281635 29.807285914446624
91.29480816252159 75.45435105082792
6.313205186296756 80.76178412158245
35.03075523174529 43.591916633876004
71.07489693331772 75.16383572641553
60.136841462252164 7.2597519568494695
46.713026962013714 4.891078747802502
33.929598801302696 0.5932203158298233
16.59401758593868 85.93633846963918
61.73631234568846 10.246157448964032
64.1937003497222 67.71613612742607
28.54225033720047 54.54728316600635
83.1081219919383 72.98179624525315
78.81122411643085 33.00845965162632
66.93507893953561 35.6756241106874
0.5756493057111789 24.81867860333339
97.29737695252216 62.0898303671486
16.27065583318359 63.290049763998624
92.29489021552982 32.60364571245367
12.307811804649138 82.6864378998412
4.412561095981793 61.81316070563662
67.58743109314412 83.9950270903892
9.747089206288162 75.64503070371822
38.560303767636825 42.400380933647085
7.699432244284299 7.512675202327879
95.55705201300174 18.003160063900747
52.421645503242395 35.1554694823123
99.2074884734105 54.922849119612515
14.094642946297798 57.694245079335836
68.19520976980529 20.41783431103381
3.6462524363198523 50.891574629202466
95.61466390247564 57.637287188531715
29.748888832422292 62.1281560060305
95.56357328991444 76.43963671298441
10.582831346731325 2.6720812013191764
38.62482320275822 33.78576762209076
42.1285707522471 40.628762817964514
41.921850581213604 96.96950202453117
68.25954907362008 63.27145424010738
78.82538966139342 38.9069817553211
77.92923533099629 67.30548911876845
97.90792956738271 89.79852353296381
19.28663708478584 83.62717659932602
6.527726463395355 21.93722696074001
21.09661862682475 81.10364905235652
85.25894794396265 58.972057110528006
9.46875840333199 51.06274138517154
38.25622211782017 55.72207004492042
3.13664390337719 0.6962820264889369
9.009591100106306 95.34389928973079
32.20430039242309 40.11179878223465
91.31254979590028 52.74243123969603
77.73859125373154 57.65351022753333
18.179030314612753 27.230085936209758
49.73412738233392 39.523412316650486
30.944589539695734 1.7250724549998653
28.02203848261803 53.04223108011079
6.815030028630808 17.286382544770106
68.84852236930455 37.30964956117149
29.145304513421788 87.15603544321019
74.24508044147738 3.2720307159119555
72.8798948067629 49.260197767695345
99.14936757672635 89.64626164750455
3.0477531393239277 82.67909334275176
21.85049696878473 21.394889489640956
34.41627052100943 31.46511403194383
55.891030303058166 57.231688297021286
65.55979132505604 48.20712046529177
72.18101809872624 25.75785002010138
58.40427518176862 24.629705091844457
33.823297835166585 7.160589353009106
92.79011219754886 0.4963018109825912
93.99723687054585 87.4500458750461
86.68735892832579 63.270780472497954
54.02448091007715 6.014512542992323
3.4635258994459295 7.441651773753932
59.7706548885231 6.872749447429383
81.54944096657663 70.38559457160284
54.70025842770507 65.90708213803998
44.066148832056484 58.6101102071545
58.16159292971347 11.461315794768112
99.37953708584737 2.39326902527508
97.57058802581042 6.526748148630213
91.6236493417141 99.41351782157342
99.70923850639713 28.137129854959387
77.98215379613669 55.68734000763348
55.089529928095835 58.44601096852921
57.26114456469116 71.42458965779834
91.42681024997607 77.94471922783607
29.18797640841181 99.66560601256603
60.02074545544171 20.039312265266485
27.86574929812743 34.91666263238131
96.79593369804927 63.41837381100871
21.05161375867012 28.411941885715265
9.361686216416665 88.14808633564752
43.64486566185424 54.910649795383485
13.117914643027294 13.373329965974412
60.71426976468482 61.61309080484399
77.14934849469988 74.56664098713148
19.601266295385823 66.02750296089668
16.323689607261514 39.0754682465841
94.10808292456177 97.99101220629669
62.990743447148354 28.48072934448107
30.43908031038288 54.86809457945585
17.509706430181627 93.17061804983655
73.47497572188513 98.2108974296062
57.436975864708806 4.038924155718481
86.45558313943835 95.4888834434599
8.908842246244642 4.401946179647798
22.627328983723018 56.133826543312814
10.626131037892117 85.30262821055436
92.19315358084509 68.171677650021
42.0155991857877 99.02178029373557
66.08616047410396 91.96718569670865
33.15313399474665 53.35447768711378
54.63371302673451 14.432202034279417
60.13490830223041 62.75537470930955
88.61592804405251 34.16637114880688
20.997665095756723 22.66771372275632
68.11626272401658 83.03034377573744
64.20175205414608 51.83534827390037
58.57929325813587 79.85049871537957
28.010281076642872 4.235839100679694
32.275287079113056 52.55243048769053
7.710360073860844 9.789277360811043
26.64387030159199 37.568007728279994
55.30395300022094 3.596816556480309
92.65121056616367 37.39182843752478
90.53042738890743 41.92146719206688
65.5096096343445 47.92731414443255
87.27732852645369 35.855668397197846
36.62788315110876 99.12706099190656
18.209988319633652 19.294026228063743
52.469859323119515 0.08254963392724246
64.23811917948643 43.79733806997439
84.77682651946562 29.306665390413656
72.47201711985211 26.700294912350486
33.21137259369262 7.789017227738593
7.079381488567571 44.717991352809264
9.990215872809438 67.52158700768742
32.51811849083517 89.66095159437411
31.838581757126704 36.32591257116904
64.52640198521787 91.71095368160061
87.18202632397478 57.15916989717689
47.461903109782476 33.70704714372631
84.97414672153974 14.778439544311873
2.7057570310386803 71.67356796273077
78.10455359100216 83.20970800604385
52.95254984514594 93.33555595531108
74.8664185655038 43.893532301120054
52.39646391281296 6.5178248258009885
6.146580669022428 11.962809440755517
35.77321065574818 70.51094286961104
6.308907705577093 81.07990267805954
48.587969727898816 30.8084958324502
78.41929874194773 34.679114227412
8.657836411272669 46.61875747908719
12.99252433493534 88.36352386701904
51.79665411487735 94.04843616256436
29.882144645697974 9.215366311638927
31.99790494646273 19.72356354170627
62.66958316726495 76.18542669159143
85.44815994252139 7.236351371948146
24.06233926962118 44.0997730658745
94.69895980329957 50.02254551955067
69.09781680207146 66.04035518331816
77.46344936316936 50.93693933888957
12.355655074684456 14.043930225401557
25.767992716668086 41.381955521570355
35.17509437621823 72.31120030747067
27.05406190669151 89.06551440159267
7.655404278057343 35.824449745074624
72.63405738653567 60.01466704601752
13.911633727952976 83.02106590895943
48.0572551516962 47.94743396623009
70.3558112819309 17.768088112328517
10.218457977643835 84.96572653631758
60.983920727317084 22.91613715560269
16.885316821711495 20.82918310600077
98.2553732047884 60.937635739161834
60.00177737218573 29.833696932963562
68.71827326697 27.41953276770942
61.29355474713187 49.47663000404119
98.28744683366124 98.59413147733859
57.93263966964559 24.29355223239179
13.344284159101406 52.179040410748975
76.65195841964119 50.27460218014181
49.218725933134735 71.81405144949976
71.82665153530621 86.56439845704497
