731
66.64108940053067 96.65072302690344
89.56266053068249 56.2091339517298
96.08489100174724 41.746273234521766
22.97583951075489 54.13616982427434
84.53208790869311 33.04634254829823
60.93749122215591 74.43704789254963
70.05357577200375 22.287041017709708
63.57721402752933 30.65379759949378
39.63516784240879 12.862229798141156
93.42122379832833 37.256836762411325
47.77451425585255 97.7805240836619
26.905701814205308 44.98391444642187
42.58849693488488 11.944290689167513
30.510242027461352 10.171539121036076
96.09923963081138 43.86698138778882
28.867085184702457 77.39973242000005
18.660996545071328 71.04141882667116
39.70724603895096 85.1429556245136
71.7577072310915 53.468624962609624
18.100731510289727 69.18343691385638
59.130276734376416 66.97213256758182
95.22345342513103 35.10504295402583
5.625720940943168 4.407170699664076
83.62575140482899 87.76053059701879
12.389595924764041 28.024806540099732
22.88019455944309 31.206095084878594
96.38307823134495 56.095976688150806
84.21809193500614 71.70655571179599
56.67500554166948 4.735770190141464
16.43569814757161 69.9916524624847
69.58873337351295 88.46717309088432
0.6009471267493183 95.04752741450267
10.273851462713314 28.152955554067926
33.99541918723747 67.45467477023374
17.650230711953075 68.94179951732033
10.499819508267215 18.844678286736148
90.74492658752558 77.70898751851747
41.730698088909726 17.368793469267263
70.18244982793289 12.392960371785545
82.27718308701697 91.8080620902181
60.06734622920917 10.364765098630457
52.00292222763336 42.7896294721155
13.299320071832 73.04037740927426
85.24109878730602 64.87427832461881
21.336971917329052 50.637251984809886
59.44044322344293 78.00878219819568
33.866154627202114 6.925353526317091
61.18316657658232 30.67184807373533
32.96999501134904 74.30255782230687
32.96715003427375 68.64941382962596
32.87174846295293 45.02618136329778
60.86353558628357 80.03186449944027
60.178640899900195 33.319225868504375
57.29343225544851 43.099283435291454
0.6757751320149219 89.07360694629173
18.950763022309747 73.72806363997064
5.748724264429395 31.65949856234408
52.9860977379643 11.11396718757749
72.33981224657686 36.75312539030568
44.45401999999442 38.68807555379728
75.54345531603025 66.89674436349196
93.32403161559765 31.665281465369077
14.030834195686436 19.081152553496928
94.13018683289737 38.24948716252715
17.935088594436234 6.073740315813203
37.45365468133001 31.782445107188696
90.90799443551595 67.67971360943741
82.69963068904276 50.719902865684304
75.80560426645512 1.7583292746858659
76.00773666883603 40.941859389027925
18.61753988355469 1.3512651770056894
55.1580403938537 19.964454604725802
29.789809626082288 36.97367863036646
87.32854903465501 86.30506117860695
54.314131075765246 61.59784484829658
5.509989915869018 87.39382227370841
31.840412359564287 36.647298804818554
40.72786013477165 72.32284783706649
27.615457546682286 94.57710540371141
67.31652035964537 17.669412805712824
91.01605795892257 0.6660025757112664
24.493224558902615 72.73477314065266
9.383028749406064 29.645214708886215
19.990167664676896 39.44443650335548
60.41226449637301 84.9997162268094
56.40410480283169 25.767671660596058
58.31847015925449 46.834970845101275
15.398090494233397 56.18333359390881
12.937934642106253 53.94458252942346
35.96214044185202 13.51739880480225
58.52805340751288 2.0922879389252635
15.499887263668576 91.13441058596797
98.48695032034348 65.42153277383753
25.844400244539976 63.106167642705216
11.837591169473495 6.876651314364402
16.26711774368994 88.24920514316372
19.5312989895586 33.03038987730339
9.190074920108094 8.00418937168268
55.0296598831818 34.19577997397546
83.52586972756339 18.26557672827499
53.50519499354354 96.56490736552776
15.700078786255222 75.31418937219453
56.85295066067677 28.12969485545572
90.04385159608054 67.67591149825512
14.144688850008425 52.39502124840054
7.61148074733573 85.10965358170083
20.983042273117814 39.27494355019012
61.93293454251675 26.79177692972303
58.2332151002251 75.49624323555832
80.26775808196 84.49812575966104
22.63170423711648 11.881661367787789
78.55855789042236 7.349242373982612
97.79838228245326 8.010714821779397
92.83802697642135 59.60920675729676
24.020306844438366 96.95775555758482
81.88282072559103 61.49977472663382
32.86095919291607 28.503738539087063
14.655644289919511 52.944439879768545
23.084224762903194 1.6088452585656277
90.7470120982564 16.775358168077382
77.32241733144475 32.19109764999796
32.156661263946106 10.41040131707619
5.52052105664127 36.21691046401975
53.069555564683 15.558548729013655
47.90919804346879 87.91427312572075
99.76656867951927 80.8248463393846
71.54030825371089 36.39991372987866
96.93629363366158 93.94452926063524
91.92113073396908 35.21097201764396
30.549218843474335 29.15780967658882
86.83780587717284 72.11807020501419
68.72849434754467 61.71172690282545
8.25995906023913 70.47916095591015
97.77662810940905 14.238865284452961
7.946850386072946 9.332207895136978
45.3617815308267 87.19878931676853
24.583016917560073 42.14008293521408
79.54846900276988 58.55151558265435
53.49634662805451 20.729013088933534
31.611498413336502 66.62175320384324
78.54550775750337 36.135819417503335
61.007929106010586 55.07729014902456
65.55935132846909 48.19914367185727
47.31607107220847 31.208770272691567
32.17800916376831 54.630685505302566
51.75521151013284 0.8809414479958866
39.95630176990767 62.50141926581358
18.96783459950021 7.9748484042637795
94.55959163173748 2.2052083523610655
92.0613574239445 47.573550654790864
82.92130261286201 62.93635578575761
78.51247978723715 87.93413477019669
97.16079468966602 20.20421947475669
21.315524115757476 84.16605212810883
34.9478243060351 98.12557479648198
23.576209198736898 53.97873505780786
51.41356801019046 27.29226240536564
47.760219047886274 81.01186182587104
8.979863175026237 63.53282699228031
98.85686272857151 23.64598748599458
38.88711930956378 20.415039273769906
33.29313812827809 51.686967467947895
86.45010075540429 54.08520370672601
50.56981012805015 59.479432141449095
82.42342557415536 63.12097294106282
2.952905971489972 99.14174292158371
79.6974970069455 44.6230552895751
28.351726032102075 32.45012015797988
6.713148703015692 97.9442413698442
31.43523311420664 93.36314278243356
6.0932243120890845 20.49573345799932
55.48905923692195 4.383258098988829
30.599644806979786 25.82081163398019
59.904914860068374 41.35271481719557
67.43416487897676 51.42550016823818
76.27585719375762 20.435409266602854
94.33699975205836 74.91466758253
34.876132650697656 28.981489656843873
61.47615020779244 23.217489667957224
78.17666220120304 74.74483469062086
55.19453610887653 0.6303219678433392
5.334440906781679 52.967391825792845
85.06706811784622 48.416091515846674
69.24284809141409 91.70792385657145
47.50168819472369 65.14945434984071
51.63104985137012 18.572772096066426
8.821991488216197 77.80938148335983
68.10666543448977 81.4875931047087
63.104909594896064 15.410833755538889
96.35375047861349 33.34050422947419
68.07376744546507 9.43174938156397
53.34202776055253 38.12582481176627
76.21838017109481 52.895544719710195
61.390314334464314 23.270559340609655
34.57990045895315 89.99160669624113
35.38784132789782 50.44873856791023
41.43809778633906 30.646803067218563
37.69003084895467 74.55218808985904
98.1208280898941 99.0423334961487
22.612648151574945 5.661349902636214
66.7189924987868 24.85645340980144
42.394049793745516 35.03467056732411
98.53420645320547 42.59083794117967
25.602859975164392 37.1984521229534
81.02597539627413 80.57266863939866
61.4768252273249 15.030470337814227
34.475849448430154 77.61956342829576
78.02071855949782 61.957900410963575
48.92814216191338 6.503369959256311
41.60835996194805 77.6642323929668
44.247926056975 38.326271967598466
93.87904786845948 56.851935637831986
93.67013718483112 60.12618362366886
32.21542984410942 38.05170565937846
23.428042274183746 7.584018601172183
29.81318742946054 20.905988528861506
64.24227088170572 28.551502438155254
11.955504454805821 72.94013877609491
48.397859967305855 76.02788892190213
76.72282417064952 33.0061093702183
27.88765044318592 75.17755195815919
70.62666332378733 87.65519947324594
45.7660218021813 0.927886001202749
87.03197034931705 0.7131503280647489
93.01767669645764 96.68030239060309
75.79675005811518 3.664980337594137
85.16818841308897 3.6374816253408992
45.65833854899552 65.77139331646548
65.43193873996927 2.4416155745046297
75.65410426372202 34.36090518578433
60.51464101168905 16.298162930293202
4.593418492988732 18.461176112888367
95.7557094450232 55.69161834908519
75.86557888974032 38.4672389804543
20.256956652495482 12.687971211451465
78.32853263967358 79.31526342689624
23.639806714004163 18.471346125030973
37.76709763340998 31.490996509761825
54.92450293890152 6.124163027433394
74.08904666668538 41.726349320628984
93.39570861315316 53.22442407664247
5.114377177488471 97.27336898017835
55.687709845862365 96.09272378699482
19.334995434941014 18.737263364906674
22.443311167973835 98.12474257970811
35.20871841605418 37.451642321003064
66.08285414631978 16.609195203646433
17.649960845437263 14.277362413173755
43.0239758338727 17.819445616852136
69.240380639906 97.12407333941721
32.032568108127116 22.01296443876658
38.98341516711371 38.55758322312261
92.18816991104217 36.70591626201831
97.71071784699402 69.65467337917953
18.22067374502978 48.69121587780065
0.6620361350627713 91.01898627297913
89.19625390453142 3.5121666020858977
88.59127805608496 56.05641835797134
59.13905859444808 0.5585667351258539
93.10106427746342 49.220049923851725
68.40056523525058 7.869759245182129
43.18596992812333 36.44092475000643
20.082864372493713 9.829629376001058
86.44596180425062 84.41034846705449
46.46753920984095 53.12310746073021
34.76649127038589 44.94639241443278
36.05833630295749 21.27370853823288
34.119780345118485 75.81564947673178
24.255652175919472 19.060433584865454
71.8496373401248 57.88551181925469
30.051219001158824 27.25678687613734
49.5082979579487 86.20021505379441
14.600263122082824 79.99665732963315
35.15482754898315 32.03903172663999
90.01710589710498 27.502821037237744
71.6893200291371 76.6394215094952
94.60357627805533 90.50750374035884
16.819888967796903 72.90863518354888
19.269425805135686 79.03493614841412
58.00932537731639 57.6087991436217
26.56950930922242 32.72848529620715
31.53632863403386 9.916496194957869
67.4325198266282 15.523149782716828
89.31147038112248 21.970405204205445
97.85666473873161 91.68181211212487
7.676317207275385 65.79292196901119
20.76332113919913 93.2355802925034
82.10715876611243 21.772529742942957
95.71263537780801 1.3439609672551645
23.032006029212514 57.58873954941792
42.67844628174916 20.38887236364073
92.47970497802505 83.26580954093298
46.34963105154802 40.28550658408868
93.80385317489322 11.637977422414359
51.805706201259206 84.18200463224053
59.55331985985097 10.064125279412306
46.81965301931026 69.51458288488807
48.191969722025206 34.99483195947285
85.0624746300793 66.97986635003504
83.8002394688294 54.42924784553346
64.91685490640045 28.21630937463231
50.56886562155988 95.9691213359928
44.20559714007798 60.2990924864723
41.05237517969722 39.830089414652534
95.30451973904523 26.92459579324601
40.52411556511569 75.7522797545728
79.68158273463179 66.10566991460138
67.53864083812738 92.23587422172469
31.396907500107773 7.713946441843989
63.416748215816874 46.500004771194035
10.83068425857051 55.21714283268804
16.75149017999352 65.52321232682685
63.43187121102692 88.5298469608958
42.07411336930919 99.6089292161707
13.441487292242925 17.073995106474815
81.69600141800507 98.0747910410415
25.031324866501148 80.40162921617609
63.57210662737584 11.474249192702235
20.523816484947353 9.805283549984678
24.37300158163832 76.03783133059385
33.89305497655597 27.74650318268066
95.95502558707592 23.766219081052064
44.4305715098281 35.8514754353079
11.505678211261472 20.978746357775925
30.53571353704957 34.3177696566668
5.563885958564496 29.372280879228143
1.3257380045844203 40.8278689123882
98.92433450413152 23.451216875815085
86.86883291639292 25.758181357197284
51.872030425247615 76.77958050291899
24.49722415543051 8.150062981896566
52.429761029940536 88.76435273688436
93.71422997379914 51.49408325266148
83.49381268059325 68.58893559195813
31.216330113401735 36.083060776309615
1.9362409224586985 46.92351378570601
77.7507149197866 98.47742441367176
78.96499326281568 84.89216311752462
45.51444984929407 78.55060157637766
15.596041158569419 3.5661147745779553
5.243960969889583 34.396724354391225
20.388717253491805 7.459147826152968
12.835761013259017 77.14844428624055
23.271262133147907 27.813516735538336
22.360973522647498 69.23368532907611
39.55947711894421 87.78599199297378
91.9059723167289 27.07775268171583
82.03545978406736 93.39535008858266
60.02443212781816 62.10072524316803
3.703327219146557 67.76972253435653
95.9731052670561 62.29918004141087
18.065574886576062 88.94036391188877
79.1200612545439 8.576860715973888
92.89097708372469 73.99883390293807
65.1910039432029 8.274409998138399
92.86129276960725 31.183245760523594
97.96012701255643 12.77519629356364
38.623953948114696 19.012982511945076
35.641975051887265 72.18561658488069
47.665510345005316 92.98020621188424
90.1544183618708 36.59363953026554
87.0688441652995 14.741321894455794
41.03698659252621 88.01160669678781
76.7564621267777 62.57264534718496
68.57988263096046 72.1091736974303
59.75502234487261 70.50596612145831
62.26572601463344 82.3383775113535
99.45700158442739 61.82508536749641
59.35511745980227 76.39860700964915
85.79650956480862 68.34541633593203
1.6762207761101378 54.41423003636145
81.54718550212401 74.10663624839192
64.39399343640689 73.04772114311322
64.72545330485752 77.49016255335404
3.1147238312704495 25.40144107054911
9.180065855022768 57.400296239130576
11.839227827339304 4.997907332995933
27.41539821392953 9.252155109992188
90.30515614368856 69.16610481384208
26.884822335977653 3.664101287697008
49.226642207536685 14.0082965091339
6.274148368936283 70.93750799839866
66.48893674838074 85.67351123414059
35.259681636624094 70.97349255900014
59.64541636086478 13.157950890344605
11.5363163838494 14.551128729332785
8.927702781470515 71.60589781447221
95.47106004448207 25.716568920711413
64.7462656728788 30.714018437820588
10.524258527112739 73.18797563795995
99.89048031036242 96.04966947153027
70.32664942861526 14.902375316952565
57.97517499210403 54.21842782073505
69.39360324048741 46.84191066827762
84.33501657234994 2.755100456626547
79.19502244636033 49.126547159734415
99.7091330228198 86.11843553032722
93.54387578740617 70.68777920464304
27.879015021130925 49.19336067280238
15.26776062227212 92.97769219507224
15.734755565192293 54.257433529703434
51.57717225762878 28.70783773709914
98.2959462720401 40.26196101917415
38.71238094225418 88.39350209285463
98.8560704612943 24.108968820269006
21.285823682472525 95.91017236880492
92.31038136115887 54.3638303825857
44.35917390670042 87.00404270554402
6.142469986676769 21.550091815289353
96.2702413839894 18.574511038133355
60.26026457534116 16.401607447506763
5.086989639301898 61.828706545725595
28.48116464281417 1.650604259652888
94.7348299751806 66.14859191837627
72.05810055743243 75.25535237278633
63.16088502086784 70.7845632670692
42.18262856543219 75.80059666359244
29.558322402198478 61.22260560137196
97.24036196306425 32.607885596400244
32.14327934062139 21.634007500934693
16.153688643208053 4.503862660028945
8.011941654385591 31.725602088815986
71.13302131501041 99.22466170691897
0.054123086970536693 87.59318124135896
95.52405591455253 66.79599310248045
89.9186524449817 16.6224581179939
49.43784452484778 61.75937920956059
77.65874525006582 95.52589623226436
89.60410403617747 28.06484940801909
67.71037507164365 85.7318051430982
6.986499966695292 89.45577348886408
18.883805141707445 51.27122745605492
0.5101575465160879 85.70051337664157
8.11142925077032 14.604188895583302
15.439864179086072 23.384658361112663
22.33566207025862 39.08215259528547
67.8474350996134 62.12678507310599
29.95329842009886 55.60598830870001
41.81194790108256 14.255995834933955
16.810175243059344 32.40670810184276
67.04513275350432 60.687878610625035
67.10539331146367 59.68783156739759
77.3480793931159 25.04517228912404
8.370161285082823 26.81712838692849
83.31463448464017 90.76831043727537
91.6903666720538 94.14035418489102
50.423590924170604 26.240910394305818
13.729683633834512 19.825795473779873
29.355039555023378 61.9852368339184
31.554601220290245 46.919697061029765
38.51118196339207 24.087015137557433
74.33001297635697 98.04171499204858
94.3578202090596 7.828971800084372
13.358857585599736 19.260423227283475
19.894523653502063 13.039233631347791
65.17437818848991 30.76865117977202
62.94690202822022 64.89980587617886
30.342664104235805 68.28229380847493
71.20477663105241 87.16389875874795
11.725642853638462 12.437043465589658
57.40929220495238 73.50975657403744
44.72250008822374 31.078293571436788
74.61395225048508 43.3410479195721
72.71976630711636 34.55712648168626
5.61723448928203 68.71999531134823
50.397485483875016 68.47854605706361
42.51748065036871 55.74364972979294
54.05559318454636 96.45654865802844
84.00736480656305 88.41150436570138
66.2415752362291 34.30306628599165
25.99899490533668 83.33246676355634
95.78947066971746 35.7163430470244
63.39010855009207 95.3392627954616
97.87366738507401 84.66298687837491
41.06648939982189 6.520138977064704
59.77197530018288 69.23258866174379
9.253474004372864 76.05366162962464
22.421442918916988 21.63355423512772
43.88749701413646 20.079852916261398
45.25493137933439 62.06181637832097
55.52206500478136 28.85252159962469
39.957906374951136 81.27816112947612
1.7306834306571983 81.06699489097528
1.9609019659574178 9.798382135845152
82.0157586508365 79.53349135602787
3.2265911614092313 29.239499369083077
44.57469870163408 23.294207054607075
91.3551368775133 87.60537503070161
19.800980952733504 21.40769948585739
74.85545005584521 15.938490701636777
28.657941889917904 29.52882677140928
62.785560468696325 66.6796126982646
77.68350674103311 99.95410470597893
81.9782934754101 15.521263931746132
50.40397330006164 35.323290601076806
43.77039841203521 25.681199852834645
87.92722011073886 3.721069784190645
15.533661487982108 44.347686154518705
3.8496559567185007 73.42851236686357
41.82214907170497 75.7826298476547
70.84549059333779 21.672594876626093
42.102493794288584 60.84774931933801
14.645675185463347 51.092150198438205
54.75330430738538 51.975515319290686
29.813941656860386 83.02642742861663
34.58293596447927 74.83712504671087
83.909110206174 97.87809192421881
91.82164658805408 77.91542618527377
19.776824974490104 67.15438567481591
46.961170891161586 61.941821997300636
59.93119193099996 29.450320580258516
69.85803529425881 27.446617855000632
26.527320771223494 8.851911266564649
80.7220720137476 82.19153354949617
79.73084184681669 20.618681174774135
33.88973237231314 29.00980465874844
57.36455086274036 64.67813007807266
73.79999497587497 35.19040371211394
45.3669441206151 0.9544696344698456
64.66446346797416 51.59054177194179
63.25820174858553 67.67747067743015
15.810071561228533 62.168036703505194
14.29925055493827 63.38401593312027
50.371303682973966 60.24437308225401
82.87204752823551 67.09450921311264
67.86302369053303 80.76014147535066
70.79178107828018 57.13459641776032
40.113667885417684 16.082295210891008
70.863933172324 14.591543697432774
46.39807484150707 38.99463972614814
91.49094845662313 89.69098569608025
61.180421107471005 4.982846826962439
28.729832852467275 10.307414234882451
55.03780699223767 86.9260480470168
26.651603926987644 12.658565472849304
61.62925360773691 61.470629810181386
88.19887068656183 11.474060469009828
77.71931527046611 94.63045806410416
92.11596000947225 0.8331498959596062
78.24813778361167 51.46636760049124
73.08941219595927 9.333408041920288
40.49535736464275 63.93783013944751
34.422432273870875 24.118561429773965
24.90870658125268 38.52456971012771
15.245493969378154 8.133181387654709
33.29095257917854 23.147422409131003
64.85247106395036 38.83916574471792
83.01337733456535 17.353904913441063
52.814849235089355 33.64595687548574
48.02250464712768 8.944712161117142
75.38355549694141 47.020911827852316
43.944438009327655 40.35265493424236
72.5260036753293 68.21936690591009
15.091784373536788 43.027119018720164
43.21824362760106 29.626511122786837
6.614063621017108 31.929983058105528
68.34292888858045 49.11982682975014
60.779421471751185 31.73050986875535
80.34620160386092 56.208373559935055
93.06322418646955 17.221345974863944
52.44066774606283 11.302476001064733
99.81606667887918 91.31937573798132
33.89944961120158 51.8816434859676
5.679790836601761 41.29314495004306
27.867526212731864 77.44195114581363
29.118089492443644 54.015429218630636
80.49112229739286 41.993609981802
9.302245375981933 51.63704135077778
58.16725267981538 70.61344541314159
24.920055930936115 71.50257785831018
69.77712304285552 40.08900700435159
63.58150987370229 62.685612909532196
67.59953666465952 78.04212343499411
53.65356072874913 30.201505718089116
81.62641547369213 98.40428264634846
37.91651963892778 97.88833600653994
22.215715199074594 28.419471801292595
98.2084908358943 17.337113299002883
99.50738117575757 11.604668910201543
41.46281164945893 82.06854163151033
0.7618106011435088 56.60632739720636
72.587938554947 41.539575806420515
98.0958919746144 80.4347589892479
39.14647916265337 78.92348507736092
88.41551511164086 17.690858539779665
48.05109334583003 89.92062552814548
82.50620827082099 50.39697509744534
20.75808174988053 1.2429539745897888
63.45109441796338 20.508310995742573
7.782983424317635 87.66501620239222
91.57303033985337 45.93045676537599
83.7471140986793 72.33556648041898
58.10784594165591 61.49189163834382
34.88512221686193 80.35673363502582
6.824659084868112 26.94594560746121
71.20072412796671 2.486000647921227
84.61595297577364 20.27082571363391
34.37188494388137 40.39442811470189
62.08372837132081 92.4373773507313
35.07779509571029 90.58841046342172
63.803988404813516 47.66636985668388
30.603312729330455 44.30220280384438
96.92434385196655 62.80841723549315
75.71068412171253 66.47050223159032
60.1590251222591 28.49351673667284
42.658677066647364 58.240013436083515
85.46795862852721 60.01572325465584
17.305293666767486 31.916742806673238
83.56446108955636 63.0621616513984
84.02418273916109 70.43814611518938
59.960880162578555 79.24232565228223
76.86103514715376 89.39649468443895
5.950553810722614 42.91030707006303
21.85302835078623 41.54977379482532
56.73533432742644 80.59498110781438
71.26038675379326 95.86248147801653
75.83940949100173 95.6113257626733
41.63945881818748 22.260015053225423
96.17384299632722 73.7724213534364
27.342658619762005 26.272383300728876
94.2522091499342 9.631954895238747
59.40769371008457 68.43444356452471
90.03721463900574 25.286398536343047
81.73824839186402 72.84313192058092
85.0892192173673 43.495122364225395
12.573813410855516 12.418728536913681
9.968573027883965 32.10715047397389
76.75189543704167 26.623464368671655
52.45479722106978 90.79114643786586
25.325969370644863 43.09591899983105
7.109308413000958 46.60628082095717
75.84739352407695 19.401038946441552
82.46699116439267 26.640952380297943
76.18101586456821 1.0777107674948772
41.753833396833414 93.30478863789124
63.881316937889146 3.778956767291375
6.445962941204186 90.88531643225528
67.7171569546243 38.538093149353955
7.037436674294817 54.546716848901674
18.70827665865501 55.720996229002985
81.89514239713064 53.68187927977651
77.91253284646848 62.81907847289335
57.261783786302466 41.39885950738837
80.93272003348311 59.258486703015265
56.069007362251476 94.24406051685551
68.065492594081 37.460722476373334
86.67898755458498 38.520919086766334
73.90667152013336 34.108808348937316
94.90369334911992 19.807263337047797
7.429483930700897 87.20790891657511
60.138212071094955 3.7565063290252887
51.468012669291305 96.68845137949381
1.4402318886026055 82.371239603411
52.64688736160566 48.832046282419086
69.9794888442388 70.70152182636309
77.31358816853103 61.05685437886955
70.39235847245338 38.43316416629706
59.894986415043206 82.54957422333626
60.1657810504873 74.18713970249999
7.7321933422001665 53.20441615913699
45.55921482142647 67.866709373566
39.319145166061 84.41485236904659
27.741452653885325 1.2941304260363884
57.02059270713984 96.81397409366912
22.063795555515863 2.24983538259107
64.74398166634896 36.506950297903984
45.29898939812708 3.8198539394292297
73.36040112292356 73.19335307209545
31.375213988701955 30.244417029591396
86.21610509803091 38.44720958232133
42.638525654658736 66.57485399671079
53.09783180495929 46.96604312727861
39.13707504484589 84.45079666227464
35.94212780727464 43.77189278787553
97.59606259415064 37.53968023498451
40.89474483604172 67.78688189214888
39.80757783202038 51.51365109300959
56.38419872680787 98.2982135206765
46.24849872042387 59.66062645907879
7.6946450879676 39.058642536578816
11.785636083491102 91.620707399691
97.64630178503073 28.445726560026163
45.8636710602198 19.614027489195827
91.5276577030251 39.1541582825231
21.77053278802411 34.738824815091206
20.794283374343546 40.73484515849239
60.383049090047294 43.91605960397972
3.3174636886827646 89.14154950094063
40.674623362182516 6.284747589832995
32.52900141906336 34.06645264404702
51.925498262295946 3.6176649008890283
73.44312481201516 48.892238665247035
72.38558274278017 45.35664747530175
62.7678038068874 53.46410708563211
4.678000614011168 80.1210172440722
62.06825551269344 29.25257359324086
21.10346879516737 56.42661904331151
89.1685687941691 32.64262440741352
89.1123370399344 58.902485204850585
64.93839538771276 72.98895762377995
14.657427967366676 90.5291438711661
11.4747195634049 96.08663837174826
28.467218591610788 71.32122877787612
42.876095513099635 38.45574012078799
1.8312320855428665 41.13442889905916
9.34520072715076 96.77846952182352
38.11957442436268 28.86366284657441
98.8322197181385 30.449756696685547
51.792201410293806 57.84860349144284
64.47090178048144 26.090453198515274
60.46427949330455 60.28695393620128
21.075123999676336 6.8045153531302915
71.67672147214095 12.116464916214365
55.11308971938305 7.882281509410483
90.29360246604874 80.5297756866897
4.075801514907351 91.93361936288257
44.43117987746944 26.284175574303724
33.26155276220604 31.50382413594982
25.84524564118119 76.93583128358542
34.48322665401788 40.838353575933816
35.09495071199329 7.3806999223061105
61.74847234551367 50.01006022034634
80.60036076799918 49.32671951864002
13.167125504957955 85.88542984509385
59.706690079962414 82.00944928994201
77.16514521915609 29.643470621388335
59.40560791640819 96.50598113693898
76.75167544250193 27.269086437941382
26.874079004317842 37.95516094535694
66.15770258954538 89.06102581182051
15.34898700791788 20.913760311373466
