707
85.82479848085781 71.08403295421186
38.901278968679975 23.8611726691645
47.46952969915165 21.53132579852889
77.82507722206732 94.98754000981404
12.44002937259705 94.68448296604915
17.857804157727188 64.29438572480396
63.59934035335617 38.051095695114824
77.62671981345781 2.4565627852375704
11.309437749828867 95.75877195020182
35.26271432966222 85.82400040499635
52.40167040502186 4.3890580307159865
32.90880385028115 67.74487376144006
13.582656746880184 53.84933194919007
1.0856069362527476 92.35200064837427
56.266927458058305 31.80149070636402
76.08894115012613 60.92547497696075
37.132359860492656 14.088669830259004
19.83595326556078 62.31935398682619
85.29139401116382 28.157412898200597
65.46702327669902 12.508572736598744
54.54372999277085 25.639147938894837
52.80349814898819 91.48363399288908
56.56575315657387 21.649840338756654
51.605518545180495 53.08142750504228
72.3479708552084 57.26200551807344
16.297659293174462 73.9925928852309
23.109842935565116 79.00721977852612
90.93649554346592 13.509952568232752
11.571338107103479 38.59233953744482
8.917510471417744 27.657296348958383
92.52351214451174 91.70598498589028
24.662424159429197 9.422242344649213
28.022598986696636 38.920965815165395
25.800814006642227 28.977377323046284
44.511688585605825 96.44744533395463
15.019537386569526 79.71116357018543
83.36741935432632 91.86247216110812
79.52475933324654 29.860690279008416
14.332915529750355 11.880354304149442
24.95062475922395 10.588211742114984
28.633870274767894 22.067812855790937
49.031331589631336 83.44909908348869
68.664977752988 86.46971376404599
52.8439877169829 5.110063885395199
74.40856239538903 42.92677404608183
6.135644142130159 26.682759172708792
21.79173599156656 23.447249589648568
58.97682282632459 83.82096348979508
82.2037563683908 14.975764254551027
89.88973965636009 27.186305083440576
98.16107083552122 55.119600150686246
47.7393829389466 68.67338140205588
11.129287873016603 3.2063387949264888
91.92203775986052 24.28236468088111
25.184879484435985 21.14971035622988
6.477123943638152 40.196271767866364
30.133791001865383 79.13489667219787
29.263273873715544 12.441194479188134
50.900092403052966 54.234757862689975
14.986571714356266 94.17969953374292
45.720608402449145 80.54510026519446
76.31936696862928 87.73584099485731
1.4575559586263331 92.90414249580692
10.653560328897171 92.0125861161302
52.15085714871829 9.696883119993394
68.92435950757582 68.6596440386282
42.26610500535296 31.587996481557145
20.020226088502547 88.10568096570609
85.53465935480908 34.1937237023833
33.45414958555673 21.3979499915541
15.106114576074503 15.598451207032294
38.83508645306293 68.36035936427571
0.9688291046746733 73.30952709242085
17.617873847498977 29.376102964751617
87.53199911872886 42.30057696115019
76.4572098624441 63.99308171299237
8.849011429388277 32.18602616114977
61.81586254914052 9.714609600571366
53.12837812718081 82.64307582149524
7.789464054435314 58.304236192362666
49.86922882670831 49.200965764718916
25.731005180690612 3.4156957123131604
97.92561855900966 85.99943498125057
10.726489637232161 34.35175310209424
99.11195308341522 9.199566083952227
86.32517578454609 26.68243154009695
37.40058327493412 82.45560828902875
81.5111754627024 9.886691583719953
21.272371534734923 9.177215536655513
92.011733362383 68.98403017881411
43.38643857270776 0.8619325209684114
88.82670098000716 44.144852084480526
36.75109598872294 12.933167720747718
95.79836695668027 42.45010218764459
94.66053892734824 84.72215764601899
41.43890360410949 57.21008405840582
71.196966853748 52.005388791007825
3.484794528894708 53.69181130259033
65.00113508031666 72.20169384869037
26.952736990226434 48.53683510944651
8.974660897883135 6.361147338426331
90.25681054453523 85.49974166034438
70.98703525705157 45.76906054357346
85.10002444554118 47.88834023576866
67.52327987893746 0.2851977742931333
60.01653271070645 80.82531371963142
7.929864843258761 10.325757119894297
96.9762134288036 20.699218680755706
55.10723154896419 62.07105066212285
41.529893687092546 30.02368874719481
50.4459204014648 90.06420085815567
8.667419604192217 27.09604911900628
44.7015303609679 24.67582949470276
38.749383750835165 54.470302950533565
81.90274100503234 58.64035672042749
47.10215056779615 11.790939163748638
64.57760226639326 37.70362954296053
82.32938426888944 44.76598124092912
87.07115451038898 99.4492094823293
6.549857783195856 65.39696340662773
90.04465196935638 97.43770638525017
65.78584382415795 80.99649487712587
13.950271380547541 80.23853647752118
82.14536055518333 82.06102432975554
48.44738480475377 16.062622735838584
49.536815422071356 12.695192731511884
23.80969566487382 47.16864040445581
44.783761238037975 51.84043916789245
40.34548135058167 62.46814864410333
69.51932963827717 40.8406129502373
7.21317141542448 46.167768503476566
69.22728594499748 64.03390053685828
61.278877953861496 92.58212865710856
81.5201236310968 9.584660785138455
10.662577457090705 87.8931028591073
62.83040766457769 62.56519893526439
25.275306458172363 38.18061579234164
73.3340776763082 47.761699840316595
29.63400349681582 53.02799242443443
95.02391488478742 52.938411063489866
35.21437466187618 67.30192619616714
13.943298168992103 36.832112538745356
92.2531025674094 22.43351383912128
28.787868917579885 66.85565575655357
1.886313707225895 82.80122377797692
83.20543848634878 91.60666967059863
55.111415229318105 64.52519614543841
91.61732773170283 92.29792862932442
49.84313550707981 53.68551172792384
89.87875592126572 45.17612777655382
34.704053444342485 33.98389067309996
41.38608142345846 10.168034377609935
96.141980743297 10.308646584987702
39.42860758024912 16.36512991362308
44.67818015936431 36.429543030428746
56.11379463932023 14.35381903407771
37.58714059652868 75.51066550147588
7.079288640462278 73.45859029040962
65.59558328481613 45.11526474846674
20.8964502255689 11.643231383812935
49.974770901496946 59.07988645153435
18.34842572859311 41.02431689270124
33.69558005762258 23.77136714838828
35.403915141641896 32.57885914631314
53.06492128437566 85.67423909802682
19.62851408681756 63.85130929150791
64.91126829281328 96.28396897513099
16.33287755849976 58.37461356707321
21.03004719580094 40.35306404053046
47.16905090861072 5.0363882592803115
65.74085502578593 30.196850716619792
2.7317751516142352 74.10500751195757
70.5864668143283 66.70274856984726
14.30633631384689 15.04095356927474
5.297483393677482 28.533208485614715
23.35830785872438 43.355991301361726
45.38257753611871 76.32477369216639
24.23790357240052 11.122222593533204
29.28005561935294 58.933270291851045
56.85293415181908 56.523296796338954
19.55030374048118 14.6671286023352
32.36209045800103 47.73727590627321
13.490262261113728 73.06065901602571
33.176107031271464 13.636926361326784
67.3402100279164 35.03791933439037
70.92806637292671 46.31784102552702
66.18652200065654 61.43957663057209
22.617064903640628 12.847083967385375
8.434768149869543 35.83473026890446
44.332369395291416 59.28863474213466
3.2678420545713682 82.38397567644277
86.61627346424275 62.193478490428255
35.79633827665153 84.55534406590264
79.40729736540824 9.208715150928793
53.364151990622986 3.8858549370778817
81.18676919951233 74.2878400792581
33.74785815490773 48.167704629690135
27.85148182213438 0.9775313017730602
95.63151336389598 83.01367919012958
52.68653368409525 76.79193821307287
92.53263971826858 15.917887495628424
53.19677493226316 84.97311635771271
76.48959492852785 72.78711681618894
12.833725901656878 15.150447405793177
19.061735208773822 55.967490001182604
13.236910891520726 25.961037969826094
52.6473189470069 89.59255533112731
34.13151168626117 22.800993320874962
64.09163736710775 16.049734229356783
71.54548440385443 97.60142476724108
48.575817493420004 95.41285321261516
66.43754923516103 13.230701735863759
6.203042243887191 58.92227387661112
7.656276797315586 28.02266456341702
94.38464777002325 47.228005057656915
75.07266977911567 30.081024470394844
97.62157264015487 65.56493270216527
79.80130881973693 4.184798462867545
37.75979208655698 27.72871429868141
73.3547890409967 83.39951484427141
60.87538976027036 72.55792021711007
7.606879175924686 83.670313790795
36.543814025623256 93.0773794857579
2.4031617980561526 14.140625298046327
11.386157435352173 89.49189099310516
71.6268688485571 68.28938268620671
45.180792031702325 86.38374303159964
94.73042525079663 27.84188914579575
21.624891430745873 32.77046208118261
13.771159984363857 95.99841744871541
44.76656241953193 82.09992646691373
65.87512803976769 62.96203876369982
60.21315212043454 50.40079518026482
36.933022902600854 99.65013015795068
86.17502183818476 39.6969455877518
96.08836065335205 61.95761113027276
90.1858343052513 6.397711295642516
23.93301357461174 79.6715766930719
44.35545831917208 91.25818248261348
74.25037236199974 26.953741916544548
77.9891562002076 8.824738579450997
37.434479525053234 27.45294433446319
66.06122851954231 57.286259171212095
45.25811480424329 43.538266576228764
57.78436365435049 43.0857412904288
30.819401281044755 75.45267483383262
25.434405783880987 46.57901062328479
24.21068281990858 1.9702774143526502
76.37396209208363 14.947948805003186
45.704566759922294 65.93206138989525
25.93940529791614 27.428686041652206
54.92279951783402 78.57171469616738
26.800897705650996 1.4377859217981848
78.80810932387958 65.5041639357441
66.85397384338397 64.54323681800072
65.68257515411571 69.36730044481129
82.21394467057432 74.21442911796612
17.109091776778662 89.44375481117494
45.08657903802654 29.05994509359644
97.1069001678422 92.45643718029235
78.76258286558678 12.66605049780718
67.52744551478351 66.59312615261138
7.383040040796029 97.79553754954291
49.20454024559633 22.88481229094127
23.128544333110746 63.54129933963589
77.9669610432793 20.30037388214474
25.410968151891222 50.149147842879906
98.1102176364238 88.53733176291989
45.72701183508241 3.812299820162135
25.4717120337701 21.996675927436627
25.31121231482536 40.93864639301083
72.8483231879204 88.70301256036491
67.97792710787199 17.74963210204107
65.4508461910067 39.252077510500236
36.06856531100221 85.20714211362697
49.839759953315124 64.438317706333
13.427262483479009 48.88030731726273
34.53257211769137 19.494199482293794
57.6520708177529 77.68006643416177
64.29478559742391 85.90875643628264
15.89130109913074 99.9706482277777
47.571934181589334 71.3614404028601
6.236145304241281 13.048968323791676
53.355763506917285 67.46544422963561
11.430733563653172 64.74239972792708
32.13619493490438 39.09314829615192
63.18747177287635 36.081681339247126
29.454842448503527 76.30173124355198
6.774477114763034 26.662573520870282
84.81769099767847 86.75744086083145
0.867480958800626 9.522940072991181
89.35804505745595 89.3279316472258
6.506160025431584 82.3414404293635
75.62119578091274 8.540507904447248
6.456243936599448 5.012512801954827
68.281231553467 74.0371860237234
9.87442249288618 87.3563377323942
9.204733990220138 84.67048159209246
16.976634674860836 53.56176142275637
97.48958547283037 48.3717271359845
22.231672336911945 23.769637673148814
7.347988477976031 20.12555439748709
87.02139393160671 96.75751450949454
92.99331852218666 93.67929127159539
49.20067951018574 11.675690819643414
86.11475557243928 53.81462219330484
26.38458013339806 31.19594627056681
17.02935567998215 91.908761257103
19.12555234204678 20.995547294689676
73.85890218226538 35.70564856650438
20.468058852802095 93.47819518376672
21.43184231276325 10.257692532099005
39.30435822219878 72.38179623366572
67.26525116128806 8.511681664236404
39.33184255319902 7.162834865722568
62.90808749541076 24.437210820468668
9.586972494372626 21.447315591789483
72.92309038994259 34.61926387459348
53.207406496484 77.31527375318507
44.36746719880368 9.035342840165239
82.09939221929649 41.34378433199545
24.75191686536039 51.55706896846913
2.834364568362524 73.33300082039649
84.06564275535789 19.667202588916588
81.81063533310817 96.1914569892921
60.19447984704003 46.51939865131596
38.35935010204242 40.070569293732405
1.7988647097344934 72.75809649886847
92.03938586012694 35.6021964263891
89.444295635132 20.193969747022887
69.12557989436206 54.81966029147157
16.273775004446776 87.42840524413265
13.564114056345078 7.014394106465582
84.7172622324639 39.3300098405127
98.25529151951616 69.52982648715815
18.423117473861428 58.36528605072002
56.32773594554579 95.10445004385016
55.25196337469084 24.641150924764432
68.98915419274238 31.98565049492428
94.02397730965058 19.59762250956416
10.346100662655477 70.03307296966749
20.1181909095152 57.42325779709038
91.31784481568215 51.99175425162641
75.98721560925104 50.72354241207947
25.22755433835252 24.905343789136392
49.85175969862053 77.65596850958734
40.987278534574735 75.01110960465724
42.56309260029886 48.42555236630125
7.5865162125438035 44.23263250968697
31.2550199076264 57.260842337312226
73.04667640164037 13.057063238473887
96.29021478073908 95.42121824172702
14.236900006551235 89.33773118817426
90.9596233207652 44.51688165886447
35.94971953259751 9.561490842979936
1.4713108658370166 74.8190072243058
59.42973291279115 26.936342164978377
30.262436813656546 57.264078531904
19.84129366415972 72.96627524173898
29.03618381413311 94.04199421903473
89.90143925479164 27.771313634694916
53.74813136256109 12.01311713915879
79.83001525899398 30.67499303439728
8.410638407410055 40.04988681283991
48.82985563014689 63.652018703025504
77.88418055771592 13.850313633831135
45.73922044647036 12.761627241596097
20.51258580982216 22.26838401594452
58.19088534359693 92.73037652759226
8.049584644263263 38.65202837124787
78.7486360342352 63.9653558194347
79.76711574344112 33.15118709917897
53.43175098426926 65.86504560760068
19.1349908426546 84.64295892728775
34.27185564476895 44.97761434778648
91.01626581810311 61.748650033935846
49.112478207068136 69.85415185517029
28.826423478266825 39.735763343190875
59.889010013864784 27.50401953370719
31.601577569973884 34.71319324735212
43.39042678313167 53.4202010177111
79.40986986725672 81.86141563059357
7.673407713801073 21.54097220761242
18.99464032669007 89.56327688853588
60.0379706530233 79.466848359413
79.1624059421756 7.130485141293208
87.1193021386903 57.66858857819004
34.13176709130356 7.429413131358221
35.41472378169173 0.7397527045260421
86.29980244165229 96.23883132500583
57.649040496005895 81.00715925250321
31.600129969239056 0.05868413920037119
30.397128791179206 4.1592233520264195
95.29129491403937 4.386037616540994
87.2271817977517 3.666771239264166
57.734342260883345 46.28674712048407
11.161158607342337 85.33507562525287
60.526076371798354 53.07196273976263
2.9265324130710257 79.13283891722817
65.6481193046472 13.356654551360558
73.3295713378054 3.415925315075641
74.79218138435809 53.84744031900871
22.70118604320225 54.18099318880497
22.075417579596024 9.620824511932957
21.538970311859295 1.1602307565950598
79.26962859135043 18.169497885256202
77.74076354391329 5.853849253223043
2.581556233137605 55.72759338121725
10.002164757028996 36.33173620897264
74.53270800678882 90.71490094449388
45.723602958370854 18.79168136103275
99.15943721699733 63.77879413978834
25.440183641102585 82.3656288320074
90.24942416218632 78.84903550421826
95.63303923717227 53.7094096288553
34.10946332621128 16.05295525819438
58.22965282737813 17.952547823022723
52.54441206526711 77.70529264526095
7.369632333967802 28.05526405412695
15.240653117801372 28.099697221140474
63.541543436811345 68.70215694764063
48.64984843757525 1.881154362481685
14.067676356364334 12.557702498635749
82.16598522764322 73.82994919336367
27.64869798300732 3.464043106718928
56.475773574023655 21.523521567581938
51.30770495939554 71.60919893017685
37.71279332711786 89.50313491344404
7.981797389089085 59.04334207433276
61.30933973720896 73.70360151758679
93.02724819746209 96.02335594068512
92.91844424871337 94.27434815889426
60.4014036536462 88.48972314093608
6.420193423923148 67.14247778377394
91.64912619100369 90.81067296526693
76.06064105877796 3.3922005361923024
58.248837747874184 38.7907920260656
98.51195656600139 64.24765247071183
47.13851045450051 87.31731540193604
20.888480239681684 78.65583201470785
0.4855985430448517 53.89569645402502
33.889945897220095 52.39938003031255
42.224373403042584 19.386229944272248
5.452779685400788 70.63006525286812
4.494984225132647 62.075166344366316
48.75678542161357 57.512569369151166
24.308785200428918 80.60185326632727
8.135902727568867 80.53180805707841
39.649519246351815 53.31900662215436
82.51166319400481 67.73202936316275
25.484177822416086 57.89266379160086
74.73577008453493 42.54890310175965
68.71961118487778 73.71163477142498
27.068600005479894 76.9492600240541
75.43769421767789 39.5034226576782
38.665999290029916 79.36219882299476
21.86025597668213 41.00676790594841
4.371342905145637 18.624986854263692
25.260116444347645 80.63655461111604
57.64901745511403 91.48640653187125
44.156224257609466 58.104697240044075
11.58419631313029 54.435288095511815
22.95065153517649 74.5312311551805
9.627357329413389 81.87473374188909
16.6484644819772 14.542180935599735
82.40961282707285 43.76460911240977
39.442148041966654 62.157383396343555
89.79649245455768 37.38608923496671
99.89875728834758 94.14767182417485
4.049904229541667 53.45557459917134
26.763519451530925 76.55542346749363
17.35001922552798 51.45956508704344
80.67141403992034 27.964090746536574
73.17528327774531 3.5481117716474553
93.14107731428439 58.59863502582747
99.17407312698899 89.70604906080146
89.09624448566068 84.63968271548208
88.65890758268714 3.9515454162002084
30.1170090518611 60.71638063915864
42.88812794255811 17.36058754898381
82.94434174674006 74.85687180123882
76.8857280387753 67.96772135690954
14.44792674571721 92.00757561171018
60.37986963764516 15.786276052598325
72.48357062797704 0.08488053925264083
14.359499901071526 48.36214227220914
30.64010935419912 57.328385324764376
68.58425417240413 22.945175807496543
84.5064340306535 12.235961087736847
17.519714465564608 55.12445359996649
35.805909731058506 89.1552384383703
18.65944675739961 41.42901311928515
95.01067279521091 87.4345809966958
4.404259145104317 6.122190538223016
38.77238138050183 23.695673633482393
37.29949304948376 73.16538456098249
2.5074030996149355 30.101062355216335
49.08472022962053 19.911776149477145
79.55318023777332 86.8897941664613
19.556849909715122 73.7941025114932
95.48047702451159 73.11264523110977
83.84905540267604 16.72305572842907
77.3451630536844 29.741231941934508
93.6146102735807 81.02283481755698
62.53595307028183 86.79556632643911
54.39080753721556 51.32536087953855
47.04009263059591 8.386249842282334
53.52338992427307 50.75963780509716
20.85127899974495 71.35618504913343
79.89832129721133 30.38916975938327
60.18805832559586 17.47606237291177
39.39061116114144 47.407008605309365
39.93407791787191 59.06863347613286
12.929698247893306 91.6309686802181
40.9897528620599 85.17906832915388
89.15989157760231 32.93488762997765
48.42491628973322 40.80416423623857
4.358175926305218 51.535203196694766
16.058505186924343 47.71283202144778
68.70002763805735 73.70208318520483
18.575140107078315 7.287734943391899
5.015971889478799 68.27404409452782
3.415573763725488 35.39168141884234
0.4206349993796654 16.876079977392035
15.212753432891923 5.164670722055186
24.29469948245011 24.472918550936107
20.560947393504335 89.79947003470615
64.21153337348755 91.198768645018
82.36247511108661 20.697902537708345
41.188837882492436 60.690516723775325
64.16869527674565 48.43959570064767
95.86759346820422 39.304026647018574
1.4239128446176585 96.14286870521784
61.6626772558726 34.55449883988635
17.06776810878314 40.878762633251085
20.574198490029204 70.03953232369646
19.902950878815496 14.811677756700714
25.256442423787263 13.901845362232235
50.73747121743032 89.47427956747124
5.916466316924707 45.62362789161551
9.687290926626812 52.53071016193611
97.52567062129361 74.7688881558498
33.75565475624847 24.526504404657214
80.64659290455597 45.31005348794539
77.02739012197208 97.5529010572033
34.953602853761446 13.422362270772382
17.482777762647473 11.775991135261254
21.137877527840864 44.9986826272585
65.76011504002325 43.05311890047086
68.72221827197129 77.4631624182607
87.77834468738133 34.31058705437169
3.1192262085602662 25.132463667183846
25.373652714670747 54.552880099192244
48.415373001992855 32.474227731782655
39.81051594341538 0.12450905289272951
11.722717169315311 16.53383744563246
57.56441937498504 5.202010571393667
95.84452724098179 51.44469224910928
53.78850882898003 37.305533149133026
10.796882084124626 99.2643379347482
17.15743249055962 56.42004710298932
65.58587550921938 64.25887501734977
80.74570084098673 52.19617519082823
43.60781588839798 41.37321436843053
80.34261441161861 38.72468711954266
93.74251902300269 18.45656412404305
85.01575522282516 85.02141573875481
44.68948468623844 3.372232619279958
58.5793048210544 84.65945893919401
70.45922802688236 28.41336769510757
53.297313428466985 70.10661774723356
92.65238845881707 61.7537351465103
78.54576227789089 32.25029144989687
33.39483838900104 1.4260524630417604
48.33158505418075 35.689517355751796
70.43779098023441 46.79414490736603
49.48911754866052 3.4820509878227157
34.332405502648456 57.883540672134004
91.46389220358142 60.534086918884064
45.73775815018054 50.05456867817871
84.61875491745559 96.58441456757588
41.89981060847465 20.374266953575628
41.08778232887832 1.9512254782562133
77.00111891197407 70.39378224567156
58.752120822274215 88.24622808703602
40.200318531949605 22.463021041787435
86.20141205738143 62.79233086663217
20.048186379543143 26.50182576187685
6.475469680898527 28.014156542675693
98.79447737789782 29.321016933960365
52.61300027959365 27.74501337868427
20.853640471659652 97.9625144422405
5.07443841862778 51.863790656989686
85.74842312095483 26.002069951574114
15.90912246700732 41.08006195200213
18.334561719926146 96.22836024072797
19.301315441066723 9.232330497658126
0.7391793656178036 33.46561496853082
93.93198509273739 93.34785306511203
46.32431420497822 77.36599474934694
65.8188093533555 65.6611516205893
52.83344946047179 84.23540471225644
89.67203219246906 3.1300180058075555
37.47413306274526 80.23344983350249
8.583819878492903 22.520308777749875
83.58704877466036 76.95232544450589
57.58848373917528 45.06961089323319
95.27858974342477 11.503664794884894
9.620807524762975 6.893651914130016
84.47845819675169 90.63091010670887
30.238856551245995 13.234099258876952
51.916740512100425 80.85304706110288
99.37207325827177 69.46685542476011
68.38758359428326 83.95556549019992
61.21957690757749 68.03439577991709
3.7359601332811576 95.00305893939624
67.00539371122566 43.27031591645327
45.79069139142204 68.66931232033092
81.84414000356529 86.05041724318619
46.671895560520284 10.731791314999239
56.139119240488085 8.904868461100701
42.04398692704488 68.31486463460394
86.88702767766117 92.7613382840765
47.656356353281204 72.92386182345871
80.57022000154453 59.18007677880494
76.66636768023797 32.571488117025204
30.578702239589372 41.63136898537335
41.81323429570208 37.31216206474568
10.154331825137175 40.35341668660831
62.73043212206776 2.4067741787592523
79.43773117333212 3.8940459139504613
7.277118290385554 62.85784561714722
27.366438707460272 60.900203469669364
52.469630146347946 62.46400963729422
30.832598604047558 78.09440879426232
20.959345784022876 62.44289694875052
74.47432094197612 66.47799293265018
76.8946765685974 64.46095969511006
7.460953583973106 85.08610322811883
93.43918524319054 91.330837205753
58.0297817108818 75.13770401690093
1.4086865153102979 26.224490531372137
81.92460866605126 80.08638483740981
31.597979510691676 75.02717326717541
96.22817565279318 37.03917714389694
54.181997962804694 78.92171704526208
20.356458690580602 73.02190626346844
62.854188043629335 61.749310737399576
78.36196483909511 45.21860878729176
40.23361256963233 9.15395614902944
68.5311228243983 48.78292774570592
83.99176237568152 38.286559346152195
99.37505909695312 81.13390627867828
70.71531965494198 10.47703254466078
73.53868324343486 41.610650875704295
14.35388551704364 99.2575231634637
4.632321018916596 74.68104404358343
5.540133743214959 72.39668768831253
18.342940352401538 4.209896066412522
29.76360826004919 36.10405920023463
14.702382684199556 88.6170447512454
72.28417830964709 19.865812705859685
65.98916604077121 88.24677967941513
51.94209388346178 65.42999068204615
32.44443756831525 9.748431568298276
13.92507418738209 25.87814147750036
37.81990089909127 76.97116598111323
43.28579310161395 51.63336125386757
35.607978720019176 1.2042127267483216
25.248979024388916 99.16177995764141
91.4589566738692 68.72175400752582
62.90666620353631 67.97094291562618
60.421712010139785 80.57975066408852
87.32914374298242 49.191076545656756
7.425734856345601 51.586870707461415
41.84773993109171 0.19225707820417215
40.38966010644316 49.964245681249665
9.40045106660613 46.05042260797926
13.5109924569624 43.529375663610445
51.34796596533081 93.18785012806431
44.5818885388477 83.46573780893311
28.411316837586853 33.78843943822927
34.4323347649419 62.74667631783927
14.033937274162888 5.075189678224145
84.7545722097875 71.12721894413394
95.13441978012183 77.54825698906738
69.07710992329886 42.84698239214715
6.851899885542146 79.51117109384434
91.32558351965643 22.65821265181168
62.822950489573195 41.83626772954281
72.82144797258361 58.61469356653161
36.470148643560286 58.903233183893235
4.782384788416049 33.689060152526665
25.151246808181003 56.36255488562584
67.7872672763883 58.06171391127775
8.145831251549273 36.04173718587529
62.630710127421274 34.83694308457341
40.06485399402554 60.099015075080544
43.6454872452271 34.34005751858308
15.97784770610533 87.16265789308389
6.9668778790505375 78.81575831545632
64.16940169000291 99.47056806178884
68.0855748267969 79.10868221087661
41.11753736032697 51.409406421847095
68.72694702428713 26.88393514336941
22.31909880506263 59.596622581654934
44.35847953600223 69.03111068374345
