717
86.19531874357952 17.870559530249174
87.77298671644321 42.297423244731156
32.80457856576334 37.93133391330213
66.01838502376192 56.11085297250612
38.799520891048076 16.442337904226623
23.35087935828881 74.4367181196767
32.096472141040124 31.723354883959555
92.01455626367303 71.6036077829431
32.2197123164728 83.09503540376379
0.31193911776995487 71.77115699274562
45.60698912903477 31.252614725138027
88.58537655534798 19.628867260294157
8.898281893173332 46.75452924304524
22.56427755526066 53.48463479010991
52.64985734670962 14.889985506489412
40.446820819618154 99.63690123980135
34.871267445653764 98.75896640596625
38.964980289540144 27.460569719417837
9.513770404643985 78.9571982973068
85.25143225892442 18.78375331979202
52.58154512554769 17.695920693331
41.51035785545057 52.639371576294394
50.343359119413435 29.47478758039542
0.1652764160586795 21.47835935641612
5.464155404111981 2.3217467841583406
70.33404549467028 52.52591813544407
46.394028052070134 68.0582281794316
21.34397968942001 16.048138777378895
98.68939853989738 14.250055307967834
90.45158374842629 1.7586173137869254
47.975190845200814 35.44026175770954
23.904636651727706 49.25685118133687
90.11377897508362 70.17652012121978
53.70469694082759 68.9172443354461
11.50181918102271 32.85651385852404
32.34938920195526 77.90109987955395
2.131328049617509 97.1799913708059
88.3432869595539 8.530963202165298
94.99269721901804 83.71452692608969
50.6741676198044 66.71822875168863
79.56050548720101 12.28420429563607
73.44277146921863 1.1314091769720314
16.132549310014543 97.23326566163868
78.03748431554773 20.141728442611118
9.45334955550935 73.72274179245827
27.649615607594534 98.84671616013621
96.05202940137721 61.85400972911877
30.263251361343524 74.48797929867193
50.1518407285373 59.33261621835426
15.99996546391591 16.749382714082238
87.47220635989648 35.991819342985785
73.95445298527335 75.29786688663438
36.68639420991281 44.62772284282727
23.684740102645574 81.87523383843414
66.93018499370602 36.756561522107475
62.696838463767016 5.565799544737537
22.345033493017464 31.4861905235291
99.28585462695789 56.80368150681717
65.14641114190904 19.996133386388305
78.24255789385637 19.42601627691297
29.096704033623222 54.12591092008234
12.894822800988948 93.50033452324121
19.528966091400658 99.67446078394092
1.82711271668492 24.212160680800544
87.12013226055511 70.52923263822703
40.83117047304721 37.000627915497674
28.83348137081362 48.92101408724866
61.86645985453776 26.870886462718456
34.70160576029535 18.54007741378266
60.951118419618176 36.57101812460171
29.66433432808051 60.30350139521
92.80915589248328 22.791413561792982
77.93314877495895 5.211216721310596
64.1161533207 28.534576070471353
13.015564239536637 99.53049817180094
65.82283497526019 94.31510417026274
17.362189931696538 8.782083069598901
89.72181471152399 59.77088567695521
49.21894847095625 96.85541446392178
35.487125992844724 35.015801885197284
86.69520964671898 5.176074757893778
21.430182271334562 4.184939103920704
78.59193506625651 54.8079841866696
3.9476367389840172 82.48764177302179
20.030945362239926 76.00622339928832
92.97396700347615 66.93268567486068
41.08669810685907 68.12881776067067
50.95056161075466 16.91236038692483
14.677102289453114 37.04654142807245
97.21267366210485 91.7012663631036
93.73609345802745 77.70612090627037
42.62148057966606 72.34905220216139
51.88802662024492 6.149760938317517
73.99466920361898 84.43360999408462
26.57425669114054 84.40907603566856
3.6977493837938025 92.97599662812202
99.82857735925215 79.55403505010014
17.474707115133015 80.18578580301892
78.30385439678992 39.714076123616046
23.75442309770741 2.4670195383629023
93.02835859770492 32.36987192142507
74.96587393325458 50.437405371433066
41.928020838641764 77.89544377907241
88.61515368561123 34.866392231823355
85.24728464094656 61.2927952661278
48.996580332118164 95.22883894457387
86.4567838280198 24.761454239666946
92.99513283940354 73.15106639277694
2.512175793657634 76.9189009059248
42.10451010364451 69.63122783420414
97.02966721270052 92.84989136779153
20.55975845221437 22.23835078003612
84.64672500604381 66.2913201739296
40.74189667297192 37.92070490599004
38.78181845779506 58.41356502920155
51.844251110547454 43.14107831444303
76.93424035277341 29.338237477524707
37.625384782850105 93.00474188606852
71.61662697145336 64.03252262211168
71.83552289770411 19.233917017633384
20.909711459957503 57.51330513507711
89.92732591322117 52.78584271854625
56.98930853561467 63.005565993580326
15.370087423834677 96.18946959278023
9.619503673910767 33.94994556057621
16.02218918962842 5.0236195169830244
39.62000352461511 96.74697555677406
25.407469056581355 63.15742962596196
39.67783532334027 80.827762825014
11.694091700123177 81.28219488719509
4.998964050217392 78.7989443552712
20.31089779732008 54.450648898078434
81.68474543871402 14.135123187229315
61.420550799129636 69.19721621040192
85.21166736217337 83.60362711816651
74.50976589313201 58.08236461698916
92.63777067054477 31.26135338538415
56.51575793463851 41.20844623610549
45.47589100488379 11.417340338516336
85.24645850850696 24.6100002703319
8.04966223861232 94.14790138072206
57.36036620588191 37.6585918476269
81.4962357387766 60.5127729028473
86.30622477976605 92.35546392972813
44.41160230025072 0.15246498148598908
5.8570751504676615 7.998690454147672
73.00130078512227 92.37616920298657
27.221608801822473 71.03254445602923
99.28430405140772 92.9169146649782
1.7030124495647558 26.35957307371032
43.909071209854034 5.620165714016778
89.81513977072197 38.834419109903585
96.09392153349634 84.33047570820317
46.95434251855246 25.776344436975062
98.8357530323903 22.37157644945573
74.26029527515927 60.29960102982389
80.72628843789829 20.505732481127936
2.010353967301348 19.19643127119467
77.25167363114946 15.922859271626344
3.9756711659017285 41.77511316514413
15.318755987346721 65.89008471752658
89.49255305364883 16.210240106498265
11.05869066214672 84.5898235885302
96.41848313994745 54.55136490306489
68.39943677231041 67.0613895032064
86.4223555006535 79.34539959179538
49.66556838920289 35.32564299460675
88.42859895302595 25.76515554738873
94.09893828802882 45.927824002907855
52.71618508368573 25.795033355568187
46.248468419598495 7.951115005209674
97.18392110779928 97.62329218566927
5.608670809098026 61.80417566316356
96.17406588949163 8.534469536189594
30.22418525598065 69.87231039921168
43.07767013016923 64.62187901115772
90.93513429542146 24.46784692677667
6.396658206541694 35.89795920727621
58.21832458953001 7.002887834783744
20.818315789528775 92.5735768756369
0.9012687907302808 82.47244152315028
92.06376295282503 95.77711946157584
3.1069944211955303 64.70040798684964
65.50774899547392 85.32851813330669
92.66364383967198 87.74920833399466
17.022276256487434 45.35929080058357
75.90139933785962 45.74392911495831
25.05083133127527 50.70854066910153
48.02820900134057 64.19717706981764
63.27242179847059 73.24670637658038
47.41989400213005 28.76125495631069
26.177193585190373 97.47099308333395
70.76052442397017 23.11627290400167
33.48349150862199 34.06999903503115
95.53223366275235 52.59311997768652
57.06103440947173 64.80704171226344
86.13800476342958 47.758392837141585
43.63731000824639 0.8346820293672619
30.035680202049853 28.378109477691737
33.55794246707391 54.49851982497238
20.723140573401366 64.0869205006227
22.243269376192398 96.40682059898225
89.44719088292278 19.884397211278337
52.84083134773099 71.13484333683851
1.5612940944581988 25.092240734377235
4.601707035106106 10.648762807124045
90.46420537727124 68.27274450079202
42.50399601210063 51.01197522610567
93.2666290081705 5.974814338883416
36.907742588502565 68.37543487949766
35.378011489293634 87.67529364658292
77.361503386808 97.02281093524445
22.550938394074084 29.23177491147435
13.476800890088247 27.654251589079504
27.543308429347057 66.21567637064368
8.541564877490371 93.5711840945346
8.673737418641192 81.58068965236716
36.32067441570116 94.04458345713557
99.42228336387635 50.407924288340226
73.26957528439006 86.63144628746024
93.50455008915482 43.84395213192755
82.00114941402913 42.48890497042696
76.95555912473506 80.55890015716204
66.5981353469267 8.940685510671942
96.15713246167722 96.45622137075763
57.364051664267734 86.67684545371156
15.752689031085854 7.028650931355795
51.2884571102477 9.841880442010654
2.581121461844371 64.90433927949732
24.555969619446717 13.360194142059923
73.80460669804091 86.2925825470615
96.4187105368239 72.2333842225552
35.33755016666461 78.00966787229584
97.00214266804865 81.50933702009795
95.51925395030733 63.08384680239673
13.322514653300377 73.17696084042777
66.79875123668427 42.598588853123644
86.27214022475857 25.02194355794457
57.78857854777611 77.07343482739113
93.97791151328613 37.755400660736086
15.868309909394574 90.48606617741896
21.58714616856814 14.488713007269416
42.74134750036958 27.999497340552036
82.77793361088752 30.34085093636376
17.691400774374564 74.0697420875058
31.109327073166583 84.97517447169581
69.42746164911163 86.69707551779567
38.532311108333005 58.7996789134918
49.08339715071958 76.61150732924325
29.735663649492285 35.007835793943244
57.695097856541786 2.682562306917502
85.20996643789135 82.04452724270215
31.311773040689882 94.65986467861894
33.29055170488523 86.22085173257801
26.766210371511477 26.033787397415466
96.03293288766127 98.91544520182393
28.330127468453682 97.76584016600964
88.15036799680101 78.06560716758942
89.70947110537611 14.162494430422157
15.406287821362463 77.8722709961981
73.37349618166907 82.33343821008981
13.603763796402092 33.7354883002936
97.37753417584047 35.61429153746152
62.10730044922298 78.77452711363443
22.97475105539669 83.6029642976433
97.6025594773537 13.098000320011716
80.6151342431819 23.343538492321425
8.201285909321033 62.645878180651785
23.298722805930737 88.15162901053452
89.03987375462575 2.58561164110086
15.766678224516939 23.202418643830526
52.942078656958024 7.224942941468216
66.04059393281675 51.299370807241985
0.7248566173206239 26.901261005137044
90.29106545556347 81.03844312776036
58.50840219183563 75.69281531864867
67.83203255854798 53.776281130349076
91.71249973033814 36.8344555824748
94.50331145947398 13.388384137412912
60.17898665285992 77.16900243996179
38.94993025970733 63.73870843380903
20.137808648174282 47.09620681396047
79.37826082156477 12.071825736862941
77.75880720823973 76.2915771775594
17.53182153333026 17.296920535596428
74.28883151438546 1.8021743231514176
20.242263610531396 10.197504297919934
32.00405078667824 73.59042817464862
27.65268997413316 39.02558703065537
18.067339181869414 44.05309517228622
75.89289972181544 0.6438395652069051
79.46931482487183 47.259567188849516
35.66765053302786 1.7014367328558766
3.5765760897516263 24.31339852679043
91.68040286064722 57.50262036332355
69.87958762424942 76.64220248354013
94.84447619291977 9.704742179036641
74.04630199955912 34.999965659342834
80.43023829917131 14.627372993002275
64.60933649716607 50.20369974084258
84.26522115092277 77.73716200901606
32.6843520337945 91.00113541669069
88.82713768354347 56.56519076979145
67.95656441218132 72.28206173160092
10.759488475422819 9.762103136247568
18.68069208586064 16.42765317545567
47.67758965908821 32.493070152439905
72.92597700984894 29.840071114150067
10.518887311453451 30.32544842575432
13.764660224022506 64.44472656918377
26.66383445318322 82.9991926196102
33.00999694052417 65.60080275518744
58.215699524377825 96.66227229967515
69.93657741697345 55.29796314706762
42.51071736275291 21.32183485428679
65.48589898462 47.888260517228574
81.82361186934747 94.80897289129608
33.69596506865982 54.5950282610489
43.22648553703415 67.0338054419946
25.195341132252402 21.573036330192018
10.262325696406283 40.516878262106225
56.64195728760757 64.71449092108924
9.977377294898371 93.36457891091557
66.39577902554143 30.319025182636604
9.341437072347746 75.8695255452673
12.068954566628221 65.94910896740677
34.26101665236523 71.46802666581148
98.44905127073278 74.45779606378686
99.00041593626014 32.97479861860892
16.607048883172972 16.11986071723842
80.12793184096789 55.06781010941025
59.25984618800456 41.869678310002215
62.26999959209767 49.57812452577281
61.14272239545934 28.268161114056834
27.372270893202643 5.7951545617450755
18.73102035423001 67.31207637092433
33.54501687601596 77.28426095922862
78.68686364142044 73.4072646461458
5.908303010154247 89.79754184308177
86.6020280088898 68.92860857533182
60.244424398399275 31.339828052800723
0.8500294830615429 50.44613623442691
11.953443740987602 70.94520142163383
3.8074612978960087 20.688303977682445
26.4330745612123 13.182448354458886
63.19574765418169 25.937607555283947
70.40880417587525 3.218274257612286
42.51063587823892 65.45348927764613
61.31491119987431 59.80657682084741
97.7415725652789 74.1468885780793
34.6315419629642 69.62991643395779
33.53904113243023 79.3116856722566
45.62121608153533 91.98240008124043
22.294915486151233 92.77835618012999
62.92690557841355 52.35488159084832
11.16684044277363 98.1618780042853
72.38555464959234 89.21127571821829
92.22764331418506 78.30463281865676
81.36097668742656 78.57810232969464
71.60391241521438 60.654523882386215
3.6517829271753177 54.15896620368497
23.979802453530763 66.95444401577785
22.441193177592545 30.43656721543688
95.17557328225176 1.7532651592395143
64.164988625916 31.13216127581596
96.74611976862496 12.62876384139483
78.32396628500179 53.70935725413734
8.311840120745984 37.636624590235314
33.01498008788132 98.51127966284575
25.268051658464806 85.48317867843667
79.85867821660284 41.160969876799
4.296006512243333 55.412374655850435
88.63614635482018 14.518814131319147
98.02646166759014 55.91081747083262
63.910901122620636 93.23687039296597
2.4479154624775568 87.21439423686881
4.6766846388296095 58.71613773524429
18.020938870804404 52.70859070138316
54.646876385089804 63.8771010981681
43.241091325190325 16.05153070929609
56.95508814704148 99.32632561618819
75.90906104968963 1.9947040974031216
88.15718745709236 96.84888093025667
42.810312771701874 77.4962538898215
8.866803709923898 77.51741131425037
31.669598215562534 82.85092280815897
8.217554484523415 49.58565488951695
12.292240352139006 70.10758038380268
17.623490973652835 97.04292456625242
55.983862067365855 25.205414814252247
82.39722952427829 64.92928669244392
89.6736222126641 30.992084352216022
20.217011142883756 7.089701113244418
9.237208433232368 14.291642030866525
56.90302116232873 21.954403229711993
38.57441476719337 8.531046112684903
57.94229056564385 6.655075235084606
86.78916680685069 59.9104395614652
66.68151204685364 65.73414861905646
79.53917388472405 26.331348543111922
36.9139905729731 93.57501336233435
30.809587029992535 47.412512829513
82.83652067044298 22.692531496900525
62.4079698650427 32.24084945087826
51.95481671919527 92.25053846164171
85.39577037632104 43.67524200965891
22.920320151955842 43.982523962969076
81.32953027130337 82.3082829829855
95.05658845713259 8.190368381449742
49.43805452106683 22.552698936707706
14.788106055425764 75.8389331751719
81.88942265833481 21.903948899040582
72.32574010331972 33.87351945702831
67.60864953349717 15.649971430235732
2.2645630783107107 66.42388973829777
68.29123088605462 39.60468700806866
73.46641729718209 44.222858041686585
57.927762670122185 48.74993942320825
75.3886759307449 44.18455189943826
0.3556020124984349 99.27349002667246
89.71120889004575 21.706442988468833
10.289087188695511 89.76219350462927
23.761130192590418 51.82100612157857
3.5965955288709273 22.443227618315763
10.58275862601864 53.176429613569844
72.939724108732 65.02668419347289
86.88230099220337 3.0378348088633045
59.371039493771015 0.4485047034197387
89.30565066899547 95.79399927441976
55.97359529265662 35.92866131108181
2.367613994404627 29.849192709415394
27.4121508003218 28.40679122526646
14.756913166692243 19.230521293791448
3.719307155390006 59.765791426843705
49.694430003386 95.06017913687387
77.57745049688779 98.63470962854805
47.58036404587844 83.62340004237394
81.13102758053525 54.2693061134903
22.31440990806054 4.7505683667315
74.66510710588454 21.30789535987232
89.58436912886165 65.82283757917499
48.63172978677923 75.39776781184125
5.850415756641548 45.609576811151996
4.8884021354485 17.003554076142834
0.23289901880400032 46.772807800179194
50.83175564231357 42.985860185407866
34.532223916635566 69.72737059268853
40.056208873664204 62.951817673103214
95.23098520683943 82.24097106375318
9.721760207420104 54.15524332778151
17.932120902475155 93.6454242195776
99.30559694730603 23.442649402425264
76.83336699286066 8.655670514929014
52.11257471966919 52.65973786771223
35.51404569663824 70.04014525427303
22.951681060002937 85.17423750589023
1.4640771183567214 30.202625228514435
57.21914704218357 99.48705308156974
27.21268286111408 73.04208798194969
14.628328217997444 26.524039767788366
92.7926524557257 90.71001204176966
75.93852769122755 6.6726657105032565
14.520459257372842 6.386329252070977
31.277425675574612 31.511592980712997
42.623055280292256 71.74134333092613
39.87716474704456 92.34929834921793
70.34378964160554 53.68424486319328
86.25160788563608 46.2769454311892
44.17322736599052 53.356279122401475
80.74406597762366 92.98576609994917
8.787461867557745 45.415469173089605
2.8147951831812734 31.341583129229967
25.6477091316083 10.607579128575583
72.48559252657112 21.096316224879896
84.06391993023993 73.62814267135603
49.75891427255227 47.48286091774979
64.06708655864792 92.47620287538888
38.41276144071484 20.69312460558451
41.060739473223094 66.89827508213384
82.25420947878784 74.16309860053478
79.8400746131995 69.89175090658524
51.444824474442996 28.620065304553343
91.83074581134693 35.12411569091706
44.512935346601054 37.845108880765046
0.11623795074882093 56.02973294899596
84.66761217704428 44.873198508819215
8.090191715116324 59.228227617944995
7.8321960629042175 35.09828910752169
31.367583727927283 12.18799405001535
77.48544038760326 43.82184759097248
16.125573838803074 26.137435840616106
10.25420382742267 75.9704600358196
11.266341603816254 25.877436921123255
47.38357482227571 52.53910745055476
63.594080851533555 91.29911391247317
47.37060607989926 68.18067757252635
14.236980030147105 29.691388354352
34.43966195936547 70.349773532481
75.11175778155183 87.74086416363453
35.31843584052826 92.25372541736654
1.4060746680373826 14.742316513092547
44.34653947823703 49.966333376417836
92.3995871211727 66.25067281842337
4.151152433841975 76.73630185450445
4.136975344587679 62.37515355440575
69.30293745597503 61.39152137291569
81.74152988306356 77.10451547201247
89.47742472623375 78.2167552792523
37.17675801191221 45.787042282315184
76.36418933731474 15.270881278084437
81.18850280596449 57.30105956546224
15.532402268716282 16.01875989641982
97.1973496593658 33.296466308175255
34.168389930150354 20.214776160988755
21.19708935842832 18.630070087216176
37.42747827670387 88.0053715561975
1.4890620733037596 27.731168832279597
73.86748875675947 4.747041005033658
22.6920843058118 88.6621798154301
63.02250958019686 9.418296723108988
68.18527811863065 38.66776697761488
31.265304770070735 83.5731748849331
27.997365968117748 8.521762199176075
3.3824988301958125 30.810509587948086
90.15205200758292 2.733446220621749
8.207568875355253 43.614102517004696
26.531785954633026 47.927138404182735
95.30042688495344 63.352877877135874
23.705344128520533 70.91373955192209
84.13084897426471 14.780560283996513
33.37693947410615 22.132182401393376
88.0792054990409 94.92263624286983
69.79042237241623 43.43545888277672
29.908458720239384 8.308695785679266
84.01486393861607 17.5410540031677
88.23372046628306 68.51581041379404
10.263393499069839 21.606168271064707
67.08901630939627 15.503903273022512
20.679269761728747 55.738849435029245
94.37451247498689 10.667318256505965
3.1872785094719136 64.46761330523388
62.17763929591098 54.37298307226519
57.20400250833671 80.66318917243638
6.2085253992210765 92.8504878578772
78.47837236827762 53.12230575865281
74.3651633068696 51.85083268716504
65.76914958494939 1.8648682823739882
36.31927374144941 70.54296255340817
40.994793009407395 56.22366661564372
54.46381983292876 1.4917344169049662
27.63206374641416 66.45932271604713
46.73969931726807 41.21505146946897
12.562464936611828 72.40198051696703
77.04108597068372 53.49305783122339
73.15422648246815 94.44986564704138
92.95523515098684 30.541537184699784
5.635051593840301 18.794048234629567
35.417519234668106 49.49347787218352
13.669471266271904 51.26837731659237
86.2489800029648 87.39507304522004
30.013635421063633 62.70863859024672
17.16555937975207 1.527355584351564
99.4040408285061 59.58283810374396
47.67067300108331 60.41988792796157
28.623222185161367 39.467019209211706
44.08678584358775 96.57807247829973
40.14809951956422 47.97190635464696
41.322912122787656 81.00820152524908
65.47537936084677 31.74257805672639
80.57567618172283 96.26342375843484
5.326063308138496 72.2160557527325
21.819213616879185 23.014610984193006
40.66002184699732 71.64289090991312
94.70109327678436 56.999775524465925
52.11556263016311 70.32085159628558
56.37692327173195 93.82817694452073
49.581165702626606 50.2479069473751
2.2392594958410506 33.98860133662974
8.395540048190108 4.932857951961022
14.174674404320909 44.602118931344016
31.197596325159417 95.92034003831796
91.66722126412068 76.38173721242731
95.45613053572022 31.362208927933555
36.184970267429364 31.139957916497686
90.59289841714397 30.93252492974766
51.17029121102693 56.01005617336503
79.88878645959738 26.68344316292076
42.07485912820874 32.93158473558084
46.497704480543234 97.93251686396084
21.03144273791704 76.20457373171887
1.9887591400575944 94.23657634437082
77.29432918464127 78.37028085595131
30.011340854386237 43.681764958070545
12.730801875315844 55.48306177561816
43.09689721630872 40.08765288443401
41.41958410094689 35.51364815284224
61.41338905751258 58.410462842152334
29.27473912562738 18.705370771361117
67.59587960687345 63.694021116441405
5.47188201958434 65.3684494862088
1.6755173272975377 53.24690398209106
0.6728788041776679 99.09778346935931
50.15608683032612 89.58102374558939
17.921090956477116 42.20675051145405
25.16970265533216 17.108667595800696
90.5335587428012 86.34499037458619
32.93785767654135 81.79802322334525
72.63919859135994 34.81662106640546
46.67990395972205 65.38899211523153
1.3575238603146467 40.27012292118959
40.039133545552176 79.57198898863047
6.621662960774366 97.74040839411309
97.86478738422291 44.86925862820288
7.585725632500695 40.239732356854475
59.21337444197634 16.114356068254267
76.28774171044968 22.674750711581726
82.87999612207535 28.79999613635482
69.04480758900714 84.019023946415
49.668461842831036 23.899263046224284
32.746929625882174 19.985453989003
95.90901092539693 61.96608797632612
2.771556931554109 2.8158359491859186
88.99857146924805 34.208585180625526
96.68396414722238 15.307359253942765
4.718577480531938 12.934870403529642
99.86797883487684 91.9097627075354
41.013260145703825 93.73786073262369
11.813166962406607 99.1008673151885
82.71004653785197 26.03877107857031
31.84778133089019 54.9873424384677
28.207652455686894 70.33625094285037
3.499688069397644 89.41448329441558
69.35729862452587 32.17374758343161
19.946822009004485 67.58430812229427
54.23311638768609 67.01386901487638
56.42119328015062 20.177629292258736
62.3051798347385 90.63004372109475
26.7417841959692 57.87394432479647
65.20959360055795 71.12571716575441
7.868974240580573 95.73980339498918
26.32614947900501 68.96663277002617
1.353881217559083 56.86923334913423
59.007067664822756 7.0620606075998404
76.48485299685007 88.8429598915088
36.52024057045683 41.611449896504396
36.913912374276556 51.13627150683169
27.505761963643472 17.449077198830643
5.6282482058333745 84.0675337576484
40.28159405293567 33.704577260112664
88.00362749497401 92.19830163891542
91.61646619688851 51.956734450374384
23.92108782945973 63.56558202855034
73.26767011131685 92.88561950365792
93.23540417854048 87.78015730712862
72.21802848089445 29.027952737799534
22.176147233964183 25.626777702356108
53.272491381932205 12.649363851330586
25.978861538375607 59.45091635452655
18.0336224679131 18.334945319564543
50.74898228930527 55.50458270894556
22.263730594271223 71.08520599207911
23.719568385965573 13.29616759461092
61.57158229303028 51.68556738655694
22.92236719389036 95.43244803497113
60.81722792044278 74.22128967153796
13.679713195826448 19.807482867382475
0.8457035138912716 4.884131145022918
92.43884315468182 60.82908812978128
75.47655921948471 78.81995912054434
45.066869079569 80.57245335252878
67.14407916950637 41.19567597555657
17.265257852497463 28.341233152541644
75.67940906004203 76.57577397207368
28.81524097289129 61.19357228108214
63.932969829104714 42.40130339134406
78.40441177759475 24.078440448262384
15.920198732410629 79.62257068103843
20.772870802987853 1.7365149252190348
31.312517503098835 25.817084183634044
5.46414887729788 8.269195919486439
5.447474219544668 39.43642081316189
90.62777976879256 84.3862884569721
66.16587895882134 37.81885961624888
97.15527248740878 33.85100329584995
32.609489699526826 39.46700137905068
72.46365341636418 15.885242271983913
50.0733224135978 99.06659236369116
8.898730603154926 43.58478457537487
59.34436405381385 98.03181536277913
41.713367909895105 16.283447907559832
61.778937587159476 12.282683315901277
21.564338847002208 30.393615071144698
8.646765814645951 83.74115833866385
59.89230096537147 43.021540517378355
85.2732410381029 37.71881420984926
19.10486647301627 28.104268526370667
87.94183138207649 21.11944430801893
28.21028277943356 12.707651845920465
67.56672213922032 14.685433830430572
29.275279849340883 58.315711662830836
72.02857356543375 25.59679519182937
96.59204435485394 30.359446631573505
50.22331263291764 31.416371497584116
37.776825035394566 0.6101337158642473
34.53842420757459 76.54671402632725
37.59848256973811 11.81311479668179
38.26121095118721 39.75186175871504
70.69138403374848 75.4594495111869
59.88038978378897 97.18837265363084
10.353619065487507 9.863345359997478
77.82533521393171 97.64134780343613
39.38236898012738 98.24524961012108
31.814422870747837 16.172806216303503
16.30845100068029 32.47710830178554
8.894572010725298 29.255363535022504
65.43036158415318 21.357575498170146
31.553954207109804 38.52188008456956
