742
34.02760993956429 98.01267542329732
72.69258313758003 19.19932392660688
37.90455000749455 53.971208189147234
84.7345626302807 41.24498799498849
37.55889695645036 73.67683274559747
19.94420925220526 81.77704798693402
73.53834697961196 73.38950174893431
22.19769476976221 28.711652393074882
14.975176982611249 38.72791477844951
81.1262428437341 8.694056213869928
31.87787456464305 53.71847322407029
7.643297477915123 33.64126760769176
42.393156095370685 31.03735127960755
37.431177001665084 93.71464577267987
37.58722924890354 97.1940718860068
34.195801130291784 26.16490838393468
10.346944297021476 72.56879736552541
76.27113172938229 37.598527066020196
3.304779429505955 84.07036592006978
97.85106982282117 61.00303110159343
93.08722382450948 12.81282400963949
87.8412614513959 9.95919958730841
13.044323558642745 47.9595997980269
78.57083000705609 82.4650837851009
5.191514483997839 92.13111073249136
76.53507475422884 78.33029328058258
98.35757430178171 61.88980141577252
62.28681759619461 46.89501192786051
31.2019942128833 68.39164763756152
14.18984554318251 46.949265303335466
50.520057974507424 18.411176921944673
83.15615119653302 80.35693476945912
90.90654258807703 1.5564997712581685
78.62783994623629 21.83369069097939
87.88995414215032 27.466308359778115
98.40931201536122 98.76992272568957
84.94132265771411 43.487839103932124
69.43545705219691 13.852544178418146
90.66206532190817 69.3612113983883
80.82355190047355 49.921312969549255
28.004106459853606 0.7840875158112492
9.487977063483733 89.72654395774171
59.19542807252437 68.97657326720237
9.260573388040783 15.61873971294382
88.90905007875217 62.11725342399889
28.32343426243902 88.24731405621189
64.95879508841453 12.834919698969017
62.84439033609416 22.46289377037951
18.096851926483737 93.58600564039638
25.815416356944986 1.8665028345727586
63.77083207434432 69.25649078873441
3.116106050206302 4.104387042438685
45.12374732586334 94.79414124117793
36.46875784961466 32.11254372531488
34.112678626323536 51.66177333668577
42.899622306883536 63.233834888724296
90.2656320892996 60.47964154194243
27.94338711879688 83.8536531584508
65.66933085853331 41.17729361410619
15.757731467173075 50.88617087673326
75.31731407030749 68.6994821779834
47.54367421189237 52.06876203250418
42.119219268312825 36.191292315038915
17.319096138342193 67.23851306330013
74.18432586323253 4.973372169996471
54.336737406317184 18.255516288123296
36.97640499092692 97.84896948945755
96.79140768733315 88.74319269888193
0.9756873869429028 67.11172811784701
44.00766764304753 28.463989967559034
72.56105080999585 23.500820543364497
62.26892406520219 79.49911960910217
92.14260355575247 67.60635449115465
38.90310454382092 10.947096740662198
76.11910211236432 81.22978795422932
29.558396782560482 53.24523504476072
98.50261763889182 34.089120652559615
84.33892766879926 76.61078816075525
67.73579086301558 91.83535688296399
64.22852614673035 42.73007422440469
10.00711939744744 78.83203484359701
56.66059333032477 0.7015590507735592
88.07444514269928 32.51301497068698
56.93340040663843 75.9234693010722
52.436244083290816 68.26620408803458
50.37448356730976 51.364648418825496
10.227484756096173 56.310505699464564
84.75507332509824 70.02943693779467
35.64470054705337 46.586722017209794
32.14404101256289 1.4544758004784941
74.69855904347692 64.42795166985918
10.066464395220864 82.50458940320333
13.983918606851542 82.84366540642219
34.78344762122204 9.045075001445568
23.87376428358241 87.06024810877511
3.887818003231658 51.04726601549686
91.72204759129997 49.16310166501605
89.7591215420956 47.77034941178916
89.7524115995363 4.390826681009474
64.1858484801658 3.343833904434834
81.4350042204571 5.497205941465166
51.02129246139284 18.696285759256625
91.94197717611041 9.552316866216614
45.28269464372633 74.38147386844093
12.045976738914577 56.59161836377456
90.26518100761677 42.832189738116575
57.16243120807949 6.154309724244966
76.52769629359655 93.33034271683435
93.70950607738904 74.56816908246404
13.09904222726772 58.733401409166405
25.212100377783454 95.2198283465639
80.41053819494384 15.354241480449993
92.75146858083647 57.46894885356253
65.18133296850169 22.894109879364233
33.084098805362494 74.34682330141221
22.204393164895475 44.517683860429166
28.848929355084017 62.796952527730454
24.59795335203917 29.926949594134356
56.26813502345277 86.75188915297049
72.19824524457563 60.621593625175215
8.654909137847532 2.46084168818842
63.54430665176173 29.748171681399292
18.582419046204237 88.89579743660033
78.94441332897965 52.78022824346338
75.48999300022551 38.7984529666991
31.477779792515037 57.49526459312777
88.97896383329635 71.34823473588062
15.36005978830335 82.98528506332971
74.05620810730021 76.91141165006748
45.187490732937476 27.865653732032
81.98744214872934 94.47108782488903
75.46606418339415 47.01806726124376
27.069184488115884 38.86774549432064
82.20602187984571 59.17284322605189
65.70892388887053 26.90047190909175
3.8485845007187436 39.01799904629082
29.700860973030686 54.869869325553324
39.3495997788767 11.632026041372512
89.09532086980934 81.57494440624876
48.59085780337457 32.55462314598015
16.069467601216925 39.341051438951915
53.55570105256159 10.039352338684493
0.44742647351065923 86.51197469274291
41.04262228583332 81.54864991240413
78.43241111435381 25.427634088583627
52.55501803394934 51.433073712510726
99.9037787486113 78.72009526839369
52.79208742026995 51.812658373222796
67.0062860795925 51.86304895056556
84.00151694584359 29.124020409723105
0.8328120769527714 94.40103235418914
13.902353458748774 17.338030435803297
0.5781698436169824 40.8289241663138
75.6450743262461 19.1506441632466
62.47656088464768 74.64171235687239
32.423159887445316 11.771686984957096
84.56593270306557 18.009970484260364
9.156370733680298 84.0152009972816
43.75028905711456 83.17089547839285
95.98955448918979 26.646011812719415
3.336588522029671 84.50263846541804
63.508345886905424 35.04061524502238
69.3129883453398 89.39774398225796
16.084847606455522 51.32497958784293
58.45132754131001 89.94601648384622
21.904230713465513 70.7841686057064
40.39637706994409 98.26647138202917
78.80836640518302 12.764241805409382
81.7238001550864 42.70464584577759
91.56419093303647 66.94933879519348
23.47948237777243 86.14388792382844
9.781254550319662 27.42071305396957
89.35451150841655 5.84558415426919
88.38371354585259 67.07382237947232
93.66236525385688 85.70795097016767
67.66515237674992 0.7561424807657868
55.0441848132318 97.37997517129111
29.610892598529905 82.84917746825732
48.68730878264419 78.7185210755592
46.209995016192394 1.7260749395308195
11.309078058605316 18.40676067921706
20.20009847597616 29.584510417107534
94.91363056884052 3.367518351064569
11.91822428776228 7.865427009573267
59.354098558187495 3.5366623877375214
95.61327174884059 25.723543252026072
70.35606471234073 52.825831124303015
95.86682270264019 5.0836433884532966
0.2931852834692328 26.68234975468525
45.019918786273514 30.442392508725757
73.06217012761041 39.793111352403386
41.95387510578282 51.6734161384962
53.12750032829534 74.93290855590602
64.213894571551 40.195777556151754
28.44021752963979 53.1948453378606
11.976373787907901 76.67451807625358
39.42026408946124 60.075366890709304
70.98632862831056 37.207404326252814
7.253487604718501 41.12478288188816
74.80329912357956 7.466614076639699
54.18739644035462 2.1489928257123148
69.83641011347092 59.8434574519863
50.39647046005818 25.850114701740644
37.024611464796486 16.203249670049892
27.30480416357538 66.44649153020268
30.761930990916987 89.25343589478977
95.91606332559259 9.789135591066145
20.277712155816165 62.627128679773506
28.775148012595654 28.74505513787523
73.64962428119863 90.62315933937289
91.57042342888928 31.460648351565535
31.0370445295691 58.43180960794868
61.43116001265272 97.59735795148488
40.662183988361335 70.83879906406713
89.34638522877859 43.56410354282926
48.601129709056515 25.94411437817635
6.195834457123728 52.88972300616515
4.991412775961801 27.115527159239107
5.6645146329271645 35.748478294575825
94.75356111139071 64.82863889009815
68.42837154893911 68.42878946761326
28.205270662269633 3.0646108877305345
86.0557203822387 92.55382047710653
19.727137465291833 60.209853535230316
23.591471958509334 25.69327459674936
90.31369868606275 74.9818320196563
30.30241571367861 87.24911051703072
0.6620412280943677 95.91712755010543
80.5488174462131 41.474960901017546
52.687967238857645 69.3588264907214
61.1992658164325 42.37824339690965
55.2652149817516 64.92332102984803
75.130952038526 71.32737463084973
97.79306003665684 68.72527562232223
91.87572727093472 81.95874361210373
31.444828880120223 54.45143457856063
20.327515541400366 99.42827976616432
5.245127414913419 18.57421699382683
70.7685396892493 84.0988652064182
46.062742264060056 2.37626183994748
95.54824818695013 37.199989827690516
88.94749760103375 39.01316746417736
11.939406325536028 41.04520662757053
51.31108688541977 43.65176420582835
98.11950343978067 94.1305314495967
57.80831352706281 95.74717699178053
68.54077797055471 65.46125481153813
81.28367963985738 65.8961737282838
73.95494670967264 29.238484886361526
33.10020796912162 26.93100633430533
10.196338566908391 92.3060443154121
66.82729331018778 51.676116310644495
57.19251577939385 31.050472395363105
72.58193874106729 79.38829587797885
88.8342546666534 4.925461021909349
80.1851608216332 11.985504763086563
51.96268509339067 72.91400521940218
30.079400419089787 29.477366067629408
31.090938421299896 18.79590863103029
14.74291880935108 99.03312949655428
14.722553160980112 37.52784970163224
94.20882823638517 74.70579483072014
90.98662203621814 52.63961946892558
59.57255122761956 36.10350077617387
43.50797119117845 38.208543525177674
69.94757175860515 39.756904199561326
1.1289082661764316 36.48121477923992
62.72798580897471 72.27820527181179
30.525750797789307 67.45230011174353
48.959238740231555 14.846441828011969
42.46474506652456 91.40473166032407
67.5878148882705 6.08012153849643
27.716834845339143 27.796128538513422
71.66034896915741 17.359720377349554
13.74669510640193 91.51029480764417
30.091571183325115 30.923756635512976
78.25359786645383 87.80766653504013
71.02446192446592 41.17726981856094
22.489233005641264 79.31168027720608
65.90903756046373 39.119296237600345
28.516867906188182 67.00379915768312
67.84269291465999 4.4598034372062445
14.16077213404302 6.968245215451785
60.953863017634625 69.32530319547269
67.06300402581013 50.02120730114616
16.635614085711726 7.540997932732707
85.8328233073898 91.77532310352244
69.61013563284094 20.055899662809285
15.848552554660856 22.495561740832425
84.49790304537109 34.66574967705971
1.6811768774810387 27.595024319455575
85.63706369706767 87.79442834399043
92.4817318137815 50.733149975872195
67.6401447335509 3.6146408677371067
97.87477528777043 63.91968719532849
92.16889982198023 77.16868320329979
60.39918441716692 40.29655245010204
36.63032631847779 40.788763154973
76.70288944389098 81.44401479560422
76.0289959277743 35.31638088015614
49.75530322895077 84.736084363114
51.904864179827634 0.831488103365674
28.67043211902964 4.687015820884588
12.598196332877109 65.42534993491145
15.407670454667866 73.67675701689848
81.06595522608251 6.222406760259769
3.7331166431225804 91.59655509026287
20.952118666722473 4.102394197233528
28.91459456331581 72.89438979764348
1.8855340630526185 52.42363928634634
30.327540454337054 95.06105822030908
42.52752908582445 73.05380956652382
21.830259288179622 28.68618698186596
39.55806020144357 71.23108268092646
36.940222511513745 49.44419078332882
39.97188351298797 52.733816929397484
79.36730140532235 0.4617292876792578
81.2688056202208 98.99415122718544
33.3878700281533 68.58004027310456
89.25655334888968 41.269580225718826
60.18246686634755 54.14374192521403
8.619714540448008 54.80752825640385
56.85017680900928 20.94645347238524
17.601669177988267 41.775978921011
81.19021875441115 89.52012457046371
70.28192522229547 41.83530012784248
78.82306094490885 29.392083263899384
36.08451212596416 49.437714147041426
43.89662146322243 48.05548853213553
72.47113567687722 71.06184658429034
10.53923388131065 55.50611042278612
24.15744494993184 22.450209686803735
23.368242301745457 49.54815704016945
36.37858309758033 62.66869644126481
69.73076938378784 61.32415178847162
7.81005293430378 25.340422685969955
19.518587700833745 24.413197942942478
55.137735636837604 58.46288299112774
67.70199896163882 93.08622678024172
69.26315053882523 54.917764143473136
6.923561709372161 90.33359137054327
99.86994357727592 37.99922580025695
99.94326440353124 94.34475244989852
65.28383476880839 53.947701223780186
54.341734174798304 93.90203138043512
56.85274781462799 76.03377296527171
92.3485219365989 84.36204241491455
74.79966870325416 59.56289372438276
45.37063118084721 41.14607836770152
66.58949753289686 87.36648152657601
83.56088804982839 69.85044503684588
90.24041066352508 20.42712481846086
42.07239319459936 64.17744295630322
47.4461745282041 17.113877349918937
32.45030582568186 69.67678173912547
39.06947218617697 57.256518202250426
18.63052191152985 84.5942043668875
50.48455433844939 44.601348579308905
23.859041034143182 78.09474284270746
55.60123873275261 47.862488876883404
1.4766064050636074 8.54402024198878
42.06713088657855 85.47276372889058
81.98239643149091 80.9222745773733
4.897598622948363 46.528340732391015
70.89916053930808 1.0781447126358756
32.43225917445447 3.2517645945523532
74.0120194410167 90.18934156832609
12.277111832005527 37.54631497224322
34.00157782256623 62.3623156147164
58.24607112195041 72.07073161360262
96.74923085350451 57.83059612985249
7.19626308751643 32.733487036671214
26.86192306595484 88.25155510715788
11.30219580635523 78.65547522677943
50.81702553541601 89.50191124825561
46.62339898894702 14.99061976919921
82.52203700873014 17.482454595258535
63.354274968161306 55.77810566944803
93.6464924786029 33.790855321085424
4.368180385487941 43.63823077823893
10.868090571609823 53.68772308019909
85.5666911937083 54.71782001746616
26.188545741045687 0.832368363301228
82.29921651968314 54.16431912402233
85.2740407689177 84.74993023925825
1.3861949434499032 23.390768476787706
79.4760013809848 61.43281619204007
32.03487446765732 54.235955093040744
70.58350923021479 25.858467708295883
7.6550728664764645 84.92780444854256
82.99167375037084 72.45320501675648
42.898201631360536 67.90146522202375
20.110106117344195 53.46241604861027
70.21628630845547 51.37963966095636
53.2419475403212 69.8204145605924
86.28831960101054 67.85912271419129
40.595651180376194 37.25639170027806
9.204733913641716 35.71235461732537
10.869911985019233 26.974185788188144
15.274144599808515 96.78899762498175
17.016288178566608 88.40485729055841
25.415832310518393 17.054385535093086
10.511053473481303 40.35404913015997
44.99413284678199 46.86268600932129
57.58630854172969 13.336591469925164
80.89448259080031 68.50084072475887
40.53604447233424 39.97724046112301
6.202962733598449 74.50028142808756
50.618022358549595 71.61287955745132
34.433903147759004 82.12682061863018
38.09479695698933 64.40673601112258
50.727821432866584 57.64854451762863
9.718554613404095 9.422967610371813
90.14466159574283 61.006197564820816
86.5439760214845 63.86429234688349
62.109734143387726 93.92299623680273
22.698387935179298 38.7997683880835
98.27665732105122 24.040434409601996
13.876682504040694 22.38128018041079
81.41319811802548 53.51132973302698
64.00010812238288 93.17689577878181
56.520880376173245 64.88538372634028
79.80922948818734 93.3706357711857
93.90092987831004 77.75335701322103
69.13391657040897 46.86401090162615
36.759245867881226 27.74446175593841
46.062679624302405 6.527991296222346
46.49657437142073 61.06509191757175
89.62842337812461 88.58738457174356
80.81940194627009 41.12917652308349
74.6861953467693 29.981724447361014
21.983388696195494 50.22260041792317
53.04738859417737 71.55492522739463
32.95631849462036 5.243771575804801
38.1294047195046 77.58048695934237
77.2402056913623 52.496077596787
1.9654559618059841 61.86611665040026
28.603053054102833 43.26538446824679
47.76134853276637 42.58092753356559
67.70419718153974 13.53889661479334
49.55682242566245 31.461095872567913
28.923826912797747 47.31302808621854
32.777511613816365 40.36189027786654
90.17583704077393 68.48609540202585
3.3330484767646773 47.65544976647351
13.283671522318086 67.48426286050884
35.93315789261594 16.617297777288265
75.32270079695336 1.0468890493982697
80.59629582187455 13.341392251731865
67.97554086470431 4.5796506608489445
4.768058756226978 18.684034971237264
26.085187091068217 21.329281812166478
44.1637416173807 46.81916938766955
48.43152243456661 30.08526236555571
22.593965076533017 65.38234898338656
70.27272302315384 63.23637770945562
79.90962561126022 77.84384775781331
93.96435094658196 7.512648897342988
66.04069568123741 6.0494462753084015
29.19222297222719 5.80365430599964
96.22496871644384 18.687536635400694
25.754798205638053 76.82704638612017
38.21845065110166 25.532047562087346
19.494177779886446 63.77645591200888
99.6461604533687 58.510215402274426
22.907965461215674 13.438384912395696
49.48379621255593 55.26050433275359
56.56854173189748 73.29220122138268
24.881753173156085 64.90524682223501
64.44048526738236 4.7107676511034535
85.07250115593807 23.81791877975874
82.13484376345205 41.01282855427395
20.867536637040462 59.02044785922176
88.61393606617771 67.40562447514293
10.19258949606301 77.77928713125138
42.24941540062497 5.775277317530591
79.82655983540849 13.18880105746988
22.98027467844407 42.5340379961078
19.131778942984447 64.4542980396301
54.56116737141953 77.31725375056338
97.66390874214153 81.69312941778723
79.27261201036102 80.96442732386718
17.441822182878663 45.097418563625894
8.634081180612895 13.618005424667434
35.2959018855721 15.259821779811944
19.574016790157025 60.25502767235421
85.00590861634434 69.98743817248543
35.03552085700817 37.92640146489856
41.932540622460344 44.27330072093611
80.7101918857785 20.442092583656557
35.36908518980487 88.42661636024171
9.732068974607987 55.10485934942847
25.467663609346513 47.21481354529956
77.85009799313296 82.31172098934863
58.11147428215424 99.96922804679392
66.59041877599859 57.971967067440275
1.7702802797611494 71.7080471018709
75.31775101299313 77.41095486556058
54.04674873886031 85.59703421821101
48.0108601846165 91.23602337034555
83.09202442667285 63.21070290733627
52.75529722507498 65.89624698596927
0.5941423730963957 48.71737094916399
27.580833133635707 96.46304694668774
42.62931012347446 87.9169322068016
0.7766597427281363 24.23772385404739
39.07651690602923 32.33821002381112
69.93738330947944 45.372173848721154
50.82081961640237 14.406851400820075
98.66054562855052 11.619818754357059
37.40067968198228 24.747025880066154
96.17745648445872 54.17487225932581
58.4128659149051 64.81485805878178
71.44999755460881 30.282034872368346
72.38395264657028 77.67355455901063
37.186242599563016 98.11055968095609
32.61297137813216 9.402925734717682
41.04373870668032 69.16718664090128
77.06625888204519 46.079964842231625
39.38407979095072 30.167732197056772
76.65641677988266 78.89717097892097
50.17687059682463 65.75957249365348
23.001582403416453 24.09554760574344
21.22871662991882 56.71170123432449
11.25203062010105 46.965465143721815
93.60149888715796 2.6568887885712877
16.087690934037425 96.85967989827036
84.53330149135458 49.5237865049445
78.72150668403667 69.41146381401659
94.12819635659505 95.08004590862271
36.38080248586706 31.83154388259466
20.215501665208734 44.75578721858648
3.8055679889415606 27.165508532781313
45.66514652803152 79.7436479338449
25.6036567667817 1.8760269398262919
9.621425524004179 30.601146758466193
64.01134034213707 48.74680137992857
4.901133636722699 83.72754942202693
76.98383043133227 11.318555324860268
36.142866119685614 33.711937614974495
27.172777630033195 36.52161714199579
0.7723377053637903 23.440476138826828
7.306434267359774 90.55504892288084
11.311298928152535 79.28802377611179
42.91230547308938 40.29568241900956
38.38634937261188 15.924809159332277
44.778881814812486 92.30431115351367
11.431536969139133 38.587995695208846
38.041009371026114 85.45707632670268
2.3850148358862344 39.6845515831574
26.94356286260057 56.91005580486058
34.78198707900981 0.8886429526876238
96.66502172447903 40.61595467689704
66.21754641280111 52.315161284913536
24.809374810967476 58.53114008321369
31.571018941847797 98.26335139287048
17.516469833768276 19.801496054732404
97.33335609140605 88.09438016729491
70.6004728979809 84.94602930745802
6.847664187967983 39.20050594224167
63.9962980732185 69.89939528000743
34.55452517288495 35.72483148742766
56.86376593185045 20.483255786789144
29.296616160882227 76.61873320145851
38.64024083137456 98.54968923680732
73.55935395010872 24.566164701320194
34.00973094755025 90.66837274263331
53.86909600970865 30.61408083070123
0.3799159685757614 97.6399397969734
64.79964651244119 72.25590452312736
71.27253462974001 87.01674415628993
20.266696223724733 37.26109591181189
30.52025178979304 66.52284310299747
28.288854791516126 10.730188861183066
9.332540864736483 81.0539548718054
76.86385256181525 95.56607919158094
48.133718581124896 78.82977651325301
44.09129272576361 29.23713221053258
64.21666734958367 13.739290816266625
24.28616051315602 52.086065419261516
70.06361456469189 70.67750597738991
38.82347128794117 82.80379627404116
9.273845401305248 72.11019685159222
64.48006068518067 57.98796620330826
86.17772322625505 81.22353915037932
93.87685963297713 23.16320633565888
79.56906620967558 78.78019435005392
8.630508914326661 34.33397894761363
81.40885092689633 56.60713047459106
45.92058334818632 29.108762186117797
67.9510497354343 11.965616949080193
94.64107766177672 24.57047092839234
86.47801733160483 82.9317682332133
60.78737243035906 72.89321571691444
74.14638447947762 23.668817847709523
54.1474589694252 31.60471105147287
75.19302717049948 41.68152765891098
0.33371016692720357 28.887717875112763
12.663009887283138 34.15288114547096
59.71419091661044 59.226404425318194
45.20483594940228 3.834690620769776
54.800298085108864 81.13161883055697
5.665347150568167 48.76829149821745
29.720085006742735 98.38278311760303
0.1379484336243464 13.675258865335206
8.804470420795575 36.612973547081616
33.34566212224181 30.785106372525163
6.764935030260199 6.794024871781201
82.66709367253303 76.43658884234375
94.31919420979249 75.34690523531407
17.882430798467787 22.775017404114738
13.532676245575415 10.757594800030413
23.988364447510058 13.66190838103536
71.91065536394464 55.57745977784684
8.66897917517575 94.37281185102908
17.21027767347766 56.81294145477715
41.177119178093605 98.98742058724336
3.826148162023013 24.8603594488059
93.15802047820223 66.2945091092753
21.5127480222583 84.80157215453647
71.61159389007113 96.38877701979462
89.56936592825055 38.40485182958231
68.83563506461186 9.323362160159643
36.7897536078783 39.58792740649226
3.8555870785095814 53.68675629765692
98.85157283576741 87.89862743876427
71.85165282545785 10.080591374822989
37.131678446898206 62.53853742978098
1.0626998428419743 37.999166278726385
12.703651497953183 40.78928297040804
52.48037411474195 59.532308806736125
7.428765532510551 58.759528664002445
43.0879580466328 24.381715446238474
53.75845868233711 88.32943808164593
26.69867013864594 75.64576591967467
98.06403473860445 74.61863701812005
7.231426368176064 22.88364232164517
57.47039523549695 9.931022036683657
31.05444327576845 82.43789581644279
85.60401917563382 91.43185260405889
85.72046896865993 25.54125341239104
69.40322200260884 71.71936157811007
34.06466831577365 84.0551909527599
1.356751386378796 67.08193621262154
3.7596506895613 85.20179438520643
91.58582862696528 16.651348147711044
60.08733331291095 71.80165197084239
46.319400648677686 52.32709821495741
92.09527948226739 88.22761687192772
6.132189312671654 22.94048180602588
57.183300961941455 95.75410530502776
24.47075809718121 48.107837937698264
71.67750650861258 99.79835397235742
13.662180911620148 2.965676817020435
53.71340404788019 42.6668283050556
29.350638329985202 99.92094700589334
70.67802624379009 21.747097721402852
61.50037716959912 21.478476598695607
85.57810794330095 4.8398208216618555
81.57694833188212 78.28736788339474
73.86109266140953 80.26122974472034
71.25886769919225 70.62560953609541
49.99660620951224 76.76715007792251
72.63375997491572 30.906759181339684
63.20358762113557 40.00885343209367
20.203500360113157 48.14639324613545
46.305957239458586 17.957760252149303
42.57329717707188 52.935462093194815
10.126107864470113 29.01587344369807
57.136751085999 59.77011439103143
87.4090616040956 76.85098730745695
96.23467681278667 86.83678091094299
87.05731326111558 51.78843262132447
76.50802398697087 50.72402765540711
18.666349181571064 76.18625929219398
42.38986160266276 78.31916014795061
77.93868832610002 77.79810033156394
95.5624762777549 26.059709345353067
16.00910218201328 11.540632064259537
0.6568183861840993 89.13828470559355
65.90777654193549 18.362175883412945
55.90821701194345 6.896720465592832
23.767241769408432 42.43121214315779
27.006272637002315 46.94712178504027
83.12135135234391 12.094723372939919
37.86627521915148 50.23293316367089
59.85877720811483 0.9875014622789391
93.51858786574225 42.612471188798885
13.417258359292706 78.8747540279385
46.67993680509491 43.03308687096843
72.52722145319517 60.18013022558024
56.782225073573 31.133301135208956
7.924742616946656 40.22920910547043
53.62263828890153 54.73955599791046
28.31603989247875 8.369271582924199
74.37519070493175 11.833000746917444
83.90395994498402 18.21374122702303
94.84627019204078 55.358386929915284
24.570796331062205 7.710325409980934
62.46682205508186 65.79526888999636
43.08617031456614 97.13569074463737
90.04969655604165 12.186808966977114
7.55473828930765 15.975546622086622
94.0574419372729 23.068714024971694
3.2346333519810755 63.16270379311577
17.79180052348468 68.41053317770042
80.62632692507478 83.91063426998453
93.79131375255754 45.83790549924195
43.288974040304986 97.73118751348554
30.65743590388269 33.73034686453287
94.45325314949547 65.89970819094744
44.47351416103864 3.7679741647355325
30.87526836118306 6.891796000776241
98.21963966246365 41.70266267149733
47.52961182358793 29.4368902239867
35.419463081714355 93.89079555597313
8.089210925491896 89.27725972268712
8.870274463190853 83.31866939726991
79.50112058050223 55.5467763068227
2.4898807080175334 33.1504308069129
27.111139490800596 53.194411027457875
0.0621715667592615 44.13680909828718
0.8277833708919546 51.83812400616789
84.86019833135319 61.834775323857315
28.104460470242778 16.231266089505457
70.65068734901111 40.7322641696681
5.302681651967822 48.87604022356865
37.190802423990654 98.17891130221847
42.66535693325311 32.33993592257677
53.04332754882397 54.33573704472063
45.186558473434665 25.5262508896288
58.834976951592644 28.962678525366282
58.32601217583059 6.372805728682273
13.57413257057296 87.92222233063256
61.83678132010464 52.71544009339778
76.19838796902923 99.46171007016191
2.8321179077792746 72.60987420679314
1.0233825587013912 48.64768335158877
7.831222675948557 0.7358659893293096
57.19033197055276 35.78096312793524
28.754808675733624 35.22825020564333
72.68960020269613 4.7218039882082845
