735
77.34854497742691 53.32605666769103
54.97761484466723 9.94771167162618
78.09096012109369 86.15224250751362
61.435891399466 53.20760894872033
16.557852556934137 16.90568206780051
17.490685282631034 11.671589036636497
27.156087789059434 80.69751807309528
4.264848873124727 69.6879911946593
60.168574068882045 38.56471028472165
24.91750622760167 88.20919257878468
95.7452932769915 39.17094819282817
54.36287016329644 56.6728907094474
66.3038097177396 39.18426175059735
88.70777140933947 46.81472207150538
11.053966570637531 25.22576346742187
81.71126855006659 68.53683152053816
36.56730471236709 41.79116711778197
81.10366928024261 80.80276481099644
83.83110158859954 47.554024942336866
78.17869359654786 53.00851842613804
95.53994355707374 42.610401273440445
3.384540483572873 44.498377035701054
16.132245590673488 72.5558815703239
73.23938174270128 69.57995002117488
43.04692046113301 58.497886265810926
7.505921626285184 93.45048029125344
8.549480624802797 14.6271878347356
76.47659868079373 62.70940331079823
46.9901309405946 35.432971697248306
25.754147152006347 34.85522130646495
52.66585199623831 65.54867284910596
73.0419683270783 58.65373374771444
17.05360301442118 47.448668744392066
91.86141495547876 7.789945762334593
97.85816890374728 50.25877225027001
84.06951006682982 24.066121790658546
95.46657168236756 50.673800459416526
31.375541886356483 76.72651525515315
32.461708684176585 57.674042405227844
59.90235553725518 43.95036910231702
29.322481973311433 31.79524873457091
75.48012876186209 35.20502597823098
39.3701349010817 6.640730958153451
10.329346400870044 16.339308601889137
37.9849294345422 40.18621474423381
0.1729893593068521 52.41025998522625
87.48089244556266 33.0357261551835
82.95125673479481 96.37870126032912
13.470759789259535 84.07107648480824
27.999873206527926 80.77142129719036
87.10074789072722 60.21769798850403
16.891950073876526 14.978499221305007
43.74475736838351 13.099071816033991
20.386989162906076 20.300312337652436
80.95119408012023 29.412969631153295
28.599285169627386 79.7139364315963
87.88154866314764 71.02892788817627
70.70555190966854 54.896546494795494
14.406637081294104 40.37662847432336
79.73911359379996 46.49689857966126
10.41741729148974 10.564996889917788
86.29326782010877 41.40119027657847
2.3844983767180583 19.32872603034127
81.12363243936095 91.01325894488325
50.648074687905634 64.30875285878322
62.06578107050751 58.094689743164416
66.62139574094772 92.0444593837031
39.50878736597292 57.260479036211834
52.9518006563267 75.93199497576263
55.22008488889504 45.30547834083502
88.72902794175994 8.986343231695892
20.02290824120544 57.751331858043244
0.8990514641019076 39.17707194211153
62.57614885535432 63.489351071925995
77.75986545349386 70.47563294642339
76.81561035095503 73.38088874573597
63.8841646359677 94.92250500599344
12.074211593368345 40.88440358996064
0.23125239980676948 96.4215055999579
24.598208033961544 5.904217224308872
52.537108243849396 38.2916914879558
58.564469910643545 65.32168798604974
88.81493010947426 24.775679142285544
40.345450068036584 90.84010415916083
90.3872859946081 91.49512216776911
68.07868564061124 8.805745866773373
57.42532402438702 95.31667733974611
6.080957720616231 23.493446457660326
53.37879513372318 50.91879782925096
85.7436256733444 72.00687069872623
83.70586107747229 83.65981676366985
29.158561779913448 81.84541768404816
98.18383248133675 45.71584651737132
23.31137658137843 98.08678421220796
80.10069129411357 2.394872192682107
80.67602319789631 42.572938115792525
52.70689956918964 57.016055054321235
82.7093826196979 72.09816506362789
30.966269805813685 5.420821983097346
6.359270079063261 83.69616582160018
36.93752642850877 6.779305341005926
18.73335910463898 18.917686628655204
42.45931922590434 63.550838094709896
19.84183284416583 53.59863577736609
61.359992284634515 44.26898452294892
2.326108160812368 60.92296758469791
0.1915874666445383 91.18366885886408
16.11983021989133 78.8412428433517
87.61683667439513 36.316790034008804
87.48512183223595 84.30442031446745
40.47357320227649 69.05379447288755
45.15476767800155 1.2324380883533381
7.8590308374826945 13.31555668858101
92.25143681857672 43.70243046487792
28.82991644342744 89.74779616731001
60.825419162431096 64.90295195084356
21.72148035203748 35.92313876188048
29.3044059500007 82.07387475299453
30.63682955716588 89.04020863274911
20.88327299850078 33.39086206868078
64.5502204198027 92.49359660669899
36.98513729408312 62.81082889585631
48.906752442220125 64.64199459313878
89.78961637906004 95.76880412976301
58.81061620935597 98.25167136499672
60.267838329843784 71.6304777902797
74.60438625753612 12.791978714358876
57.82505848334423 42.833096271495855
2.892369366351988 26.790704564543276
27.58225923103619 55.509670628393906
79.7725658894208 20.53848324871639
81.22980439729534 89.39428373129375
97.54326606941305 61.92533098185484
9.068327014222454 75.83130526035322
96.42546876549764 25.888962443524044
4.1835259383252055 72.63170237059249
16.973216587727325 97.49165444308353
20.350131690900852 63.976154523686134
94.99362285057194 37.82342783357278
10.32859911510895 20.87661679068692
5.661283637820135 52.16231730865892
58.1057414100724 46.321034295295846
15.009815576681929 20.79809733846355
98.74298267242173 42.049724995350836
48.57658612430049 71.54454909436326
59.82626875680064 44.47014087213985
98.99201899206632 71.14406320191512
24.43087357282169 28.4848858898311
97.1241311360432 88.76913307210425
47.1659153178347 81.13257758274192
81.55021981607729 5.450060423653113
66.8466635494472 6.434096176760995
47.94303350486708 13.646291941014145
41.9906795482364 37.72033395079686
26.562612628634284 24.58037630346651
3.1274252129302793 87.16027124876844
53.6310905498631 86.61205347836336
91.27231460412331 62.23518197172091
7.01534077447088 88.15284736755085
5.0775557484949445 46.212698800060345
83.94829455894643 99.99520738672116
5.109717369071253 73.53891172348531
63.98312969922749 26.348791345892984
60.47268615708937 90.6466677421562
50.38074446607978 77.58995606787349
44.613833879748114 78.58007671933825
4.285484555570118 42.118343623545925
10.457078457704515 87.41980856853252
32.95094712417577 13.550959705099896
82.21332016784788 55.8824442404013
47.6797598959796 37.41534579129466
52.10043002685577 3.698825369533365
80.23384321100131 46.843060762598995
44.83023098965139 94.17612980233298
52.009060953025354 21.66417848114476
12.192233346609937 50.15601873113963
14.25177874529714 49.36714978115291
48.03871179982189 93.19871237579672
59.226095992807494 58.360570123317466
84.24587684657794 14.225055435286315
63.51013737551092 24.872967283109727
61.31229778738246 26.072279859898916
16.28530380855754 31.6926609086016
74.77063112728719 22.409478305384354
17.337925746227477 49.12409117383078
79.89308342820752 81.88399402909035
86.18252935548011 13.00773329026902
81.97259093364593 83.02529990077898
46.24770091596694 38.844261834620255
96.16018409534291 24.347132563957864
7.30473355791691 25.08943800438995
41.11462195207317 17.671233821778888
3.3039639884805294 19.786342001638356
69.14041236299897 14.142925017373798
94.48091406886793 92.93979175275237
60.98141072024795 35.91705147404968
3.1937389610524725 23.206991608726646
6.536902815621948 49.60499871292956
14.922257850267929 11.9406311360714
10.535254948937355 92.71046638765952
11.899553529369644 7.44238411965914
66.18286583934511 63.97744248660795
55.74390016000691 4.526254159632515
85.60027416343456 3.822279843348264
0.9194210242178147 53.155511544098786
87.96245771228911 71.86229488098489
28.82035311726362 15.197559873365618
24.83354727792183 12.391869727735827
52.93121600833944 7.3812758871033886
87.83075823366295 60.87783417881772
3.650248155624025 18.89608001004264
49.44676424776689 60.412600072255394
40.860459314727436 58.682074332223635
7.287719065639086 80.48984061899472
74.34474450496343 13.539961829763946
90.61293401566472 52.674123059112986
95.76236945530128 69.69326403680046
2.9125247011377198 87.0823819178973
55.5578821015287 86.90500382415095
15.08940955196001 58.35982258586102
16.404871663255726 73.61000927614552
69.47153343570655 30.795265878700274
50.247994996500736 14.297533672923334
42.61841159145303 98.64344761303778
15.518227593599587 92.82858257886812
30.730878216410073 74.91318732176934
91.67525986451737 21.09764967938812
37.563368106477476 13.076292509088173
98.21814015367207 10.262874122334676
55.163708263393765 76.10263118085847
46.69697836742643 99.28102416130233
49.7288863648771 93.61100241659138
33.421650882400044 35.557647061444584
73.68428827478868 40.53021114139277
6.567740735733729 94.0744331789764
13.278935766339394 58.504199196140995
27.758654626191603 93.52419024787231
3.4761283610379445 17.580282622343045
68.0320202970294 47.78750393995767
61.045699738638646 16.16438895929414
54.67799367015023 50.87925351543704
43.36118922369982 5.3157593483012855
51.364262165924416 46.4238636320399
3.2862776191598497 6.120190185161234
59.621969784991116 74.71374552832314
0.13249945574413946 95.8840649225635
72.83956967985617 95.44132384074473
88.07664472065598 18.987628414768874
53.53293578658915 1.6463682800346935
47.3397425178015 16.598441371586723
6.325661600626709 35.090227743428045
88.95493955878312 5.86772942032977
22.30219883393446 58.00929297908266
56.72601434797333 23.933768354197195
70.0409632961466 81.27728287945173
65.77983103044745 37.18502089300745
2.380495671181704 30.04441309527278
96.8340880390878 14.013186455217696
1.0835166558487486 12.939632165343863
21.80983296708986 15.551331163055737
10.005373159215658 74.46381010561484
77.75477736924387 99.95487735647268
86.33001614375895 84.65932458713871
31.8590987703809 51.607002447996095
8.886892675115476 42.210023285555906
39.388901349276516 36.253422759797594
80.27772387479665 70.00203972903182
17.032146431680808 36.029258280028586
43.66207250708926 70.8895450895174
45.70002853890017 32.87595518473461
3.585409555276642 91.65198829272883
67.42609472386529 78.05103616255677
2.7991559598493865 85.1497754575238
4.450154490411451 76.51854747673238
51.993969418730025 87.72862027106663
79.4789586843697 17.434310995837766
36.72600345441148 63.33269549696985
91.84958044926402 34.934618656484105
33.04452924659106 43.79750024035998
97.07930598386505 59.23992872761625
26.143265506829593 5.5526867739781665
97.8510032551967 35.988350095482815
23.65055009398712 62.543235995031935
85.57667636737025 5.406608862035944
14.984550071826986 12.184562276829858
38.57294219223286 58.54121280566578
97.89856203278177 83.16334293145853
47.27959105619169 40.681378107505964
44.408022001082074 42.3011692084052
97.37319812338556 90.99422891882674
17.114761564029436 93.51290226992872
29.257383690604566 2.1245981385384027
75.36180487396763 84.37582292248793
29.390793547088222 44.917636895254795
30.691313233120397 23.402916953213026
38.28960691696225 51.697654501138665
70.1208236658369 76.60485858051787
92.55394390252656 51.96696420430727
27.991372714078967 63.753619147793984
63.11070009791345 12.144121843102395
0.09644289134138617 93.1247635331275
23.46203348927254 9.142606362118377
34.02120799423564 59.26436398449147
96.24351228697562 49.717889853924426
98.69073534728193 97.22006053899258
6.450091543861758 36.42066545612609
15.842226677143978 92.47833715981372
58.13188872080871 17.040405877598218
20.88206814917729 27.69583509877943
49.00474755526872 86.0612154452901
70.99880764470853 4.390954352299992
37.28724736516761 45.50546403489846
62.28698531244039 69.4482592227306
68.86479005122987 45.4697619899429
58.79973195367151 65.5241181783095
3.2694195102340284 16.31419904358429
65.72447673992241 82.18464035513693
87.26360464096375 20.895061241094048
19.74701993305008 76.71516918417444
65.2893863972059 13.13313988513426
11.44560230327183 65.3783888897317
85.5582784076631 68.21308359036735
12.368613645069926 43.615319316399784
42.52220495315427 79.54862094760153
99.3597779082301 97.02930686937661
5.948163234357173 4.576276209269414
95.2492518257913 27.848850236704813
7.042159663122305 9.89205940684993
95.78419216663718 38.15940783156911
85.13096134659554 3.395551939473096
56.62449997850414 5.573010603622031
73.73189406145745 51.16601351898555
38.70916575740762 53.29790794118491
38.90382998573884 3.6819791662180856
79.89057895173516 17.4575358704373
79.2131443292666 71.75497090894187
24.621582904273687 6.708387893800305
35.25389146114406 67.93754118448112
57.12926386371768 24.43149200677077
40.48758678695488 10.469284716304294
12.507711005046518 85.81950681153593
36.20071539218045 13.002183668939871
38.965343212219864 57.154079462531406
59.82174188502179 22.46787056806253
2.5929101029653623 94.99187844657996
52.41953843667093 41.18570876023835
19.80954694395417 8.77944770305491
20.499831405745226 78.88676631195032
10.55265745091406 89.09159255630334
42.475334179177494 19.400684331361916
37.81961537213516 8.9191007320213
49.493221719177136 0.8574145606215167
2.3041121164798395 27.12702226959226
80.57242302140412 1.168632139311998
49.73237232743819 26.304233725219316
32.253976128107084 42.1357558443127
30.90746295285217 16.75409082951993
33.48275188715573 91.16599782083364
11.585392949482888 36.58557446593398
24.785649350620186 3.957105878364209
56.53512258511631 63.69980128368831
47.85562248805804 92.97112859490882
35.55866951213002 5.633600181251186
74.43513425577618 27.457309818302434
80.44187607197351 1.373308562859843
10.338888776918932 52.60546380699454
32.19227892930995 16.135667206142912
78.57605883262309 86.78294479769684
69.21314646298244 80.73998599435754
23.873144911592682 49.784343087718455
59.69483525132201 44.0634355239032
80.31201613852434 43.55435803445459
51.80970084050841 43.51896234686778
63.317438336305244 41.10674950117957
88.730723641349 79.86185462410103
20.8988248455806 30.76429997872321
95.6536182885086 69.54707326157322
33.28052147017083 35.8958581290368
41.399114090533374 0.3576923140412469
27.62267080925738 50.909461945727294
77.08267507048161 12.439216654244078
43.706387915124765 29.76826223709972
92.82710471078646 94.23873840273502
5.59188593879597 33.00077536311618
20.21632947166885 55.866084133327476
68.93619834436943 83.07948143746489
66.17536422948865 9.532982506164911
92.1104966896186 56.17838102605365
17.40786163516137 32.868663857173466
43.69824206963517 50.486507228051735
3.5673182060173447 29.833648794348587
92.16000625360286 41.365696943945316
19.629375677839356 13.31314098157863
21.46417855931173 2.0903462112665805
79.21257227733977 46.85548533807249
77.54976816204132 81.75315105425709
58.321920661581395 12.786774943984225
49.45857844726059 48.97923228092179
19.040879554699096 98.2917999714481
99.444937327439 58.30122001559589
75.39962821645234 5.126996490483327
78.84569571784583 25.154086283284162
50.57985454123208 99.62147144551136
63.099542568126395 60.15818815124824
75.79310083006149 27.792160801748288
53.79541469356061 33.40079009905183
36.436522659440165 95.04020751879129
20.612523141815675 11.86430309102099
19.574805303543563 43.6889219502148
42.18199389002629 34.33200149516655
32.951808969806294 6.184289493579087
21.342434740752136 6.504045806268266
93.51108437646775 30.05373989220159
39.38554798069417 87.09871440017871
52.93318074893133 62.011818849085664
99.99557088615302 9.302283187270488
41.45063522940491 97.50425036029384
71.75809131348726 7.453484709016589
23.43224482876778 77.07798335608635
16.383300081963025 44.19157332889393
60.684075693390426 72.13150594872782
22.89116213615524 64.2724671635843
80.04954989429186 22.128973024997034
21.551260821715836 30.493924052140787
45.839533965836885 69.67670745889461
83.46844912317063 30.88796472606906
38.31818685874953 47.9941787428698
20.88185498461338 42.77397628679868
48.30196591217701 7.133511688121286
78.22907397353758 39.08896446814353
1.5441151272685194 94.16238964510245
93.93721980466067 49.90819013905
27.58426485530503 69.78757699152897
0.2588012055208644 20.618116184003764
81.35622810503503 64.11672820598449
32.52460751751052 53.718658385726016
49.11229441536147 14.174829041951863
13.387211899961148 16.274118931034376
1.7250457802597263 96.29559914466681
85.3548228091027 96.88168326036012
10.735913567128197 89.85406448442691
24.803779648886493 38.472626627196405
95.28443863835085 48.39548733499149
63.126965522621184 40.852712334714816
40.63228423354697 94.27476143631678
21.46664982270927 94.89030628583563
49.01899892134609 1.7077962787319656
66.18968183374271 24.44359049173357
4.654508242185285 47.40927605069339
9.082688238316694 14.223516027608362
27.92019063556188 60.330821168444714
76.87176211953273 87.15802517884676
83.9115357801008 28.221824808099882
10.33560819377609 2.8749832123796892
15.56597125577145 62.13790636464497
13.807200400650599 8.37525502952814
63.201038413196756 5.776631851953329
33.906083940762876 20.093964881668747
26.555225316631915 52.26770126028863
75.77167892012224 9.294340134009548
49.79495240147646 59.802401618595326
67.5288470468037 56.296314948217706
11.346099132759246 31.52544492636411
19.404329581166714 94.45101585820304
32.09632101623251 7.740255508109017
16.781486921980193 96.50487229701487
57.76517839066945 56.44457315568945
1.7030651465819946 72.54763024163412
76.21543867563194 46.356126269436984
9.298362585853393 67.32881499946888
58.255667964892 42.29415660587008
55.595989958486555 74.82666796810419
42.56413869682185 51.71286721985502
23.46810100175041 0.5043580219282084
13.961938030971776 76.49626747009476
25.16044909113152 19.219685770524087
37.025485065164034 88.59798972040522
14.220758478194595 77.48954832818636
91.56541072474143 1.5798971821448404
43.7704715298353 81.56410319584899
40.6686709652372 24.463871140053893
64.625565430701 47.61451018330807
84.70251559091624 66.34147873469036
31.8022703782031 88.91880495451721
51.44325842498642 98.45960750685501
11.636419119465213 10.78806282903969
98.28192119558499 58.57719006949574
14.846005363330306 21.774601904636746
3.125679622438582 53.421947283654816
87.23744798606957 25.617061793471773
51.38827007769285 1.6963534082598986
76.57761225875002 67.19245802513474
21.94790506173393 5.342802459259377
19.2226590407105 47.92702061133485
45.70449859340544 87.05813710656103
72.87262986340889 89.7046567963824
60.89925341950943 23.95709729611547
77.14693536165241 1.8102409901857963
72.59908498359547 98.84598631074526
52.558058830636256 38.686682653256824
30.658317765901486 11.507118284568197
77.81306921953008 64.1197831662383
23.620571522499446 47.906304237030916
78.74606110383331 95.58838656949784
78.13943738549848 57.68554901262931
53.85125250820446 49.21970126906767
65.70482634134929 24.95670485384037
85.85346814398481 69.57331523025788
52.84293872615349 8.066463794792856
32.01567391283583 9.225841599627149
47.57598575156873 6.22698636438197
50.78557729282973 48.6994739686712
87.32313245146581 67.7280435292578
55.57595670630504 10.252764078557863
50.092621819053264 83.07292055594363
18.534886469280366 71.97681210353349
73.9448981947783 12.980798266634197
51.87106826014089 41.83131217113616
45.78771991453401 0.7114673102048941
8.462625588161266 56.10905097078324
83.39963652192299 60.12476449300007
27.393137756781982 24.773965970407474
73.88478109846068 73.06794120391214
17.477605120937266 12.793000621553375
37.564638104517755 8.5111734723748
16.991873875408025 88.53851190661703
1.8004360422831933 13.394878028002132
84.95972097255596 38.85051175394363
11.617131021826987 41.734460362711076
18.713184784695535 20.76358496874565
10.980295915529425 20.47295879346712
69.0349011366785 11.285146687366643
16.59420707710244 37.83047203258059
19.20787505520789 28.84290105048394
9.327227381701352 89.48645370824403
81.3776077821484 39.84713246515751
75.39880628550598 99.74651153320512
4.444786780922961 18.337968730513452
41.396438079202404 91.13665870249378
62.58920373420372 40.14308977356363
98.21887351773775 47.75568946393063
67.58697247641337 78.08119400775676
65.1357299860895 67.08449783625355
36.6984315359675 10.355741274484288
50.748946124601225 81.64450293198816
48.76365246930359 47.223461516395936
7.073076109296239 41.91860800623781
13.042919512010165 47.206222201680816
49.95375295339647 82.81512062939389
93.63677664037438 48.891799133244476
70.72828048493398 89.06541416473371
44.052059412881384 8.563428745224332
19.935973395979133 36.70092265494112
83.92417147853094 20.27422021090214
85.76518345148133 34.59897286263224
88.27653627694542 98.87614421595954
22.927820388934894 65.02125767433348
96.7646975811508 11.275110748292205
11.36599320882895 9.890550084314242
42.585412341188544 37.55608305014976
8.082711981994938 28.720582451150477
65.3592813918686 0.2819323161697085
58.01272140763927 12.274253886587505
38.6460475165232 14.607132970683667
57.97964675242542 20.510015349350073
28.574088779986017 61.32553603240195
87.66364822078687 34.43922212915974
83.43045756200237 54.120171556052846
18.74499001396447 13.049288176428353
28.315204922274763 17.467992497870565
86.32504090938893 31.877089094822942
56.78795326444747 51.25134614686125
33.67105297478044 10.803604343047935
41.95746379404894 7.335771504373023
10.397275975941266 43.805770825842046
13.321627597568886 59.170462900729014
59.560449094291414 28.124153211496072
89.16433923041058 75.19873103871237
56.24501998560504 90.36414436800212
29.779965973388844 82.70133324965155
36.71682116603301 83.46294590024685
19.680450905431833 16.38107792060488
54.65521189323063 51.55752239743994
89.65718141356717 82.22994705072422
41.36405903196507 67.90611781813831
38.66169185725976 97.3073726897768
87.93434245891419 64.30923025043789
52.228627671804304 6.383715512546484
39.90028719281311 66.67394796590386
48.20093578774316 79.88873889022278
55.4258073040127 28.382203286429508
10.947245872498401 58.13222339542732
86.06197589032125 24.178486797934795
51.531386759911705 56.16952280701244
28.297797466487808 42.00067971680229
54.46285283262681 38.80085410577251
16.98867235840884 81.0113704859883
22.74721796128376 9.805759093922518
44.963053414912935 58.6551509821729
86.04712640250692 33.43107962018791
87.75813607727981 94.62592219111062
13.832902332621977 86.52050370693806
31.854354282833206 90.33230890140759
76.74184770621069 89.95094565281106
27.620122604515007 12.61387523627453
56.95257109857993 5.236012389464739
16.586598649658846 47.682369257265655
75.51065283791225 39.09976084289776
24.940463520119394 73.07368008172675
94.6461006982085 71.58146264811808
4.3665399047905895 77.1523597055982
8.275847951768721 24.345394909977035
0.2473769474939047 24.323279144698205
80.75320171325913 47.057719451691845
82.58467747069066 21.680756170108907
9.072102435769391 18.561296286559546
74.7917250328672 10.930140799902354
13.621667724561426 10.540139942337346
1.802141833137727 81.03138942449716
86.70810445308086 51.058309187575944
24.469439692914243 58.56899046725022
87.30852473705096 24.087138665131704
4.230608192628827 98.01567753285923
94.58284804275728 21.677306286079922
20.93814484498133 55.521507865680874
90.58169265660982 26.408412566965445
69.82835061116127 31.167608679102756
48.89823210065751 57.0524739659303
59.666191924469715 25.854271769257554
1.3262203818339868 95.2287295468777
93.67434180640247 76.79769545158518
33.377063486450886 81.28573250764704
63.33679756163666 0.14734372497910986
34.27979226239523 14.066848788782437
24.24944460132359 78.42327000633057
51.54698397132862 76.09022864691248
46.261482042213444 55.69637126439591
85.47583304593303 46.764650523470294
19.895889394592302 52.93336403556705
35.580606794361024 36.114792568533794
67.7738254913823 9.995271839677367
36.5860105203322 56.514744435373224
86.36623229210697 5.170423857391193
94.39870004976825 68.61213993371993
42.71770671145636 95.62748079291518
95.82767774944537 18.7509549060062
70.90471697268156 29.72950821234773
28.975521418898765 35.51433813833269
55.29188918287554 0.09226296146865876
43.18705912510886 27.36465987415628
78.11183359800312 32.66983912039777
57.96603014872005 2.6768019788396824
18.837368284516455 75.82599818398165
46.98049408105107 31.175796402835164
8.638253709133947 46.570367033224194
50.926519186636156 94.41157425346186
59.38426594864651 27.462073494455474
71.9499005736516 16.12578379351639
13.039910104078656 78.4732239915394
24.82545331421566 8.7761772342702
67.47038510022428 74.76359284222691
16.120194753296857 5.9833181744867066
37.19002699893969 28.023930729704304
61.339457384061504 37.114383963432665
16.841860368311735 78.90090067650146
55.98174104562427 70.14769480470626
14.702903213019248 27.665875873566026
96.53107845389907 48.4086814427661
83.8845026133382 95.55581152723494
0.03889165793872218 7.4395679672727315
58.86976877539132 52.83629229253455
4.875971654309286 40.339948727284295
43.97136170803074 58.17047743058381
34.72126442153347 82.17323180994211
20.937877259898652 39.07061832920022
49.32185887601014 85.2831530591104
8.280567059357614 4.132068149028411
39.96431228075481 46.015691188960375
22.804423364817673 23.00017491108326
45.23505052645675 42.49409763769163
41.18637694227457 7.639513591591729
37.44994945735286 33.66144020564662
40.02108852555754 13.537870709847233
1.4583151921699344 69.99343585086615
69.34918075413225 57.546533196043924
45.90962798424901 26.093709897727656
80.62119690745139 79.02925407592878
72.92612809701335 36.14323031609774
52.61302997051931 34.42956088556887
97.33508944975472 17.012365272729312
71.2845675123937 39.40504240600357
49.06699738556406 73.72072105311746
48.452683897023796 2.9260090043291664
39.14281339178096 89.68826498644292
5.0963666371694805 76.58501561039013
80.43124675517588 29.930620280557207
49.42988552912494 68.71373149315507
8.712330544146596 61.610081133540874
1.4873287227270215 79.09279642712592
86.46242150769456 75.15592130220905
22.30970214291058 36.402096394275915
84.82991405673232 36.21618550089679
70.8908922627552 68.59649491873131
4.534984453088087 5.313414849144571
25.117084475283725 50.39517456688796
61.03782090484717 70.80457173963507
39.80345549306092 51.70915859907762
5.969001387428308 3.6953992749358067
92.86932135993699 40.85372688563349
90.43912068164654 81.52487726883577
85.8779626160295 79.79692310038665
14.018000844040046 71.22442493704852
29.03521654765261 13.421553062104707
3.487848577903163 25.58647922137116
79.14337903706407 11.492475482883101
63.39005235882963 15.579438829040338
55.008052977524535 2.5763158045523538
56.41696629395106 90.92011896397246
23.292717577152576 23.602491954094383
39.48932405015789 95.04500422481031
35.56512840483349 42.3897175336429
60.60972297051964 54.07760620321501
69.934385609306 88.6522684559674
26.708302778558135 3.4479801883075645
56.64330627028301 96.12882084325729
25.163479297090486 15.716244003795687
69.03450792795127 27.14203334266897
10.441129435463914 7.954526465445843
92.53581155843239 67.42683783846311
98.15597916853761 45.25500744710561
48.969741563697596 50.690232523582665
60.16836806872882 41.79712736404111
46.875535911879304 87.92222575653412
96.24363173827139 76.29721498008142
54.80089789620502 25.945392735714478
