822
99.23693789976767 76.45524702494397
45.9447709149608 54.91781642388362
60.955387221997896 41.19024630154098
27.242693413076225 30.071563245638977
2.45318602749649 23.906486522895097
38.33912442917657 74.84023868673523
99.32152374824423 29.301903920208883
12.02732114291546 37.12713490711502
30.472214482374326 56.25731683400669
27.594057929320215 36.29863011787666
99.19573051837087 55.39460476611504
42.01908223699935 94.45987111343649
88.02986478634868 68.24239985165029
18.310400557034455 58.12835673091804
80.62410012244311 45.511024924640566
3.482421343451514 35.04551584136896
95.24251752530525 66.27445656527321
45.75714040009977 85.44538599479094
82.35508488765268 41.74354205107669
79.24975850085877 57.412207910520095
22.58561901772441 38.99631536721765
25.997009495944113 19.439670600658598
97.74448099057975 87.09664725212876
82.89874710814917 66.48337326618714
4.218722183591916 0.09902810018237451
46.03203268751355 6.301802097579346
98.47308022530409 11.175865563913945
65.3734952185108 52.377647918865776
11.924135556602533 99.85676588462083
92.45264520451937 72.82933861791302
64.17363427354587 6.324931018044799
78.46861173455358 4.011435291025556
93.85598038910152 43.32281985583908
62.38177302646789 49.943621467301156
67.14664733012471 71.62805679804252
57.47094763236379 35.9645091190671
4.467661911237064 30.66705335437402
94.0909392069228 15.281566819003523
50.17482866595543 56.19035989841713
20.07659020955218 44.24125740880138
96.13434120015283 66.20553296643271
30.190601726665367 44.76278193685316
81.82371322045829 99.58235471044425
53.92714473140785 85.8134900649251
58.486311736607085 58.82465861859084
1.850409449145063 8.225977720347377
13.33465383265593 20.357390200004787
38.8342004522596 25.590967363034757
35.26556543010736 91.05252539778016
24.31173515529168 4.306402291071354
81.61948573521333 62.77010219050013
60.14359815535798 43.919145789771704
34.786296553757914 63.95796710438716
20.697613899069122 55.31799456671235
49.4822294813827 71.1585463463383
96.95676236490391 84.87363886447598
13.07630111414506 92.1044079068271
8.775573575212704 7.0769816580140255
38.336247475388 79.75912089378454
16.67742739952286 52.30979519439827
8.573185261349114 72.19679043578768
64.4489067016568 59.07768467558634
62.59255677522446 41.312134305865534
20.646218940561035 93.58607026230979
3.6425976930628545 36.46993299223054
78.5096374991648 32.82307575824427
71.19242574300276 86.68097207323265
46.96509486206048 79.37630340094097
56.090792527822366 58.22760070169092
80.80334228757576 40.54014191543319
4.968478462089876 64.96633863117749
91.53324474030828 47.567812845197935
66.82262440155003 13.29181486123181
97.00540764395102 1.1865879169000615
32.40723740665054 38.59193474550894
73.5708455037695 92.62006945565457
51.653201130977244 59.74785307975466
89.60171436859584 84.6792112983976
75.41030509012711 51.65721065625903
11.9421181079158 29.923016927942868
37.066690169846574 37.89990098621762
82.72243420896001 49.68160412582356
32.027561365119674 15.511983746515867
93.17458896898191 43.30795997131837
58.36509895889893 58.50293993109529
90.41644562176077 99.2937706430314
48.08566202409923 11.015822823455125
76.8695471664513 65.15967128649687
34.7793579362779 19.734043840418515
30.682821896571888 95.64349325854029
46.49147995667374 51.23657733900403
58.54866046314356 61.20153854674217
27.162182148736335 76.28086023467077
53.162224730083096 59.7694308197687
53.88332745509389 93.03687428579236
1.4155450739167685 32.85075306219474
39.78572681472643 20.43726267871958
68.10872161857226 84.99144946665231
96.71861892096632 37.615792552479746
68.50795926768892 27.16325848655995
64.98473572074121 24.668913853903074
49.67281178811886 1.0615175824360668
6.662976819365706 78.5467033773487
98.94382805573018 80.1611671458154
89.97183426740584 27.72283171031851
55.13434167027238 10.983126536674659
19.239418514147268 6.702361479013086
15.879111395356027 30.707444274663544
85.81024598868309 10.559137141749952
29.009950942997587 36.12117872409652
89.55604124635441 12.140916896151055
11.869841946826076 38.960608912099794
96.37083957301934 74.67250472817491
88.99850351314021 11.126691855240123
54.837986394857985 40.26686532185536
26.93452521698536 24.235951415932256
54.448956107548774 64.66282582353065
11.653045913615811 53.09921540873949
28.364391423535107 9.024749015470801
63.399102578535235 61.515834493018474
27.144401476748293 28.950608384877576
79.48143236357261 73.04282436092524
78.13408440366803 91.15296657231183
27.01176846887543 66.5111477560151
6.148150741863844 46.53678641251696
36.00084289126879 26.46960236689575
98.65119869585145 34.49293252007549
76.07962719945877 90.86651142224245
54.55157443532885 68.12966253774786
74.56340249644644 69.82457339606378
61.13346758520648 85.71675229715255
57.01071295566782 18.431683543165878
33.94613899216575 29.581812455838076
89.09579411411616 54.416690510073884
10.4816500290979 66.2423063548718
43.44011100080684 21.3249205333237
88.13603822530308 76.98014127785464
30.17175886607569 7.265208370073529
86.35130624165535 37.431052324043435
30.907541740547394 61.42460211250137
93.54005104874456 31.517627055523413
54.568118852366986 10.50321150255007
31.210691696352622 38.23640558030015
38.67111334046588 53.797912669731694
76.2477613180691 7.056605426785135
40.06612554363128 29.467602135482316
80.67355158727422 99.49712609687236
27.099567629587863 25.808186407129575
54.98736512702723 53.43227823295095
67.14110977275396 55.505999283931665
27.974438896783973 4.175393673235184
94.25399132207907 28.08074058602915
14.750321569116497 91.24440804455652
52.795768979237465 85.69212439605043
96.33749469702833 9.3817458702663
17.866646020275713 35.62400966250525
97.75412419458014 46.64540146190386
94.36975540288608 77.71702057418878
35.098464500269486 40.38888962031304
14.67419057396011 34.86898906167725
40.56839884541083 72.98805317606497
58.81024316699393 5.292943750192558
99.74653237462763 76.57097625973964
14.090789690265826 53.94790604800151
71.19069298092032 81.91301273808557
98.47576636308693 2.868495399801352
44.23785207415758 84.4733705659392
10.200790623787848 80.22527883002222
17.370982855649963 21.116781764537517
87.91831837911657 37.837437471035926
15.336526282366469 42.700676631853426
22.837284485688357 90.879470991352
60.4482197836398 55.144384290855854
86.94612577052064 24.72431788289451
2.6539044103698894 87.69089730560759
1.6708909508624803 35.59622826957235
14.782012502399889 94.10732547989838
4.0387582979028664 81.92005674070676
14.140706611726085 16.603511986833897
94.50381919534645 63.33368116348556
2.3807554491560468 68.80815625856116
46.77086749632683 49.780707590676144
14.37947099262894 84.76245387452002
29.39355471070606 37.55813893003441
59.443519101346496 72.42603543558113
67.96963181755736 46.63634884691725
5.683603067895304 21.072868712169246
33.79948594543595 64.22702557732781
11.33176582131431 23.51353115833631
41.40676821526591 47.04954306606013
2.4867731989551167 96.33431708860037
79.55565768123243 26.26851114129568
13.532071382799804 11.689916348026685
67.91061843259756 15.209891653507857
46.46619433957038 51.47819095272621
19.035441827922305 27.086872019770325
66.96487044562632 80.18759473685782
64.56730153600607 56.46931550577692
72.71219793275604 56.01281704886946
11.179191788778608 35.0239826960913
37.493271263521024 41.3317671375445
70.68738559738289 28.998286869235024
81.44870529940292 18.7298500100336
6.524130127463734 47.49742831527458
75.45804259778328 13.837014742084808
11.85021338881781 91.35575293128043
90.7318501695098 1.2893240691027597
79.3129520244921 48.55176763509663
38.16350071437466 20.91610283643056
0.6138011241930919 31.585381484374984
24.543661610809476 32.543778112289914
30.137454712513744 47.386381779377395
49.67531634625772 93.35373716805674
53.15152222154378 32.86050990690931
62.76075453687358 0.8621346781953143
98.18366558386704 85.33768380651048
45.75703410118081 0.16664437413423938
72.9784603689662 4.1606192956950006
14.570197995634004 62.096469448990334
93.24291338364326 3.5995612063949856
37.01849642400104 93.86728749331147
88.02735472593895 98.09340583494065
84.42190786375146 0.6307587875714948
51.96329752367526 25.640107350886332
43.93330110540196 76.71519490899547
57.55146009717873 19.547084715368403
88.14950393113683 75.01191156649995
8.445781564814203 47.96512268654597
95.48312911340709 3.044174259924892
33.46239613496945 95.91377719366227
2.5853622848730495 76.01973876244374
56.560841057633446 21.122185198369614
85.87141124166438 93.2411885993472
36.006302137917366 19.855023212744214
66.70391054811832 1.1768041932338935
1.7838441992999776 86.09596255414054
41.32333281359843 6.811692468651442
51.369211530495875 49.10684795466666
40.90314998594985 10.116443178455214
9.420976884198263 82.9785954904412
59.6228977067503 24.464568632205985
66.07059015097872 17.313244187112776
52.75497753722672 78.01388308232922
83.5575656289085 48.17683551452404
32.821341358478485 65.38858820030585
54.97022497716575 85.08086025546599
17.585780016417708 31.225020612855293
18.173626168112722 90.73989668774001
97.80639824976033 39.65415645198137
64.14691107209082 12.100768358735891
13.702814693927257 64.99031092153402
63.90473807746106 97.63647333512877
47.99876432702567 29.77321467501698
10.942840666894927 53.12302513402706
0.541251106748275 37.35830588671588
31.34357418579009 66.58503977745879
1.3033601590075383 30.333480787782484
85.25430584863449 9.737514900463552
24.583834950868024 37.51056935854834
57.5755981994954 56.14456668601153
21.9598125982538 99.65446311158014
78.00596260841876 84.30626378007484
95.42378633914777 89.7917027478289
24.08031841660754 21.457638209675157
15.851119195400754 79.02716164920925
61.85486095633047 86.48391817888142
14.68599116674869 45.19529123162667
76.87530237406884 25.07353234776747
74.93592289945931 76.51073366998098
69.15580364074711 5.412948031951281
69.04224069368978 84.37218314611702
56.211526491793684 71.61114389538966
63.73420883476728 91.93685319270777
26.780222471154435 24.231605150055536
17.023989802641047 82.52090031412331
37.52049102069465 52.72534693203126
40.45827501067072 21.536389868874128
92.9666085222455 99.0096246239389
0.28445746635687996 30.362481892767267
19.72726345850453 87.53513505944764
38.09004523297174 6.83234379472254
33.991783206552526 7.046741113920563
74.94340974545047 66.37572599873923
46.76987729229565 54.91489884163702
23.599551758188998 29.64928451644714
91.58021450743308 90.60054948940798
30.26986148825773 48.3297362314123
7.450690772041579 30.756124758034264
32.71638178622218 99.85213850327916
74.52380554798624 84.71001265620363
16.844301315230904 84.09830653123791
99.57956705214312 93.31520261556754
80.66767433529839 3.194729543915409
57.038545480136214 33.37722800871582
13.502464555753468 25.195941085830153
99.09502735298457 22.659507850861083
91.27751315074498 93.26608925812015
92.14975004067972 95.54436770117762
84.11817696638485 85.75292437584137
9.33857354876203 30.812696262773866
6.751985765524604 59.72669045020881
97.4751077536282 0.2733302441227936
93.45865322104225 90.58289196894265
61.23223577270657 73.11906959971601
33.00988393615385 11.343697225733285
1.9150823912958304 57.171326552717375
16.688437599648907 58.24408407083761
95.22964943213069 37.48024995957048
79.22680171324787 63.32396154976978
64.80998401171328 14.80635097734021
45.63716712315331 54.73224164531906
81.25911378269984 36.11638993562279
19.87127792934843 17.648578420479787
36.885746006766254 80.95361906961077
57.96137413463087 30.78078686485807
44.89090567923737 31.8003586908032
72.91714777283892 17.480207323518737
27.42410474694148 97.32350661440857
49.50245980548181 12.562400079810732
30.60070758313439 46.3332553145724
46.06215787967706 26.932727187626384
6.111240795256522 96.95606202400944
12.571437314572298 53.987130418883766
62.050587531902124 14.394273247055157
25.076180950646354 1.626262452341798
25.868318400429725 73.5078814817494
10.37431505613744 74.10267328136672
20.046603777302074 73.73384591138272
37.106150036570675 78.18676299803802
64.31121102370291 20.023771460627625
21.190137961499 78.69336773101256
92.74204034008872 74.86341990033726
60.41894778564433 88.5371409835517
18.87428477297587 7.18551309486849
65.29804955748807 79.24941363286075
52.0984998673539 51.779687134636156
0.974131312337656 23.39017344659784
84.41253159114592 21.20473765094838
56.94890971617814 16.24565734361608
27.95054998053016 90.44884173626778
49.17022529308871 38.57977943072527
73.87101612744841 62.54026312292197
94.38574386625142 0.597299914857341
46.77971947985563 62.08937034952684
94.55383018333463 14.81348985472376
37.10732450625215 99.9250903905475
69.76406079070573 12.720938184634855
46.81712230534454 29.993536332707293
95.41778375493155 51.027513420085434
43.11079276174957 1.1165926661091174
74.52283150740767 1.5596899345149295
7.402609146314843 62.367278926139434
78.45959708846242 40.108952990941525
81.53976964523197 40.522347796194346
78.39886231792399 32.02979097849757
23.08552547195858 40.50065965495637
82.20287014625367 92.21988799632652
88.14834255112967 48.78728822765011
9.17154924407434 80.04665354227932
73.39752617866338 93.1237890092108
74.75281270613108 8.204222065893918
84.54019922270132 39.645427939868036
15.464763592258347 48.92579015762381
73.68970167563906 89.47873243701085
30.81125752325772 6.186895828194173
67.86552091989057 93.86204434055459
15.732919509708632 52.213801738574716
55.90976371405046 50.962054339918815
18.533124911136145 33.38058231784999
5.548389501544115 2.9387928838506605
26.298092378505046 37.25479761306963
56.008177063821954 98.89571071611934
30.93124719396123 79.10304191051391
9.505628749101191 36.5465330506453
47.31788058038895 38.96629877281528
28.041312591714718 9.706499611962604
69.62321154419259 10.36191676668119
26.271586205023702 70.340657870066
90.74357495952388 71.76612810362444
63.599202301089676 41.117763044914
99.85661955906028 0.258311468970418
95.17678823081046 47.94140388884443
45.42728050591877 71.23221148723651
88.42703094254496 89.21338487039182
73.58061716495826 92.7506393207676
95.59285613154748 89.3261721532115
3.1352211510732864 30.183639840470654
72.1604097562639 96.35334316653997
45.7254335185758 30.67244882903103
78.62133070927185 11.77418253667717
11.459040365223927 5.17003411648338
22.260341620902658 22.972084569251685
43.46559170806622 79.73392695679998
64.9148915965323 58.21323932751886
19.645765756740353 4.492836902314023
58.765895983741714 68.49589147679595
7.1663545322876 97.39261857110394
16.036099879104306 38.347890126027664
12.691401726214757 20.66135729558877
22.521639410687456 0.1494487832301994
56.37426225306679 84.72294015686631
86.62836558161146 22.58221688502188
36.47410917442247 53.06001858429114
97.97605214034466 77.45272831439061
41.72979124096501 16.708491833511975
62.67934778198827 47.4747282913555
94.30998570816563 44.635577114622315
43.42468916101443 94.10847926313293
0.2254808183539958 37.19240289133203
89.15893557464412 7.240534660669107
97.25562629291635 55.70338728426339
15.553882535768249 97.11823980532968
14.083411128660039 54.80039695902179
29.399996041188135 24.794898248905195
32.70037419807713 3.6000796740732754
10.897431167350558 22.013989832516145
73.07620956711555 13.956280844778524
67.50393511758892 91.23207578383466
52.08181740171042 40.519249733943674
42.09278778381188 58.224737315635146
30.61619982607858 20.77557730256059
90.71380433688009 56.06889809967609
21.17372291270796 46.97249687815058
75.1743547613252 58.41027293216544
30.525195038840025 95.64844071920785
85.39955991554855 19.565864198199623
76.32446481512766 89.82415912972668
2.2323149549789756 41.68522664421489
76.96205195703357 34.84357837581206
6.005673429406865 35.412592597885194
69.40113443505513 81.40338310503445
37.64320322013902 22.453193197088915
98.90867123423097 82.3256747050806
54.00016931216592 17.27163111453792
43.73161386543455 1.5122349919829525
43.72385282487174 62.99267240654536
75.33539099752788 99.21114939877592
10.85694603216707 67.46414685149593
98.87304046716142 51.39820024913357
65.15720376882925 63.069048355992884
58.2344047877721 90.20916686278149
43.10085483061774 75.30912021139771
67.67719231898715 94.11209733034379
4.070700808177207 38.371454292478276
77.5413650071546 93.85646198147248
43.12124103212385 98.04860826135159
13.467327176924993 70.52638638230034
28.521416105577803 22.03741207835852
66.51889503518694 56.777624289574376
11.662536236693889 41.47298370321993
37.77929267105091 70.80495258356947
47.265475903549984 63.76309162861329
9.35000813754957 89.30804665502767
41.7815769734314 25.028814424754042
28.516016366821106 49.191667403159634
82.89022055192383 40.48520619388887
23.86602501332309 82.85726836695318
8.761464276847452 30.451158100220987
59.20451218705277 70.0285573110673
26.839360861468585 52.80782419415644
41.13749729711 69.84140002914866
14.7342697566616 32.83086094219579
28.170173034884527 15.17716551002689
41.47757960625642 36.901475817646144
56.6447027903839 80.72388810404773
40.611472539613025 65.74501057951015
25.94997557933877 99.64089103772538
12.735901211440803 52.290923857612526
29.619195721172808 8.774697139935583
62.24645916410992 91.41256317209623
8.102151558506154 5.325239234795154
68.51140013827894 12.909863820604494
39.11244431408891 24.520522690290704
56.024014089026885 17.355766014727948
25.29794908650399 32.780606653011255
23.244281854415625 62.999285729388724
39.5304151181974 19.25655122641604
52.127446962782706 36.03072430053283
33.939293030485814 53.30470888341987
0.11796129349465057 16.246734073558844
68.79200742795103 45.95030448874503
59.144412939626534 48.87921007278189
23.804641236659606 98.30038950042541
92.63712309397772 62.4550258345571
82.5289455451535 34.477904447876014
65.57775396804792 62.472132737133514
78.84093539986175 46.39028002004114
0.8066451792699159 58.10652829011074
96.47950471761953 27.7089220338801
7.1989000050050045 35.495199467729456
71.95693778564625 37.9662722624124
70.60991057928712 28.419509120157226
79.58324453229622 7.8782964557637225
96.14758855146599 2.8015185468539427
52.20225286490506 4.388398052980669
51.10363740811612 51.86114343913527
33.02439524037231 97.29518922536788
81.873462178569 13.333542561295065
63.81349628885419 45.84418603500697
33.92000852836541 8.876318886899515
26.522098206806255 65.16957094799828
71.46600539390214 97.30089751462887
84.33709548261037 62.470821842910205
91.1684162233546 37.03507622097205
68.91001632843908 9.98484501304624
63.49716029937239 55.01098071210821
48.82430506790535 55.238401493603185
87.44891367156146 6.629284232060062
20.116937737670813 58.35873668633863
60.2924750050823 82.38386201094583
16.489403830676373 36.53137968116085
5.70480755972258 4.053223544094897
33.082917289779665 48.076836898005894
71.36040719297411 49.87388694206476
83.11113456725366 16.515803016332487
89.07386192200745 88.05445124256653
58.94719815483837 3.6082070032146807
83.10025305470774 90.57113672685888
67.40089133361545 85.75856415876004
65.29122748370779 72.03951434044446
46.1200446695681 5.86062217774268
15.808318154134271 92.22811279765031
48.7694935346584 92.09187342918227
34.58856338245535 55.481576543036084
53.5863196091665 11.86542518457988
8.644589584624008 34.443285675776835
23.6038517053927 98.04385708181937
59.56310360100788 86.85444440718932
63.04764339596376 85.53861954868468
29.77478081708085 15.553578979581628
97.7611440818099 0.6544977890488246
65.87529262699972 23.79448785160887
48.36624503078474 89.91151434179508
67.43762706619869 84.22454879932572
86.96072973456305 50.60698683022377
26.847895809132517 21.4933988174407
92.26500088487222 12.769494420031158
64.04397217370091 99.5512787652507
68.84387805099743 5.1265761391024895
24.2133264579939 72.92426173424535
51.20543668762287 64.39809766337824
31.979763921224148 19.748926318088678
66.83986654197123 38.737527380428425
54.63861146423689 50.58912373456593
9.256869574179749 7.411993749193058
90.40763960588166 92.67705944254304
92.6227247560659 35.96630690904572
19.30095896560723 29.36098289275667
21.575220126430306 32.951124319676914
95.53299253646948 93.04446392075101
94.1001168245196 61.536124431792835
56.55514870316626 93.813983222492
1.2823161708716002 33.44612256578231
56.908228881543856 57.853454022571725
64.80205138531487 39.916303846904874
87.27655871055157 46.2649917783086
64.6329337461692 12.919019136192688
75.33725400417835 88.50345010572947
65.58860412093736 62.35283438043383
45.02115771350218 56.263832753671984
80.18395178042867 8.49692862614554
59.39152362968416 25.313542527349732
97.78799749350901 51.456042490008215
93.25304657932514 56.35295089124258
9.908324003145296 87.49951647172868
38.71438745355347 13.340358505151407
84.8032240286556 82.2919067050593
18.64198656036613 19.676300862717255
46.51381146717165 96.56925323548519
18.91865862798633 23.783161517311015
53.85078212113431 76.46962380711282
0.009316043162310716 49.87832182758345
6.291550663049206 38.35535401765292
13.669919854210244 94.3943922839191
42.1939888265873 60.91957033579997
86.18381281917547 1.404237992905133
32.224003968081696 73.53797489776196
41.19113707410938 4.444814478039094
93.99556247789408 21.712541516183116
8.722698578870968 79.8522348893552
41.39072370707429 31.091274729976735
81.97773523836584 65.61580465898244
17.04265906536958 0.8455183388858645
81.08701865068647 13.63591048994185
35.28643180197428 54.8867437717344
60.41401355724777 27.531921395807423
39.93210365404127 81.84492401961523
77.13583500042627 97.37101157521394
55.6254472183617 33.61157084093803
36.295670831310844 67.78580787958794
43.051771061335806 4.810098703250942
54.01860683550288 52.037032501304935
63.6917074416726 68.24303004810788
17.324437777562075 19.14071168003324
49.53547705420668 91.57663860480257
70.25956279907484 96.33098993179536
37.73036478398001 7.819370457803743
44.203730035768466 68.16179266747142
24.096951261386835 49.01088639637514
9.107667393206764 78.31981247314414
21.042257472712723 49.406076534505296
95.70368329843618 11.859819118268867
49.544879188139554 13.50378681333213
93.78742746987248 0.29993778807411164
37.68720837789269 95.3693500412713
12.741930608193053 69.36773512545136
25.362899927941097 92.14467938225394
42.88602174052585 15.231807599673619
43.11613679945283 49.736694231889786
47.279319445509074 88.83292275966053
38.58234141151329 24.14192526806539
23.916655036921817 83.05395047396311
82.59938433488932 57.67695778262105
42.15311795368238 9.365160179064347
94.35468583239647 98.99864136897673
50.27662605584713 89.31600763144381
27.28591507678424 84.88074516025159
51.80031606239386 35.45580049572842
86.63855067582227 34.9284459320947
1.426790896329977 39.51408317812161
86.21405724624175 47.65863956861983
11.813882313312673 30.938205744169412
61.99598734706425 7.9705938575060475
57.24730186564953 81.48526755024481
98.72437539985819 73.46780976753027
31.53337952621961 6.015531424175835
64.95477029500239 69.07753179269274
97.72923751515982 90.26649684003955
17.672214615737904 44.39690695151947
38.42284465594058 86.7848841872015
65.12515026328563 84.43998291027832
50.49869059110341 12.844779836519516
4.984257374135604 58.93978745883551
2.599538881713359 99.89078392617807
3.76180299929334 35.136653567889496
29.313590181022942 8.31165931386808
19.960846184155667 99.3839406406034
43.43953163180372 82.80750381775246
47.840187071268325 32.60327599234566
80.10739629650998 33.473181344228195
7.637610049757615 66.31188353951661
19.91446241553464 13.474790857020292
86.11727700376416 79.11509188946194
34.75949639611934 54.4085902245838
14.397086100445911 17.56154675541436
67.78572388969118 71.562202945422
22.69233771814301 93.84410862898173
41.42654403805109 90.33941838317394
57.79825656526214 67.49382659339736
33.91611692246143 79.81539335293566
9.751327846883163 17.10256333431731
77.66926762610652 19.309194443447065
13.75031943495948 34.77209155853455
86.76678231481634 23.274888887259138
80.53763680509488 93.90038568340145
88.0971994799408 45.98986464571473
82.46860558194356 46.45943484499787
8.34016841499501 27.062174947733986
78.7496328310607 63.23893970527183
9.676162388209864 60.49973560595999
37.38745811054949 81.48795051494594
88.50831281875215 38.494977796304084
92.04215185829516 36.827690473349975
66.93427534458775 26.3768078290028
14.657643875993765 8.706228542871674
4.4158533844530385 52.56128701297252
68.9932894788593 94.07871690831251
73.32296310288126 72.39902060166794
21.676644759725228 98.04295195144815
44.60067689188569 33.5278946094814
61.572462558171495 7.335766733804605
71.78601685910293 92.53759573317677
62.449604679268674 16.676406303347846
65.27382463294838 30.250985021612454
35.94062709810822 41.01394776862812
63.134683232961876 22.586295345939977
25.72429483466786 78.28451815202556
72.53225178585846 34.267394072165324
55.70353642778948 10.254330237969455
39.913117913234096 20.691989497315554
13.820578692164764 52.90004593655664
46.288640572201544 57.46473622495205
92.1412128644747 25.44770702908692
9.758819183548583 15.540009506004015
47.243491101468436 35.62148154869485
75.65608505465724 74.89106436664352
63.24322811047865 7.843353992581237
5.0638435183399615 22.501526174309905
60.377900556073016 27.281351123780507
27.693340071905613 42.66164729312762
66.83615946919981 31.917199937381902
4.422932947747594 80.71775358522524
29.790532548475667 88.48520404943568
83.50342611161837 10.227702575077624
46.877405561622474 96.97191826156882
9.090999875046734 50.65126163167329
96.32519176483306 86.67420468228319
2.515180724154753 24.255667543094294
86.62890762631487 63.09850422823781
87.20389500860834 59.3286703839605
61.12632749625649 39.18894869516606
72.38747288477111 87.3197025442572
26.574237474151317 10.587344097526529
52.56113858175966 29.349264244510074
1.0299811368273848 19.98477758063858
95.20387130682494 22.57168511079496
65.23827939422075 62.897810162176604
68.36271609286813 14.776466071560845
97.59618013920726 70.28252670051043
90.71276600979972 14.603798623560827
42.49491009363929 22.77281200126222
51.476567488993865 18.110093258749338
26.660266226721983 86.67312604740488
4.268032873395655 28.71124266720243
60.58523640749295 41.90385575114908
97.20852281974602 36.49669287799956
88.04203332590396 50.19859296009579
94.97062455201414 86.95394866129384
23.50385157012933 4.087697037477945
92.37245366882591 45.281522092201975
87.72352963884767 30.07711258856124
89.09210749842335 18.67760878719391
25.51051248120979 32.08070444806555
59.49449298505669 69.26705872439385
24.921534376551257 46.302352638261965
14.765159487299961 66.22190294942013
27.693619956426808 56.37763460428155
75.05178658641782 21.515138943694325
48.322323992917724 65.86549991770887
26.984009061406745 33.38632524897483
49.829773454437344 46.960141728286686
46.7533203564361 90.9374498183845
43.6843135159925 7.7122324463875565
80.76074691085576 89.68146649388902
22.202944413012048 2.6479189153591376
23.875066712201075 72.55060597568591
87.93749528914732 96.64958308883999
40.70128202169758 79.78478517383752
0.6816561987525671 52.4265287663252
33.854536304574225 68.68154108633334
49.909752443816316 92.29301607277279
80.09093436564243 75.22957570978271
4.76930849447249 88.62318690039707
77.83996079340785 81.93897565601256
5.0415665534441985 42.28415495756269
68.51506672047498 95.55991575888648
78.56259802913705 36.15612081303365
59.931673856909875 73.69809320378332
37.02766347870078 45.05497304005777
73.00662945975076 63.92703934851534
68.93432240762834 66.47444322268385
97.89322451767364 43.387353324400316
88.40122073868169 53.773534659779045
29.556663892770718 11.575044284276393
81.85117401188087 37.7269802380909
84.3265333491914 31.13339024898012
74.49783859283013 37.018993041495804
20.919846915339924 94.73241547529805
64.2953586961917 82.60266937206262
83.17225692302934 32.115315384319786
88.81045035771987 79.26204281910653
0.2321061457985496 85.62155162665218
16.490623851327967 68.64299612399194
86.10822905540671 61.027365615704824
85.57362260007709 5.596970474373608
21.7912479654608 70.3011793535876
68.86714226286576 11.174770803767576
69.23731353012977 16.495811301356323
0.2666305746366171 72.2054776979488
98.40282176031847 55.5869718692261
91.86541217032122 47.905035142385344
96.5486099511281 86.14826238356217
78.96892243637146 46.104934633760244
39.68691620031044 30.363212104101734
7.590315122032553 45.91803856146265
71.5935771703587 26.951796420680108
80.81139976591815 6.587135865300331
43.83160597519149 43.95203587681763
10.618278291445705 77.65575164174675
61.512176640664826 45.55632322784966
80.97843096960614 94.97110656730084
75.42758575724761 32.9581561031697
85.5275518854738 27.047016945187032
29.284107898898736 19.400599618370762
23.74064568073272 15.9945994003311
87.56474684908825 45.31837471871288
86.8143738960534 77.30344792237402
20.200524986888613 42.422821988675885
57.3526911698796 37.22467730260195
84.55698986937135 34.873871926815426
16.70550362148192 0.8561099429076457
32.781205062101115 8.677857530915478
94.43521867713929 85.87218266992824
7.3371461882321025 92.6287972272715
3.570455638698966 33.65837880848286
91.26737054289437 94.11758085647757
82.67257820143303 12.830107400377322
88.64029742051702 16.785040111365202
33.67451087751354 71.59627483366499
49.43932796701003 23.64656834465828
90.55939272691913 65.7636990237143
11.070670117815029 20.92515079370886
32.77381374267912 51.012571608755195
36.613666685263446 37.09831131009881
7.460935511990008 10.113593383127151
25.436545796315237 85.21031997412884
95.85589035007746 23.268440781487143
26.504724554601577 61.0931614024117
10.657102502992366 2.799999640936568
70.65173767723068 42.67147987947099
39.322224869265746 93.27334085914806
85.23948543761787 69.17453638863697
15.526465009060574 64.15062592490646
15.7341634200575 24.98148532083827
87.41036416912166 69.16357836099685
37.03411554499305 33.2970741332412
80.20440770641837 31.020465297186995
89.98995355997793 84.92046427540527
80.56374204455054 27.957233981603167
59.580320881160574 2.628754050985016
14.94778811722568 59.91735692047108
36.91963282528812 69.47164525120031
