806
21.49013473572928 42.34251435681503
43.980446945995475 32.59050106278072
56.24213518173442 80.04094893775262
22.098689505241875 5.8214396715439705
86.6539901598146 73.32833863307955
11.246957983343698 80.32322024704524
33.86686884958144 19.2341940216076
97.28085081550967 51.939174187844536
95.01684958948535 78.41117800320032
33.201751177803104 32.321609209104565
95.34716125289633 3.204127433725612
18.355987595504995 82.76434097011592
49.92847433820573 86.87956223584126
87.52125702648502 43.32467623057825
69.12615238893103 19.02252387226361
66.6922971372921 18.778436946763488
33.62150579953798 80.72237011973903
76.24459171593992 54.38203556805973
52.03102468958907 21.50218810519312
99.47412011538873 4.0685292898820276
92.38871544716417 59.59807882895872
75.33129219697918 58.110956714121265
45.89885948972452 71.80284413227407
50.16844090499776 12.00973572204197
56.02655508289839 22.700087442462813
50.050055930567424 19.511186165458138
11.780677194093903 75.76774988655207
96.9570235335332 81.47272947026295
85.00561470905853 97.40271924560867
8.229847798539447 91.1764141032229
42.48485289362196 95.60705999652293
57.30105969432443 96.94564292217416
17.643239084402516 9.349189568300309
57.520680599356155 55.07989219558219
7.138646123642167 26.014476777780537
37.87661095955934 61.00602195060072
22.0155020779776 49.88827213352906
99.92529833382757 7.862964830286789
68.15983639072819 71.24322645018573
41.4003850834571 33.797492227344584
74.38050377390492 21.775598495233083
73.04086639693081 14.862322658119332
46.49207705138553 85.74608781411234
31.527156024685365 67.93522232102481
92.03819538605477 11.726575427946951
62.80220728881362 79.31174847197724
2.4981260012571505 81.1744619346971
12.498615031917847 9.819205240673522
21.30688648066291 82.54733780625831
90.65412320783531 82.36557320915627
70.27995860808846 13.424518508123962
76.75208348260747 75.64691700393418
17.248577316550296 16.620042807853373
18.42608688714924 61.77747481355852
14.36006130793156 37.23626577351722
83.72829949640827 75.55199183816883
14.359358314388826 68.76238640246747
81.98928256329742 74.10846028072166
17.422272247199523 56.29477384629264
91.63156359198184 72.72167918506462
97.67818266300196 27.444822877560515
69.58881637137087 96.78597172887385
26.514209683364577 41.43942713556582
95.14666085101709 61.32050947358664
81.63848958316687 90.87972884657847
98.01327091592024 54.17974331622793
27.79240873696043 40.13299814898921
52.919777756555895 82.96542071151386
6.584585800109844 47.404847349938116
89.62859079692976 1.9988642342998575
37.84418613595765 47.74667375969529
80.18269602728458 32.567863062536
71.9347311067425 59.99586624264145
15.583742923046284 22.629594454888935
10.998821030557604 92.85173824516323
75.25348847007052 94.00536040269506
44.50736966568113 19.578585595287066
48.21112641241636 68.43182983215364
11.357625129036697 49.255220144428634
71.75500354160097 91.94761789904938
49.047840069030066 35.80355167742094
48.93303258591405 71.56435915405868
93.2619747424782 78.82513870785701
77.99933621960176 14.720717020417718
67.10781580056823 29.55948507644687
52.7662200407087 52.6419196693394
71.39110949499049 47.97791879147832
66.71519696176124 36.33220171171505
96.24280625139524 19.59592398745248
0.7065275658554748 93.01834416810014
1.1359410779932522 30.67087904528175
32.276630809708266 42.73786154759702
71.04761942478905 10.996693930795853
17.093363452389553 30.925556131222876
20.382898222140433 61.62601881540394
28.96976497435023 91.59069615937331
16.861760236678947 1.4497400612135558
6.412265064011235 54.444381931211794
33.283474736358 99.88933183787807
91.0028246441751 61.360713182165405
67.39207517439179 19.81208169499975
85.9140057527374 32.77704859321092
16.292143902168966 98.418500760695
85.31797039347647 26.178661484526234
90.38359286835048 1.7588321637695858
58.54541672491936 84.56519915628625
63.019238112019295 74.39011641420208
72.75074394014054 92.19221134245345
56.20862341863572 53.259874898180556
84.85245431678263 77.46391106576986
76.39748964049508 49.751540439473
33.81678033339225 48.04541265301776
14.145591858133233 73.77645650623667
64.94190611500767 43.76008198996182
62.290124597329765 99.69313196403239
62.41845718598352 78.81457233116123
66.0512596780892 63.965709712364514
52.073059311722915 19.706627047094074
67.1106517757213 8.907184969463056
28.865936629291166 7.9681644622603525
57.531115205305525 30.993262185618953
71.72079150440554 63.09631790836515
87.66588501349852 63.344252197619845
56.9855120360937 98.52828379986904
50.99927259256485 66.70737130355057
46.904935827727066 52.24854720963171
54.969987374436016 48.52530115393306
27.019628852028454 33.72094739664807
67.86009135620047 89.94234543768859
29.431542722264016 54.510002990723315
59.21150677515802 99.25561922723224
79.653603269674 36.907972458068095
73.52023157227738 4.594987711911225
8.80798289213386 37.57918366309756
46.78607384229352 73.74997978403735
40.90915833110566 59.500476612628596
17.80733609883014 36.866257921036315
57.91795301402145 58.03651458387039
83.16817724534894 96.15939129537853
87.72606780259328 35.71302929181256
73.99315781024329 2.8986171886498324
17.434747919622108 7.099511642774625
80.55380519477626 42.044938157052435
43.638744561609165 5.087566649352926
21.098264494710538 44.70233813409084
10.400712131150735 81.52516791718159
57.96252024717914 10.234360855196545
47.943759685727684 20.809649183547563
25.030582098038945 50.55337011975981
92.67067200898886 96.29266706440916
29.6316023187051 31.431131986656013
51.15034494482653 67.52816230849317
94.65042811180693 59.316462580719076
14.686850767645288 33.880983006996814
27.933536647042313 9.819529254723381
24.13024677621315 32.368766760796596
70.51018159268756 89.50555419205048
44.96238247734896 25.174913542920397
83.49656621445072 71.02395009783801
87.82625374983496 72.37623606021246
40.12740557688901 68.97958630211053
49.91566951341117 35.076038064616476
31.459177041367326 25.545941522211844
28.460029136307142 66.02161257980273
90.93277794751161 99.83902547525516
64.2738121705101 23.56227424322347
14.41177016746471 27.83751251876353
28.66712491175889 60.10203360386441
91.6280354184391 75.36515020262374
27.288494212528324 75.65113331943884
5.764040399249259 44.22625012718835
18.708309132224187 74.51382660446987
82.37629229187488 85.63578588187917
55.17134412061888 33.096165626206265
9.940585825296955 27.95943208706214
82.57629012553058 27.370214319865948
8.697067809159375 35.41264675312311
63.30465501811319 6.5935113909925676
87.35942066461759 40.52705845601577
40.57819193545532 67.30730232668218
36.426042332687224 76.29399159443719
55.468093609505075 20.081187945229285
3.9451920489876224 1.318985576738263
76.6600603133742 19.730040848984075
75.64083690435413 86.13358370665553
44.722985901531395 9.659269129665326
29.96167237093539 43.80984531814589
17.10372390806879 45.027887966283274
22.034000196768723 62.46317385067073
22.633543856765282 93.49162745871304
87.70895051883872 46.79112088390174
74.47921242776161 71.51931585201487
47.457471997215976 7.154904443569022
89.60469264803088 24.844203341276373
51.329813725501104 85.90565216002071
77.96985086651252 78.56689231094678
39.56677264107616 54.41157618200222
18.82820253066988 4.440356724136607
43.68854079798488 53.316452321483155
68.46582150603663 26.513697676738857
45.746896319215345 50.91735310078823
60.1825158341253 13.326236258815205
83.2011814521581 60.276070603255796
80.37200528335431 86.11557321120024
1.1596645818316986 23.92123283588754
33.420775559127534 86.36731260155364
73.10593727799497 64.20968529936496
10.290049753489573 81.50000242747811
66.05140838566224 6.270383210693153
35.5951935312433 7.230227683248525
59.256486259616814 59.53165849984499
59.60111181370286 89.47516293112497
17.418739213067347 74.92033183553775
67.32438178539498 33.5587295423826
80.0930704288507 88.10614336109514
4.4489495210049075 25.336204372573835
3.245081806554717 50.709512761773645
26.39162360378219 95.52858956238549
19.474329215901044 28.017055846434836
78.25611850133582 49.69580996660825
10.210818588362791 60.22661884920414
59.17743706835152 22.20191822746346
26.3085162206696 75.06867343631903
60.08156379264684 77.0605987012336
11.050791315275754 59.430540545230556
74.25758629870384 96.87296336611686
17.611168634824725 75.95984760785454
32.333175862570016 10.817563595313807
43.023752731712214 4.673451709164411
1.263215692727282 12.631116307852963
69.21507344390209 15.01200780452887
32.393604276352704 42.464147625283324
8.321482895579269 41.869536076667636
76.29172884021199 10.720047166523427
1.5242137634749575 12.462932729711918
71.24737225183874 8.548266937791627
0.5440696782876842 90.73747442153194
67.1241968264984 92.63840820067418
70.71958495741293 26.308796527319068
65.94946113370264 44.11161586990245
29.967639491295383 36.656867755030454
80.8450859025271 61.70175078058969
21.12450120424042 14.902950359423372
65.84362852143695 12.520117782460504
5.762134987051926 66.91690882644323
28.64864170707917 36.52029860723292
3.379603972308387 69.47985444146119
71.24113261890282 62.560679252113985
41.076439113117225 73.7680735876819
73.84107519287197 70.7587377722342
53.40768155277959 19.43218446248679
95.27185626116487 24.612876190045153
93.22317863713528 20.026108714525392
55.0075146852239 21.238296993753025
61.06970346247644 95.92442851969035
14.001875839881784 29.53867348281217
72.3133416917642 28.67639059005721
73.92675246931742 41.32189698505662
59.801231650480936 90.81922420403455
86.27926366417134 98.24435943913676
24.63069609230102 22.493701638528975
4.8329331140323895 51.48628544351549
73.81207222319036 60.552584218170125
93.72518680316188 3.0182640261119165
44.319123879552656 64.23232934049094
9.837481455314245 15.890946988521726
51.38194979393812 36.39977001090533
76.0743562424857 73.00772005733471
21.933866393809765 44.92494276688264
97.2245312648826 28.566003221601065
7.7939363252889855 88.14735228705281
62.82110320920174 70.64250138097422
12.864626594734052 77.12487582510842
35.48236222819464 91.27476515117772
66.2675368053323 85.35155513151584
69.26867588792935 7.115919578481211
56.86694073665408 74.78753452711516
10.853322096942952 69.37042779040952
78.70459752665138 50.000986957394
0.20918729135398495 55.90478003237397
75.56567021309301 85.72041714846821
39.81509794478724 43.531053828028355
92.61601063970018 53.24286387661466
82.26061977147884 85.94684975881893
56.277917355781625 6.134194520956271
31.725510535793134 63.269920015452406
40.53132487991954 0.43252212377231647
38.05004235744982 16.51054502138124
24.61704858851258 48.28841371910626
93.31834978729043 90.93210701713697
1.3127364180714474 91.17855297404678
26.810292282708826 97.99224090732307
51.35715854833646 23.147777877778765
88.84255368371035 50.36199807086257
93.40485635743386 67.46957524801054
1.8123578401311624 8.63965623365618
58.22241155988386 66.84632176597401
89.49997517730691 63.8614379949489
94.72212832030587 28.65553960496928
63.2264731551656 60.37755575320026
46.018041580526095 31.199861802680672
93.72149078888215 25.99117473624595
65.48671772296436 81.07547555713423
19.86784970278739 39.57881186026403
72.2920883671055 88.72605631386041
8.89247153470617 12.359234699366295
0.44044321704150846 7.792875839786251
49.38087275413289 20.504948612833086
17.41573253668115 1.7521492780536163
12.970538759004913 95.81846290081901
83.07033044395362 52.546733852629146
5.964893055078424 81.28691668304845
18.568346988034833 91.23585697769985
80.89806474904816 3.325356081647135
0.12272290653906337 49.56194827691027
85.03125005829556 92.45126232981261
20.28103977440442 82.74831301335219
64.60092905623614 43.33353500796628
67.63836617578328 74.37426660919233
33.757703208078595 5.213551856337273
26.034872468314198 13.305214718074588
37.61897484617322 86.63384737232445
7.923393393043465 35.551229850917146
83.61339075316076 57.377748627799306
3.0683053155947104 70.8966413500841
78.86539950535006 17.587992111531015
28.355904891410766 69.38232626887863
77.72217934854385 6.018743846853047
14.706058606311167 75.3767532968635
87.1225323246717 54.26995125432633
41.3840590803141 67.8011073898833
91.79581171023653 64.60185876651232
17.20395839833645 85.59299901931755
16.442295288673815 68.8089918569682
49.49238510532592 99.04266233229424
58.20598899456416 14.583557557601456
77.72251137193193 8.133401384297322
51.609590001753524 41.60540169803502
48.99533419080699 88.76495865930607
52.48614356259266 30.952402014379143
20.708999559922837 36.76215958915889
56.66583244568788 3.9839524284042804
95.00027959119289 25.713260893745893
25.84595927654718 14.756881002469557
51.66343906256834 92.03828194518465
99.34263988366698 31.795890668745685
15.324706702097624 97.03208775638008
71.90536438620256 48.84947016558563
70.82214352030933 88.902618327817
53.30974221631275 30.972807240137755
75.83902962142736 41.41639163110875
75.66674942016101 94.82046473827997
50.06980797112289 29.99050569662931
36.440892414743466 8.773918028693572
51.38464284566052 94.99329642325631
71.85268302512968 10.39878673358795
83.11063398435047 23.428951970084256
50.68770909618948 40.21810476801666
29.055105838383767 33.46016606382667
58.258544196540555 13.887669128507241
71.37766402576499 93.79210659556168
36.20970624395975 74.44091723088187
38.71833186977375 87.7715906088728
59.3366511431612 65.62277608148732
27.93470965210586 8.533588782833434
62.547508533684294 98.67733761552807
97.97660258117047 21.696950637098332
80.33322963316388 51.694878227271126
98.66221120198335 99.71904785308539
91.26155426573139 35.70460420298126
21.465086153139733 36.40937300815435
80.79065693873117 40.93398120740376
46.95418768164578 19.824130648816606
31.83664755803083 97.82043591159712
11.386256554937624 48.588585895683266
29.130075210283568 12.961016036249395
73.27277577674775 66.6390650957634
4.705467533688035 64.8855078093882
50.419884659145964 92.11006834240538
98.53614442892041 1.4797704072977425
55.74283211500604 57.842120940238985
87.47022214690915 87.20260652397656
68.12878700945197 35.115209733426035
85.9467985026971 95.08434535638135
37.50751170086614 25.800901758236705
31.761225632548793 91.68250887053357
28.941550443540866 0.005571163218742736
25.451124597592024 9.300904923740937
98.2570365800996 59.280524920647636
75.98311515274912 7.988199909811233
9.817138316596063 35.3402447289226
76.96065760727019 90.36279637438433
87.90227676465086 12.277834862731108
42.74894242726462 46.501187134022736
35.15035661043764 97.06226938226754
65.22291633425795 5.391471247363722
83.08410120733109 44.38418269573031
80.7279588410016 25.60279895888692
13.751818786044122 40.59315770019064
79.02296929261755 44.06923127400757
74.34591106995563 85.43486792204527
41.79678712685955 74.52045605355224
63.883846538655355 30.101124569486835
45.522453801436555 38.05410864684007
0.7125931137726083 96.26503531750032
87.55668640880813 3.704521500022351
44.03412392474133 7.138232472036499
74.47100557978656 88.17166539206247
21.58659754230533 54.331013177587565
73.97478993691797 52.89083878924274
9.152625798938274 31.646636743076595
76.36551610517803 38.49523586199549
40.01865987393223 7.955195433561924
93.40168488524348 53.62024671835957
67.35420166818943 28.85906226069824
84.0986995574218 46.41447304808708
94.36410073162934 79.63902883316669
41.32457291877017 63.32523058204674
78.17399626474926 55.10066346748425
93.39145610792414 32.68318682441734
89.38865938298053 48.59051086451321
24.13697074504597 31.50923097534547
0.9495492238120296 24.7781049096907
41.7636581460613 38.89547870875616
15.893136120005835 57.82058170881691
21.44201225037937 67.23911740248647
61.20566416028812 17.284827036263174
73.8880297402618 75.65346980143977
26.18342573577862 57.60764818548988
1.1853869791462857 90.79236181034504
6.338174744106273 96.25421808418982
70.14870597736419 57.454426011165616
84.6825970672761 77.13299077937641
90.51523050538634 81.8710212603959
23.896006249841296 0.896674769865502
13.547096568022532 51.43690048767733
48.90678741963449 37.9247515811531
40.90396525426162 26.60806804415956
49.78382104910185 53.28457260027941
81.82995710381746 45.89574650135979
94.39242681705021 72.13405435532697
67.79081457743865 14.423238147966044
63.77902188362236 11.639075339252736
58.001468515077946 8.242303179146237
79.48482505436287 84.88857859573622
51.55500913312765 15.895671238642183
84.58878899429533 98.29860379699532
66.15778329386391 61.28795374326911
92.45337645104402 57.37440202204692
40.465987531494584 78.7616526056402
35.141061128332 70.0230856792139
9.372576683250756 20.024295309690675
30.198029488723442 11.3105091849674
41.33394527195946 96.0621358612847
4.691484985944017 87.10671561832217
13.871763215792276 40.54662442790842
99.19555172391512 62.38521050826784
24.994413819083483 16.099222874036023
43.49479759683338 87.73827494803398
9.120119768515222 51.553785788207584
47.66119663655396 65.79250797785969
39.5186992336514 96.58498902375206
87.78998537633117 55.11200676295407
21.78812861173792 92.88110744915421
58.87902062086183 11.025663209264403
96.09084747014505 56.36423678366638
34.35075089382558 41.150667456139786
94.65745691089327 81.76591061521466
98.11104584924693 45.57805082255495
84.33949707490683 52.458799970679706
76.59301763332091 78.8117301162305
41.49253965126244 43.289877941061164
70.79137777000531 63.566475043010165
0.3633569740285725 16.076474923265827
39.69426441959661 15.908962501520419
21.673761509385137 72.21167276310419
28.298918007506202 98.36242046505872
35.24188881917302 79.55828061512547
72.02773250843761 45.68146402724673
24.19787579276299 44.416614685509295
37.856039920557386 50.71490976430294
68.36456404721926 95.04035754349712
2.406360951293063 3.00276807467148
44.53894967159769 94.61931061195534
91.04703939883865 52.984096641260194
77.17970548286854 84.76523378488243
82.41746642726395 3.83334342338858
94.85070846237326 61.791376569190504
58.7755320016355 99.09216497924456
86.90390066477885 36.5036607036485
21.128518773904847 38.77146186445243
68.81319017490361 33.974163735125565
89.69473682254592 84.39294327939224
44.52591818268357 98.97450167010153
64.6803163082782 78.91404390063734
28.767363264067335 59.2599755026072
66.79769002986903 81.09464730885924
61.56982350874662 85.4959669405702
50.773332572233045 75.8673895177845
78.87203360603993 19.282008314344267
8.467965437523073 38.76647278509265
31.54231024678711 90.18905275393871
39.531898723680605 42.15742898636468
66.10825446511907 6.76065470828221
49.928763674086376 71.86340513779403
66.69212332360952 7.591597327419642
31.820593916050164 83.91626842416086
85.2978913698345 95.5936982586414
52.987129691567304 57.53586597862419
30.051915770985026 91.7408898233139
99.1934522149997 32.33063119178995
77.21391821040447 75.25168137374033
64.31970049270697 44.18541467062711
86.71197344213812 96.799730977181
61.74838991269447 96.72913898465151
23.356208922388088 54.423251881446596
90.48836508408749 71.15107793255595
26.087987867321516 10.970588518878376
98.13168476430687 71.53443517197246
3.255755368048796 58.94899169586749
81.54896892154461 60.807692211627995
57.84631463973251 57.827064658361216
9.698269384295987 96.93116821868595
24.668815234511076 71.67860122671898
19.759093275701854 33.411666206560696
34.33146360122584 1.6595630160300079
14.078621616637331 26.57657542650127
14.680097232883538 3.4754737354338316
59.68936784338563 77.01714628467047
34.64830151348872 33.807233347162466
55.32759104262416 64.62591881687646
48.56927893149122 48.492176255157204
52.24321973200292 58.841160284786255
12.68162151565939 56.665358549873524
84.69006627404596 99.38334557957101
16.055980399832983 40.67309318037843
9.914479579530344 97.11360823616705
70.08831599628064 61.52138284173668
12.094106387987635 43.155050444994494
6.212552190844656 34.9869235847302
27.557263707964687 52.48332399335822
80.7269731607787 47.626865618030415
84.61290894102376 4.182197682561761
55.2139024533403 28.4696612452189
2.8795248052419176 19.814219379250876
23.89400527734391 79.64629970804654
22.088994029286326 59.0017822159401
78.43158669190566 52.727885411805076
49.52901418152821 2.2824563299893352
61.88399004990832 44.610427992516136
64.3448427405439 4.609153017757128
12.447958054881624 98.6198827233592
80.12978574427422 3.057545306453191
34.07991269531847 17.23888440365745
97.58819396930917 31.55370265135401
90.62122452409047 97.09610243797275
65.44422789258977 38.229980083359585
38.84944553473226 27.5946534508554
37.41938920301621 34.86023399619695
70.55282141477723 60.81844038206723
37.390001151343164 63.07894418454395
76.61852522749993 47.32246874990156
93.98000317308103 49.75098200023583
8.469091570868137 0.6598217732878497
59.912272992596684 3.5309243002996538
80.77163863488931 38.08248823363757
4.070512766414125 85.21366544793398
40.716863524746095 24.002945039235367
86.21684943781716 92.19431756546558
92.93090554458387 49.31393023128765
73.314765047398 53.89218106764275
71.04258151563072 24.138562772159776
45.36518762873014 54.99162287426769
61.53188775143425 83.85200896896986
80.58948869480676 74.65885726205002
30.49512100160885 92.80609795543012
8.576309073843913 55.00637225874209
24.85264122188501 78.87015211961716
17.033693113586512 86.98318842457776
47.28083062999963 21.655180975264045
81.76332043827985 82.13229396262612
59.67599191894073 98.29172973781823
23.201831821540686 12.820162428631466
54.16779702008034 25.06732094545977
34.924382700399306 84.13283101149831
10.128461901413532 28.563990565550913
81.71433020336272 23.63406583416975
94.86896820322018 11.134512204473879
14.306463656217971 74.5824642193161
25.759326564827955 62.24157541896103
16.018025782059997 42.96165399461138
86.83842075636598 69.36633947233874
7.54542859662255 99.48065734492049
60.19262991013316 90.51286117800376
20.98233531613135 34.39179066541725
26.000614051605375 23.874088651514093
12.509151656345285 75.55895782147186
62.61075494127654 88.42654572864573
33.56553038705806 5.011057995363233
68.77882985294326 81.5500136484448
34.97996370349821 48.57857310441
2.50657432461171 72.42735091664989
58.95145692756999 11.646593148175565
92.59794365815229 89.15742769676949
50.76738051661393 29.8839069191876
51.85461360215841 27.945072858710553
62.91142649395335 16.70754872164887
85.48984586184999 64.0034806621314
41.533925538284 5.444379486961958
65.70023793735594 71.05563981002952
39.67040815580846 21.758803644271996
68.10258394263832 95.94850225263183
94.81149788689824 0.008294254460561312
43.716878430127515 16.657268932775636
92.01045244949702 97.97572634250878
3.726804597925837 91.82520204736456
21.014634049783176 19.840907616748172
66.25289907468922 43.340531673902674
72.2377200470786 76.16289233212832
11.432494617827782 77.59804319626538
30.770491181083116 14.2988316394983
85.24207489090402 68.75471604283095
82.87182024205312 66.17387864608861
64.51815705307736 46.201655247601956
66.22291328133153 48.66388247865391
59.246765151391635 72.75206586615934
69.06601604164652 39.4767580567241
48.36005844092966 12.270097936994883
18.734579017130713 32.98008295679355
86.23483429140182 17.104891830378154
20.000165608474283 45.71117367139416
99.05166066065502 63.10176733881803
41.70239533802381 47.954327490774816
69.09374575149468 69.3363510369948
34.66942882178713 90.18302828285134
80.4489733003793 18.694120821033245
82.38773856962749 93.3667182866282
23.814327009858694 14.986970935281974
88.86655253812489 38.62453822628651
31.484379662540963 82.74122937904419
34.04127206939188 94.27103252969482
28.870293201901575 7.815930664851079
92.89535575215373 42.24866296862323
33.771894025782856 58.845968094678724
86.59573127941788 97.47559415572206
70.95926323920109 31.129379454465898
96.17936390828149 99.5240180379063
70.82208512901373 59.31731642092769
81.82492028246219 81.04700102420686
10.514066423051727 24.50407762718302
65.46571826515195 26.136743344644653
8.168770110377444 8.190192905518279
20.906090441673907 20.28980023710941
87.79879432216326 56.32371747312064
90.51618574915561 83.98382406267079
10.920278730957222 82.0835019928228
87.59606702408739 46.08118592103452
69.16800361801789 87.65501012171737
59.95011678928704 35.2814753435166
39.80936671853678 87.38579174453055
29.024555651477634 57.79476208474447
9.25640216810245 57.94334491658633
9.195560683981341 41.80570376821899
14.5108732927687 41.28284436315468
65.32742881613768 44.344858602932234
36.80024481425549 98.984922432694
16.780709904100842 36.8546420820642
17.638464751017246 78.1656702730166
93.83604517485725 4.110118585656453
76.02177416517814 27.851181006344472
70.98398699503335 79.36617379781342
90.98020417982383 81.19749977032362
34.31079037644638 5.087736309593938
0.23879333452012652 41.31874281068294
58.401510695917366 91.83625521323926
41.872690247526926 89.68882160547341
28.559350042125466 78.18864884052928
11.02056666510487 87.00170375246174
45.22934315809684 46.32033828306622
39.38184136956292 32.29592276746109
52.00501468856581 47.42567349810004
14.991950939272913 28.96938975384017
10.950626151730102 28.065098793152686
72.38585022127872 97.6515430294403
22.82190182273778 64.69447318653876
19.39442587766257 56.25714775993929
18.005193388676354 89.01050161203084
48.69297623656027 51.41964785648846
76.1285701528866 21.799386821613396
59.683485477284016 25.02794809579384
9.364336083137392 91.94555576365401
80.17843476418886 9.743285674739532
45.64012750598796 66.96593486177595
77.49995791312722 53.08430214812792
79.04420565343518 25.43060220978005
0.9282713290427846 21.192794909399925
88.46136911570694 46.98924547089296
67.4830551102581 51.80045606193379
83.06644641665358 86.2401438505629
98.22895980051788 55.31949713312383
0.09204916381060357 18.890247853716634
73.34235326648701 87.5380455680194
4.253055047887811 17.646493741648417
9.266722771829183 3.692605870954113
19.595808962041573 16.387856333512662
85.1526865896785 81.05890494402776
71.16216884367246 71.87479473677799
51.58852065597343 61.49437662124592
39.95426908045564 84.28744168391178
56.888840668835805 97.62171344988728
35.50022359771879 83.74903116385696
64.35720165167147 82.71432543163344
67.08846769352935 73.86746176021857
92.88999014644821 8.10700079153267
82.77096368497506 55.7181168875816
54.764775021013925 11.218395650764002
14.438547869659434 69.35685434068787
89.42874228671637 41.885383670465885
23.361176322501485 96.39116162494008
10.65031956600655 21.131827192887044
55.14195726943911 70.25601687146103
11.591340598662192 63.91729340527379
26.866043240625693 92.32749591674603
64.0104288276496 43.79249342164
61.68566685434295 47.86626688197293
14.960944243912156 1.1239972156693812
62.852206861059365 36.87387040417806
56.26182439586621 29.18823902563806
37.75808323675716 26.517368252904028
56.17506343778045 11.020146624394888
61.995619037104255 8.727712634366135
6.131987390785943 25.316049229379267
67.45688317423686 13.452074218752074
30.94769802845736 34.37295113625948
81.7061314716649 25.333834044966185
38.50955243379701 28.103939558929437
22.819545824839803 98.05304986441051
60.60470495282606 85.79388735459675
38.47411474267057 82.74450420569937
37.80281714711503 0.6089550020469292
18.298785396767325 57.85315333636064
31.75374552584923 67.45675484154637
52.663308424649045 15.247359327372534
68.13496419498803 7.713292251888337
16.928336976573654 55.05063251344951
82.71508336215302 24.052453881075863
87.57798284824531 27.8139180464672
61.81408857722007 41.788546715102235
19.94125746884039 99.18392894518145
58.941508523060946 31.109366110910308
58.6794590968172 8.213006191418549
28.80181624453605 37.910746323403544
4.983152917970434 31.600998973921392
43.16022759370156 74.62110086614277
25.971852777623837 39.33156187389204
77.98557491230798 4.493838535389205
48.26540175459595 31.925441695407887
62.926935762625206 90.28052023942652
35.78340232066728 82.83886658715649
66.92199445062334 64.79882616908779
5.588165894644992 28.38808198657119
13.600223831793057 85.65187344106425
23.739404015920872 67.7437818728585
48.7474852740585 43.93850492890851
40.05618005118994 43.77801552075303
14.718334004973565 60.30210989101747
64.49919837143199 72.53208188830455
79.42769009753732 35.204295667715044
96.76139129613215 2.2269264064008976
99.27613996397878 34.51947281096973
48.63027806801219 65.98109936228637
42.163352769389896 67.64178347938203
98.59939969887688 24.471747250224986
84.87984166373504 56.80986485582269
86.13835786174133 4.668077902666168
82.76731870312636 16.286123418248767
49.2369036417888 51.396912962975996
44.755084271323554 96.66158411800714
41.71818867710974 6.617126876802448
78.41923157452611 90.08572327114004
34.73475346728059 43.79157160952302
9.710696369615135 46.53214454264648
47.80443320375542 32.62134842876928
88.06486169737177 85.69097076921044
74.4896508710349 10.703149501181663
86.29939269645057 71.65199220406075
24.84065077068066 77.5982955482793
71.35451840702709 83.4524723761279
90.78966139362367 45.32392796606819
72.28420154321707 54.2545336970952
80.17134464097761 23.205397076739644
31.055383925634782 56.732166627869674
97.9730669897835 37.331129474122605
47.852475624341785 60.137217498690546
30.079394179683828 68.03584771493612
55.00899612869951 43.10375315712919
49.27913086385666 71.21927301185694
87.248691341384 72.5688872817531
47.28819714431795 47.754702935435475
91.1404357420916 62.098463907866716
33.170012040329745 69.5797926858554
43.44881797928054 81.92926896914649
41.03645683442364 82.14071945513382
13.134502553810156 93.59732289889584
3.182878351895335 54.675406712705076
93.66455764002089 54.000668295459874
