891
0.10269615239866248 47.968559208193106
67.84742308106017 6.110165882375817
36.489740011567825 32.97372274677697
38.330639871279836 46.947372135064555
33.85000642758329 85.7479580918777
95.58634349714781 5.9909469723651405
58.17205025211072 20.018819829812063
6.705418986905142 22.56170775079729
85.31451315928221 55.628851991532436
70.77648196703348 40.91839797706229
37.45209487333761 18.435075858480733
63.063759243591356 22.310992386193508
12.711092099783283 97.14159810858357
41.89560108447748 89.69833654086685
92.41789134412215 10.725346995469675
54.076813461873094 9.730426125071412
83.63627878658599 24.892497061877773
77.96627590778688 30.410169668641196
12.189985581718933 71.09989758255608
97.20534155843075 47.36076028881553
85.82492243618466 36.60882557656308
97.70264820515335 34.37713106639644
44.55833573250231 92.92907287683006
57.4359445069447 41.23725535356779
54.703917676705835 79.61505284734164
54.648066175021256 8.93619567640953
67.30873304321742 51.20844887209716
61.06868358424996 8.056041127265823
12.260126124874994 4.980505617454057
51.856764855555284 15.409664889114804
48.5758062868748 94.12235281197478
31.678027454047086 91.17212744304267
14.257779826438222 80.28827952099631
50.19272089611489 9.270472388664974
25.519431467862198 82.54521777029062
83.53500925088252 84.93242786197628
45.00452020336806 39.69483157265845
9.346342284151953 37.45014976846207
52.07137515150085 10.809154135664
10.162962479850346 95.92301166760768
10.1818312231162 42.0189644844905
53.9589096558642 42.916905756578615
55.64009793533575 10.365513430950624
9.011201902795008 68.3361182837842
82.94875361098126 20.163216551689533
47.990732096858125 88.84956622250826
94.15643935637657 98.81518203181723
67.69301343003997 16.470394879852257
84.86332543404738 85.64151432597264
48.2143690540475 23.40040865124188
25.98267195131556 26.136738409387995
46.465287091595386 27.1340500005278
24.999491804804542 81.18640956612421
82.59248019468941 41.25913476506773
20.588927431054817 76.73198746551412
88.80473111960592 90.75850352966292
9.508151498200645 34.30306396456039
40.33003564522248 99.95194334093043
90.16370125419697 21.257473344478907
33.716663734997034 75.00098351932304
14.760972392569837 97.85976350782016
10.680925657027329 51.3004286185683
24.707445924120385 42.46434142512654
11.838031801217053 24.503952056456214
77.4382909390812 3.5346948574886516
13.106943902385737 81.32160646812426
32.95002925055097 47.50956659858141
21.242409540285088 80.91270579639382
93.9065584353066 98.59736218045735
10.286990818122687 85.85587593894797
20.424588202996517 34.629821952625775
2.9198239799928416 55.75405414425171
10.278576362588321 37.06906980024184
92.678860160284 77.0733256963905
96.57449450766696 26.107851322756982
68.57176561690657 80.39465691080463
66.57036672367202 26.985428300015492
4.0568836676215465 67.79723943820582
90.94554788599095 62.74863899362268
33.336242056181106 36.68708622088843
28.19565526278327 52.11826405226688
91.86129257464843 93.58272936639803
81.73791553506778 27.116967730503795
26.35474510261121 54.15426279849353
6.601646496958935 93.27177439078287
12.536781426894006 17.999032904465693
42.929657706790906 19.11439542978143
76.84210390289451 46.15503669108908
67.16747226863625 25.507547748780233
43.86640614864311 90.11763033577428
37.17450463477918 28.424865167670355
60.69605499796852 35.32632712555528
33.50766782792466 45.295686932243754
45.11178393087199 10.900848520634543
2.728672488339634 55.88253757436108
61.85992057765956 13.810550966542612
71.87865451615444 15.467905260567916
13.207050717271972 38.80355326534068
40.32277270241437 52.523676841367525
8.27690868437536 69.89089305472054
13.463115404385494 34.60678642326166
88.49423218580897 79.14849959647246
10.483678279863817 85.02611355636152
98.39983823275168 89.50841933440985
17.992271938515557 54.82053061515444
44.15422573199428 25.409444073674525
12.678888336125516 67.23613181583038
34.409310788679406 55.1020008117484
99.989438463638 35.49573726056162
44.2888177308204 99.34089453816381
27.262417889084823 5.592596504239866
63.917471539807714 11.577123504119413
65.25611978454823 34.1192808524031
14.99907793228118 84.09763116674137
49.06919734637597 71.93246526971653
66.11541904065487 42.68540485450952
72.46762556916833 72.73505530533424
18.88033751366104 24.813077164428854
33.02836598312607 8.838568028403238
79.55329606635158 14.789935741072435
23.797931481443293 0.06544029089002867
77.3416323090929 3.077507065420626
0.8261521491401691 80.40790117191476
56.17500795523256 97.32042828738517
34.697977621254935 5.838982536940751
71.13897049427669 11.03396191638808
84.99869857129127 94.48544350308639
74.03254106051732 90.0760337101737
3.747553982476315 44.05022420920679
60.41337074576134 26.2146738722167
54.28029751613317 11.37756255233775
98.9998048074696 60.45062872409736
65.58212615266095 10.711822193753829
91.8475517786137 96.97013338034115
18.63257804931957 12.352102713523527
14.01863332294251 26.545993802253086
29.13102425074402 65.05086371318917
87.96339927504218 75.4582853612831
98.05954766487102 68.76111595432778
72.66967796423529 93.60117694937861
76.37928198188052 26.98755615839691
71.17482873147756 89.01218233139294
90.70539296962413 30.040259052382588
25.460804053014165 31.362499879934337
62.421379517770994 1.6422341302494092
2.1258465471605703 73.06843674189636
98.45700018305033 10.75231931060724
44.68083382608427 97.84501510813686
75.09469834786603 82.20002679050454
63.89735154449223 68.10295446379989
17.386580461015 28.22192658786159
12.795299719076814 23.653383404801275
34.29607286319458 50.929903593404035
75.87700255519067 13.553280639060961
13.335585077799827 6.765898033046658
94.65107010984202 2.471930048720583
76.08049223343902 34.99740130316218
80.58805019330644 16.734800042616072
22.20763784839239 6.423901083284145
1.6603598536659048 10.053983261763054
64.1919519997251 4.6448026248169345
91.66667585689576 9.64817637627261
30.373810850001814 21.741538247627503
9.39356990171667 76.49232171643534
87.07454098561685 42.69173176493334
33.16405329166725 16.227726136252407
25.55710774256158 41.269928792992204
50.66316350411773 10.932027151698476
10.194246982119271 26.277655742565297
5.518025344986288 17.11605119511145
67.28080204661094 72.89817380816112
7.536297547041027 90.01062646714956
50.71121141806224 39.753901109078086
79.70702041304159 36.633912542564794
21.021842735324782 68.17446513124912
77.20166868285615 62.29696063647954
73.88095629023158 54.835601871557095
2.6070717571309965 23.963356953749347
28.927087572651843 23.414272364256426
11.314628523779602 10.910964581717952
96.4772092413572 68.54113570455684
75.00842707987539 35.81088368887579
37.11926801106616 40.8418480951231
65.86943234677757 72.05999142106914
18.02752546396251 29.568485124836574
74.75509547221226 15.965836978373126
54.57335307705483 4.157403522051917
37.08043275792281 70.01432826297098
55.42713286328777 85.07042065405729
21.355890722401316 55.99915276862979
91.3793680654102 53.09429871056894
42.36130262508717 38.26133441833433
26.84070278951547 26.06542511575195
72.0152569021637 76.64489192053342
4.443806166510955 7.734134406818161
39.95252534565442 6.382856491769829
0.2924092349476104 73.41744694917377
32.0197942021583 47.837069333592574
40.38328835542091 76.05045101175808
40.83114965033114 28.172642207081378
18.303854080701743 84.97105460596612
6.359470924778988 33.5717690661854
43.29645136746758 1.470843772125785
11.804586529071436 39.53010372739057
95.7089757566119 65.94516802934093
93.96000274011911 74.68976139667531
6.817046149694628 58.6817503935103
36.72195901883338 61.90149097399312
90.85269588686731 18.112855064128897
33.750025169326 50.46673795662622
10.281988673771082 60.06821237473828
30.108717566198862 80.45113132358614
78.36665135309084 80.54777525177852
48.62766519770177 94.68709919924204
85.55517011559118 42.06695331410476
19.431424088079563 12.43781987600945
6.85260735959714 10.740531821698141
96.6167300532723 77.3424889866501
38.064488871101545 17.913039153842337
73.17572821704725 83.41661781390508
81.81127382662649 24.316191746877568
79.54807944656032 39.543166040559086
86.50774329968078 58.037789558455714
24.31224755909832 41.830722910503695
86.77700533359598 42.42437833416823
20.33035562735246 20.246710747188867
89.5958948998612 60.73120173182197
15.561057138310275 82.09799605366418
28.017375181360606 88.79735047767538
32.49351276110464 60.37560866489555
26.535584338505846 63.70596922915228
45.10113893819185 27.173364836208926
62.807235801373714 99.17632990652464
4.004139328205669 7.910477784161096
23.079594360148214 65.70164485356267
83.01126404525601 54.82992114498978
4.217176017797664 79.2692553662141
39.3796569884707 95.03203420394314
63.90978738451104 78.52412392245948
72.86245467516645 37.13116932436626
76.31813848526471 24.391700435837627
77.57939030563284 42.41355844850771
92.55815436268294 97.16816976963874
63.08542373697183 74.03166454370236
94.49340463223717 91.2545023541489
54.798661097168946 91.49123712567406
76.74665274837778 29.661840550017804
5.827848387667167 65.86796921408366
56.42231969908654 46.03996834978054
76.8493082330249 34.95178249294473
18.60506514796144 14.6246801140418
22.484389441782472 24.185469711833484
12.858732980686483 25.06272640841114
78.49115668173829 35.264081998674
48.97408401803885 9.646103384511228
64.24413313296415 89.47822884189061
1.5811453985792978 32.21394517169527
41.54538743885169 21.662094588788584
64.49796699358663 3.855002792558093
25.72368867097634 15.325550489871475
76.23098135065055 80.30723659494231
67.79181212343059 23.162577084918578
48.21538604600536 75.67915736927104
34.052081633800135 60.05622649197583
98.06042910801321 4.668934920034951
69.16162516938736 87.73426725475295
34.19547794135757 66.67355916156559
24.26283478126724 95.26735822788025
18.070968037208747 62.530242351266565
55.50280741793002 87.33252349347177
15.463718805001692 91.78020111012557
77.01364000236582 37.7198802000241
67.1235762619118 21.23029987466468
71.94505097250484 6.162585063013893
0.9063304669878147 15.773178162132817
66.42285483030874 51.79622260297807
59.450458612732064 87.81200027911188
81.47316020567781 81.94421461675627
49.7005839674459 66.70484163042282
85.17227787514692 60.9282623201181
24.904829332297396 0.6513127223993331
8.188492602273122 79.30632383271814
49.94274200630615 1.872638920581804
64.26842775319476 74.22641353899373
3.2245928354914244 87.47838579229536
42.44309528478263 51.814602717064076
36.1745161122102 16.860873685650702
5.293507059890901 64.78764562912215
11.827323258737632 92.94544945059796
64.82241194465907 24.165966993639586
99.08386692914132 25.720155786574892
77.49960988811313 65.59160773541399
94.1853789123394 22.57166255263542
72.31123301030163 80.95498315654962
75.82215263238874 5.005475565627215
98.50954942460548 90.52731224737406
53.64565325880341 25.003758958587984
85.04429065130869 9.212996045330147
79.28686991989807 44.373293333830176
25.164020239118802 39.118549517327814
82.04560472815614 96.84663860952625
52.89667676968306 25.87264458498514
44.690746473789964 38.57063164748163
45.41807956991677 80.30454343690948
65.55158399756476 29.316040444449555
36.57995493560121 38.074007191274184
11.808615333386307 48.50188228934294
21.265024233250262 14.280342007394465
74.15788254731723 19.322881771400134
93.31641275514066 28.923214639013683
17.98184894327055 13.616929412761724
0.11576777439193942 67.82223518413008
55.54446230759188 59.153726941608255
10.234025974958493 55.900760415153904
33.78697294613268 60.50300942933882
56.14039534247244 19.30729004395205
22.106342222367537 55.813796541030044
4.316999879845429 87.44344887501188
69.89930792610834 13.491229929412219
46.86175055876711 17.531573303315675
97.33522407418765 69.44035973232965
85.99109200375406 59.5619792627399
56.57718737691826 37.30612780832148
57.58111604024676 80.03660224975954
10.62865064632904 69.75938672031572
40.45702455239589 19.13387694395424
94.54251425074138 57.04075312983211
54.37512954277243 33.58605298641114
47.28215722290447 54.75847670552202
41.841529362452356 59.665651594806526
22.82358326411028 59.15330271416259
4.778034188795055 64.5965703700931
46.0457327423185 82.90434586637383
87.20195662101004 78.77947439981398
82.60232344231588 60.10817420158971
97.21135669748502 62.49773960437588
41.86664103688403 65.67173202569228
84.40369060793766 70.41150974686543
21.50196143120765 31.803923437795024
19.037036975837896 37.46694763943667
4.46815404025136 31.487217492770046
66.56392148055907 79.08322151514129
99.26183858988611 47.69675144288584
79.03467247496145 57.15422781706144
37.529870655476074 54.711711301694045
64.48539949194696 24.452403847527528
18.067917877209073 21.861745427819724
26.025730094860034 31.48306048037306
30.67302613672165 83.56483601562506
94.49592683810549 61.05151230507081
8.242670403741958 56.94756514302091
72.80907417088572 24.03021608208935
77.7414483058813 55.09837038042653
5.105715284216361 34.823089139259764
40.95628671975764 25.38368088127084
56.39630108505204 24.495468532763454
6.146376696593392 64.70662652663192
37.345259003493666 99.18813713908187
10.277666709985178 68.09741723671007
7.890069463642824 66.85621661458919
43.33143402765316 42.471507044866954
70.29467466840661 18.369787653047208
81.57167966411902 47.59300670271547
84.80505154641696 86.7658075868026
64.83391510403828 43.65955016109706
76.72718864623478 77.7255202902012
3.047702879402181 80.75406641794332
68.74163406729059 99.26529039156323
6.841749054789248 34.94306076007968
36.905216640974835 98.58887508519092
83.55311730253801 23.041646728173692
23.797329357498707 41.73840339204359
70.06114194009999 7.656770194116547
59.97224346451652 63.08129674775388
18.89474635529781 76.74263862367864
38.8782406527858 5.570736046929792
78.33726914304765 50.19044827628628
49.55164930291428 3.677418761200113
10.710337463732811 73.3140372472055
33.430192004822366 82.16945474603895
65.18572168803645 35.00685906958195
97.1055959915925 8.50849894991763
61.534574485212325 35.13644974536885
49.05504970089386 31.87035489886656
43.688391901918244 18.276384508962373
90.37252254051562 6.345326001878737
90.1235320010126 81.7010950092411
12.171054963937756 47.59457774779028
71.12612166350873 64.00124719282115
56.74677240289123 20.095855301966893
14.452358127370058 30.53235254450868
7.534863243932499 94.1076791047446
31.963371249006045 34.501231471016006
52.51791266407344 42.05340044872416
92.66240825902098 0.38005417654276563
65.22111456071873 86.07866719656843
50.17374065998146 23.6545692772123
96.63236120620547 44.397838468172935
18.829023784863953 73.73958506205435
47.91685963525977 71.60914781566748
25.953324335069162 24.606567436856576
97.19987034919572 55.09828328773108
34.99107174655165 17.782282413814055
83.27387699312506 34.259835235306255
17.18605597680728 32.41628414667155
21.309711899960593 34.39275072780208
59.37566620044513 34.560313277089485
67.48929541993695 23.57403629009974
80.38524916387799 63.595014618424905
87.04103992325295 80.0374397934633
91.69037945072154 60.10314161718583
89.47197997795585 26.051424607552974
81.49292840695311 67.15198522267391
79.5797581034695 64.95600168597977
84.08825844617381 23.63916940462788
27.799205286751526 27.1462651747282
16.314662849019456 89.33740371142932
46.21402982717995 14.737412303328078
67.94526928852298 9.322069226313845
37.917481319124505 26.365099232847378
30.91989369973649 92.13836114393985
8.867388303973367 86.20980540220246
72.28332803222337 19.358918407719116
97.17900593641401 72.85142994898099
42.981194675883025 94.4092891931988
34.85125940139827 42.25239889748495
64.05642753411811 81.72456431909953
64.7935531708523 16.15972293788459
72.68478582509707 40.21777256155437
54.36902247791938 91.19598184827497
13.176509629781108 14.235633901207356
13.846901342557816 31.859747112105307
84.99615946432428 67.09176805994552
1.247562169360028 38.41016136221377
88.3341164985124 95.98006825586869
55.09405093711132 11.967742216049636
86.44513601949329 27.815804330201043
14.496223662550689 64.36932478602779
20.41973910543067 69.9413194220676
68.24068728290815 63.841682192558316
45.01408655416689 11.309473409657944
29.01372708798686 24.422181892106153
85.2700009183169 79.64037739365156
69.82537647952402 56.24455639067505
58.74593437547134 62.411790202559025
19.158927674241045 42.63999537937634
29.05367301201486 40.01858142390537
63.47197235895048 91.37811637924345
79.53224562669399 10.51364069016053
57.62003681843023 1.4277142304149781
54.78692980405086 50.954030124780715
36.63036558168994 85.92459457220536
30.65029790064473 69.4933543667204
19.257517815529347 47.91658060771438
35.706921340739996 57.89173457771148
53.09997076281627 27.004273694199266
96.95415680876765 96.54044265222613
14.659008959202602 61.16679415189055
35.65599017035572 2.660162889494011
29.641376520127196 37.22287201667547
29.695768288883805 90.83357819613195
0.3621821992097929 62.99167836952575
94.92672623796979 22.911878074348234
22.498852929126944 62.68584708445052
44.940317738183424 47.17590082570887
35.621850704705906 94.52289508024712
44.57497488960118 63.033774322083744
74.6334764568772 74.83890609234079
57.79794147006076 77.71897481842029
73.16272280615742 39.58342940479588
84.41400165020431 84.40467937364009
38.61083204759541 27.355510162741204
5.887923397672656 61.357148897200496
69.28244420372253 39.92319119497414
54.315884432030494 94.7667843050595
4.943970722550251 87.27081919788068
87.16848422298058 42.519227471893274
21.17292733857985 53.63176333746221
72.98235174823473 86.10960606386386
16.815239898650326 79.77153520841313
93.35158921531759 98.02297505770483
93.55516378130542 47.185225712691114
13.71829248922376 27.79889517820926
73.32183013867358 50.55094246299861
95.26286405466553 65.5110366819443
23.51530260029353 76.24204131550295
79.52951741415872 31.730586262617244
52.4389024724297 61.30651094196637
58.53960515631158 48.28395665156475
46.01583351341289 0.2865733438237261
22.60327388052531 18.639651453996542
68.41029935451793 90.3821233965494
51.23419240443773 55.10038100663605
96.72403808633858 95.46900256142966
61.544780945442504 44.410212000224625
31.33234924678331 78.80352647408088
86.64991008760252 23.950054573266854
78.35349556398705 52.84762840939782
57.497805396447234 20.69813296384139
46.257535940223136 26.70301546812066
33.410174616353736 8.958243172985348
45.51349325659248 45.03444912342858
63.76295516579019 94.12531194443119
16.143757219251132 86.72149155425836
71.70723514883568 71.43110840456043
96.30217933344939 26.894401211184395
72.00347701309491 64.4282380903363
23.794265847357487 83.32228330073357
56.26078879578535 17.59827265148626
93.93000399982036 64.6017957539707
57.56209608647557 90.57380721187032
18.732979820193584 1.2397161625267938
25.33411977093236 88.9600277320952
63.94264875614376 1.7138258647273141
44.64698757038759 7.534876744602592
58.25538235657681 9.37965651848357
11.27034559186968 23.198073232319693
12.899286892681406 51.12923906652823
10.94625029797065 48.518155409963235
94.22594263479277 2.2656598258115057
57.56613730498729 60.36770415606233
58.604622669493914 78.05261941781811
37.861749369477515 32.77828659451592
44.51127361904534 70.41843405582335
85.47941519897944 16.407077069351818
70.80251974523505 71.38502442325094
38.29484870734736 72.42485119966757
62.61372838107056 99.83861461881814
19.76818622276506 28.635059468681035
85.86035004220727 40.866508599917985
43.89850346420169 14.880040563424913
64.7300921059553 87.69830094999296
53.46647431951088 71.09111411254784
67.46958272526075 64.20058238429233
46.588299634192566 98.87038458639378
48.21133568745564 70.78867631438276
54.60738399381139 21.588012340682283
92.98144627324956 66.8219125735117
17.489655909308112 3.5741336891762954
35.75926566298919 50.33195400515061
60.38486203173434 97.65759934056454
23.91986282873163 13.193189490217716
24.292760694080417 77.31362589303194
97.68103367599079 16.144968417982895
73.58286534246871 82.83884069134643
70.95024830346136 69.76627809924108
43.34323577892762 65.3799813570182
10.326213386422612 17.820334728705735
9.837180631150645 32.63343715228846
98.26939673106214 79.66324266827786
13.708697852062024 21.95728823095039
30.49527507832582 75.69932843564217
16.95723002475352 40.66974584066369
38.22475497042763 0.8888626269394684
2.3881879919726456 74.50408001661995
16.593281701470787 19.747856768918815
60.63422777437345 37.196035922602746
80.9185350133661 45.525322177399374
45.244264715065775 49.26548505659404
64.61965874336897 68.87746248450053
8.652393612612864 37.72201265334899
43.030530158900845 83.10335600667592
59.00206541083675 1.6936120744082683
48.10740969814222 28.842582078902623
6.966514787333722 31.883561088368683
46.15403089992204 13.319097053530681
17.84820318560627 68.5088124061726
3.80412494450052 31.484952992098915
77.72418341828262 68.21649638111661
14.292264392080822 34.27468423400561
19.017957982606546 48.48270908949374
42.628519220730496 9.261582785030619
72.83581490142114 21.458092815139864
40.54763632923583 15.10456756857852
57.421343566503005 98.96187844133324
61.02810923901865 20.73351346181129
83.19133363334642 8.284670960237806
0.8397420264671607 64.46264998422976
97.79097392742409 73.14855586009547
77.99541289349592 5.459763498697534
73.81501161587917 10.616522211276669
13.574271463531574 21.196134740815033
22.489661318953104 65.03193959719303
94.94553011729923 66.76074407135137
42.54009758799329 20.52042185864469
6.254666855459956 94.89399828107115
26.88975431441375 48.290114709934215
87.31789788441662 45.01080392140504
1.9668540035661985 4.6490887713964035
75.67052399780063 18.734292675422758
42.536273927852044 92.3437139329145
53.82181260601858 68.50713307770393
9.989254876272579 44.46696311609717
97.30076830311555 55.97555666128484
37.151612574472956 64.22333048984508
15.900079952754975 38.223184687546855
12.136821861030267 42.638217149676294
97.30005635541215 45.88145233388487
89.40656782393461 80.7995939577605
68.6648068456198 12.342484965862832
65.1965865281038 61.79962708559481
61.38851956397513 25.4460286497883
77.06456601519386 10.969788529981429
31.605225780967494 52.7221673582321
13.070025982706001 4.66616706816918
38.20613032116085 95.14079803004442
56.54227529312323 37.549150175731526
52.12812922526283 10.610702824810103
16.088316203674303 39.843021708600986
80.06031697458282 94.74749059125955
88.53280904210581 19.386058837035648
34.58930821233508 95.6430172796042
44.24653043385184 87.24629360489686
50.28738643650053 58.885481854245384
73.20869726927238 35.504053859128916
18.24892307624243 57.7843995027979
66.90219284219559 14.507169953958831
71.40546541055632 78.3905023342603
12.914991424496503 36.58393625580037
37.431682556420654 90.51497793717861
10.659949623684795 3.455244608799246
67.11932567350557 31.828364408527023
99.63439127103373 50.47306835483314
93.4698006108703 50.07592511810106
94.18115116627972 49.65425839786065
56.89860445814073 47.23526456124348
13.862072481066257 35.418420628225924
38.57067713568424 16.380532899480205
24.299718003656633 14.456239903445233
23.978312659206903 37.538474053064164
3.6544072698370234 8.328846014125624
35.95236660567366 26.957400189933544
47.17532842561395 11.198927391529834
14.80399064380018 87.82596010034331
21.527930380885596 84.05716860568118
95.73588608165294 49.45676457395582
13.502374562720176 8.740737966283197
6.822133636300942 17.45403091505007
38.51718487890544 31.956255243419417
20.49517906188988 20.40566269503248
22.073920339115073 57.11268248711237
64.12956184786934 56.84092875120709
22.53021051705152 74.37780858606816
86.83049558294083 41.71180680300118
79.25984968428219 8.038383273909755
27.01872268249257 10.191255571022594
57.93502863468579 9.440457506388988
51.497335291075885 22.58258635860425
39.692237268540744 56.15809674581368
35.33218591006526 63.82836016891258
27.543127411584344 63.392690317627896
71.05772833791359 93.03578715865348
53.9100387521166 22.506993929523144
42.69541567923623 6.769779449973012
69.33609463367395 4.048557598495672
20.215436779168517 12.369138925444522
97.79541074193925 67.69433145382287
0.1291112185729193 93.26657822240736
49.64126582568312 6.194719818549133
56.486736539226754 72.40516707878591
31.280203050009835 45.0706613747644
2.4445169656585497 65.92787564163702
43.349752765730585 20.154429966779684
56.061570225200896 3.8598656457878744
76.3409299192645 30.460657451589014
29.181293596528757 72.44552651716087
8.517476984953321 5.880846828437269
11.881722107276149 11.692150466646433
42.64810828773329 68.20149469930168
70.68884843431174 82.0524185079448
68.60458217725099 20.783317048792494
89.25473470576323 13.836102091725255
22.18423383634327 69.07876741353613
25.550602792153565 49.40223960940069
82.62387480686424 39.98417256527104
64.5984272647376 75.8239736547473
85.52314039323744 38.36801972190881
36.7932946581703 7.1198224006981725
10.99899240426112 93.41019378449754
91.00155019758638 2.73524831415477
38.209198857937075 31.944034923402143
75.293791825608 42.59447661661544
55.99165888842962 3.029128078674026
18.635868364215302 55.47518650016228
27.10321582831621 65.83582741653427
91.5926758513959 53.14681888600023
98.968474364407 10.118616238323996
24.879564833806466 48.842313090292656
52.25869064241743 95.4482412722705
35.30374067276125 66.07149204243316
24.00303038538493 61.256452214266055
19.240044949075987 40.17064121262429
88.1122274360335 15.640199545210432
33.11883928966745 24.643116713923174
83.87194030205595 70.00279201237707
2.314663230708325 17.59827780193065
70.67746182944722 27.668891786986904
72.42328769931244 99.06790411333624
99.97841989670614 95.62207845522823
7.060056287268601 86.01731610022011
60.863689786000386 70.53766390190243
8.805911196921624 28.874202244274073
73.79236267211108 10.6545832823987
63.66210640924401 70.73530144914817
50.77220888938447 26.054402461744353
58.46649883204802 6.833791094460995
53.10629973508688 84.54450018470394
66.99335015536333 8.797154910115468
81.47338715250618 5.197762283725149
7.232830710230232 36.14024187549637
93.49812950710637 35.50161715060417
6.84725775569901 78.75111368028487
18.364166798578562 75.59362226184493
67.03435341026174 81.88860481920092
26.14984825557045 61.44035094551526
23.668629037738032 39.1378523288416
12.50606876539283 25.614028675313772
12.97665722864576 87.31307183738633
79.83357543762423 10.261129027328442
70.93794096795958 48.69328904708331
26.94490674258063 22.776912037588694
75.23456836429922 65.38938666630887
0.5361085846263158 68.92824708441469
49.54814532330776 9.341380180397717
64.87428096706664 67.54929210899377
95.71412609108643 11.225062472398672
2.418194451713518 37.18179697546478
33.47301501731188 73.68074878755476
6.267133088537824 93.93548583945291
32.56017805386128 7.186693276637657
1.9596055068049067 13.209239845103438
34.30437667100693 6.6479933012392305
61.328034950924646 52.70202983763045
38.32524857121285 39.462957458658266
66.36318777632185 56.026549578227026
46.04559980385796 13.219640277936072
5.88636117228959 7.849010691667646
12.08550778862576 25.057832233600884
99.35994418230406 53.5328643794127
60.587576552709265 8.356116222581377
30.021808268904906 53.822032857296655
58.168853222396535 92.15239948769486
38.811679431446876 68.6794235284554
72.42312976659419 11.113716745838975
88.63463601912336 1.5602914124368539
11.534202705757357 12.491579397745811
55.30117417226954 70.91680661712323
32.2183778862318 24.025611633461452
39.60047856701018 59.80892860847643
54.95353767505906 81.18593247663081
98.43830397687618 92.55956146240113
82.05203819129848 59.453419753156055
39.362699491748835 85.75000044360725
53.787205291937454 37.375168839402264
68.32093235781335 21.12041274535237
72.59883431647212 98.74254324052997
45.728030769243546 20.467242711538624
70.32656235178243 2.918070607913825
53.66073441035144 88.46814077568156
83.29074600853376 20.498236926974855
55.58175398682598 91.94482834331154
28.071362951604385 39.881794818725325
29.659262176464594 15.59352845389842
98.19209647616927 60.34263723707437
78.76261034537578 33.037156849241576
40.58477580938151 22.04501219796031
69.0935781314303 31.723000301654835
6.022359741781891 61.39283063768583
91.02110737289138 58.87329067566893
54.395696555548824 86.36668611974065
26.112082896486122 17.057230155961367
8.576326921400025 3.2474296096702715
96.12969320576063 42.24866117881347
99.28579755146754 47.117646671691546
37.45903312065151 76.83372499400674
98.66375730221507 85.17689681525474
2.658415743623743 63.13100234448401
52.259065130623284 15.225331330888292
48.30412906620511 93.4099040469025
56.973882275132446 66.25164571954552
7.791836781996498 50.657288240892164
54.39100969890546 52.518652485342564
6.691313847393365 0.8905949719787198
74.98806141043491 89.39057105771754
31.436955623203065 86.6650925823912
12.310383899628107 84.48110042938302
41.25112794864283 83.25291462305874
68.7002110534352 50.35299582998479
64.22996180340479 75.10657178341748
50.37684574123633 25.421897200763777
71.38145705745048 78.1954233606048
13.069314774395934 28.407608363554214
11.313084374841843 22.51493558373905
70.69612211759973 50.59268182431287
95.66102951887643 71.47157764227138
67.94401616665945 86.92227937863399
60.60106916369416 65.73544792752367
64.58411609369237 72.87696424755244
63.65667406005022 33.94896307139413
57.66241296127139 52.844323322962715
76.66580186939969 84.66875189946026
56.52134164713285 93.9374412513811
71.49086356141166 92.18533133321284
33.42186578758363 41.57947753491852
71.96606029873827 70.49308139950826
38.14738929904104 39.84372069059232
1.078522041458485 57.880445460693295
80.35132408715026 17.49051168890179
6.080816767829633 87.84629088636903
18.072504048067948 60.68348594551232
95.86341670329612 61.0768325960358
74.35902119893412 54.139274306596874
72.48744754104244 94.10667284573331
74.14456639225175 50.63706085578418
6.453513888793349 32.068862965297825
57.95499839310497 51.128085184197936
14.470412940199084 29.587239635077424
52.76067499085196 45.043397002904264
89.56924453352639 80.28328071750988
90.98873266650591 21.926226726957076
13.728549152370462 55.741066125165986
3.9163142117563554 55.100008399297295
84.85655229966383 54.024192463213524
58.73944782213826 94.88124374411223
59.14164804822496 74.03718393602844
19.017366953615422 50.652627640101485
17.607027051438784 79.236964240886
36.56525860860159 44.5205776466173
14.753590644731695 19.510321982472213
48.97874067286555 98.46986261680146
25.1476365723571 28.492126989279377
66.71766704782483 55.66139947222838
44.21586163706897 7.4985795507045765
57.64795021699306 16.781675381843854
16.11399722088883 12.95304367524972
35.35977303412145 55.53442401185977
28.981110059902825 69.70699379588461
60.96061934757068 55.253815151490656
20.285006020263317 0.7120229766374719
54.73872425511339 23.329327949136104
34.57890401392417 20.006037300312585
58.28888428147866 55.136183726814814
52.26774185856624 26.085811649675648
10.697876773241655 56.2338949275093
36.994239267597194 55.02844798535311
51.06184616409464 46.52408481391728
36.15616626528953 31.659198721143987
80.8289326370538 65.88291735334568
20.068760407945174 69.75495277570964
70.17883713542645 9.732680852116404
53.53361835807724 37.05610749964826
15.147475985326208 85.3870172498911
31.70434222698987 57.07308568833486
1.4989550919575434 0.46486331097993494
5.7269936112736115 64.48839624210545
37.94781798165552 15.897535899473736
3.09657401299388 37.75196173544948
2.1387555216114906 27.32716162831792
68.30594448783026 31.34238481336449
59.58248832729775 30.5647275211513
69.5440957731834 43.733722005659935
63.41370746626741 73.35116871898644
40.510432994355924 14.240919380355876
51.957484680756295 34.85206647580795
85.40591146971455 46.928909683715204
53.73856223901874 20.91962340033828
20.808836613703175 76.15904831152281
3.2173953172159098 19.81610086081217
87.40913868615938 15.948985504049407
13.827966050507257 89.45840656095456
34.22743543390207 76.29950965673505
40.48022358475156 39.99164821706734
30.643870063846624 25.213269225663005
81.05495393523012 36.889013443828055
66.32961851947236 25.111672988029543
95.82682053199916 4.123864063782934
98.62668277788123 62.825872196342736
93.32966499836074 55.16726802736657
56.56274296244391 53.56035661642113
90.21514839659247 13.532330863902576
35.527249580995935 18.75324922908106
25.285769941291882 76.52882328799535
39.942516018348684 53.35772668472342
50.30468639532155 46.95083680133168
1.5809349787019866 0.3143656292285524
26.844146623900635 14.048124093036474
2.7080364880892493 79.99073760829563
21.664760743546342 60.063226624929
40.03896366881562 74.73648541882146
76.08927946223842 69.9505473911208
45.71010631128477 19.344706290658564
