90
75.94562375304604 80.78272036998607
52.36199068894619 61.280510364831365
91.62144053441178 8.071531488009098
60.62518920916523 82.6814193739183
94.34210979676504 81.6681022260153
49.120977668050756 33.890585757963066
89.94941553020045 36.262343929849
61.62686685713014 49.249508286163746
7.8933155279557905 72.39504596822067
44.179238995341784 19.21968057670429
32.42114773360002 65.96959787761881
19.920330472862503 84.95126548292914
50.811302892589794 90.69999974872039
17.101167147832395 13.363247134402245
89.22681728298852 64.85325799469666
52.5786951257067 51.336340765704236
59.76434914834387 92.09678479936217
73.02887820757692 93.3407593628026
45.00188019195619 94.23933483265671
94.05131661279967 61.45334460804995
84.05606200933386 46.88471715194168
92.08136029653771 44.84670183105825
98.8358807236484 17.65887455244034
53.22823560344848 11.027886356567418
72.02125045227008 58.46314981135778
20.6393421498108 25.36942139913929
61.15892151081764 48.84757063097042
6.1691340919498465 50.85204291126407
63.94783643465808 55.753625951335
21.817603541195474 37.54173949148469
94.70274612894481 88.57452586476316
39.68924720054223 53.240809742060065
71.49247658447983 73.02654836501297
61.579993375704234 18.716179101951425
54.166255173286984 19.83494938225284
97.87910972690148 95.39729544301753
88.57340885150364 42.217717863710625
85.08582895654848 59.634378937117596
26.34144838229956 66.45353772478127
60.38432362201102 47.65206043122648
95.33828733526897 10.946262767580183
5.37998328271192 90.24411684819644
52.34960137298131 47.94927654822905
82.14337046864988 79.93110716062453
89.51492621404822 73.89934565535002
90.01199847078156 61.20934364625974
26.48310197691197 49.86519005299404
71.98723213941739 10.746487705552187
67.32344842298649 94.8194642862005
86.88031784170485 87.13938835506528
38.62878812724107 21.236393728504655
13.455946564379161 30.338657968849603
61.319400321455674 80.38089719588282
63.92933757767639 94.7535168428912
24.092585827329003 39.28115847439232
91.15561130172823 41.340013086402024
59.25063869021672 99.40437742653197
3.3598432400636535 63.05030088441662
83.01885875864917 26.621547501493637
37.27633990990592 66.48081153667029
97.80031236838764 53.90926269184848
46.11222999649126 63.395906841974295
52.22184182242089 65.02144888678652
15.124680101393217 91.70302876278268
84.63270117286237 85.09619509117414
1.622202012610796 85.77630395944186
98.79389102400738 38.368561850266026
72.67932389853249 53.487528014350616
23.13338816447308 72.23748545371177
71.51398144016538 67.20164043679195
27.27083712933619 60.104076679813964
62.570001031333355 39.00386614287857
40.32295832755381 75.69233778347846
43.6668887243495 9.394941682383195
1.4302679230879134 55.40082483188789
33.861333936406766 17.130290660742244
79.24929345317454 79.8470661990244
44.5488362901621 90.2613797505739
6.520698479440467 64.17114586787557
86.29893421473447 18.883623010659857
29.13021178136759 25.081979719656587
73.68821808589169 53.782949504215516
68.88130532851507 77.46858925430053
22.630507915048838 75.26170594446198
12.76368217370145 48.84642590863173
0.9590891714977623 19.16037955888679
33.54567761417741 72.84772073701264
84.21223063467374 19.36503111308755
12.833258609085574 78.64150952482424
5.48074615414702 95.2873281813141
