83
3.241665431812779 71.99107525061112
70.67772294214171 64.15222511932846
35.53842903484821 74.0210747661211
86.26044394202698 85.69617178332234
96.11996255121745 98.88207694960623
17.83153510302007 86.10157489916061
60.49227780564611 49.48853164136232
41.897778162366805 54.069293241589314
57.89113985800386 9.265355654190888
15.132866512340847 55.27682842060992
35.902233267027896 7.260152053505109
52.873423431431746 97.640941215148
72.09203209267805 93.21005967506126
74.52744101963906 66.43456088674495
49.4411034491682 85.46641618623227
6.734148048498401 74.09101626967781
90.29670228183913 83.75210081961555
22.231786813022435 12.025868460360368
24.492637417304664 89.35361079836834
25.26715414455247 81.50935390819899
87.47561387286699 51.194261755405314
13.066634287818136 60.39079167084777
60.972920961639744 33.40057776628598
94.78018520420615 39.40181118708603
54.174958888941624 65.53804463712432
77.79500835841307 81.78733077615392
96.01529001936518 60.99591599395138
94.23764260770004 32.83804561305824
89.75299420454981 49.40361293452396
76.1738294472022 42.3387267198599
45.03220202772453 21.304292551228198
11.841466633902265 26.563462912794446
48.336946640384085 6.782735133567163
90.50908148845416 92.69267648533024
69.7374244569925 92.32393111768567
56.11322040334669 68.66360342110423
86.71314320499911 21.98709065664628
28.210355135186827 48.876505629619196
6.247168778870749 88.57520628300976
18.69797902082323 96.322637941882
31.286355046113545 83.99293161843761
58.26582459524171 42.65759074890268
18.66047954775999 55.132617133039055
41.49149138712202 69.31660667663658
61.797977261644874 72.26796965796882
87.14515814174028 47.71890302521909
33.70661698806832 88.65566903882244
92.99934975619325 86.63139311563313
20.98198929431335 35.90153893119962
38.888284598776444 19.10902899868284
44.30295943374383 80.08759183116916
62.71607410650309 31.877685138521894
35.5656737629357 97.68062695606258
16.507655076674798 12.210296731044302
17.031638930227857 27.326432028627423
79.22299800014454 54.798092091080456
26.98833256179276 60.93981939825605
65.25155227831686 25.533294970088804
52.77477340107507 52.60360150587837
72.15504957214708 45.69778703966338
42.7945222039822 89.60623062845595
2.1358706958009233 23.591626418309687
50.088503777161556 68.42856609897244
23.2611292509571 11.375923387160968
95.10633164101456 77.35537001152981
48.876231025754116 33.77339933153668
35.6170897624549 52.159252315670244
95.16049634164115 21.494029559767935
74.49712181120114 48.879998085989605
9.865894907347506 8.228426333211502
8.228251780513475 69.29644957163134
95.37251006332056 58.17153098863289
50.80624987495235 24.6583153464521
63.975169731201184 41.35528690989161
63.781836835096485 42.16579717385931
80.31649435071951 74.00767342867951
87.65242499586033 76.09864551488424
57.70348218149629 96.2751250359102
30.540597809509407 39.46316080301172
75.728735592613 21.795485887390807
47.241370159475736 66.30584890425085
95.9700111951382 16.91237195012093
91.50688187602893 78.7577139105434
