856
31.91068355640213 2.113442427732215
41.8156696117213 0.5115559840575101
83.70630442430702 20.49314720850837
75.40402422974893 19.491658579836912
55.60319078018496 22.883935030923052
92.3333266505441 10.964795435129659
5.3993623264217305 99.39221976290294
68.1005994259282 14.226733175107109
27.80210068352624 94.34723751559861
53.953053828494255 17.147225141351118
39.126689601328046 51.85311736286876
56.73934912809968 83.724061877388
16.959072135535834 25.221536419961055
74.86142234654373 89.65460311552748
0.6723651588098734 77.29896369277573
90.73800551413399 69.08395129675415
27.815172326741113 6.124083396255287
81.95292034603693 97.81490247571946
70.0951524666701 78.10314009815012
69.77552445248035 71.29821468116818
25.067391849589672 49.93579802946707
38.32531514930185 99.90306041909834
25.58746483181875 20.190938819161286
26.010763643354885 12.07207164838493
37.50999503886994 16.393160613986023
41.33563327954517 43.733588731388565
14.99414248609483 69.44163964218126
29.1672065773086 12.900957454400352
45.35070786398903 38.1749277068553
76.57010380454044 51.90803493205265
30.961998806024514 1.4675394564721556
76.49124037436205 97.9951320955767
41.40488398726227 34.28122803371076
80.51885983779236 62.34488294727587
21.429205348398096 28.377989967720495
9.351254706161106 3.4733294855674113
78.29728608247628 38.28385110032525
35.265258161365054 94.80354608700581
90.18626824619352 43.77254272152942
50.32508055664595 36.871430413658025
98.85316827198437 46.954551392127556
2.864543848850032 14.34367345101436
77.29923396750516 34.32633877650895
84.0348802339197 32.62366632913408
88.77040662207156 86.90357386915673
46.05358659073083 3.8262926711550627
54.54083676332261 93.24994055191516
59.956023268848455 86.70649708037351
45.77216088621776 69.80136555001336
60.006773044652896 31.8683001610744
66.4803764421521 37.17608615645162
71.48682305486524 44.464803835525245
28.146861729700134 67.20194055196633
79.63813055507183 84.11114456412136
79.31961714787926 81.14424524020406
70.0392349425105 80.1021202544405
32.538510631276715 65.02964320014327
73.17592948133829 99.24490759882653
72.86601775345139 97.9973906112885
56.61464050092672 32.51593071724219
45.88744860518875 22.708427442618884
21.657145268346724 23.663015427270683
78.48028929413952 4.7280093552859555
12.093058476362417 73.81995562655342
54.62347299418965 43.8849793878522
24.471030096565084 57.34436154385201
61.32799569915647 97.72126657093699
40.37942802351694 62.262025685194985
55.998745319860056 2.6398428841553967
40.953234782030044 12.41924246812146
67.64657550182352 34.31802070253872
7.551876555797731 85.61546378530429
35.14485106760156 74.55332788917836
35.774469992105814 91.20254398088258
83.34753187960686 82.32984843218472
54.32446133262453 64.63863939587887
0.1924857741009478 87.15607235126653
36.605066708809964 76.99664494379216
40.330295530363856 32.86535547944969
30.457006098582116 99.90920884971166
70.47538033359912 73.64585260106018
89.69500137658339 13.217091756425592
5.543987961844731 64.49403701101424
55.926972051211976 57.3932346850523
92.96411733398483 38.42936121217384
81.62512944789071 9.58416488402829
81.89867179198866 99.10825669569576
17.819786520016745 46.53963489544848
1.7902857297220964 76.91976336825323
36.35152113362319 7.0135794929129585
83.94278909498783 9.335193032873978
58.45630980822892 81.3469426590258
12.95029695701242 26.837726856040522
50.564775370248704 60.076138006912835
71.178520524408 37.44384704779117
94.33889777179888 20.311124830265893
9.787008580462874 7.42406818374347
37.941172267966394 63.47853235690517
60.003560333373365 36.721330577427565
78.17252725998102 43.50400045481796
24.78502305367245 95.25235827467952
39.62729754147071 79.70252232106633
79.44983606333183 58.67210808451229
92.87872233118357 22.18932579348816
32.50168756711148 97.98292036779623
38.98754646090896 58.755571984322415
17.336538328935546 67.90743046328652
15.649763399114692 28.521640079123078
32.66499936774008 71.50022326254303
3.95555179283964 32.36150385390849
50.13904951048035 92.51938882003137
57.86957569684535 40.94541439744568
79.45145136831346 14.506469594610072
0.5104183204559742 4.14605324884616
51.17175631725088 61.33941973749154
58.50755276226367 52.786982292078314
36.339625787596795 99.48584461610855
90.65741623486907 60.03469238754858
70.76917927227258 16.222700972446447
19.949969795213807 15.563666254399644
3.250266009657299 83.91868784024219
69.08313170452423 19.58734857589758
2.611228803514476 52.57112297831426
20.46750359213715 43.80828153590082
64.6806563622014 91.5505151594294
4.485061129958757 19.886719375133655
69.78478753757233 8.809298520625465
8.146510515007687 3.685803757233963
72.79358371097827 71.4668478392776
99.50949801990294 64.37538527981806
72.3200319313959 53.94203069157496
19.641964459186745 90.69391364582849
94.57256318534174 33.15377925025877
35.45206064941782 26.645111473283013
11.567175281417775 52.72222250750202
25.781440379788457 56.28728249290902
26.264945786625848 23.08933345923211
86.36559311608767 61.267152865014026
97.65214189706442 55.97455434106499
88.98449269250494 39.31683443882008
96.79392022600715 93.4765962670198
40.52122779902746 44.56991569211998
55.579956973560094 40.78660926302328
29.3957793318001 27.459006802398044
9.388325491559357 74.86097044344714
44.43768887196167 40.56839331636676
18.88892600094647 45.84155938016007
59.00248716408748 81.78326333784494
37.26736997274204 76.78796240920954
24.665118473625647 0.9346487841262796
47.60421369609996 86.36517934603913
17.114198273075452 42.10834066010243
2.9682862071263028 26.803178212339052
30.865475780849383 53.691630669004866
61.9861240860073 39.987034853615555
62.41536389488673 69.8415095050071
44.42095871076045 87.46195464794165
34.84358481607691 1.0646573154166172
0.8714467746570698 25.35271457317496
8.995096847455075 3.9533531759050167
15.181297539673256 2.822419200239601
30.82275606552679 75.00730005040178
26.26779387149798 48.74290554739685
43.721986181937226 20.941765899617025
25.26126844511538 61.24486063929252
54.63951933353125 17.203577992560092
16.286820220504417 65.90189948259702
10.073873685080393 20.71496185379422
39.82887420398713 56.15586766783222
63.113381731526644 9.324187602021139
23.218692331511804 3.3132557124940454
82.48790184423387 62.985205764264386
51.85408774121405 91.74951175749409
18.28337254806488 8.841856688960936
16.640205112766015 42.44433193312531
5.199854433344219 92.39182764892507
38.11661879105246 0.002215372515512737
56.406019204808686 36.02503343373722
2.068826882412278 70.56062524827693
59.62655424308456 18.571063612456218
55.59141438421775 82.3018520678835
98.6233844704249 48.18307474622284
24.207180992290134 63.17954760921989
92.22638890545974 15.2892732646009
75.67478202972117 70.34272115726714
4.341641670343921 32.79889284375519
6.991782082128695 53.63459782697606
6.712825694505231 61.60654442661364
86.93943258163821 83.47698144968449
50.5316039890619 64.16598628971377
44.47028068135662 25.659491772275356
35.90778036717972 91.9513353885405
43.15755121650173 86.97666220422511
49.963145303735544 25.5030518310562
95.66173388951319 60.039196675909466
87.13500465005966 7.0379517389387525
63.015346789356265 54.86887070283933
75.96526877784015 67.91156069055559
54.00321200652461 35.206864970377495
78.50397288555018 65.20525486353418
1.0107692368167664 71.45885872272954
78.11152193661745 54.98516112119049
0.3481352673820881 67.0535620648041
12.799653029868308 6.523066757289331
40.2019477059685 83.21573133398297
79.82225894437353 27.953518379673024
33.503494840659954 42.763820455587734
94.10239149913889 67.39113899075893
99.83013745204305 90.3485076136013
0.9583149331031438 67.28318410857584
99.9036183599056 67.16350510155073
39.67239101193859 56.535673230306735
68.1482604328071 16.970347353895875
65.08387140783206 63.258190005626204
83.44265542165398 15.374072157537999
42.78443512258245 58.13567689648197
26.955658421711238 11.053305411988068
7.670476146602157 97.22628804334138
27.46436328364813 16.374711187720237
82.99669455988888 30.95566699823339
92.52949973452958 10.429944442788052
41.6152875858945 41.85615615178718
14.047377707839882 42.05105475997524
54.48713754594888 26.433440596188042
14.960220885549013 19.876297986557724
97.38036993316899 70.70531809070937
21.208658203867557 38.6563874039332
2.1724227901856796 77.34985139701087
58.47752180208947 41.49547500566491
36.48187020005944 20.923386946702415
98.45118536466623 91.96552130439741
67.92075313264904 20.394777630288864
43.77708965755603 93.76607529274315
93.28691544258429 61.8170181878801
40.82184558393688 49.00165348824227
57.087576043086315 49.771156210217704
10.036708877398304 13.00670739627341
79.95939644719647 53.435400874585014
50.02106979382265 92.39086675491708
69.60558197690442 39.17522901674093
37.373983454955486 8.037179458094478
9.72135459479121 91.59112589283335
7.815370340751981 26.50961592701607
86.40874076419125 88.97799708035376
25.333560319940506 70.25645072501521
61.63334582328333 27.82895998661615
57.69249502092174 6.03474476640995
59.473458981185736 31.104633910438174
14.350839270491345 9.190667777707507
85.32666095661561 49.055286961055
2.7630566346353858 56.644863995107556
29.274906148176683 8.207902068528728
68.96471481319794 71.15961545676028
93.14641124667075 81.24473397387435
22.313929242101317 3.1275314660738185
52.25177077230705 57.07889635845339
72.45426131524722 95.94402345807605
53.99850376281661 96.87245858662229
24.202464779797317 28.337702825346156
35.21054044651271 69.24975368948918
66.43573932659415 94.30615856387244
68.5212226099403 88.40123651408204
89.59942534522732 40.81259712659138
57.35558513706448 3.2112385101623064
96.52162829455835 61.05052870965332
79.33756431910382 63.69359751750253
72.69280743890234 26.577380341424185
85.97119448344836 19.109696808737787
4.549069902410629 71.81054107942919
19.881531970302834 48.10528396979604
56.54615930256104 9.764448721107566
71.94821726045548 17.636273873618414
74.45115077114835 63.05796958587055
25.88990740699596 11.090650421578996
48.79480257868979 53.92085904639161
48.99276123446076 54.89613453272154
40.28505917077958 87.29233609949664
91.85611123467223 61.52679351429893
1.0153860301787887 89.74405407474104
25.597519161697136 25.040384070452525
33.7609051187141 37.206040093882905
15.566657517422943 33.999134334921685
30.750569870621124 78.56681821619938
82.23153681743214 24.66838226227169
14.794440269130115 38.949591861255136
71.2470049723282 66.56775191129844
28.13398172492879 77.92234236430205
41.5787502071298 87.9877658018737
19.932596388346578 30.114896914947288
30.987195848766834 13.551398157163618
60.30135203784015 65.54776159493386
44.88020017545872 82.91642993523988
84.50469115097916 10.553947602742774
58.36038422219693 88.19081976160165
27.00884822464802 23.00007212213093
17.600476584591963 11.479787824171462
64.4735292929999 87.00625750365698
65.81862573217433 2.6477987027612504
13.172623425017637 75.8053347393701
65.167765615709 57.557122339948364
93.13195554491949 40.88081640381213
21.160949071857427 12.252662465753406
67.03636281275045 55.651575208551606
42.634736765258296 34.70825944677441
52.50583152190932 69.7887933039946
69.79931755482241 79.83745623163381
49.85312555640582 23.363041694837104
96.24846240366651 36.52109363822578
79.26714065979284 31.436909544351156
73.03790667262456 24.05706258780561
34.55911307475298 49.56262084072485
2.2200937715855074 46.94836699480401
19.412804027835897 56.959622565553005
75.98249509376686 74.18125733812553
65.61515664357725 63.65480213276443
12.765702720682492 39.45871459329662
83.27162706575895 80.13602225790993
12.018729675524686 42.22308876230193
11.200074142916716 11.147974848944763
99.37951131136025 27.698641678562552
50.91215368706029 17.332054335301585
70.41131688140864 15.224078290772658
15.298075150446177 31.27851311219809
0.849207385922035 68.14670325027757
17.067171554534454 17.04579855460835
32.34374392175731 53.75446815017082
84.55754962806103 62.29559140374676
64.30784365169433 4.98409915128275
72.71748292596632 56.91479155061829
43.95075864722244 95.68349155930423
96.417443996955 38.620744301585916
61.216490178709336 29.771483922779375
79.71239770692355 89.71339840788265
16.800102190021228 67.29726125056202
63.32728584477412 97.56664645834086
72.87294132023321 72.60413746168197
78.04512458455429 14.29021975325444
57.37166025938672 71.27234934939675
36.73611317584893 35.940653816607835
52.483557314201434 26.255962097379893
41.30641303147537 69.89085004256506
49.84835171911838 90.06708480023119
18.75506838247507 67.58755273553125
31.710880315087987 93.35088802745528
94.90546013804553 36.444102257962605
24.722865013696037 31.985340780800808
93.54574273285417 32.391355575421656
63.5229923647781 90.83609386852565
25.92627167316347 90.74773693728953
75.54051305425627 18.087206995853766
71.26550380114914 96.9630947009582
3.1753845245845347 33.48726498369724
27.738510391718098 7.751470306465746
64.09995826022373 86.53168419149742
24.630940673687064 24.577239655929894
6.090312141875787 43.70132968137684
88.32050604570564 14.15295301511823
86.31471298019912 31.289238313983482
37.99877413404127 27.91764765392277
33.0331733558942 62.60653809487703
63.166941415399215 43.55988459912751
55.53367869418449 54.34453822050622
33.5973615942193 40.84950008350072
77.29248365626579 96.86691055763085
11.622072451648013 5.752122863823084
67.7197473323201 93.15160378081039
6.49936687218462 57.89612466668233
87.79319491565263 21.54845116744709
49.948227640478216 22.75995815477897
52.20751264884023 37.64407131829854
93.05321811587743 82.92237104960681
12.466949804075044 20.505006798576154
44.922252450193376 25.317030530100617
23.934297588947263 40.65147961573474
79.03062429279615 47.13475485773672
47.46538708464335 81.53631948473435
2.7170699187330283 80.16371118396103
84.28592822002318 54.01134356563855
34.9420329540293 76.54912046614567
38.73758603340698 68.29823855616814
48.186643470807496 68.9854585903386
36.3139296265375 27.165097040505582
8.280740191665338 88.40123636845242
74.61902151729892 33.17353696839325
36.67474936281807 80.97290491415363
25.73400311898375 4.22907227766135
11.324546294116855 19.34196056931348
26.967876416386826 16.610274142203096
25.2311984985765 61.0429696657674
6.066076804609565 14.876193572468532
96.45806101622019 41.527783751850755
25.071716790558618 56.54486696409992
63.723443377824395 33.005437686323944
90.01231252779364 23.53184974226665
16.27310882234306 16.810730244867056
68.59372566962452 72.37427069355688
90.39541350650697 53.851206611102675
94.66678827283734 55.485923410773296
19.148496773270484 23.293062820845133
51.912694031688844 6.077537781360864
28.378474648045206 48.47161604538923
79.64931674851577 51.0769956907654
67.2695324778471 55.550953315144824
37.63574264382539 15.569595907837009
24.74457354159426 47.93472264986983
87.57297768935332 24.91407231502132
64.3414129043396 0.22737527267120416
66.857407039745 77.15597744122637
70.44090669816325 68.2416705916452
67.23143310591722 94.73791011170869
53.155591730678076 48.077175171219544
47.72402725423148 32.81564245406522
61.83948951818733 81.95158311742875
51.70229405299035 31.124928082723546
30.192171488004817 71.2216215749232
69.76927617821259 18.96553049222437
97.36681270106213 22.34026278532868
65.38944144465341 77.13624198358171
51.0108493071572 53.675436330035566
35.55031242989688 94.63807468097167
88.33936741504502 19.837298767321975
66.92245823606407 95.288100919656
15.991672922617706 84.04014349657545
75.76383485345123 67.37307645054328
18.046879142606 38.04753118695788
73.27366554800723 5.05263282710513
6.567636950889078 71.64549130022817
11.92554614157444 67.2884515439019
12.148477874408304 94.14032282873882
31.69475096199833 91.02808038483808
64.40435976906662 76.9122535415662
46.0829258142747 79.35934407989218
27.620767817048286 80.22199921811973
95.39569742628301 1.84930251082992
20.77431667003651 22.80627128374062
37.98954903084319 15.521082158317478
39.30939964996429 65.05464209494389
87.17116465565968 28.141281410355333
29.846562839552814 31.950252760368013
76.03330198969425 11.643621867116172
18.08106593173584 43.70552615463195
76.43331584123219 76.13034370514048
54.856090028353876 48.00223727097417
92.3182275133682 81.27079317087139
48.63371361449765 97.60238865813137
15.750599985017145 85.43572707647924
34.34171060109571 69.38470432970087
61.33827182784637 27.173875447163944
88.379483373586 29.50978998693764
59.905770634621945 33.2997513584519
91.71945009474238 51.23772167131565
62.33475515061628 1.2792033289562799
98.5215425734399 63.93910763041162
75.74601851438192 62.65375998698589
71.87386207118173 15.950979460110648
48.01449042994545 14.79710967476856
96.78350961264883 80.68742386920704
20.04578787709167 16.2022238573162
75.16175609450299 26.933753163067166
53.07821288359137 96.83579140368802
30.6488682565365 49.70578774453368
86.30352282649429 58.07927085491696
39.817537634137466 18.515005978963075
80.8392824053233 50.18665573087839
31.1412666928258 18.50804832101448
55.77016364903975 68.06223765452222
86.03332396443312 46.57943026784679
8.94931472642143 37.00312361384843
2.5760271885524544 7.879739558317711
40.47262564669527 10.278032640998969
45.34930359719973 16.33882847422915
2.0302750995851215 50.76346606241652
72.16920488071686 77.97851531470617
91.39807663337993 76.22053892737154
56.050294679061984 0.35225476387091836
81.03009455851837 31.700897798467032
81.60139835699457 15.475736557253562
46.8298197682023 99.31206584896832
9.069299045699896 42.17715480552583
64.67610195144154 36.6851659362735
38.50313006354433 8.427023637729326
56.836272755822606 90.224526698732
34.26890086002084 21.197557633681086
74.26061871452319 44.97680555921556
7.753380869853432 90.20644886842297
90.36054594561128 42.53764493712544
53.9663786371152 1.7967141782810891
22.627922321204487 28.971003582796563
38.258190310976204 53.370392615963404
28.43066964482126 83.96980686947235
25.906497157903495 8.791692880806767
71.55672183161403 70.42379307809148
51.19805297504624 84.17437210290498
64.24054498170942 78.96678540448619
25.744588407708147 30.583438391159934
14.403620943291306 81.43535179698719
67.4893033887421 74.7167567544559
64.01403314909147 24.321269603832096
54.555641630682125 43.444460410038566
49.59733204793518 81.90641453721669
17.705070037784132 91.67639567272225
33.12799081538692 83.93819975770566
86.97208435169782 52.181921490321805
73.62540097735256 3.389883467546717
83.48850195574241 40.025536330211644
0.8842102842389843 14.834381370932748
21.898182543905342 34.76485495656716
58.07633077376413 32.43868373742943
57.00694743861342 59.79754753021746
28.047806403192453 63.52758905218917
5.951084499624715 95.83949966527585
46.43948206828439 59.700536447533366
2.892690026706335 0.3066084036020378
5.778321853528967 99.47155637058248
52.435116201027455 70.33645422625602
53.70585983946938 90.27431576802168
73.96446606546918 97.87562494730523
94.17940075844304 30.49457104182045
2.58723183613474 0.4785210277926444
39.860360252245954 61.56522095820948
49.097633367330964 24.96619518908194
47.55894102165161 73.68135545473496
91.26677595898872 46.61881623537092
10.441395414729538 21.672516672375764
27.272659586095283 48.43007360506766
34.83763415650015 69.1823519240684
69.31441639809626 32.875714534837854
92.97913954932463 90.88895079865912
30.874059518358344 49.72370061345339
71.17214819928148 37.11463145348704
76.4100775171247 56.95639554446254
11.241088521931408 95.75535789972493
8.380960263731808 10.583335953080608
5.136192756764935 32.84605408841349
52.28428168448925 59.13504450968532
16.611344430078766 99.18398449422602
14.234809053589359 47.25292566898071
7.6907004366704275 94.85139834248993
23.750908602484643 94.29823596758469
96.76405736314864 10.017019235398372
78.73462424157377 37.42092921425291
89.7063905831548 76.84158338594744
99.24616948239175 67.63172398128606
63.205412198769565 25.861912181942447
74.23101561561919 30.307072870776118
83.48501038061045 78.00008556051883
82.16272579292011 58.426947778335794
41.82191378838288 69.20994105458941
32.871256220309675 34.70742142819378
92.00749633473126 61.56583494705485
90.98645863629152 60.681567648451754
95.37602120844643 69.17659189964198
74.7842590912114 37.7599751696502
31.760908823329792 78.23689214279095
79.05834633040824 98.6639778472865
94.7146676614511 78.82781091855905
39.42320098091179 49.25515079477217
22.391062461857548 96.02736002961383
48.71049269265125 11.953286159724518
57.14229484829738 27.379229392476113
88.50689044316006 60.8039968156691
61.073240508666274 67.12849319819718
33.29870105366215 94.79207992539382
20.74508771383571 32.23539974218548
92.6913493197138 23.202960272850493
31.65585205216319 98.10211525871931
52.740221941596445 25.836772178073307
82.77719721382574 99.39992443213008
34.76604145183349 44.12859103918021
72.23262085732046 68.55817668673882
20.5889471181268 60.021585318909075
66.410199171549 55.72068503614312
57.37974675055718 0.08617102309109725
89.59180328251924 41.1300010948762
52.82660903729809 24.2907259257634
25.460071894388836 84.82384215791467
13.125865381699109 66.89095689427845
88.2073701070548 56.11568978002135
53.136439113872825 24.13960294052121
23.20799749270982 78.40550787365625
69.48549186618895 9.934480754687646
86.00875717188856 8.036646331722896
89.16736966646342 99.98701241233185
73.96298875455578 56.69464626047757
51.74447163071009 65.67792010967042
12.547988606578087 24.490554841737932
96.0760020934962 69.52135347906012
12.325262344897025 24.340783834963663
55.172086289829366 82.68323318285103
38.92872031203485 71.34642474236898
43.85989026004125 94.700231838721
72.59662743293252 64.79145646521951
87.79657158151024 61.31678265265235
85.51888158442921 30.277290950555567
60.8610994943349 45.96712842146095
26.519576759997154 69.01535925225673
98.11394008710442 37.87894833419361
80.52897799321298 63.56815944056608
38.57995872993929 20.02529870081031
49.70604865137861 51.19154482163039
68.12682157571817 62.47275038316539
71.29900753270243 89.10264876485475
14.031216525898726 5.985878227407526
28.184609059971454 89.9750702706489
24.947055122767992 71.78058908134862
0.7087319619051846 11.778104270585477
92.13719412261851 57.471517138144826
38.462880505487604 21.430857183847195
67.04373264281152 89.11178395349317
65.22327673318429 78.21072534733618
24.291245798785177 0.632587824465014
26.805597054524497 75.53781839276748
88.74680152621357 18.138252095088035
69.97546598104246 78.06573713953428
0.9812758968112845 36.00477818438591
34.79697710477414 38.40587805956882
16.000562436672283 13.666868109595697
76.46130548857191 84.4584742884527
86.95959776678262 68.13410681360097
25.09731013766936 98.31003087157137
61.116791647096655 51.49517271506393
18.578340991193443 57.79409645277899
74.67638170616 18.649364127196222
19.852541242115006 21.078628789030496
63.35770689628405 10.73093590493388
84.39903380611275 19.18434645274433
42.398881824063494 66.77681909634714
26.572752876522166 99.57819053243456
38.240638195693975 61.913770866087766
73.95361873970327 42.898544968276184
19.47983503323134 16.53231596248287
59.85329291396758 3.5884087779052387
37.481584255648926 8.330965836918425
96.26604718638622 29.890827936304454
13.159804074229964 68.66703732697049
96.31534142505454 11.178899312987323
64.47165525581035 16.199792030873173
86.15389954912325 60.40104471143858
28.75926209895343 9.85605108119646
95.88207845259912 39.90942074111382
42.16477209976273 82.91883140884482
12.47725680571583 49.15022134772939
84.04972167209948 91.8065298306074
51.93489725114561 58.93338939939966
68.1808526420513 56.13074132485877
98.36208321679027 6.4998979704182
21.318045755418158 8.601765894917168
26.036893604863952 55.67429616530599
5.340710342639743 65.86916662094598
73.37825584680296 26.60788586268852
45.47496162608622 32.304180731301514
75.81380268425467 1.8173757733308094
42.01545851538005 54.52264793352809
60.927031305639986 26.77408930062748
34.9437057180418 86.21397629068538
38.83329065236274 16.95482312495361
11.980486807627432 72.87298027296943
1.0714258616283834 97.4408301771404
52.12023244901395 0.265596892696629
68.03696494956914 34.213266486632484
72.40777990700823 99.11858428799424
76.25123016725075 76.49281751078763
78.72521888532759 38.75984604516597
47.63712481803739 44.666877696614904
86.84556106343517 22.819709854835658
98.15801797591563 32.25436794484505
3.630118015879713 43.69317620472161
82.42847786914712 71.58854669107751
83.64019059267946 29.85771311206754
36.92068521361297 0.1367356789924834
34.64672556516031 32.14920022326485
39.662162994957875 59.823281058884945
69.1312484024492 9.294275856188271
61.59538873826308 15.822362050612826
48.078440121693 54.08248216980122
84.31625227593085 17.092219275424682
29.677129661641132 56.1504785031309
16.081974016462286 58.42432334597054
62.12820044279449 33.98391352963004
51.87471757176188 13.083175874303388
66.31162392710176 7.384211808335972
97.37493525256966 84.19181078801898
45.04945469210615 54.45651909066351
71.15256024246847 94.45547282079487
42.451032910851005 12.957831452817725
0.5373406664862634 97.99663531746819
42.465198862816436 15.86171827285785
24.6679147000616 26.314017671516098
9.27534334099297 47.69590939904156
57.70923563161693 15.88978795307694
65.04516421175126 68.92128799820686
23.865368575126567 31.606204149069438
45.07972536255671 67.83111257864817
72.5966904683321 81.71192597280263
44.15748737001389 29.375175355728047
11.879848744003407 2.7043806940696635
8.950848557714174 39.35933449461634
9.79991701643037 13.171014384370693
7.7368811146004575 90.06573638886161
50.03376652513087 83.53575999562763
11.596588054833902 97.47890233421883
88.59455532992399 30.97045874648122
72.72021365602745 53.50514754174054
43.59281510479982 1.2568361954197083
62.09132204630679 69.45936873979545
88.88217287685718 65.03544941867041
91.02991553878576 20.129265053486336
32.131225942495924 75.58609371877122
7.737317490139073 68.11533942544449
51.758415317427385 25.343482917801996
52.49585443740236 39.59683471005653
13.161479006416055 24.00597199051745
27.56544884832195 94.35398284887917
35.43193406888972 70.76712189225293
40.566101578789585 80.14318211284038
83.99499428885746 11.189041753522632
30.13441522896434 65.19511172688779
50.26458293252599 48.940272196414234
42.17188341275928 45.570056888950006
91.30919434280085 91.26864592611443
84.97643707431675 75.85222196304196
95.81455317135887 81.16310070248024
61.68576080306744 49.845160864501494
47.396262949713474 23.242663492285665
61.52502426753205 96.46082807901635
35.24374825242755 97.6630854014779
29.093516534295293 94.43280212438574
25.69513104400474 54.22207713442164
23.41900366436248 20.065627509532526
95.94501124841773 5.303053574784943
62.72536029600605 4.654482931598536
98.06402608934637 4.645465026094864
23.870911400029815 64.85128853510885
88.78772122459836 20.501683941669814
49.81181579339764 92.06054550333177
64.55401277439802 17.8998295900459
4.511927757776901 47.545528951228576
66.41804066809796 31.577572215855355
64.38587305561188 69.42776606135875
80.88800623496958 25.415643189522573
95.15060964715977 73.7279664910756
22.49741027343466 71.56071910524574
33.46205109813195 85.55617742739152
95.75370964542158 65.32414658026013
61.223190838205575 48.636954277775935
29.118002317273294 93.42791928857743
93.54229263773506 88.18752063345164
20.475639800940737 89.11621976944313
71.65051847455135 5.78552628955925
76.2893160510528 93.9104945134526
65.59888511298601 22.71001255287709
23.926093785528344 78.760104889342
61.73789263761491 2.5812955360518752
90.66582602003747 2.454776053286989
86.83283677714412 68.82783798253261
71.01759923973808 3.2888377077221698
11.36527863014164 60.429433885870495
75.04091481951143 57.65953319344433
52.4180246240949 9.385033183461422
29.043191550612203 63.398824523218
51.179968585928606 9.29089321731108
40.41754225385835 34.887791671910385
80.58901825593287 6.801535407110593
28.127156360014038 13.794959339998014
13.736361098670747 32.01566532407342
88.84904776475743 56.836931252953605
31.012282430726913 71.8716748344431
79.07275178591775 24.667691001865133
17.857022030590052 76.25652614050664
6.183258305240658 89.00012993977083
21.933580498354843 89.00918849212916
49.174811064197335 92.26421808007026
58.10048581986553 74.76735488215719
21.08027218418783 52.47650708875449
22.66473593436975 29.69025809649859
70.74249219541534 97.5341363709484
70.07792405435383 84.40457378265329
4.682533900977126 40.15551393727917
87.7111011046348 88.32598796780665
16.03961679405198 37.123929425955836
53.75014395002333 34.592665861371366
51.33661520390699 18.651989694376102
63.13745968863699 25.228411904464576
50.13418188689111 91.41750300383303
64.7023876246515 61.33498964344027
78.38540009092809 17.093886724104145
96.34678630725591 33.6745797150561
8.918671626642938 85.24567180771255
29.10281226709023 56.23119667743386
9.154925443568718 52.74463744831475
63.404268094323314 9.037291580221552
40.52035340255863 46.163792185533694
2.7172490431629837 8.503948442638698
8.702522679673486 79.2606186103306
55.770041145864504 7.133646803386906
69.33153288753687 16.848841190876318
43.554489848083314 5.7831682972176335
80.56655816531621 99.41840439745118
58.40901602628696 11.488653106680037
26.027626529607105 41.570283834119714
44.34742613831112 52.58743948453386
67.38674707241687 59.01239481964
94.74288642002213 86.9915581282003
56.93559146431698 83.45713860132548
59.815859270517535 69.67727844961024
52.108266434403596 37.350860426028056
82.7927083554565 72.22787410449827
84.74830220123654 59.63989718196022
7.663471205866701 43.730267190945646
63.12212428685526 52.115760899317586
61.644373214531456 26.22051282004698
50.662525742659206 35.40829163176441
18.391462121630475 12.133642978642701
61.816944208382516 24.092695894036087
55.238546748973036 76.9024782198736
44.560166464389695 21.366561402836638
31.568648892854213 71.09655663906716
79.38179371721415 51.93234900721495
93.47417735806042 40.48539205300523
98.41180675414297 99.87004109208375
35.8789142513375 42.61475622461168
40.22852981910112 20.853638328803825
81.66212424648074 82.74846066773767
2.264916361073599 31.316353802764198
95.10328486923119 29.50840591886602
36.68426957073484 2.283736965593419
81.57880417531139 27.590993147752506
51.88206201603963 57.4219059463899
54.517826553266765 2.865985138918148
0.08236614670213971 47.2227028959095
34.45132640174193 98.55426835414502
84.7825803053769 36.44093987706336
30.73031474312169 19.452037680588376
43.75692217510886 77.44768778223904
61.34537287366435 33.99551638152643
77.65509937460826 46.32470810760564
7.36475613118407 11.99278575027316
36.27024154684896 73.03797230594868
44.17874769332284 25.926794425642107
38.72968772130599 46.650093094528664
27.540082201779004 76.24586926366841
84.93112572115952 9.241416849681272
27.871119153009328 95.10266692973364
6.630276153851177 3.5838386947622425
84.67463357089866 95.30741842517654
78.32485020424754 37.48641037549564
77.445345349881 23.352154888688016
44.832150590999696 58.26060318827344
81.90481317804303 91.68298496596134
29.21702227222738 9.805220183064034
48.19584857302205 81.66104527271585
14.634459002125787 33.43231027315525
0.9251903898297886 31.876531182175384
40.601753963207145 63.29919656654285
53.102207596332285 64.8233005465673
91.43010730422591 12.22143421873827
