877
15.78540315729482 90.09320603600503
29.881656563214797 27.663692529544235
13.845546447646717 77.64003626955814
47.12032286815134 35.891386829211555
42.39457949183979 79.71388058253685
90.66302189854716 80.8548138175203
36.96982975046071 67.89935723825766
44.966591239091436 62.05864498722795
46.98557649346543 48.877054705832414
93.86264638925493 97.68357574201177
28.783829581759115 21.294116607061518
82.49862972606859 77.21276142430185
70.14439288333716 16.708901127824138
97.85854270383247 42.748251205667145
43.27615711611767 21.328621106447056
26.79403316425256 3.167791318614166
19.051947181529084 30.007099432905846
58.1370242000398 36.46779845487932
20.539818013542764 57.82128375629664
86.17807519614988 42.443555500646156
42.697638293493924 8.209264399353033
14.667497201108691 93.32333161255502
68.87016022370594 31.49124195998444
85.52986099763379 46.626636060135255
87.80632985504555 65.16070694145213
90.17550821084154 50.1653834739222
82.93242776453003 54.96774940509869
75.16802726313723 28.419720670441293
9.343018998764663 45.049239882138615
8.06935542111884 46.72956717837218
99.71518762044215 46.82434111183621
30.82366210745182 76.6869933625331
69.45580967047005 85.28307466903034
26.730252894105742 86.07577715623981
52.93569346384716 81.65432234373444
24.533805623855997 96.1069062619001
64.95156267341832 34.557312098551265
72.53025701732531 50.117356059232264
61.397113232386246 42.678897431907835
3.319438478891945 5.360447227842336
24.801820246637817 90.07939969905654
0.5478803350682182 86.69561775665434
89.17438970885189 26.416447957173727
86.2095348129419 50.88593017444044
46.35913839651875 97.06108541930072
56.04555754610633 58.68816045092514
16.034159427184303 26.421113906619
27.710686245406414 87.65579412112876
84.93641737390055 64.43323816128719
35.66064707077422 43.82606860632375
41.34032228749817 71.58813810108072
77.5263205423426 83.46645513736115
12.446089509150804 12.315490520527383
45.167337440617786 56.27346618559509
12.962505298722427 64.09402547825553
23.233489150953844 48.53252637929732
47.917758487859054 86.43493424514006
2.203663033616654 70.73958001834177
48.74211206353777 44.36758341792516
48.26520885170225 73.4146353207468
78.00002420521042 36.61332533283789
92.66576379258277 60.764314332383904
27.516762796386285 76.26886565116685
23.00796354525293 84.77794705021584
25.068981591337913 96.23572332332118
86.14116838628941 9.933466373293642
21.276958408781056 66.30230020802671
81.71128013540245 53.803802188948154
65.4744935562768 59.980078171944776
35.40255940462178 79.44038688537488
67.8312209763223 51.70520945736094
1.823403764702769 49.22150045449906
11.411680820184278 83.66486350289567
47.525492777047205 34.379688520061016
10.895726321612509 46.115015584729825
42.079998756441974 93.98139558349756
35.91075041255583 47.693162373136275
36.58970656831983 23.883640849321964
19.41308651219823 4.71480966429435
98.31179948483828 91.61855252124164
99.77573574701938 86.30363440289905
33.10794324535412 39.92049236032068
15.405449977208264 7.547270077080692
40.149748427119235 13.489574480544563
61.36427518930488 75.2103494971373
75.11623461736717 22.533582732059664
89.51746756168686 1.7181615618176327
44.54175101273478 51.09479286252405
75.75938579542058 38.335078314780745
27.381323717692972 51.38164475849254
45.86510837927479 58.75624398676082
49.605711825203514 10.326355430351185
24.485748929726235 24.725259927818588
18.53185516658593 39.52025703224656
93.15687445425291 77.37434977503041
3.28638077097535 88.84022455592606
75.32096586406593 34.33844316540527
30.994618900802063 69.23659292916757
29.190409664311378 83.69816480217747
2.3259306308664462 43.96833325876427
14.401999611321214 40.56571396856863
49.14154521723577 49.36544816630018
1.8676452896808082 0.25207912050468906
34.61166165401289 4.194833788242991
4.422374880846913 39.276967753847856
70.65853012054237 59.09155694901912
0.7504544776943289 57.54055676778695
61.16451111520432 85.4182270550099
72.10675769062314 17.494912220155534
75.55724207665706 50.38905012187984
67.74571395294696 43.96212695230012
51.05276165431235 24.943632902931334
59.19600863174919 57.689795828600744
15.372289444232589 4.804883673074722
14.49386605903069 84.55507947350667
11.20267108029276 73.17970190697959
38.477615333196816 39.071940906182455
30.33455965616163 36.91423440726871
28.191798070260667 56.47528015069037
3.613642248690041 94.59486192534955
25.70916764169575 8.241809622440321
33.963346707076965 94.84498846709509
53.2686050666944 75.54292346825729
22.715363041069914 6.453572543725272
40.711762172418744 53.128153277606714
52.27184084767682 63.05458582988589
23.944207596505642 67.78810415042402
66.79313754776817 71.17370122843472
88.16692415819301 51.94355806520235
7.669979009374628 42.55168302438105
47.46335714656564 1.4823302977595154
57.65460015970836 78.60913373721152
60.19156368845514 64.6750996993553
11.227897042530778 96.3147776246982
84.93316223278279 46.60436816531832
69.04831377273239 27.067708744864582
67.40276997953455 58.32154693803854
38.18658927775142 67.57960074985003
2.528529146710712 57.83401196621097
70.61952430107803 19.869350230403292
6.808744048603089 54.40327958994179
74.47354247535559 39.864680039873434
18.004366350470146 5.677781571226337
56.90950718927725 84.39742524135035
43.58426158186135 69.2228357258488
94.21465657168424 11.605123642732195
42.650864332610524 92.33278588356211
69.67532016733615 20.784743934122464
11.779624110335208 52.93333801974782
6.16008261014358 88.68334110571301
2.9244228328811794 56.05948433688594
0.7224504373308793 80.5094142382309
64.34460912246736 67.62530184917645
31.070889877770114 35.96218224298321
33.69258979224382 9.43462469310652
8.78843741633939 72.0213680444254
48.702715639232906 6.0873927465272875
29.566966534141102 32.00126147761239
53.146860869338106 51.31344266611194
77.55782092520207 60.83777061626644
38.35633373190094 77.69825883130788
49.306366193007115 84.5054221059978
19.18135599315428 70.26016633932795
62.064188905924524 93.51294703961132
51.12267441553801 30.38157460523353
1.2815031044010383 26.150023617202876
37.05038504379425 69.47753379592157
3.8383869257559766 10.872825743636783
12.02723511106808 60.58891701566829
90.86022968507055 17.790195417256317
69.42571017633003 86.52256313301943
55.811689808361756 28.528418931045717
89.0669688905592 90.91562768812075
51.552349435394476 58.132352981073645
34.70002532297761 94.23821850125366
44.98156063958593 41.54160846877615
73.67788994789733 50.03905999452709
87.472384828277 49.9707870812353
78.69757817081636 51.17701927695354
87.92894187925772 10.750675735081183
11.406850788898259 24.814128641748223
56.01352165940353 84.03430452013902
90.29270762709038 94.37221509718759
51.309358576960896 34.017782850224386
28.370533019789622 31.16810990601634
54.10610457032289 83.2925506558726
72.29532000101867 4.693681035091657
75.5136598214435 66.33423564934154
81.93194091393843 96.09724834675055
71.71757768112552 95.78455016472299
65.9640221077041 56.07141296427235
59.320993638541665 26.892064147309025
73.420550872155 41.3584897888405
75.36675573024435 60.05549874927203
69.81536856721584 57.99505180577583
12.527236153907905 25.682227418809735
85.48279661826317 43.43021984056015
24.535706165104333 83.1808396650047
54.51516201087018 96.23767475043621
47.398745482924745 2.3371026810615536
33.87744881443066 17.63868148516622
93.57067605425404 1.3670464287656725
21.84884371925747 46.354741438127654
80.71284481652232 20.374851551861283
27.61456801474439 83.35137629812618
90.21048410107423 66.12630984032903
99.82993171552178 30.400142480710645
26.632369249141842 32.8067284091054
18.5235737210362 26.557799738213504
79.17593593131893 92.40805555234022
49.083437921860074 98.13338313599466
3.222891548221918 69.49698861989941
98.20193496236693 0.6498841938085254
34.82773744245611 98.42742577524226
18.461078575781652 71.87466405139466
96.16420913346373 84.52172798947508
32.31037823686255 87.25888115875156
58.084250677008164 8.078054183072114
45.66603515859639 99.07145741580187
91.64496583131222 64.91265897848983
29.71737357648816 73.07993444758674
28.006947691183537 24.35579584081268
76.05959267031717 6.129688468765815
26.704643394368055 60.30700665114455
93.5916029022602 18.913149277398077
12.572655504707598 5.698897124902258
9.379664974991197 80.39894327384015
50.67518124831813 38.86373755319039
13.650664306336747 32.842822686200826
78.24075849084838 8.98063390889866
51.3437097802406 71.20182627638786
37.89325690275383 14.28336329896629
91.13034051851714 63.819236939908144
62.0669743629861 85.96006733162314
43.090188118290364 74.5564371464657
72.72676459469058 97.81499118960421
63.83438087754567 41.928687431032905
91.02547053446314 54.90909797600989
9.454585139749627 64.51004019723732
92.11097521558925 36.16359456897844
40.02134933417661 36.81936666514456
80.2549476513279 99.78690560013483
58.98734586148091 44.56096705177415
16.738246301210612 14.208450160013586
58.136393498143754 30.744672023175625
28.974229804719208 62.138702191286846
34.55680529826179 82.70939970519812
28.39642837326125 55.234771037707254
31.455518214857037 27.464953560243753
89.8563068007781 23.730607291957973
20.154841793258505 23.418757829998604
92.96108053884757 97.25247925140741
12.822236047287628 20.90409220958457
77.06208881784184 88.6368116216014
72.49210442258462 36.85728187763863
30.640791384982812 67.37361489247816
47.92180138092351 53.8684087442983
6.277192738608228 53.455405792159006
12.101478341399009 36.25190238299323
26.398173814420378 69.20881559293971
23.41915754624776 38.26575349142316
82.77344873913177 72.79810441446978
11.094039209662732 19.935361081711168
50.27512425881575 22.448114878503013
85.02090626293771 49.3754788386959
93.18325257354385 91.91440818779968
30.22645920689504 59.402411074341735
39.3704860919231 23.62902984471924
15.891589696104248 28.925676528831257
98.48044819828576 56.71512724311752
30.98802827611651 77.30837379483566
41.975860663812504 35.935947323291494
74.55934304682698 10.889766403460454
27.27404451853176 81.68036752241592
56.16904901225532 70.85710387452336
36.71147479647454 89.3761241218258
63.05418281389129 11.367323035006283
57.76155747088859 55.679400818148835
42.79948160930947 4.26933295749925
93.34175896243437 90.79569255247218
76.28466650462255 73.32516259012341
92.64481334988133 8.690077690122532
99.99916008189817 58.2725261193991
92.07936900068559 53.251745653612325
36.115270323434544 10.880774129688564
7.43091319516711 67.35067833670152
72.55365085764679 36.24368329138794
28.170656392657012 54.80649122983776
34.353021838615916 60.26803273529768
99.7489126456396 35.7372665317366
61.625985961333626 46.74639273838166
53.8222527933268 38.434845795470466
54.111015597457104 35.37719956760091
11.941986756161803 6.439853137973229
27.612249887349517 23.835690279746213
72.36122822980762 2.304560482564888
83.25797271863038 52.48198136599901
35.12528817827993 38.777753470158174
71.95385126358192 63.14128094662724
11.686553310438896 25.194436079229966
78.1676448614155 49.17358877776476
18.079185291439593 85.84744608737599
23.062805622932082 90.3281404020631
73.79353581910752 54.50478676464463
71.15868503048037 9.603254339464339
41.636234093860025 73.29102187750274
66.5756755684718 1.1938092014163737
77.44564701848041 7.792283749622753
97.1793381757068 60.62505317036323
44.039652435377576 0.44421027856299533
39.213988929852505 80.50385178054731
76.44116732876701 1.0404992956586367
64.31937957783458 20.52138337162467
32.46196337315808 61.60800084370065
20.391748123772125 30.64338841021358
12.692345535748462 97.33482415710046
6.7460596753247675 28.24192762703236
44.645061462598825 46.43306619832863
64.92397033528711 5.689502149377024
44.423090073433805 66.60315891626699
32.515092396810495 57.704609500691525
34.09425667033516 42.682258463958476
87.29647878323908 74.99151518844721
23.183011600318125 37.89123846517843
64.68459810982941 17.11429915604066
7.173363388174692 12.861125283711383
73.11385443781244 28.432553326298148
33.47016405083417 29.099834395731683
91.07455845488994 34.29133411647028
31.445256324263017 30.646665773772696
36.054178973819326 57.076553889296534
92.94327525508177 27.372295800835445
4.8208004270145715 62.31980522776133
31.927884747876533 38.11935614370496
74.65398466273504 6.335606642785541
50.52098510322149 18.737299589410018
87.91951239294359 48.81545721699864
64.30186829843782 26.807622275987764
76.7313918435798 38.28589357180982
9.795418398652146 40.118817163411094
84.06123998959394 31.873122324623626
59.75759584600424 46.33905155977976
71.79653556364929 66.85066109132404
12.69328031755441 53.60319136456665
76.97232608503181 2.687958214966457
53.24132781515494 67.5862293397289
13.835147438421625 41.16071486840026
72.53552679430126 99.60294718302335
33.21858581255965 10.001833779613845
16.221772023757218 43.69243386825977
49.37471807569095 43.16691593881582
6.893199350877666 82.80918111538539
47.51263814073875 70.09899883450693
24.448033725447328 49.89147239922217
39.7281540804987 75.59279085076457
30.759956659438803 14.731531017828491
45.713600147855594 50.548773371353484
52.336721207501526 11.461468784127693
44.786179277339876 23.050487271405228
15.829201359003886 66.24904274126656
24.11380675752639 19.648140481994282
60.09412508191488 19.020113951725914
17.4914415414302 8.501646831003029
3.666226829741148 67.83708687523568
33.16259568042691 24.661505180589437
4.279724217094483 70.60937864048132
55.52960944482801 89.38248014344715
74.04070347473328 13.319863069699123
75.98124992240542 50.34913353589724
52.70997961526962 55.29787353510724
13.674029349778394 28.30549841680593
46.759290755066054 79.62525412301832
79.20994650159084 62.08522845195789
60.300542255369024 58.31540907190309
41.94705152843249 33.04223505907555
23.999200055950077 63.847578659479154
92.38846909437261 95.6975385675379
8.887432918129946 40.81488938160271
57.62427860894926 52.621602797139666
18.705042236900816 11.950912979612161
91.6814433104211 92.9588144820189
51.375502902532055 32.58751160797531
71.46131669226027 96.83544937164659
33.89295348728422 81.18073796395734
6.418749876672447 32.806935802271006
37.08870581533884 87.85190008433167
91.24851797401544 79.0956064033462
91.20211338478819 46.425782909043335
70.0023066672025 53.99365524311644
24.325933467288742 39.40190823339539
48.419994924894915 65.7098796261717
90.70937106577118 44.03088685977755
6.0258278701270545 80.15486993532997
22.87811405699538 12.112511047061735
72.85102194008869 73.28688319118015
40.15926742828911 3.697563198874132
5.398558371108142 39.611931228880195
10.457666801576092 13.321387437837473
47.73608970861941 56.29614250002357
14.593167639891135 13.058941778844579
25.407994021935398 54.48475150129378
42.88949147468822 42.65187961512723
92.78582138314769 9.634633636641576
57.97376896487286 75.93083205817106
73.89598317758039 98.43440616466933
82.59313417218237 1.3284095039813537
46.69358730759385 8.078621928136009
70.07298823524862 97.30506938972381
62.17473074840139 33.59931397313227
59.30575383723763 23.913342031057226
35.21907655352348 79.98433908253159
92.00860845810571 3.230020309399939
31.383871968356804 35.76804412722553
28.849673833041834 38.400133617116985
43.933404986052636 99.37005082736276
61.13427514482335 93.89421720220406
41.40202435312263 46.75031116114495
12.419467304249777 55.788737885999026
36.66951707663736 14.311389030196386
39.591687739873294 97.25490889530258
55.91380832540317 25.89019543760204
64.14506002124952 83.85789958792964
98.1111660238912 35.165339361161394
40.12920606339182 23.480502387665915
35.77358702097302 97.10797543071882
16.79306640595335 87.01354754220225
78.17205407740133 76.84222844319567
3.075886912112369 69.94506732647847
24.77323261002865 75.37864527003873
31.39265532956548 85.39202339915761
8.679338691138728 66.44780459339734
92.21701495701572 43.23058556201119
60.98077447631544 78.07293985660628
99.85269131075908 96.72609111689704
18.45895567244319 64.93838297364015
25.086477523771865 34.162600541046636
78.55472576719478 88.49174154915941
97.95661886678553 77.89759513773382
38.7541667829736 83.59982404418366
44.32139854201888 62.95996259117519
1.7355697305896256 68.8030493210408
42.05164202318943 68.38901043055489
50.10268824387089 28.71560261866123
11.796248725680359 27.584056763992983
42.905964253771565 25.717420044410723
61.90445687758448 51.32066799878837
12.712081126294139 40.15681389810879
19.217587666462133 58.57692996492047
62.121596764981945 34.85447483510926
10.073925954502716 50.51674613335978
1.4731398548916252 48.419154160926624
19.7113454579781 93.6452950816813
53.399361443832014 39.82388366380839
27.457648637050102 42.66954053303831
32.74953013100353 11.61550719822798
45.67167358201696 77.04371400689115
38.98112521352801 33.26310039022092
91.53983785525975 39.934264022461086
31.056382182679865 56.65929430846213
90.25666069857985 48.140675217999515
73.02435737262753 0.7507740018255604
1.3077009973989195 24.44230070133806
10.685490969295453 97.22579921620552
90.66819662933831 47.89129654491116
54.094819862658774 97.7357830763207
22.87049040402478 14.238140875705952
86.72984800094385 17.509040953129272
79.51315428183162 19.64535144294529
27.854639446182215 39.22784158654643
1.983159596561257 69.50476963126962
51.53239040102844 83.73104840967203
33.453857427310886 82.22387202601115
51.354907143904384 81.41395105881844
26.67400447253939 85.26218487143154
64.11094905200396 95.37214760758523
10.492243196133765 4.939400398509141
27.312537772132707 91.91842737629327
14.97836807348052 93.24661310511078
51.86483954349402 85.96703175514901
89.12466175797847 76.40141692064026
69.99551841643058 84.99005422316979
74.58917058021413 22.13866305795783
36.51919238733649 67.50210301450514
50.50932073012475 86.14038722555406
45.34387133116251 66.79891371124617
6.252600113015316 13.472175603937831
62.98076198941395 53.623222562735364
17.628591754673305 35.91664325761743
41.028174568451014 90.75056190591376
26.91792692949264 47.3240879116547
30.17843071818993 62.06059793206858
63.533622055083875 68.1058289618606
34.75372025657827 89.68001283910961
19.50509324334382 63.372522015859865
55.185455454248945 25.888840621883634
25.659130644185623 64.04008026773552
79.62511479578957 39.96563869675136
78.63837950170702 97.91897877186595
4.498674270876002 95.21549424683454
53.11723626885853 92.71714088050275
51.217401796284754 42.937079394685206
45.32128603790957 27.95226121816977
79.51870330148334 86.48018978556789
17.496976501183138 54.84089721384742
29.253695035186965 78.3142900433203
40.03898887570635 96.59368587259462
54.73316926192929 58.002672454510126
80.4724606861041 31.304213138864036
98.1453975492784 90.55789851064671
27.807197357869807 4.864090749810746
26.25367516107371 91.16197833290803
56.681547210004844 59.56505991886257
74.21080042578956 21.752598457824067
92.37828913044257 24.87544027311711
43.36971134842398 62.306298401192706
46.477006545587095 31.02982326988687
69.4267885655234 30.22661923751938
80.33327113166773 3.7456191657493476
73.1921467658987 22.130047029926814
26.12586611040394 74.43279579568562
28.358856337662573 42.57284883259545
63.11450813680635 13.24111804186694
58.3426998218692 94.62524156737517
60.177323039236455 86.02904007398115
67.58866373543732 12.926255506375961
86.66598223220089 83.46021192822201
27.584234448824883 59.684165437882584
45.998622380803326 54.8365023054829
1.591867300279326 39.63132427825974
40.233492425511365 59.96966264669435
79.26244732790407 64.95555823083542
66.65229250349516 68.85528401653691
41.8097972946439 93.28308586269088
43.6529442141975 50.32879841080648
61.91179020426206 67.8741560016352
58.75569645642065 25.538257208759685
57.337044938051406 76.52719926054947
72.84004901341649 68.69183348778242
24.43937028968285 43.43763472839599
64.65953843515635 86.48353763892537
26.450110114980596 23.497389489867228
27.052247987064437 77.61991064280713
28.8474747031476 85.49519890414928
3.1309026565768505 24.732674779538733
61.25005067823628 43.14256857282247
13.761092635692584 51.789417628813474
24.09906637704261 72.41475542921006
78.65435572897542 85.82674336400329
87.55091480171747 49.111551118400406
28.97804206128495 82.05449116460899
17.208190141213986 92.17063418020531
80.20966197060343 20.13122727900224
7.425158486266836 95.4875283423038
11.920277426800574 34.01909923940914
23.246218897023986 88.14734544611972
7.4615390647337465 94.40768177265355
87.21969438874464 24.645154255353585
85.91196918664716 53.25725568306989
1.445652426916011 43.34863031941508
97.7839209053074 94.44768344233829
79.62703093795227 27.352859847022394
49.00250863157212 92.43004832558128
42.39785486183114 67.95780623344051
58.89188158738264 6.875437489854253
81.02323742025744 81.39076091505
29.8344210946061 35.127170110732095
91.16504396061856 45.37170002690719
0.43275842133291276 94.15139862015269
46.14688719268633 71.90008562361736
47.657473979228826 89.94544761528451
84.33944741603585 3.296103331289435
39.12259530457182 56.41418170517794
73.88464570736821 61.4522928142669
16.225526644340793 39.84600431041739
47.3227404579748 93.03201065615562
78.10950575578379 69.59603432739605
5.9931870587982665 45.04677679300705
33.913819979947526 47.740506553956806
50.994040152344624 81.3997282445848
18.86176007714939 19.062099923485466
30.455571052030894 64.40990761761223
83.07420290410079 47.45574674068175
1.7747946907517576 94.2472370442029
11.127039426907793 66.65621246548396
82.54814520932278 2.219166487418456
78.11961496692692 88.8649499314584
99.62886019723686 29.761132953078118
81.03692713696051 87.00531484475286
83.55438474044534 79.91853099448257
69.99573865233542 67.5513477093021
71.98731586856847 80.3590630092803
23.643571578388688 46.04599715898796
75.52502573395022 12.166024724235614
96.43272431129016 62.71682511501785
20.33482158252784 17.782867791579083
31.159284701594846 19.93465421367384
64.23737228578355 36.21753764976005
58.713200129885045 43.80868099100662
94.31293625398861 42.90479523407961
47.48307462755375 53.97932017371176
4.646268366778439 65.80067872093298
24.746514106158756 29.15909534425828
40.22721836897642 65.9060812013349
52.11923000944931 20.942224388821572
96.42675341782093 22.052425723833082
48.36758455072157 38.28327421829445
14.468244858211033 68.43120349469561
52.02751483523481 98.14484149808582
44.206589829141244 69.35991926067818
81.22641066281639 52.62749930449455
32.940495972278605 42.718827168949915
8.778799905770473 76.148224190572
4.052877541822609 27.220247928806206
67.99351248568158 8.860227435381274
77.17104793206614 22.91229059225386
36.81465428269205 43.26625924253682
45.5980616091638 55.95059210503849
5.761602968989832 45.19002394151514
38.2902485358146 40.268460572628506
95.46824511877257 50.66553018628227
22.07610728625523 28.552480909809486
21.008078019413766 61.515862167108956
22.668290336338348 80.80486366269031
91.05854641273979 51.7211653160526
53.06871296012376 90.74261807683558
90.91417075187246 33.29738649658708
63.92625730474182 43.46077238588204
85.10002962216001 46.13383547241327
0.026128408695813565 37.140803974313265
94.63710075485596 60.301484499130744
43.2131197879355 63.142589637520494
72.37331553433386 18.014182871855976
7.0097175044702915 92.22598901845373
31.515061995016445 93.1935300334726
73.16878663361923 8.223117732141361
82.94569780380225 39.962358582087596
21.960283459852803 8.572621538253744
45.892553588173456 56.74782213440963
20.004865582965646 81.89424777882245
66.87739450229358 97.44548323532563
39.940088604003186 83.75546601953394
79.90617167435195 97.92062241536001
71.62261265856834 4.048889207878292
20.25179423958068 16.26751857324995
84.51529116195599 59.16430612054261
90.35658732250921 87.90937068433995
67.74605112095902 3.5296819718009242
66.19034491892994 72.56338845916319
37.608726322139454 23.498432422283845
82.29654069600775 73.41930833199237
73.74730171597295 28.045130876910772
30.735033397530653 55.26424924336867
14.227785958356165 39.4577510056989
19.357388915196672 59.47006276688005
21.915382366362568 9.386480679862363
67.82322447270191 65.65768306705193
38.77897828681458 70.83073166363964
15.556144513499625 99.14601928338364
37.63120892751785 6.183249776265898
91.45206349814684 99.30568198659253
78.53515649854661 31.469769004174953
24.12344422067877 37.52552610233769
32.40412089109984 10.06425790266463
20.86672833415294 93.90308619725558
13.073818698482786 34.483495670476216
41.07984104951645 16.01812618705596
5.375690752353091 33.73251202941488
68.74874856988012 78.83490688220024
68.67957359488571 18.55572674686957
61.25797481802876 62.04851460532631
34.379554092689204 12.102580757737947
45.26314869302412 48.09058497501374
25.172895753340807 57.376357383715195
66.11616060367457 98.11865908070266
52.348922476967765 42.08545811359083
35.56541555331957 3.966213638690752
63.85514631940763 52.05207724467507
90.0565744709874 46.28549127907098
81.40193734554401 45.96951200805124
27.024329319106364 50.33553505252303
29.570334438525958 92.49517031095678
42.70855972446991 98.69191844932436
7.235487225125592 76.46657929356215
43.442721173093744 65.86667864544961
24.348280623674825 31.61088678862577
35.14446382280087 53.887691152064185
45.8611791779021 26.56260409379615
80.43223205969385 97.50311055160239
83.25978206848143 62.36271895762301
88.91163855266872 49.25774882105306
85.81377793187379 36.42559373850798
7.329930790712891 77.13691587703228
8.23112158836443 13.292902136036677
73.42468766224691 22.465736891199516
7.854562770852425 23.17307544712627
62.55892357453092 25.10917279435071
65.86773958772196 57.429890450864676
45.80307113631265 22.2088962435388
11.275555330128961 55.64682142776795
20.37523659738929 92.62298493075915
76.71033097569983 7.838296358249197
22.238841648128506 47.475278639451226
43.36040233581452 37.71180167519857
94.15350922632356 30.732300675910697
44.050915533273816 89.554806589287
30.657012275627416 57.72203524701594
88.39281026620831 44.16273579543662
32.33170330552847 54.42068816375289
98.86872477803493 1.2099331569873861
21.478423580259975 97.5006414842337
68.00688111269835 26.945187817779626
34.53587669839487 89.14632228729722
46.53399228289332 15.529734227303438
75.06210989363089 5.29890328297723
81.25187299875486 21.11095922098847
98.6848389112589 5.8896405757904
76.29938927415812 62.440911725169414
51.74541619447572 14.843863282492176
23.22360775351576 37.5777700398489
55.033668573962366 98.92419065168193
9.687849171857543 55.049469838853604
51.029008119304734 34.998964235943376
4.276223398923529 20.942377388120413
8.822924000455934 27.46818916930377
68.95198977935073 6.478388790284906
77.26509088221857 86.06452807202078
79.55080694585837 33.795155689868736
15.924472665665723 68.82366806795892
59.66133469709356 20.96113555810406
33.58363028855609 40.609400489502676
4.267092049402333 81.81871335078812
72.52076739398929 94.68868243745014
71.57629825091806 48.21357067032363
45.72808881208804 43.251075100807626
31.231488436133294 77.03692758975491
21.226500576728935 73.31008265149767
47.970714088638665 81.01062234799905
24.646503901800166 0.9691131078642501
94.6266727049503 72.74509522726473
25.11423849355022 70.9292549631318
73.35443339617052 63.09733244547019
5.833003326963104 8.086882048382849
74.18352116897002 48.60334503082292
69.12731039555851 76.60144201705535
98.32382855808659 18.59771102693696
78.57882742580641 52.45979499671268
78.14782612032786 48.37956519517872
53.36706257119391 1.951558927526087
71.56303281243063 57.38598962882316
19.386404110298862 38.26942624547699
59.477948437557096 91.98853014233212
56.02114976287783 57.56129799703338
45.19605775881437 43.880522931495115
45.21099371442081 6.572252612585916
21.909511311212427 85.56320735451004
15.87290397793365 67.45969292465347
16.794112751991264 15.631109899148177
71.80571172141187 64.6885980537694
64.65552421406942 92.67132061484313
22.993523904641922 28.776089834549236
5.717766444431149 71.15154058591301
51.93956224329986 58.713030087906006
14.566871026938111 53.73351275429523
26.653569366402984 90.210963069253
82.65897990176438 43.263989829264574
89.91894816008494 86.30726248659647
82.38180426653726 94.26671448021511
26.770679519773076 1.2651183815766909
90.46169810928555 1.9233583603863735
42.789873848593885 61.36831212967401
41.76769004878197 10.235549773825648
88.86264692784907 13.39796071605891
51.56658265546974 17.07225551551944
46.22227218032792 48.2556913371291
90.1062330741699 54.10069056203044
0.06698705833132479 28.96222528968526
86.26073304176789 38.07507884741169
26.999176803977477 65.77604140159958
66.58304328299658 69.21890253845615
89.36191655737801 21.72495622282731
16.543184442575132 47.8323326883051
47.61644075834707 24.592817557310486
91.71253175119601 33.21302774853918
62.19187222934368 9.113455844468444
73.46325069670125 95.40803554873676
62.75410200580281 54.24516828881912
79.31169711619454 9.917850103916038
12.82291964804524 37.620416390444056
6.881347461381249 79.04221819054705
28.0987626996454 7.01390105134797
84.24162955395887 41.96300928281222
21.089484351262545 27.907503431707315
15.479827395169476 15.572395679413308
27.219646660992137 74.97878081058047
21.301355943480495 20.033281113912437
33.97734470240048 90.37412335896046
2.134023589953604 89.28073980205312
48.753842245637415 6.874061749355443
90.81501974447451 45.8802969803448
50.73297120115912 37.5412873912464
90.68321353842737 32.37269378253881
85.01580575620477 65.1509202799007
20.99367562994272 52.75145892620567
53.861247411887994 86.8394954840178
34.43841004045147 68.42650241711313
39.69903871937704 74.28850648609286
41.927093379852785 30.009128036050313
17.07249150914517 24.231894165229484
49.854051094251616 17.131244928401802
6.5888499626533985 65.80591214867317
66.86212076960008 69.9243151651246
4.027950424854532 9.842532700876461
58.52888790707219 66.08131992023226
58.02282835682016 14.56198630571841
66.96466283418218 30.068721663539232
81.43182912414369 75.62707835850576
23.131180179689625 59.31173201591463
86.02707880976928 18.10077863045142
95.08950857143881 70.09204388421439
23.56137561949476 23.494350485958204
81.48507156570064 67.7074425757515
20.11984889213412 33.127244352385
50.94589835316013 36.64357729989302
59.23267146155482 97.96687408209208
56.78912247235793 82.28310443521123
51.19053307036644 50.579192035165775
83.95682818779872 76.44496603992411
14.13516093434688 52.08979033874527
57.28212593924022 68.6272908120703
86.50719685482107 59.79050273903644
88.99173056973551 46.978699935902014
78.38807743328155 46.45170396188071
41.29763022850512 90.84499865396025
55.9605278619147 28.916976355628233
98.43034728110341 3.2074342157584868
6.263469418580369 60.566275420167436
90.29915193595099 62.87958665850542
95.00872816137785 58.756309826019205
29.451081932736034 12.965610425681163
28.751269398018987 21.62483617192359
7.370500229340415 18.81307451998453
19.221954809887755 90.24799073004745
29.745598625209567 67.86867308594866
45.37043794288874 9.704205420850688
86.4733998610489 6.49922511438673
98.91949901136451 37.7776095609377
64.80956701986868 62.688693681530964
79.14354021049125 98.51334141857315
45.09301272417421 98.09013024139574
15.807704902721154 3.316844034748345
95.22022437658562 45.011710302251785
97.77382593754271 34.91770861956105
48.50368224737151 47.249476968135696
89.43077309989476 88.70789448718546
49.74408604889003 84.6705744185301
36.26852482915582 33.830928058430885
36.03381098663907 91.2976929562118
21.627977119652762 1.2964000368925976
25.61729452785091 30.49036421825534
81.75216105821372 81.75726883356064
2.8276787896667432 85.67874293280511
42.492630513034854 32.6217885691606
18.128964583185148 65.48839217158101
76.91495496563297 61.4912327523234
55.482418356651564 21.77310215775575
81.72512107058122 8.178482166859336
54.67053754746968 38.025284468114684
45.37123938534952 3.656387882111134
71.96044419431053 73.84529839587375
84.46558600495375 54.61777131375205
7.834143952347294 34.85529473355948
40.35327465758047 16.19813919170674
6.56098953605767 82.70439270601119
28.748861572031537 64.91202991149638
52.19111502813496 89.39260489830103
74.07090390655505 50.29446858215834
16.508838927537674 64.79423345009772
