900
14.182501194378494 49.79154037977776
28.729187812263433 12.62094231037263
17.475611768883937 27.14544470839566
8.799281285231764 38.041852059395474
39.82279760699339 61.52727175491927
52.964512757390416 41.38572278125277
84.19079941166324 45.4062173699534
58.230478588913726 64.83399685189373
19.14793665014024 35.179876531649754
66.25599901069393 61.84354888276873
52.37314794947972 64.43647811826206
0.8330479707686855 0.5555270395533829
33.80789066416222 60.68628488533099
72.97111545798799 87.80057365806248
75.35933379203126 30.650128123352804
42.74771010307072 78.80159273153816
9.354239938891418 45.569324595382874
99.038583523478 91.7290538239369
14.544653621873561 69.70195354114989
10.071061148368255 81.65199320826493
29.955220733557187 70.16505505260001
80.94094769160276 91.89397894886936
85.43635882241513 76.32623333179936
6.104169613218136 29.508348177054145
30.791448323803394 22.11780211254515
22.827917286523913 55.695720250254524
0.5281598470306514 49.395379748407585
29.680237726420355 39.986891426610505
98.33028806976797 96.68978453992071
21.080020354446738 16.775992356069747
94.20254827020915 44.724517024920274
58.683019617487716 40.62266547722064
56.575525835966026 54.08243008150018
90.059227973796 79.36237972093251
9.747299598224702 16.934001513556197
70.18474257226676 96.52084875879649
33.440152113950816 46.28030333851573
80.82635481228284 55.39645671513529
2.3706653584018578 60.76913953489341
10.811512675572455 4.792575076487493
92.33749956684225 25.238831324554624
75.862811539496 47.9508185517526
51.42451871928437 65.75628215930661
2.709067393571485 7.765416954027948
89.25039971587493 70.55251482764079
17.968675978746006 34.655065081142325
31.812822844195587 7.673702995703269
63.005179520892575 55.826227996276515
47.37609195726573 46.7126576404971
65.93064583978922 91.95806327191094
21.666670730038852 91.30013719745847
1.5172398276777521 82.33893530787365
1.7605796806777985 54.21922777069863
52.63301061413006 18.479981230111452
33.649615427626415 82.05994306413957
26.09974678884891 26.243306107195785
68.95243369941227 41.53513232998009
1.512877435109472 12.792927221519601
37.129349066581504 16.66782560593363
33.56796934503399 15.275002629722302
87.80054404878804 30.48766220235162
65.07610995034291 15.966057386645083
89.52178279038424 57.94817841606504
47.126185079312265 77.47615897284908
59.81268928365302 67.4341886348034
46.03407702285257 21.43695315657054
71.76379900119355 33.10992492213972
73.50205381211019 0.9450119108851296
59.97241978723141 53.131687372397394
54.90924224202822 15.164382041475289
31.19809904497992 30.970010292881277
61.33467266946635 74.51472153784769
45.81572564386537 98.06449896232326
51.222998520132336 98.86339181925231
85.26866718789573 80.87882662484441
16.56724588908467 90.64461528855254
47.86323452288549 23.196640459837027
98.94050391808716 97.39450457828393
89.4802366915942 17.88995302922951
13.770662696063308 18.33700350774795
89.50326352057108 50.78046852562979
72.29126900972076 67.05083337892782
89.64332027801015 98.5598391847836
76.63421680214958 79.79609805972044
36.517755121844075 11.047457132500327
98.39116243772665 36.391346565588556
72.24117297015152 74.15106564616578
56.85697758557981 11.004768251941776
51.643297831802826 33.1327733986029
10.81495696118716 39.786711739119895
89.17104327691831 52.45692197594306
45.75287067577906 52.72329743922066
34.81839908165384 2.1457737312108094
6.885909258314671 62.47467982625451
0.18882572293545952 20.902788640900283
31.68357910616396 81.984389741721
42.49092456864546 19.945806349797113
42.74784821175119 52.945685815914636
99.61971802387468 43.99172248808261
33.20965484949446 61.54680146395928
0.954508160812495 96.90379783684921
14.881304888457924 40.68027074147038
46.4384578358883 15.945798792105649
19.34377187364048 25.847076749052643
51.06704300611222 73.84441716775981
73.44334625660048 30.187874099136124
68.59719883547656 15.236737759909879
57.55580962712893 30.74937439042269
24.320838153417068 91.39287596495993
89.81128455859118 84.13165275194643
96.86470928717394 83.82843508333856
80.4325152908846 26.83696712241569
53.112309783993894 53.14200440878629
58.06830855140752 7.960328138245809
24.506863287709113 60.01336655878513
16.43314240130168 28.866222323052803
1.2486422014872378 69.0753536978447
61.07496620577271 7.416025788482228
45.33224028171484 46.11167231343673
6.511433089409779 24.555314339311884
41.201672136289204 36.01814907180615
39.8266081504118 4.821374408251877
15.426829139706843 0.36197784200497907
60.43611702715187 80.57987458080504
45.05162351147267 27.731885912498157
82.3516038103335 7.07586117167196
19.067901138843936 29.819786734179743
34.09748646319777 15.51827049929122
87.05062398864504 95.45171089702937
9.529322270690155 96.97180156273637
62.77184797279283 49.96217973646607
66.8823245001514 17.59586765166614
48.91633752014555 34.16557830398095
9.969777460818808 87.31364956951509
91.71846509561881 94.80082441004247
4.639636962423788 40.78630165498842
6.04532339060575 59.82980412230576
2.5798089168557414 4.411842261282983
51.92877399818697 53.25080344623363
32.23480879670214 13.0920983735484
98.21430196957304 17.894556179723697
87.8955764970933 83.48885476329278
14.834208169205576 33.89296102823243
34.802574427316415 70.8987573919974
90.94712799553767 96.34724477862015
18.64319606675231 35.59200254954442
45.37660708294259 64.34923251582461
50.09949226640295 79.06211901944351
17.94710218027966 77.60165679397433
54.69817420000105 44.905133938611655
28.264150565566304 46.14654400220937
35.32412502213921 45.80908926706999
17.96736072459598 18.17138549308638
10.335480250714035 66.9801739505641
38.85717763431096 68.68713229473819
45.970676102264974 88.06678457441762
31.847418736420472 32.800912522874384
14.362295001929503 2.0590382559731557
87.64048381920996 64.03741560393345
19.949885866266193 27.192707332317866
6.847982493665105 69.08742372044509
52.25811221390849 22.794678622880248
14.466694693845172 47.00460379452591
40.523891302034265 54.60162756578867
12.698654505880969 63.512553150711504
0.6647641658902859 3.41164950979862
98.50218902173374 40.95781163402547
17.296459007371556 33.60030419855521
91.35842192890955 61.74569256070286
3.11571843025118 53.43364872910309
49.50668196842194 39.56144362065751
59.49031000258594 14.625822597046945
20.716572725909877 31.47504356748373
74.18812539511191 34.03627687178975
66.50909092800686 7.695408081150212
41.825026780423 79.99649759855778
22.01568744721063 1.910093922158207
58.34863530747864 16.884197368632336
10.182818771982049 23.896218800303927
57.17213141288114 21.57931120893759
82.60438798175721 82.47412110727733
40.29260063876742 62.82606436004824
12.919895229743705 95.45356565613933
9.07775429868366 68.33200803288065
15.518106461788783 78.32783558496278
1.1068496893009816 82.1746735012561
49.08027810882768 44.931508751391924
65.48945006426611 18.592785906553978
19.274796743659085 58.64929883336599
92.15739518700583 45.636752000818184
3.2432581732205534 77.53579575676316
52.422353402511426 79.47203030074316
48.116996272890674 70.72359651857913
78.91016432303954 96.99509575723789
62.20401440075661 80.98296566219662
28.698376177299124 33.871297566958624
42.44830525897439 68.90536666797563
65.22268641524394 97.9589569438971
12.70864621342389 64.7906714343514
60.81139223935844 22.682184104417303
79.33256172677316 95.54241155633704
2.8010114831374833 3.0264571010628294
82.84004126057417 41.874691722499456
66.82675705890868 41.6456834004569
71.40741860763382 47.63305665097496
82.49556373554113 72.80360375465152
27.388522603377506 95.28307971529574
72.29242547216595 76.73965831515252
21.494818022415497 8.909512565176037
1.1774151762544371 61.98058227692299
33.28142896450328 2.3250963065126973
43.80684887237927 86.17799413382048
16.342139746231123 62.713787392511996
31.752257411049676 64.38396270282492
86.25148347902667 85.90451173665498
82.43623042354406 44.825410758231854
90.29115704409296 33.999818298777164
24.696802501402882 35.401655680586366
88.83330987098206 76.22697326914756
24.001339849520498 92.50954297116515
85.1527297234578 94.36857557446854
89.89552799907995 68.11197444891425
61.36434266172135 97.85401323141718
34.20454827915277 13.028095235923299
24.949710244188495 67.72483432499348
80.20183424623916 66.01698353051351
80.27425542202158 87.08923222239784
50.74680202910983 55.26388928415906
89.60852553533385 57.14724679875535
97.43290734691755 10.687445951224639
44.24655298928945 81.03638118514779
50.60994205541402 32.35208519622918
83.20715418032705 75.14992708988251
9.838351426471304 32.577919796594465
38.318540837163496 63.759947726854996
10.491623314881915 5.451213801642208
50.13650405588487 24.794739364823826
13.440134874785093 89.18219506514016
22.928381295586853 44.92780728839937
86.00815112251729 20.52885557025408
12.228386003368296 78.23005386206052
14.910119248805687 42.81694484131119
34.764355440264914 51.46424442684675
69.13014849848636 72.27581933966243
24.606755784675848 89.19000884749488
89.57868120800919 46.212486007908225
0.6477590224166718 21.021425265835582
91.79515424989818 21.469838622683113
39.63674325871111 99.63972659148948
69.1697282642384 33.651740033940705
86.00890550719153 95.63244852938652
19.779731800955368 13.71199500134913
20.030680842221006 42.91459988423
98.90711371280764 18.73887429460639
37.39593954990808 7.9397788336760255
7.4485819086544724 76.19030505220475
16.602329492534018 79.85458096937576
24.0573987943846 15.957848198322576
61.82973410037658 39.83485159560283
42.17985166297874 9.939442645222984
35.672215144468275 94.22133262789856
60.95806278035906 71.87945201628506
48.14096514359021 88.82208245725572
42.3436659419176 29.46393867906919
6.390749903408455 68.06048702868223
46.58590759907719 18.073471089654557
43.95124236694207 84.18253972320045
8.097960857900155 93.48280989926248
6.977543597893376 32.25367810025557
14.145098673436152 15.627805122706572
24.554212017410382 51.28916602237204
87.08379602895221 86.02347648769914
89.2186083443809 71.79224756282427
40.226641872131644 34.15357488172299
93.79046447156354 71.36921537421655
37.92021646891178 48.04761707647721
49.00889593639093 76.23989281913144
53.28262224813742 96.77625494871724
24.095171089843593 22.37839133538657
96.4750314611808 70.2151390506067
54.267721626417796 18.30643103156594
21.58989434676203 49.66578505716417
91.5541801363803 79.85458365640193
90.0005621549117 31.35777972333872
88.05992226957689 46.242130782521166
21.92934708142188 55.35463877994601
93.97299336462875 34.18366030066831
6.215529095591432 31.96033485233467
61.28082676444483 62.26698096695622
79.69297784883011 62.84196452203974
7.059788780205967 8.868894083794066
58.30434558172486 46.400488718339325
97.06557641384397 27.87825705259237
26.844461700750877 41.25156417063125
20.321114967107047 58.59241257940667
3.9377611848124383 37.139088560490784
34.697734418160174 55.62749966748489
52.90945916291794 69.56137374484686
15.38368989644885 87.5378725546472
67.82707123133267 43.589093648316776
15.933314263172315 57.9116882846342
73.72254173710526 36.36872053937936
46.54851786699362 87.18714385704571
21.916209048817613 43.786059934613796
6.273358968305365 16.18218650025186
60.012026759168194 17.038307162204724
38.859285456336345 22.2721951643296
37.25515834022563 22.77377771023461
87.82986329284115 15.416994791876991
76.88385678275526 2.203182088335187
13.707636766746557 6.13305097956971
48.09202999989708 42.741418773076866
59.196391513201405 58.34065580533713
94.85935792500855 75.8229140190688
10.12322906054257 87.76614562655327
83.02202594053813 69.45280940603712
17.722355856296844 84.51187853304842
49.43286864665525 91.43640580449846
26.307469191327193 2.2225839137038017
31.308782066886597 96.34334414835936
33.452295896048646 56.53558022275852
11.18705439559301 40.99168449417604
26.948076225589258 85.43649686883943
56.52286031920389 23.355613831596735
16.556578942384625 95.19423676416285
79.07050844686478 0.5554044447082518
70.62067454077179 91.57681508049048
4.416846780925776 54.31490949418985
96.89973878407955 96.66115281562591
52.000191129138564 21.021254803203338
0.08388350986300308 24.16244063932984
76.95230354342179 80.60652367414474
86.20225523892636 46.63663581716877
48.50362692914384 2.1189646719530497
66.41715266258981 93.00785126334267
0.10427713651574022 54.535613544930506
83.60259880404736 40.58645768441731
79.79022881326487 74.20308090702586
58.85783044207472 91.62730732953035
76.27614766776128 8.110982127979504
77.243374374405 8.489640498095529
33.08108543588776 76.51043791177341
5.7174836863081335 99.28026856475654
11.931721569794629 31.806867864785737
54.07923476032362 39.14466077444868
85.80094435728218 85.34512962173233
51.160296991802 33.3236266088348
91.75161525366975 9.67925164026726
94.73333265764109 58.95612307462327
38.23422305647185 59.37400424057755
43.90108764826134 31.39901015732054
36.703476470931975 60.26784849998415
81.64509874499943 75.52197153112388
0.6135272804350778 0.43793318727349817
11.596915679098386 26.519230588003385
29.137932647451702 49.63339240664687
20.85178098152094 36.6512225349412
98.79357435773292 54.3374594876042
14.681581603720694 93.09550830940503
0.7942418150181152 26.405416178253304
27.364567565095864 28.927582804604445
79.00341468327751 99.64327352714953
64.04070993368687 21.18864988093693
90.8609301665244 82.8032551851084
56.17482808048479 69.44282270000338
22.058233369066027 63.921420489543245
61.960383984834436 40.39774407174568
35.03731298857251 1.6589426096371374
39.23066911530076 32.54716076850623
28.022552449854633 81.38679119289124
41.534511823626865 5.157167624711489
93.52985169604523 25.885971212646762
50.8263543207694 44.40953258766797
24.279104585209453 93.07538171114273
68.12629841036522 12.441986083747892
26.412488113842002 8.517463092492461
30.079084009951217 59.98969029901653
56.51167882927243 68.76305448999156
74.50332393625455 17.254667061148687
76.10258485723517 71.4034754776209
46.16614237117284 33.479319247264336
18.977360815102163 18.172389895644837
49.084774211031245 47.76639459451768
79.53582063914295 75.71047999414967
82.79830733764288 42.53605041822792
88.36828112572853 52.502682640864236
11.564343143172362 7.817555302025081
55.971339609297175 15.288960555189057
27.39546908430691 82.0540312714326
41.49314164925112 93.7238723426196
51.88989486262807 78.5620840476675
92.27689144230386 34.410070587326125
30.686849163983698 43.05572117623551
19.185259269108958 20.12996778476761
64.54529571053698 65.948258397825
41.12888335848077 56.16797575378283
68.66034183434074 73.34577002326445
22.98606440603774 49.37435779731709
9.736691777896588 49.3272977258647
11.709985615084495 5.911586691845782
44.45565170137466 58.686763421303645
76.91011018288769 57.910338164808095
22.719783905661693 53.166801283130205
76.04785834950192 94.12796723703342
35.99977534470121 21.729464475324043
7.728732139724714 35.63442469151714
50.49186633163977 50.77726144120631
50.587877756661115 21.558452617619295
29.189442239298224 50.42007032380269
84.0867009739253 11.930736379680805
25.34560680152844 2.1329664576227425
21.71108719849778 67.96089737074807
23.520843468734988 48.81970671490734
10.072478093407632 27.112439509931797
57.90036457752164 89.54020023023772
25.85048257960182 15.9509569179202
27.24486800705791 39.155434251493126
36.642456886563416 12.974538785180146
65.67107273505148 23.437862100401972
81.69660277074614 68.30000115695402
98.61968429519628 3.9703314497778086
50.43460344647471 52.40660084950935
80.53588701517282 17.650512622746326
0.11271756575377267 73.88444270401095
74.50824636803691 90.74787694420537
69.08008270653335 32.74716142063888
27.908015245875795 89.69751264428459
26.12237190820129 13.898088890685445
64.98259332276898 59.45180272621589
58.253104583269554 55.05148092700149
89.73280256992128 23.39260659662027
53.32514581801656 62.69692605170758
61.233916908044016 79.9009031319228
87.7612051181424 56.91908708995054
69.13752534047573 11.239806917341689
63.63720207822817 14.716166661046614
95.12059988419092 90.02417506684421
88.35790023065097 95.71403452022534
5.570845185933915 65.12398991159459
12.985580592404178 33.11403999056834
29.336104611472113 46.217764144036764
97.7472087862248 68.16899247762494
77.02411654047164 38.08810709811128
19.925052367948503 49.493196543387064
0.9784380753623978 28.523167270064054
98.48517917236191 44.99322490584906
21.081139750120247 48.63502450844458
98.29174423611292 14.87418991733145
98.56676577328598 39.66097045905269
20.218668590128452 20.559526473281075
95.61807365482896 66.75187456165821
72.62951413058187 60.71609010676578
40.691221784755506 3.293151233028835
15.763244449527713 63.729481558486
94.27871009228033 68.22585139284269
3.563472425731773 68.96348721835118
89.80463326394573 18.957263287056026
92.43149182410527 82.5471291960652
59.61662513017918 9.217786101615655
42.47188699313086 46.30642124991699
93.44152101211758 99.22058366789707
22.107163994737377 42.469103602153154
7.158517413719667 0.30782430597791066
68.20534308015297 99.13159246016112
81.63776689605041 1.581459120946993
46.16242843135214 88.30892184231647
6.24590883438414 26.57712709211867
37.44066416492431 46.83464683784532
51.47173953060027 25.76427061565546
80.3388391959191 34.12398460980164
94.60779790682899 68.43720457488085
28.796709205483396 84.07278408649147
36.0040922613315 0.2963895192550803
39.76476662643981 84.72813980206942
57.19023588362278 48.049913709258796
18.401246634068823 33.8444741423941
6.238210702106539 63.591993680448645
19.42245686969615 67.99425912966973
22.368568697213888 95.92620382258849
82.29484676368463 4.348896659908441
4.188396107621706 28.089011941404486
79.75436934310855 57.398930699977235
45.721268859415545 50.46616423050166
22.698293124502033 13.374577060469017
57.82546281371664 13.449046503911921
94.83382083741081 58.50541004650861
2.029766554114809 25.65083380772354
19.167157852850004 64.61449944424218
30.69193492773572 57.9354918579892
69.4204640918585 15.575730624138739
53.867234908623 91.54814021076169
74.23896835202532 18.159462486901333
87.73149010575274 45.90526846345174
65.02240867847797 30.734981958194187
24.507245334450968 93.83308123444495
33.8053857757559 43.650163198039536
84.22163722328472 56.033112964469744
2.4282437864710626 32.14960107474578
88.74022691883191 27.3615101855042
29.41115521887515 7.93797118098436
94.30485502551515 71.02042435200138
12.776007447418692 77.80214817972032
9.863134198062307 53.93594592628113
30.823456405901585 51.51591207817441
27.864972389433863 31.18600167281239
67.74699428835851 43.272289133801934
6.360419470895318 41.470654353697455
68.95201487339455 59.10161239995795
22.24084335632439 96.06904330155946
11.017742083785453 78.55241563349053
56.18233096587294 8.940488336919373
89.42478786029461 58.32923164970899
35.97496503468213 17.52761874542117
7.8398883494440685 64.3699768512161
9.705326806466086 87.58340777549766
99.5143274827669 71.06572438449106
16.650654567729916 91.99101305222736
67.57698162323152 69.42362441388681
81.67049811730024 20.50654310834109
45.95410698929756 23.34793266126134
93.78753917037469 80.35110257632883
80.43712812996692 22.65589090038582
87.45752190778941 83.86956837295915
62.32413063656039 38.03224682093824
1.6240293281640117 1.454269663582064
88.08517175578497 69.10184855389457
16.587423675517776 48.30553285895822
50.677391447983325 93.0096078960025
10.354957397574104 41.81635997334132
83.80170894702158 69.7971113376054
12.729621103709498 81.29936038074905
57.57833183953455 62.51456462593471
17.167936854045053 58.69044557080064
58.62235412402106 11.41545661301171
95.02677525364554 59.32236961305553
34.52506675447825 56.83744798479445
48.91386889815262 87.04637490234913
62.43717287945688 3.7103826254408556
64.21957203899078 24.762611696039006
37.58512281526982 68.90487765874681
20.606746240208274 81.10253878971128
87.82344109921159 4.229794892448213
20.865500841578534 1.9071189151731671
26.706144593725746 67.74367529461225
36.78481557042782 5.718954317495573
96.34873621347789 20.711353996203542
99.54363911789106 51.67635102278354
70.53809047098238 48.9933413195978
95.13500545355822 17.010428500568185
70.79328417277918 47.57885355435473
71.24112067555455 56.38524419241906
57.41440800364687 13.026978010700653
64.97311507491335 51.27716795389979
65.88977101466457 66.01346330327644
32.496589096295466 71.28386818501504
4.630494282370234 61.915665209564075
41.36665007934677 89.0467290522835
91.84805316925217 97.89374171588865
34.45551596511862 8.102641816366008
3.671431224226296 71.55698495352779
40.9530872667474 99.11144824467404
12.926312658949257 82.0897597778085
11.594927859065729 92.82506949515795
63.328655579845574 93.71340236391217
64.16883970598153 62.745682995303376
41.24661032596284 97.28038335110753
6.571921566766004 97.93212549816273
36.799940980859716 0.009815055812700813
84.4381931923015 1.4592957877820112
95.01555281268064 26.277257268190755
32.74779699168773 38.611517777865124
78.18549064509601 36.863235525633776
23.534118739862375 1.5303943366294703
26.685886932199054 59.220122874158974
58.21445089200103 85.64542791596567
40.96567005063743 26.753974884947674
52.86882786189119 53.624989044725204
50.83931549422787 85.87009031501078
39.666506980005124 69.29577646542194
96.54932683397408 35.96523973997846
45.42333361420252 77.76550223497324
22.764961665171114 31.768916536320912
45.73204630126595 21.76815296400545
32.317954556520924 13.099424655579273
33.66983787297474 16.47655386370469
57.36773977912068 24.362630820663977
2.817670726897148 9.061040715937207
19.30711110478339 20.197058756990938
84.63847424760077 15.703061980579204
80.57844768534007 69.77042253186163
89.53184687325536 50.109844924438754
92.00346222941627 53.2745225897153
32.182739274972825 60.36546017532443
36.308492360720756 3.576425611444922
46.00558067582163 98.77531374541996
85.55652863699174 37.59623535041099
3.6020790968727012 76.00709208742406
79.98329143000322 22.87032355853843
1.4744148165500626 51.23839429237198
94.30452610359325 59.878557202427274
81.41854837623066 7.362141173303072
41.472931519453404 44.05807652770489
0.9200146946088728 4.613638261060293
74.63998116983248 2.886531591851804
15.497334838733678 9.267479241731547
71.22071159308953 10.981334934146336
64.02031674794961 4.7439768309179176
83.78503344002226 89.4662210496523
99.87370883666384 68.91125993100987
89.83052927200237 32.485889651078224
34.574991144005416 8.892152905809091
84.3053146448239 88.75431507164765
29.224320661622137 17.506896745997437
79.95365172869847 64.78182525186178
39.02737448421504 66.58109607283654
29.65309305602467 55.50426532969405
5.194119153654753 46.852704565787576
17.107831268494845 42.626473712147195
25.467334299699505 22.532152952584017
40.4840673028228 54.26200844957296
58.61538198164128 96.58907808159918
33.064322673281644 47.508271332855536
15.859552107971997 97.67075196820568
8.530782846922468 91.39827380329777
33.41248779398187 0.33082561777245667
20.347001363557617 49.100519688768216
9.984194611164888 45.194095338385374
15.262004318182843 36.9762791156262
9.325621093991677 23.574530785617164
37.936690798335235 50.36652544896128
37.03980011891961 18.194679175251494
98.67715106962795 22.570785442234442
84.44523464090415 86.46567067434255
41.83739043577529 65.82405027181724
54.95879317027913 69.46058513212043
48.29371316370643 54.091742601233925
15.153857844627028 74.82456394510805
45.24687830489788 10.21073849157922
34.349375027951424 92.0551516463479
4.782210439280132 5.0512623481435925
98.42842325168172 61.087196742574754
27.475734825633523 13.613917679517263
2.359023197796528 30.309148770840466
75.26083223190628 43.408225073896745
1.1670546005653648 15.170637350667604
36.018781476013295 51.554211382392864
90.00496394786192 53.66460712267083
90.43291335758445 59.41437860848309
38.63081615259524 76.21865221694583
33.104233911565885 24.802372712582212
11.835856137882361 5.998890635636478
47.05315341376989 6.565545226587655
2.678097119834566 48.83288230465516
57.040392281942545 45.07260262231794
24.17546498800934 44.57608633863824
43.85754830696958 8.26514919606165
72.66099615290166 52.715535331915596
49.43105889232559 58.382657087472964
85.4731859208338 58.28249242089172
51.28298786939157 27.382383944589638
12.852290024013435 29.186490165864964
59.118082961822516 40.50988139322903
74.58404421913622 23.09738033258758
46.02174839385801 1.7114331814160333
96.02187399130018 17.682950287622656
4.173790396412125 60.64811558768868
10.337165499295931 78.48122228988981
55.96192014594135 38.64386076602613
40.83606092946055 94.81286377377654
81.92672206887498 64.4212640856815
13.792107540261057 5.921240747307821
28.85373257056686 21.85005373715644
18.467396242941582 1.3453230703591723
1.1194431147906636 86.05860880277599
3.7114232129310643 56.56240491983535
83.69696691715465 91.75987889772384
84.6074165231107 30.212615612483884
46.97051560778795 25.87943617023807
38.12813772512054 30.648621820747955
79.61034124769894 94.48973482781375
48.62017356042706 43.4822452242751
78.40225953130377 69.87362963881527
59.076794539853374 99.11897374108108
53.68935805413047 52.43803074498095
36.66223066216854 55.00909864660605
13.423298069118383 11.477793702308004
61.852155147587965 1.7905270358752667
6.9603968435520525 45.81255564099652
48.587873565997384 84.80526880697354
13.402561130313718 26.663143906268306
62.33892814618643 60.71961654559716
82.12455068490465 44.283022018895345
47.69058262246971 11.934511777948465
54.40029226993143 40.46123248944098
17.948249219194025 23.705301114439912
34.67128885951837 29.266121246915223
43.57972103184981 68.50257945551267
21.060291376644503 93.9396903090918
64.53391188717976 57.452782007306766
22.218989660982878 93.8839147207965
25.526916853233384 82.1618007157925
31.85108088204013 87.87957226324909
8.27439993288166 61.32100654187532
53.976120020243116 74.02869189973292
73.26030321079104 85.62647019469807
84.55110949036673 28.960825920238253
0.8863071951851542 30.182229913343818
40.56834901851899 84.72341211067345
29.84648351229947 12.85615061774802
78.75184482643147 58.27332649826518
51.09760468513834 88.31222692488228
26.54354786213454 95.34557282577791
46.92350688056399 32.086426080376604
54.69026947804947 65.83450676161803
2.7668831914942627 38.946254936593895
22.031176828330857 43.382023385672866
94.00343312742666 83.30196500436413
14.069304875754074 37.74617472790419
86.97622858833518 25.145136274278755
0.3327527492838156 34.596359875907446
44.23261155979091 35.12342530666134
16.434887505298125 13.464095521186959
61.858045798830716 31.267996879341386
29.359886601906847 63.73538397774017
87.6834660523191 11.005226360690601
13.41424668472595 50.78642226572373
44.11966222570848 64.57976412516467
52.25224487136843 29.229236876242158
9.309828398469588 66.81785681283957
4.00475703346973 86.1780931789818
48.2776340096172 53.229959765567614
46.27983133298832 30.936617676440893
66.35879132706846 41.59400334415153
27.135501711993303 66.53804536820792
74.87695271276378 75.5124643019156
1.8440223954136359 28.196437604908798
70.61453707462417 66.89154484708038
96.01059430939391 62.143962435452416
19.796857655146628 5.671628699917375
20.986608278225816 54.872472334387126
98.79163753670794 7.111685977124893
77.46866793120167 83.65036487486984
8.787733249577522 89.40127200134269
56.90152098828278 86.45191058479058
97.64026736660476 65.57204587088684
18.575618113649195 1.190218252846953
36.75004720120092 75.175396229539
68.29628726942781 60.51026815852284
74.24952766527562 45.80845827570501
61.19082259711514 57.76973797693626
57.18723390751978 66.83359999989187
46.41465694514416 51.14275985184011
14.428184208533956 15.737446085218277
77.00237649410595 91.94168963376352
65.85241602430555 28.171861860886704
86.42024441871261 78.84088447236667
12.051871521185909 76.5529461338119
24.01727322260686 81.73836960415389
71.21059163350935 72.71874316180455
19.601199996242414 0.868977156164985
84.46500741494695 7.257844380865763
25.13137463405156 98.14943133256378
46.50333173105192 9.41374065078091
66.49303806769348 39.42680162736421
29.19180743640797 3.9714143398600577
59.024237874873265 73.76384774017592
73.27456924141302 38.52891498139734
29.173863590315086 2.847106634589458
57.96428883202213 3.3257580913383156
13.731966940849972 57.26018252638969
14.531961648002877 61.2099316837172
36.75775864771852 55.22131235620778
30.563631986463214 82.6573815120389
0.20243560227464208 26.9095706364616
22.292071975965634 5.905228808652641
70.62156818887665 91.86320871638256
77.90779362961861 81.14886145733271
99.41746629543083 17.308092026890197
9.82669450945176 45.97986855075025
43.54950626477434 7.144896036718739
26.203154442085484 98.39380024666171
95.12530493382607 80.16501268689369
25.64184713801826 32.93507325031053
29.95683339053067 6.597825039705163
43.56463510614002 82.90083280630293
42.76579945946847 12.678689353359617
0.9904681385500935 62.39548961600806
3.3735336846527075 30.430673422730557
36.04724691340173 47.77672482716849
82.33291447758891 93.92210213782661
7.755974380682151 24.298434411554183
79.17621024874008 90.98694274268566
87.69547644539915 70.93131079462466
50.11666078426455 49.48023566141404
84.09550275262899 74.77702566644923
46.1293529935889 31.814155044393722
52.9620266568415 55.344193390087746
49.8724016868469 83.30168722009769
77.12315421005644 27.996228395505707
48.66702735842949 85.09482010146913
1.5053227933740976 51.759579582351655
58.63438655564678 35.99602568718051
14.72276428468854 70.59195785097562
67.92403869681314 61.14202051322325
47.378706451254516 56.856504928586716
57.907855255987194 33.09023090926575
8.89493971354871 78.9157749673991
72.40323883423689 43.91404124206093
51.36150096408072 11.822800653327025
6.436362822656216 45.25797912895888
54.296471601247134 98.68132104913353
9.580149801423488 16.97560144409377
75.53852421332529 40.9634894277034
72.37567492310106 76.94369607717682
14.237136348515222 49.88821516534975
28.323360190476386 58.310285513080714
72.80171380180738 29.383170939553004
11.456558347010626 60.07773888372757
96.9740505096851 14.529210068785847
73.29714321437136 62.573790448169795
10.253170401286704 86.3872661785648
44.66319306300135 84.01752967074259
4.632379937917108 37.40488265192704
57.877289775128936 41.72981487987973
96.73373641108621 41.722821264485276
72.9886732705305 38.3367436862089
12.645827438431622 73.07433466682161
2.8969768846081823 94.45133221836979
69.5497931586877 75.94100119324054
64.41793925411548 17.075408024151486
83.9821742760454 52.09864185827592
94.02034971127769 66.44481130088207
87.97469809198552 78.32442700719025
48.065800676845704 46.411220683285535
88.07674263728124 18.110970761571256
48.03603316847853 2.6464569194588394
58.756635553078006 35.73118584150132
48.69084882239032 64.1126266464879
66.3513115381978 53.91081146009347
49.518921191137444 41.137344236939114
78.59081743270762 14.210800308163629
0.38022985340120385 65.99461350197727
80.53398136771509 82.0080123454681
9.691554509352219 37.78134952787131
27.147152576144595 91.74879221255735
36.26099670005917 81.85516696057815
50.88357621930081 95.5561477921496
12.608904395910558 49.11833674030272
72.84418990662115 49.27570533343353
2.6255020955015085 4.507287770630786
14.923464286215548 70.75148781338349
42.050158813869864 47.27931721240258
19.657864444825545 47.16375883227308
50.58881834313009 82.5794755248349
26.997904453206868 18.974589439873967
4.749502930621386 74.26960089100592
58.576839704885145 63.95936762449688
46.72351036249685 60.699680651461804
51.610144376811185 32.103507359459286
32.35709582252596 48.14751792421197
75.89124129238417 32.94995415759028
53.495463520102426 64.48144703875248
68.9579036166136 11.936057985610503
81.3819849307009 0.03964920246229964
89.69883428388914 79.7208000624694
17.30558720865829 28.030950768414755
45.6609566328774 12.55462871297841
45.27452788480976 69.51732482176153
32.212524883966886 62.22402179254861
89.98500336529311 87.3021050749289
38.61089472607877 41.694621204118995
57.16169300532369 66.8030268738488
42.18123812504449 42.253654171489316
77.18140707706036 32.978049505533626
11.512718960890245 91.23866128963918
35.08383888109521 87.17725239558756
21.721968306511886 69.18177295771048
83.34293378663882 43.495346062652175
61.859394615602234 27.46999250968044
29.392294791157724 71.68408316153624
29.919120325101456 33.108822295544904
5.298126796156399 55.60686969831058
12.33451966624406 5.062230918864675
70.82732382099529 26.807770535307796
10.281915475362858 95.23584924324607
49.83314940676544 87.19001193798374
92.1015027572173 44.720346651789974
6.188038381149264 13.095536519837236
29.441761507695674 11.744125530313266
69.62063650396489 96.29136212286924
23.291323357287652 24.891618945637205
92.97818858246897 25.755160437632398
97.72139873056767 34.30374225439324
43.483612338640775 9.404818347358246
21.305130322347843 38.29311292094615
21.179149565401765 68.6892427946994
72.20862314416661 55.21519885917918
90.51749037988814 66.31590369247319
6.764276185930429 58.44210105525389
16.009912863927546 42.75318786735246
