826
50.105216752431026 85.8449955402537
59.16756956578395 89.458967544116
88.53150322000833 56.51953296521679
84.0539607657891 10.253140674742777
30.647306267672313 47.28825580096457
85.24297346737667 27.30471339264269
95.21002449702638 54.353304391027244
83.06305839001764 63.05774424229905
89.38442719651968 45.05564138851875
97.3716007202799 67.94417772469747
86.7258466259683 67.0527728213574
35.67239086785957 70.79117143055184
74.11488534463685 97.40157478748492
58.178565248530255 23.999426315890926
83.19948149305193 47.77859854117491
32.20760301168899 80.76336558930906
17.63015895929868 3.2785244892408083
17.44950887702077 21.57272102480836
22.136657206720358 64.78006555386628
98.61205231446755 63.33856509445426
51.960882956390286 62.56128590759171
75.16521143535842 30.27197335793561
4.734106420524609 36.177994064483364
61.43715931565923 5.258725479808302
38.96773436982242 51.037857513270446
88.19907864743413 7.469521531343892
86.7162106397319 26.17784540973863
24.940126277383 19.410339881802795
67.06537026708033 15.7989234153588
3.4725284100793563 96.46875683361155
84.6224362528018 1.0655165685076962
79.10701691344993 25.477347249755024
85.13821774420643 95.22559933059075
40.27365890949501 76.68308180700075
62.76263977758669 27.519205474008835
25.994306066863437 40.4662779992071
69.50674923574479 66.861254057868
5.968105523968847 25.981732688199266
26.56984359332042 84.25499683906668
8.311487441848197 41.982198708480986
88.01791586925586 28.041049026140374
12.017441089447589 12.117486625228002
16.339240424925606 50.144615026464734
94.93214613555902 8.767708985339217
73.03225223374162 82.30270545105182
85.01858411999949 72.21049326375721
19.64286420850704 77.69641149213027
82.47633783802968 2.1896321656110995
29.228368674212955 84.56192913911269
52.26820370842867 42.70634395830688
40.62136431676897 31.193144896956106
2.2656991965908424 45.41019185716721
41.071314194118344 76.7730126451685
15.170667284080208 36.96379611551453
49.283779367414546 98.1838257136447
21.4946083045475 8.708619766672832
15.247007629157505 83.04755160551622
14.10918587692116 42.14248579166108
64.31984543627807 62.96270151679318
64.25834274713677 49.4490380403899
31.84964859874232 3.2885871224521357
29.173064008115656 91.0378758583758
89.46506136406029 50.63605057541024
39.054850183808995 4.873105546360524
50.67125400996122 76.62975936243494
34.50494431280834 46.192468555528144
7.391645923354739 78.68034932604296
93.97039489476283 13.71362767160721
76.71473845866423 96.95457984859576
61.184953434845234 85.8038050194068
11.760942140968245 98.60401447298811
35.57980517354986 84.04127899953531
56.86039801196059 82.6104948721073
34.68195297889003 63.06609070841187
67.80590375868509 15.141661565996856
13.546737198808001 53.93388846028403
39.38202869632468 3.4336758901789444
28.933238069997813 23.34657199885417
84.64745315072366 71.8021020837139
62.755235146711186 89.30428857954762
3.8398271092708547 57.08351923689269
42.38137797133684 25.23685626652139
59.280868532938456 91.65871612008772
9.840673070531814 71.75826027279062
60.74939858246715 56.63879792310299
91.28281939591628 20.959561472386202
70.21385355712313 7.512015527493531
51.07374230043084 10.96301226719918
71.02273687340909 4.571354438833641
81.66681514372345 42.01008287179436
23.08382291629105 39.45809135433313
76.53725071291322 79.63453175597056
91.92508739850982 66.10599861225565
19.481395030944448 94.95244749828359
66.10093146640216 37.109555751487555
16.36878047225685 65.56363428040878
68.56506056084814 86.30046902805091
50.233697404839084 39.85741941586565
40.53336781532404 53.544936427817156
70.51391114053229 76.01566171903615
2.4887437069655127 76.50993781051596
24.75575449670083 56.66554770790076
59.02979052924427 30.51317754421463
11.057364850262609 59.487747001455894
9.449021030474203 29.552130617975557
43.17244393351135 52.886946788933166
49.055091629416104 78.71269253750332
43.83171414065986 8.329302914963133
35.51721969489162 12.658846472824504
22.493926193542713 30.767446690041346
7.490792956625025 67.8045246421481
4.1214735007243934 30.17005365622244
65.34093250967324 23.820495036710376
67.42343257030542 29.9111922616346
45.096463151366095 23.191298236701773
76.55747784676616 99.52610547817636
0.1884615323617722 79.22663581905071
42.66889408659205 44.83085629223099
1.4609218695006199 6.83726502487243
90.7745310287749 22.75486411908274
6.476344743038909 33.74190582169163
41.43542417954343 86.19285522757393
48.11139648893052 73.7153608944368
50.205812488646295 93.62230623035049
75.60461932368622 43.32326345128868
50.12436874981334 92.43911802332477
56.88072313301239 43.044142655312555
20.372347197885144 69.7282340158888
52.26521937236201 63.20017610856616
69.99539487644351 78.8744425593321
53.37024631010252 6.0868877780995145
29.343347603914093 73.1575881702883
84.80548533340618 79.7565978297642
93.41717768702833 50.438115711358535
66.34763038324026 81.4599548781893
49.17809614199784 80.01903752798289
2.816426411497386 65.08126004369899
19.553073645361696 51.8112748033022
10.510351350098269 35.15496557584348
95.9020177042889 90.64633078426189
78.71154653046939 91.91772230962147
13.519774731745759 8.119487250873568
91.17610889656073 46.55426086525512
5.9726101040955 34.38005751103926
89.24940225271824 78.87637242630966
58.942229360652746 48.53004215110319
83.15882802112064 43.964751492319465
90.10675123314564 50.69837476308333
94.14877591490105 24.407116679643437
87.05142831732383 89.5585461903259
39.83384823480587 92.76819003999792
2.9232467387897976 14.991784517241602
44.47913521256049 85.52620769787323
83.1560591595375 16.12597859503572
58.75415702532422 42.618680657240645
77.93021474629877 15.081742604563509
71.79048526036415 20.812519600956215
61.85962316151322 88.60589314462841
78.5053462522366 22.282045635013926
56.66933136246981 2.116634507225057
25.12578153553553 89.83558898857277
37.76982809110685 38.185379671205055
28.66053889729143 8.693817887628185
32.47703112132767 16.29850338200335
17.700121268485347 28.698285601361473
53.298114010668144 77.45316825671227
67.88384852445544 2.3271178044992014
78.70238840002145 54.42486788567331
28.996929685325924 85.43555420030718
58.497799766178446 17.812029526632568
40.061415423911285 1.5189049775598207
20.329849051013138 39.99419586850252
88.96667694011421 16.39146247468114
61.42932174059849 18.016983343476443
48.6714478162917 61.582965578637506
31.592697015712034 49.481302292524276
3.00155288953613 86.90911418823339
50.8280578814172 14.612910242130116
84.7818405638485 58.32800808982971
70.05434287915612 40.40317739732091
5.058515957045895 29.188382310705673
39.73921218266047 43.10600760368584
69.71657742397764 37.57403555143323
52.607714025065675 77.17076087200053
67.29448987519243 12.429825809509676
85.90842771743858 79.16902954777795
20.530229664486534 51.1200142527269
4.535288943192429 76.13979992535955
57.52375893969267 57.15567969733113
59.34775981766772 57.94231519202552
56.34747634641349 90.42122367010779
34.78222591141974 26.710993421670594
37.031479839722614 50.37508180051129
58.885387628555264 14.895436264446404
73.7407798543346 25.14738745321784
99.08954874762681 71.257598485073
21.021229341401305 83.85936260867565
7.435381156656051 11.55899214448769
40.28613206979353 30.13354291960172
39.979378726072355 48.84110397247474
75.2963449089602 23.038799844253255
66.24743541376922 31.94559365092262
4.010022182789685 63.88160740015431
96.99312796482046 60.98816986060627
18.190482632469173 38.450641210507655
43.591904254487304 54.080660256242716
60.89465429223101 66.17553637299777
87.69520715634954 86.48472801997568
82.59359434554668 82.91941305984768
52.42811889703363 58.748976801812994
53.942269703333366 57.72452736306426
56.067103836382515 37.74871597598418
17.82090197533661 82.70802379635515
33.32497073202144 81.8007972024692
4.205633170256795 98.25041442392319
39.42160582286635 80.90029628495452
93.00167799159213 46.56187900954395
69.96707753066269 42.58835971194866
51.296561220125156 52.58893614082185
93.9654870104765 73.64647759879537
91.41435129109635 21.11305798210935
83.90692949709924 82.40906055359167
67.73711697345865 14.23780900530871
58.51271466935096 40.9912611078703
53.534957862123925 61.02479538917047
27.464792357094602 99.67029612781292
91.46024255073002 5.566532140513802
70.75256271915885 41.41637496479572
44.72113189791603 75.93394978727508
81.93654082687168 53.915428630492215
89.07535301120527 45.97698354432611
14.611855034277198 18.146421728483887
15.60053293969016 16.230023443022333
93.37780918308601 52.77245968083994
6.971589904006647 65.25697594513832
20.655003914235436 6.955300242167095
56.26350904508388 36.465361635983285
76.44282291440653 89.76994600645179
52.735601545322865 95.78077897848483
68.93727343653518 8.081557914077575
42.80771699854705 0.8869367447350007
47.997540011958904 70.05151417225723
24.15871975633882 92.5512793316967
79.9429268711278 94.19372806379774
13.257051264851494 42.529631002877636
61.59460843654785 32.40976222870262
44.349246299150316 72.33147068555083
15.136176724279228 96.3253092967964
76.12547456518797 84.69433804889354
67.93552156909283 11.712285593578375
25.250355917754362 46.78367347094243
94.90842002162468 24.02763143755169
76.84409749265386 75.02546742239909
34.75762594433306 22.04287426465601
21.154975427526857 85.17428941008728
38.94718433904389 4.598787244839331
54.50034470059136 6.765236056168944
54.103494024140765 48.743706446280775
24.499642443237214 8.07355303880618
69.57098437975365 85.10037298939412
7.383070937651015 1.5440581778925155
66.67192860848235 22.19119286486665
27.397049082914304 67.48550791920394
99.79412012105145 90.66579945629991
51.226316471908554 70.66002222483722
5.297276104208548 76.82856994491442
8.671116281353319 95.88550238776324
21.938095639115463 47.54356277763667
68.20838159356268 29.47002374005522
54.633228872297856 87.65282285198268
88.40469510699303 10.010163453737809
98.13986623305537 55.873779282425886
2.9320353789831666 11.158209503488159
27.04952756415051 25.17555948180643
2.7549238192590364 37.06131899385866
34.365111417479014 82.02904585586012
6.44909665668294 87.12972450670314
0.9600797242435344 37.48017921622103
13.531367883485302 44.84796657845901
46.444604823469206 27.341800340433366
85.20534970951988 71.35855302534446
93.51966804109495 5.100423186154346
86.13997642143964 94.39444862611704
98.7686878074064 26.612920442945654
47.27861248989234 64.17002889914724
13.711943333122512 37.27047731300921
43.60611065631 21.088209677289814
95.84011883972538 47.629824200695246
19.751697311611295 30.884939471049655
19.261583956375006 75.81685112612291
55.13111460388923 19.772820871484765
84.8735636471916 26.675938892781083
58.98676627104973 50.64891623541919
69.61263035435013 93.97165792609499
66.00244664254039 33.55041360986518
23.281185896940105 89.80526268251558
69.15761974702164 9.514992481318796
42.37975165600522 7.0775849951041465
79.89939544987237 88.02516018084181
69.98518461356505 35.16353701986537
8.18679113369175 67.88214092417539
64.6200178174196 73.19792718955777
13.78740989191557 75.67097104656837
18.36231769062383 80.74071080469201
12.105374059865925 96.21456954771254
99.04862403737427 19.258007616229534
88.34919601103456 44.79474281998589
1.611321066091631 23.06397589731135
44.86180911390478 88.04206163762062
59.408259082267 90.71986356369169
99.1584864658315 2.1794749577626393
0.4298332809330896 87.14090360425143
80.5418488097204 0.8551012052774976
10.576946305561375 86.25372673155465
9.616647565420033 11.019063670394758
60.622766380594385 97.13051782167584
0.47446244041741137 46.70943153815473
84.3211431649495 46.16919635184023
91.04931690557952 16.402039719670714
26.196765688967506 96.9513099830133
47.43782024488476 6.657498115821204
39.12072281850728 50.53211709543382
99.28458311974457 17.442519179623716
48.00401171157872 5.035958888678948
68.52054120346364 16.455281407887068
80.39492420726576 6.744675515114384
34.60411816055381 86.60252157983486
2.803604775211943 45.215193704862386
31.880859813670025 65.425167857912
94.75698898712676 72.07430510565487
41.33885591561924 11.57144168837082
97.68132135834658 18.922063005676947
81.68862164365031 44.25296474825723
82.02009408844462 52.222790904402906
17.9104794198213 85.43228329608908
96.46152867642994 51.22768714501507
62.21619410526357 57.3725957144769
62.61363457473688 90.82977494560298
16.16132453819519 21.174848249929347
73.6157684369125 30.161664015157676
23.72613738574193 53.001801675268936
52.55804269971652 84.44178118458689
74.15673735154088 35.58882039168621
81.2224661341239 36.94005179489841
22.061756273253597 22.670654446684857
52.61052021997704 9.538855710139638
41.260135585130264 85.36715365006268
53.318116318118726 0.12101728390130351
43.03424506978555 99.3497284247562
40.996504778020324 23.324713501674456
57.980040310787885 26.898561292282107
75.82128264156063 32.54466344368725
97.82115164009268 59.98356693130306
99.13172365511245 76.73835947349737
22.16480093989506 45.783034577083626
30.526394599411045 30.04593200918697
49.28698682050421 6.777918007767392
78.92828185758319 93.80736415328744
18.984459676027974 11.968531314198838
45.54631656511374 98.61604238470825
5.393831542144301 48.00071041167118
42.085985437762695 53.293227328922136
41.15117877942836 12.115411560723889
10.704157180758711 58.04316315494368
20.22761644174057 13.255781325328531
18.97135034083052 83.75923085405344
37.183759625052616 78.91291052437104
29.021643768221928 58.9344008632235
64.88083405614475 99.3993911767758
10.141142141820437 1.186012337720288
48.46944728177146 70.91905975053994
38.09556033502146 8.547464314720688
42.171509981961776 91.72131010962683
38.80155625857905 63.41761221198623
49.580821329369954 65.00384192974705
39.53021789478901 65.24497523096522
17.59031187515777 92.36420547485903
68.17823018777756 92.66543349757085
97.88152370810967 23.819865616734827
33.38147325340337 0.6607514084282728
40.50128224368945 47.321363119520576
18.061280919968393 69.0615837933829
16.315055685437375 81.85856495627523
1.5676216222757056 17.258859445558983
92.06021652115636 58.212256979489204
90.44844174266343 90.37885928788037
87.16748185222306 93.53517829989045
37.080106902714284 6.165166555611689
92.04698081014524 36.53815744272725
35.03795290656735 64.60110363064928
15.859932047954095 18.495372285012312
20.33773869187996 74.92914865599987
4.377871951603818 40.18390504784606
85.5160629943106 5.978413125284144
47.09311960533648 61.25381715848525
43.770754912025076 42.98741062882291
96.06661551934313 68.89550680543869
27.03788092038981 9.301554055715167
23.134235258834213 21.85544326706843
49.5268998047387 93.39530434034353
1.461402395868705 61.7778882032297
45.70928092281057 87.71719383771057
84.11814545803199 95.28227773160141
55.099626942089465 8.469123234251462
12.61575789466387 95.23845156228451
51.44868656076521 20.883354423862222
6.7080485687474045 75.89990943672217
76.39146133607619 50.76825485660712
77.2106596475642 95.95296750723107
64.59306588168451 17.063004203703613
47.781323127269125 25.530769810114997
93.0664405962758 52.87983519347408
66.65700012578245 99.96083282841485
41.310959723034145 6.421259527401768
61.4764271012641 15.952793494904949
86.57431374028538 64.17446788287646
23.94617986936599 97.39854154753948
35.82259393910097 27.322828872723402
20.479979452677643 9.912970166060099
81.74542744936957 84.70940850472375
92.73354284522753 87.57053616931547
21.03248566769186 29.841153701710766
56.67761461398071 31.097410319018927
10.971871233137243 1.8398358829001094
28.545206477302344 45.62379837196442
16.648760764679448 73.16923191212187
60.87408996648518 84.85906149733276
0.4414578510309797 6.661521926272207
45.42063759052364 37.83621666978926
65.6618614464977 14.62587383300159
25.18588407496053 10.482980015958375
62.75968541586663 50.63562044051011
80.30679920110352 85.18554266522067
60.68549193621291 59.63460342511902
78.86652002003834 27.416257330408044
76.92678202006957 60.840590029650386
48.56634720359093 49.130027629210225
9.803981485560309 39.44764369361996
23.66135663080664 98.76498592480843
2.001534741536537 9.050479968208403
75.97103627269524 57.16660952169501
10.338132911845733 18.61619989885721
66.70158308017835 36.30265090927476
92.07646806824637 30.46621258177963
15.721004341672495 19.234723944655453
56.42500433269636 77.30922385339454
55.01065336401554 19.5935761456983
18.517322786965384 24.838069584318657
4.467232276104427 39.857026793505526
7.573697507402011 17.393421092480953
7.056969065412366 58.581092130522336
31.90266837014586 17.035205277677235
87.61301405220152 67.49923050951273
2.5080896487109094 74.13918346826092
76.89158221456198 3.904765544502642
52.53770236821127 82.54439875021956
73.33087740019886 74.77818947484002
25.19254579414747 93.05908704712415
53.15952393331684 29.886542387027493
71.42562433587916 62.896049131063016
17.121635774589983 99.00493456986536
53.621905195648765 1.6163568805327655
5.339502321323286 14.661881667845378
15.607564469144119 18.783719736567082
40.92330210102209 86.39938016766034
56.08909180584758 71.28652725543621
23.223928334441503 74.46356619170798
52.25176931171952 57.35228613522322
49.550856316539324 41.31894042553742
15.902411278617768 82.93587286936834
88.53138041145188 88.40457836025533
90.6987563536661 34.64078755474408
66.83953066955945 7.632561259204151
62.82782940473187 71.6731933804188
29.856880152394083 6.859583704312733
25.653154231990527 80.2754378490331
2.613840070734541 81.20491409199094
30.83368667542361 71.7116134985506
65.66262221353738 67.10155465119902
51.710523406940226 99.34436589459573
96.80294211607159 74.08977570763855
92.9495182225419 97.63522241110778
92.5677358134913 71.28250126555368
53.13805301134617 55.33001082620681
81.06818471694353 97.59924123117099
19.0353814245401 54.02826271033062
13.473606031842767 95.87433408971465
2.7095353729108207 24.182575176683763
95.52886767919749 56.00780961065451
74.42375755263369 88.89491344230919
88.19106137540665 18.801173946718585
6.66907831278597 57.08114446746624
22.001191692055865 75.25182347409611
52.60282141087386 35.60981229373675
64.84616974224046 66.79102106228717
22.73046322182851 97.00746938404875
46.957627623141526 53.68899374086524
91.22235525560714 99.5428475459343
17.751445668608067 56.2332618235147
73.16406447959794 13.06438308738782
87.10140639299262 63.6508243822932
61.820614346821124 75.32086699405367
57.7785866375638 29.420861490964956
61.27570804487584 60.836624567825304
75.05948966947308 58.91299524185026
27.634214186528006 64.84165145757107
4.896321689059347 22.44441689666662
52.55687188085061 29.04315730661623
50.624863732985006 54.62968394083912
25.372202199552028 70.54916774619993
4.5030864476575 15.965236800076987
19.185929629193645 83.79894106007075
58.16039862383949 84.51180192499727
76.51779405886727 48.34582830556503
85.73396659529121 55.92863215120912
24.59258792217245 72.84492419414265
64.58272602547376 39.41528317252904
37.85218795065223 12.33021967235376
32.156742948622984 87.20020820928012
92.45126185046234 94.16226037381279
60.24479396553591 19.34898551210107
80.09923033750349 30.055285159300848
91.10334753458147 0.3323725561547364
79.14764444663955 77.67810788022321
2.7725100080363663 44.99821997067195
95.78393818330946 36.24099394124255
51.33405371676879 85.67374122933634
14.888805483957768 82.04386402584369
93.98349688605275 53.25757083721358
81.81625856644537 90.42442124058087
30.756006972464156 24.568436619424126
67.36881647682053 46.21863064515489
95.1825513696148 82.23706044120799
83.25967216385426 77.01163957850578
74.76477201284696 11.866662567321129
32.68393905516117 35.415543882136625
59.956132159861056 64.26946997329568
99.79025726951343 0.7636229778361203
34.09775733034063 28.613520374252445
44.47696532164974 46.6748964144781
61.91016567985813 98.51777323912489
49.19580674682488 76.39719453913483
9.762760104708512 65.06370694736148
47.35244152458444 82.7661338204592
81.06494435171079 70.43871549645262
42.70028349163324 54.484111938360414
47.519580095080336 7.208235808148733
84.78684290179544 63.378169881313305
37.49805804585132 11.014459176982339
78.00002078648481 83.94345573182558
49.01387570086558 12.117568324682882
9.641203243375006 42.05464345481539
16.15863157888774 69.49176808187588
54.40458411147262 89.76333303827302
73.42552908007059 18.866289751567077
7.679334312172292 48.628920496105664
79.47408095088161 55.688953077578915
53.16990842612422 34.39655155615811
33.46808700554133 71.79992095601422
67.4384075445748 3.7105723662378187
86.94556294893057 36.71265775143373
53.64710883572011 76.39326215391947
10.949596494141023 41.712444150548656
16.690613353304883 5.719734517001451
24.57235173428454 94.30908716196623
10.69862318892577 4.742371190894012
6.292820031386059 6.525679932108197
1.8315174517761434 92.87515508989681
54.82651795652976 97.33714211936442
39.84695644257593 27.52074983766778
67.14115404970772 51.04498263629288
40.9924316360506 19.48462111207655
19.628263709850025 18.05129789184897
65.64345179370498 67.55999724813915
68.72035098013991 43.05573328737563
90.41918064426771 71.8651973608476
47.08820750985301 10.841306412090256
19.072868702327707 36.97016280854497
42.38012729209557 90.33059769196295
26.92170540393747 39.0122257933999
71.17563312333523 11.35838519157506
53.69254677484708 74.04653118886316
45.2427489661592 11.495832408942885
25.972658534300997 27.40539297033515
12.586622385710754 21.162350165422804
77.07863701269787 69.35215465391593
57.13517116867786 28.90757145295112
44.56705996715327 55.91488918905681
23.436684350431925 53.94774290128078
68.67197126666676 29.246442612114254
16.301703839699144 74.25337683947687
66.56044670736992 91.45303527602935
17.42234391495614 76.11316221944845
58.713490729748465 7.120579907913638
47.020070525160484 63.99181042032349
16.25638324490877 57.85754612348504
48.46307935783818 4.247665399693979
49.76051580610774 59.41071358066835
75.32642759831181 98.33156210044079
38.398634907669596 98.76120904145445
51.40201257621857 85.66593754857138
58.484204185380904 28.739600430770686
92.07957201323173 74.26975507146858
32.69699720568398 13.837713764593707
10.253231227872629 86.03099617932168
15.558714568678834 27.9582974115821
27.834358938465677 19.1197405779586
54.72636649416379 12.37699211823955
52.16843101699343 83.5245900237025
29.3444678792933 99.49111526709441
94.32912534322124 30.79043222391339
98.92240609061524 99.54363009302195
36.62250749125086 21.105444459366772
26.713025428656756 85.22897954528388
94.48066877140299 64.75894828581818
55.38063786206199 62.15533343344599
27.476548108107334 94.62436874577253
34.11851904837261 94.51602030059722
57.91145441764121 19.906898792715534
54.771502079622195 24.455080580662493
49.676429589381 81.89894423550629
53.11554094235183 6.9988920347036405
9.657939419649054 78.23023063277252
18.43122585074304 5.3764985185942304
97.00052538674242 1.4999685411184571
42.724306442969315 63.84003122343612
71.44650478888043 62.24862378356492
49.16648388103444 44.113639938461105
26.486008209893054 26.287156542447608
11.972974737186737 6.2603687383713025
69.84881808237054 34.41964863792252
94.22952845730373 79.665629290372
90.95019878958901 62.34035011322795
8.513874647419051 67.09442259309
57.01084277013635 24.98023652548319
63.2536489306893 44.57239834876805
76.48913373703542 23.189788326489936
86.185609179497 75.24160785884676
8.77104319290477 99.56392904281945
11.118294607804257 45.26706633107239
13.714385841778832 98.51357015274941
2.2263030260634586 66.68467100093851
81.93422727626108 73.22808324051357
88.24257134062476 81.80568533186701
6.512192358719404 78.69055409805966
88.21919852594553 1.8922285780082149
47.64543052662595 47.95028983133277
50.413357080558654 78.06481886188831
88.76783634761703 73.40250695090612
96.20482671012384 99.133851021868
78.19097971098391 87.59269424107947
41.2628267081442 58.4933864286305
42.839788690746936 72.33553668828672
81.17577911230225 74.67116889593522
68.01238937762042 9.099003993376243
36.77145698545863 81.52155795094606
19.63091876244797 92.84934473247229
9.469867198945813 64.60825429618106
27.483813391482236 29.71948410059252
28.353264947542044 30.954010387006914
27.706242725655105 73.57084871743244
30.69324774944826 76.9259626990839
89.11870159121167 39.90122616365418
74.9441215639512 24.665024047491478
43.039560395543276 55.60475473618468
74.33097226346845 70.05988840996058
57.79096787364272 97.86025569602036
35.10709082547636 16.312276290611692
5.017585277940729 33.61085055814838
81.33645567908539 47.61426854295192
4.095970741809907 53.97527598331935
61.571317200245915 35.08959273607197
76.78754420453113 49.99172902698547
1.8169887320641842 24.61917769939945
22.69018346311472 90.90839485592785
32.35052077094813 42.91686044609294
92.02804978267332 68.22499181432033
25.321105697725642 73.39701036092788
74.84273337033797 14.541046886222675
57.50516428277557 37.51489114741388
18.24873222013048 82.641888788711
77.97149700330128 42.64606749440549
40.108916294006406 70.54817858651164
53.783291917026546 84.74248628491361
32.546454480411754 93.21721459634217
23.60530318670201 65.2544517598289
19.283266785730145 32.23354913643245
78.57728562128975 84.05478668837493
76.88956276011058 42.65249799895317
61.03414422481504 87.60449451484243
6.4659459983273155 44.725318112536094
16.763814232875806 58.098435833481446
90.23931788835964 50.07883125844479
22.6067089192994 99.74079186930659
84.00394819687195 70.03248295502755
17.674081966321786 93.59102293650984
98.8311593186647 8.902950298195567
86.49517146091952 99.17825985046
71.26592035460567 24.519872532147236
39.9143937611425 55.036842165466815
6.280741966176229 63.36785422663831
86.59867878913785 88.6511196171047
89.67621417964101 77.111271726328
38.914239756654126 43.80291511466983
40.07137119383945 68.94409920242786
96.55553498981845 17.77818615052118
15.565789907914196 97.67128505811007
86.46613069793108 70.63709328747177
60.13588304356049 40.60020259331718
38.94922165869943 93.22796382907704
82.17705877615691 40.54664402201276
94.07965122203099 53.06711219640545
33.70331504908246 88.45373796067254
38.26638551842044 51.20031296118154
19.004352431286243 32.71109924414871
2.3536809972117045 15.971462577640693
25.456741904769554 74.17524397835452
25.088428038984347 23.90367040484217
99.79461124748205 48.30622000882698
0.5736918824719051 34.335685597375075
6.138528622263939 29.256368120645636
88.34583347000968 8.443099843866698
11.865896088244277 13.56645028144856
28.69462864568073 18.897106711543444
15.606100977436055 65.51854438835541
90.34151377793269 55.67147769183373
60.66501444225849 95.95797573132106
37.0899203827014 61.26329048523219
7.611113143204262 4.701296184544168
99.89375417273865 77.93401145743961
83.78256777921327 33.92379436648528
11.38721257667229 21.085770858089948
5.740171597326571 63.4039421239843
57.04715505310074 74.58387287388632
97.74846608009823 93.71173705974174
96.64383898541764 10.448052517342976
32.28378691152779 61.65823617341775
12.70106466987464 80.8998872859527
96.67507645794771 71.2550742624193
4.1968809457945895 65.32822952576616
89.30175381798006 69.12474112977324
86.53865840747736 19.741425751700326
28.307063542591393 1.9608644610978554
12.511327336774992 27.913671843734033
86.99601993874735 11.832864975015578
25.994680477729183 34.33052534452583
55.70907137257623 11.10934500956622
3.681799948982778 23.71869940866538
94.11749446045559 95.51991576030375
87.85451410071137 4.802152097783718
16.716935718853442 47.383569218335396
30.97680435359309 21.60741208190904
95.74100904304018 7.980606860832539
4.064021832841247 13.188488547873089
11.61265856727347 2.6425390691972472
53.44792147707834 25.425668842488093
16.465917080490545 30.45385301671798
77.40768494035906 69.89560890700646
83.58548897557509 35.2005023480879
98.97238665295833 52.0751212664541
39.76142135773747 25.991235507177723
35.2895413330009 81.10549082477783
77.27494739643895 88.03970812428126
61.16186361772636 18.48145597033788
14.220960419955341 42.155666066402276
91.92061449292108 31.6366191392766
90.67386544194873 60.57023978087804
21.416930544453226 97.55872794857338
48.45008116196466 2.977395838164365
44.40248896452501 49.00349071781941
2.7966020130404834 59.928975469828984
73.94565323963711 71.40389291221243
74.41976117667548 27.010998265128126
39.845834824481166 34.95066713079046
65.13483689977954 76.45898725088747
12.065273127560017 43.83581513917728
99.10501014765613 9.847909141806488
90.84827559688966 80.75524296798098
52.41910896285029 26.052198848271303
71.8581652242813 74.90098516831323
41.59611212780776 96.3726292276116
37.26814184499604 6.219341116240362
19.8487913557414 82.57697464390105
2.716344671115345 39.15513420034156
84.87951296473332 16.021331649476277
33.68290725715938 63.123585329254595
49.31268720165758 44.48671455394201
20.991014451450006 8.899500513822655
65.0049300990946 72.96833055488499
63.0717426904562 58.09084343714803
79.71200331129063 65.31227265697007
74.45973107981159 77.42577927092239
17.854107452594437 42.9567990282957
12.636626521385297 32.64217795195354
92.28415654734636 29.793868658004353
64.58048401011644 45.01985083167348
38.87510648155723 13.842174585220313
29.07961435488694 86.95799041880836
57.083932164103736 37.57378589074486
21.128899720008675 86.69929026519091
43.094334921499076 86.32071316985117
54.71142381488756 36.54796230975658
29.794785065791817 57.62175681025775
41.453796846555846 18.983049311272094
75.61037223173732 60.374070315349094
62.525074484194306 25.28180997769267
38.24474322776484 73.20870432855381
32.66287882479091 51.212363836024856
68.05280867960117 22.667249960564074
50.191594516243285 65.050661215048
43.20520761955689 53.170414344961735
29.96173521905221 97.2384775389231
73.33549818912546 89.27016152052781
45.880312349518825 19.079715964464672
99.1398652391805 36.65897855734399
82.54982802138986 90.9279242382454
60.0050132792821 85.76567318635745
12.126707240534007 93.6259613987896
93.23983145759391 55.0103395974319
25.918935743552186 34.07675064513273
66.9460460234462 91.34950314612635
12.292287153408687 55.498798600565365
49.09444224882128 6.308233920414763
77.66186553710847 30.049616328928263
94.65315412751194 23.50197010459042
96.90619292465922 75.69706913666074
