832
76.50974724429973 77.20967946446945
2.840531046035899 55.10595718492968
33.178176514252534 93.10860921642306
32.31191157147085 49.83850944320176
54.202184973025645 56.96941807811952
9.124214578346756 40.30463144123564
98.27780287693933 82.16106352628374
50.500277846668865 79.19247032611698
67.98702427800227 96.65939738469008
10.915009117651076 47.124133381654744
15.02947282291589 94.85710967577702
4.84513946739048 13.828985101470902
43.23203170130381 3.796274387857479
43.24139076563923 83.53357002982735
88.60681713929232 16.643757444502572
1.8307286892809915 54.127276002552385
13.698410105637171 25.197907254700603
76.28395998705707 17.05446172006021
50.17146784464012 43.545425120618255
50.342760387457666 18.97234219614087
20.104453644231302 15.02946875680693
89.1415548320557 2.808171847466545
2.620345478428865 99.17446126118962
95.60289680598723 28.503692155859195
98.472392067766 41.877337341842
64.08852458473558 6.415903649346733
65.25905477315568 2.6869128042579016
56.666348092378925 24.253429566266437
30.92662760617124 25.236941962768533
48.74154337723839 33.2576538927569
49.413104259514874 4.2495612064332615
43.36742722352571 67.77685851503736
59.82340226378536 4.048405048894543
62.780844799450676 61.42288037624631
53.279201094267606 16.866113148131422
82.247302340109 38.39668510243467
65.96824753946463 45.74686377059031
77.91502462505638 60.158304128625815
32.8488856780615 29.93974170831527
83.83981220296195 38.572391373479995
74.47604936095988 42.93272925581838
88.97282749667814 39.590332459036205
3.5415277490497 74.59205183126761
38.34745607786167 90.75466017997742
80.49766880432257 90.92856272889783
29.21903876439018 79.7668220010745
27.13691012734669 42.412177113758275
36.61229444235927 75.58661618470617
50.884058306345835 97.99062023992748
26.133882206195057 91.37869497119092
15.693658939708099 3.59069495864085
89.94418433711438 14.131560191091596
98.2969250067936 82.02682614312019
40.94678158150805 33.063551339770505
73.29118040369774 52.70848077693627
95.5815951664081 13.567438692270661
37.09023784685706 48.82189452462127
53.3407340547448 18.12759363204505
94.36222970361267 14.701204072413887
33.0544839845192 61.323296508730074
40.13528836284097 18.92195507269291
59.0141534647331 14.299765810197574
42.01614266694699 89.83728851085164
5.985073350839953 99.61387143026539
60.30770797924443 20.81230841827031
42.87149965224694 67.638341601182
74.78590279919769 85.83778800047888
99.60176799134993 25.087358873210654
15.69384019113783 96.82315666590041
10.908398733348923 47.301429260998276
97.77753198925471 81.18313902535917
58.50958192155847 37.778450846231024
15.610588330179898 17.222843881279804
41.72677466935733 78.84978563854462
86.41841374001345 76.95984494086001
29.572935949457392 55.87441288710786
66.33492336169346 39.46430628685089
30.64676522792924 77.14522104631025
54.89931778378886 82.96650361499557
98.94770215924304 96.45294740825851
99.70603317061394 19.814368884554757
72.37624035843382 11.672592453077947
72.91509786288415 70.14922152854442
18.50517704848191 54.65822719309325
38.893133060498585 24.11290548170171
46.00433973991973 26.870882240805795
72.25742280216598 52.008583008788314
98.67192008660845 17.337288189620647
5.203410627648264 82.37010198585531
53.41538950839553 74.09757151804975
85.21686519098725 56.58524474830896
97.74986117904942 65.43539048954423
33.07706876151237 22.653050129684516
17.701845344659983 40.986100489037604
98.19323770142171 2.473597355186097
83.48070310132987 75.6312770036417
17.292742191585553 24.00548858188458
42.69685645214795 71.42207528510319
11.004091268901806 86.78085246248436
78.1980423103214 10.213507115910625
9.503988191670176 51.27154370123501
6.509595938026347 22.75619281371215
61.83006437830559 41.874833584801806
12.265985271744984 17.81660110234313
14.074037743615254 47.345507150489205
28.57651310459555 54.82533880253485
94.51069561611222 87.94945863203758
3.1899734699210147 25.138120395359664
68.17545623071139 99.78246808088699
15.007589323859937 79.00577031100214
2.0201850932369703 1.343015186912866
51.56262285150434 78.93992450182232
96.45816266525527 46.66773187870151
74.26439013127558 47.047205974129724
76.33693353900377 53.49038465346055
20.730606094778047 56.64822790900451
40.13538241974799 81.72318967743988
75.209810800013 51.774607421963466
5.445171681784022 53.08514807889376
17.62067123199348 85.41721122943797
25.743985294074346 87.83471630712656
64.62818662320997 16.23598567789658
52.94581287931535 55.38765265562945
92.36079498895 88.16752050826655
17.900945036228045 96.94243128012926
93.38513764680506 98.14942437828026
20.530171895951142 29.525061492237835
27.332879544293263 21.40026455991938
20.10824382743044 97.79971188290888
10.840772201252225 48.9025837736783
27.049234916620346 2.3015025234931707
86.6021847883352 94.58126965593544
12.588835660779008 29.605688880178217
98.17895978472706 96.15334432941101
53.15991201445267 19.36564448337942
52.49612795245498 13.660421467894201
62.84338763976102 53.319274651075645
77.99872482126989 74.02746820549349
8.982979835968441 8.281675151610912
53.70997018730157 60.790942077135725
15.95449711687148 18.007192713591746
85.58041805650379 54.40783170643325
81.80274534038391 33.0208950059913
63.006786434908854 26.363568325957598
78.78555514778921 70.38559829164225
34.60818682514017 48.64293826395364
28.241467453781645 93.61511425121152
14.379267997260058 81.65225048331891
43.15776151174919 25.97961578652458
35.99471730746933 68.6092460549544
20.559108653890277 88.95019733385308
32.63805991286753 94.11298216060335
65.78487347917023 4.643993096631849
58.396864043806715 60.926678693824876
14.809994095488344 69.15977271311175
61.953631230886664 72.50815724139608
21.97615076899867 35.32108847251927
50.0227484760412 76.521929941847
7.045977452697006 59.225442725044296
12.906533920914953 76.08011384915926
23.873625051441117 59.42286632471914
48.4431235672947 84.12560977237928
8.12937650347758 62.33108144384397
4.116302645968606 73.3151551259372
81.84757630386041 22.641204721561724
18.676860175840126 76.15464069997824
58.91451705028852 39.64908538304643
8.598962109515673 31.835271854262082
42.28473176376919 94.94400772768732
69.02009772018593 17.785733596449404
60.97656706526477 80.20731255770544
71.90056388109373 82.11651730990664
55.822742110281965 85.20383029992192
30.688212855897866 15.295719540196728
28.234263155804275 45.5899481293215
71.61898515616929 45.86995133444475
60.52304642529931 36.31026397866404
29.91197394057653 58.28912304385669
28.474477520285667 61.855733556376876
3.989776809557455 31.578018278163622
96.80601904962859 7.2385989824198305
50.69241556189251 30.713225964718294
9.777001556230191 70.86941386386752
10.754671040528995 89.78037386340097
6.9266416423772075 85.0137525697366
99.89253785011734 61.23148374497263
56.81926450074128 84.66368429857376
72.74473795201266 47.0751754300071
48.61360672747187 21.539124495101593
57.47760443999239 60.16334608150624
36.47324844968852 50.440107075604715
96.43580870723916 7.513135688739014
33.13950932455821 51.429724487718154
51.565305784581874 60.14226623266974
62.89014725720348 92.22670578333204
67.21636469288119 56.9036942848698
22.752721692287857 21.98760493124462
98.96973505670708 28.873571165136813
62.14143223658346 53.72154983409748
53.26246903222939 39.71701068933936
65.406155502231 62.76420305232423
64.36140026150117 38.65654907316733
89.51894656465144 5.004774252091759
30.114733112999403 27.670937567827213
92.11692841063508 27.793326757855617
51.578136078163304 5.524106541323704
76.20688154806128 9.522279547954671
63.19364548373297 74.5751910071709
45.45735322235686 18.609662106097367
30.63307950896815 66.07334135442528
64.29817061749232 95.63397637483024
24.3894098322058 26.572229056952345
96.74215988462397 94.24303986918238
25.89946098452455 10.917389887683626
95.53040666996138 3.3870325487140973
73.6474151131748 17.142903511243844
94.47491163619873 13.572215642456076
4.003192389476274 32.16273841924091
35.88087854571391 98.94365132241923
52.94694120188148 82.72691076882825
54.98044945742186 72.9804305030738
74.65298884129501 1.9447845143046982
8.665223353834428 16.501006482265712
35.85709788822867 52.591752953793666
43.235331924190724 35.986109456231134
20.171374064795256 9.274322413934065
97.34100641035604 61.704997662873296
58.93075974633424 43.771443868095396
2.6667634835161325 25.647121207934177
75.30252640407898 32.67982132939885
6.6027887681583515 94.74367442044695
39.045340039118535 32.129887155756286
95.35999559821988 94.00457651404128
48.98201738954957 14.986769434990599
65.85804591700439 17.1238555548465
16.556389437238263 26.941891405129937
56.42876944694554 96.16916243376349
36.633306409404085 32.78326568266422
1.342145490226987 56.0821534414058
5.222226300868604 6.151927946743041
39.13231911569356 66.92032619989526
8.181186982748677 80.62167354029984
73.67754364048706 15.944415018066561
45.90610822224893 46.0010487014506
42.14265003239812 44.212288741628235
43.480352293871775 81.61772071116425
11.516523978120464 25.930048904329006
81.45676195283343 84.26987505555897
7.250362313024272 44.39235469358977
96.4320669040991 48.768216308981614
12.83615688405636 1.6246119897841083
52.20220399230173 63.46006059158
14.876711056160152 18.012383285052593
98.54911586296116 94.59002567500097
6.430277387639727 68.8651237074505
80.98052223963468 57.72225765535145
64.14343864095325 61.8316754765408
9.159980591367656 78.97903339147166
82.49658263769354 75.90940309358781
33.26138412291893 14.290235592000345
43.69490359043255 34.321293072486135
49.33083233385956 1.0017591578156182
47.31699409666259 32.209043460336176
3.459770952949326 5.116679066249475
88.75453268897982 44.29575775256315
26.253459680577983 64.04569009002797
66.46928618014088 10.304526698600425
80.78833966021594 0.22630919198726174
83.50560695113242 18.912009950711717
69.6051855443885 13.055466624386035
28.17088648310747 11.729354162427718
8.672706355431814 42.682653848406204
58.74786899047342 5.297990466897728
54.14753353271454 6.415277933120855
6.675306653121416 94.51859816541953
93.1587535611238 77.62699837055892
22.35754872129394 83.13299497949697
55.23691303765504 48.43319646922593
69.1501892364791 75.1137866724496
90.90139405852952 25.457990879033055
1.3101768590775276 79.12654672303776
40.156243529752686 43.39305169288621
49.63312131624853 46.07440418299473
37.20376535614136 14.520255643989088
33.019981992108725 17.16119814908921
11.183932983215094 50.43192189645278
19.106707727334193 36.80982335107545
25.984178502358123 9.003723790773389
54.65514888786988 43.72807401733469
27.399688600052585 83.49477072073203
45.71478241858766 81.28016309007964
33.41255511114334 14.549299709700813
34.3201516622422 42.0306687431908
35.9682988441734 26.12394129079417
32.81210996816372 73.67111578543813
44.57803105953546 45.064695632933294
53.425051761267575 47.40617203369464
86.96441664413976 34.16238970971547
22.905139140266794 97.26952490412395
43.366466025648876 42.50776681084609
90.86153757472266 86.04402832306975
82.70078337732043 33.859864837176346
56.063445790074255 8.591056527222529
40.663149841869725 49.68318811172825
22.438819217062 92.2149985412735
76.09429440696852 47.6119343501652
23.499389059005814 30.775724807405513
8.709710066301534 43.66092415415982
93.62390624543717 95.4123448765761
80.39870352585002 53.252396065849375
16.817754977873832 17.047572820144886
82.10825041791205 10.626801003337116
56.78361406695955 67.314109835475
72.9908782705495 33.233391049910075
40.473915926566704 45.9545061419059
66.15718967627488 85.71854047301058
21.613262143247812 87.70400906859305
66.24836285916005 39.82074694085262
12.245089508979534 19.25119664337551
55.9624450027515 9.498855825548313
14.262618863826383 52.396018434181514
55.11628370700248 6.266154592597973
70.55672615105637 7.552158251250074
13.940204977221049 7.534615913832809
14.286380263461451 65.05907986408602
89.6147893044781 58.690260082234644
14.29230869729171 23.56187956056196
55.02032440722723 57.954550622866165
80.04337453856914 75.12439576844191
70.80733054353009 14.057115716053792
52.11820146531709 74.9452589864691
79.67935984836966 15.462142073903262
32.574323277623165 8.91930444740867
65.29606028796763 8.604148824034185
48.11649866638512 51.836540905897486
78.7707279832696 4.883429609513845
75.3746391534903 25.591299491652364
98.12309787656814 44.341197732074825
51.09192286592014 26.244626685929184
32.27559250664973 38.64479079584474
25.343391922577908 24.307197124727942
88.18971337428749 25.398236208082146
15.34117648926474 95.43771470999192
24.526636254003055 53.796355661546905
30.559222564904264 13.04298577325601
67.81502711118989 82.50637471695583
66.32545834454113 2.4362701272074627
98.58312126760568 37.88749741854074
92.15851841000986 91.51315112552888
98.73394751538424 58.00445481713273
94.51138832210515 10.697715462932667
66.86330095022497 90.8252731959979
95.44410849552865 81.47752551311272
87.74336190143576 96.1068128673991
18.4753354544821 34.80573404768388
35.59522604294445 2.4009795149584567
55.9216799350918 3.270650076010706
89.3774564335553 14.841149877535088
24.32705107159321 61.6355036183293
67.59286311513134 97.39732851208022
5.522640704775872 54.76926289375501
81.04955264343509 99.12723119657629
13.986908799099284 95.97138572182487
75.47775310817384 24.005727240162066
42.42544520289587 53.57208484021536
44.708467398574626 59.33718286164953
19.974603431565473 79.19145042046132
29.153627730487653 6.9765361788080344
60.06182039361615 15.0712491715829
43.787238543594285 25.06331210186864
92.03259227019234 56.37253218012789
82.9389479124487 35.2407065979956
60.43062643453185 89.94356420907316
61.06263847406781 55.08985117469184
44.553278660720395 26.01504543307608
6.044239428930931 64.68706198172646
56.03491302612049 47.82364672156215
75.70910051320786 20.952508579154618
47.58656825502984 52.39759041015096
16.7089210304294 54.386260756684344
25.692256457626115 66.64240789090842
4.237015956289092 82.79182995121019
66.10572794403213 59.731801567983
83.48416962834199 7.50235037210758
74.7945061659022 93.4820133004711
51.00750610637078 19.34506585353234
59.41871783038266 22.34266825553164
46.450738828666175 43.91132619401189
60.6886510846705 77.94871599346433
9.933297320865364 97.73013395297183
20.63297119329075 79.82076029038645
59.2613424872383 64.88350501662758
46.412321986025894 56.772851782226496
23.23047324824129 66.62848991901286
82.45755882792479 53.535631024463314
14.415731066210636 43.098609237472665
28.449533584185605 60.314868522178145
10.731486557514181 20.15892440946294
89.83250337281936 74.54338198290533
92.9662014696691 89.01769605773652
39.72002285591047 2.897912755262899
46.36856288391559 40.27839451221445
91.19361637371614 65.0364409652301
94.73893528844143 58.36504417723778
60.1926911020523 33.91201418380234
39.12005205340733 96.95070335447097
20.51759106959896 15.538453344472568
64.84376294218653 22.196726082000072
25.14526339964028 25.93846320301668
27.114198494305818 18.2228013883583
66.14357011300089 15.475197083317882
45.24700959455613 68.9243844157777
37.9321406590146 42.39408255023894
25.614378690180995 35.484116502440266
15.341153742118042 22.140517263443428
86.23925994306617 25.250598310149552
96.29456009987754 74.49884564408322
62.66232677075191 95.25302387419646
15.649187407000909 65.33624862683243
97.80533202122335 1.126610392092231
13.434975937996562 33.867605032991776
44.038926233670026 47.57315006275158
10.686671728243159 45.38265494960976
83.85996003892049 59.851400626374925
50.74683220467463 14.99157413912664
45.48952847041466 1.6972827843863447
24.15165027181294 84.10812229114724
98.70345218105332 21.258379382047355
77.70820939029245 89.90015283112392
71.99724871008974 68.94450281773011
32.76884256508551 89.2996773188113
69.27542689457017 27.498422121946163
96.724887416187 34.09395888475889
1.6436847051035763 21.3414761243646
23.72256987567941 65.60239554780081
4.398874462498348 26.9814843689282
36.41959142986617 91.26215070881454
85.80364093330134 67.22094197609695
71.04594542640368 69.11439026058972
24.048826403819657 7.27594367333686
5.373403836282198 46.735178883430976
71.63305532843751 84.12249883320926
32.69535447154516 71.15161806863696
0.5607808232446998 8.233706333070446
34.510624197237505 40.17210165823233
59.564842828982236 58.711118050828084
65.81564312119333 41.92654792465243
79.69953632223246 65.53349283664878
5.590311815325699 26.14823883210341
46.20719406217527 85.55315191240774
74.39839439339798 45.9961234677531
75.06814985008987 9.397645126589428
66.65459073274785 40.138289229450486
72.83038372475409 42.61627940043963
42.27803928354486 34.36031737453425
79.51838774500969 1.6129840868632006
11.860323943062001 33.54093371875685
94.5306658087204 46.73439458692016
14.725339867137055 43.31398842225348
96.5783760387498 52.35464373279976
18.22618033252268 18.441401810794368
84.8921418527274 20.231732398930912
74.50996502544565 1.3940365034819657
99.39149601951289 50.88886586895624
85.55942697409604 24.917681834489645
30.24001510340146 57.179580366689464
41.336203779242275 43.40968454948522
12.266164279568137 82.23042481372997
75.29776508846447 23.524925625920613
55.25891540708766 49.573291742191785
32.27705255933358 24.027038836922408
73.20534382359367 18.30339805521627
8.002178809938787 23.90970570152241
77.24938300826174 97.46176990019026
74.35505767213 95.0749544307496
27.795916794320274 37.059865554172724
22.425411986495202 48.910397113831024
63.7252495961298 65.80173544831635
85.97346365971147 53.91365908827114
76.07434637143157 77.52854691115404
1.6973504625166669 86.11898476884996
5.066580271891874 97.3158887011962
47.7668024639063 39.40812205282032
62.75429230808084 15.441799587879213
98.35032339177856 64.01359748307081
71.57886955786645 85.34693450096948
16.03347302818041 87.13124726368939
37.519874030345825 13.498229242744875
20.4505708929262 75.55060969242862
82.17322423427295 3.5517972314446644
86.77391378812274 44.57547538183652
55.50266145593488 39.24275800537934
74.25421599352582 28.104599435573075
4.469166830698135 68.25375585613467
51.25805265107943 80.55597561744652
81.49756628022202 73.85406980472156
76.49256681931132 15.297264983545844
4.747921711336622 10.965661238274315
72.74404662174038 17.11975862311287
61.435798028820784 61.82053751908341
30.430605973898505 69.55097706518843
22.456926422040148 78.93774811684922
13.192552986810856 47.265474242436824
70.33473292139657 10.891887517900988
98.67276883768788 14.779458806496205
59.11140121635333 94.7930529632963
56.93492715509595 85.76332185448034
77.6099659997567 35.034943696041644
52.797265935324866 70.53587575705734
37.38208910262541 5.500990354490998
23.79984373362294 9.667967139162602
59.28847319167305 7.573223450465405
60.797548812221706 41.268575139353594
31.281179253158964 2.3874349345744506
47.682215571402345 39.73109159837922
14.930884236199905 79.20815946745202
0.4281543983537861 69.69389043994616
63.097084941420576 37.74785481693145
34.884131450969605 60.364835013296194
29.17446189481767 77.86703268573801
30.62331076979431 80.1535687171494
20.09467478943181 35.086005346894424
7.746481611190392 44.71271449283134
5.631544536877042 63.614880971746004
16.307903971397742 83.20112235278754
68.55914742958296 0.1625563283871534
28.52408761630425 34.412188556427346
30.183666775579766 86.48424067809162
34.41122802285632 74.81225730862032
59.2426516190066 52.79155128109363
69.86121308434387 63.18661215442305
70.63019307512681 79.46092213662139
1.989657230380959 33.111150814459755
95.41979368970391 49.65518674395805
98.66258101950426 50.53556104028524
49.131730148910634 57.11136617770407
6.091324088211991 86.74248997907192
51.040517661418185 16.954431891712517
59.091779900969 69.46491474680366
24.311889864626412 27.899493678056675
49.23159446715074 30.422555732974597
14.75664061181684 10.297738898799569
45.68713057984194 90.78285176595826
86.48421969998401 48.5907489767162
68.69053922607178 78.99393880693995
48.21421705603759 45.21944225194305
20.84630194440188 52.31056657353359
21.405240252635416 73.26766323609792
74.30635638666011 86.43252154203122
99.87415202059798 85.23862030976478
61.78828039747547 1.4975473634924574
69.11584136696717 18.31735847374617
20.836059462630942 29.96991197832929
29.42826839591348 67.75316752968125
79.26887963527209 14.989583675480734
5.446945530040582 86.600832745619
45.397444710671955 89.87382968043539
25.757415927595495 23.042154430781537
90.42887137048979 22.981092134486005
64.26691733185035 3.4000370729718288
48.75002142787716 47.156484473304324
3.973179713787489 98.18468570776385
68.03749938655764 49.88153466971792
24.314374793713178 2.0781549489772955
19.082890081645843 72.13768133259437
83.41756159955914 84.48842409368518
29.205335065739824 32.39325794859083
33.36815977433155 64.00098540130602
51.15285571895074 0.4932813780371581
10.526956283701116 8.940017879999584
99.97173814295724 6.06304883979798
12.165991332521509 91.29438442539916
90.16610503258129 97.24466794527704
15.493610891322351 62.448327136574754
97.83291814074096 18.006525851079736
52.448921614097586 66.99647348119221
17.99795976817673 23.854483208564137
18.987838601406427 37.206727606057385
43.17682449681561 88.51999867874666
25.207257690057784 4.329809570397325
1.3793185835388244 36.45724425299392
18.511917202612736 44.09495267468942
76.4252268815663 43.25550563743863
22.349812826573825 94.14212027167835
7.106444751442553 5.8795341437843485
30.212138315203553 31.342531354202297
0.5704298429556554 71.62248310837398
86.69076057970537 90.67497676757175
28.445694013548483 63.939569162708395
70.84801280374828 97.40030896374826
7.879412881352577 64.24705346223406
76.39013905095898 37.195363953082015
77.33399931563012 46.384524449228316
0.7910468887543765 44.23841187687759
82.95550061335587 6.840529579025656
13.63743923216455 52.72091295135147
12.740218964371463 75.60774651805914
61.940943136448944 59.55870032315339
86.238568499379 82.3628684738426
46.590370957336845 42.97334535298525
76.51848724680441 4.128629108812465
4.3307316206326885 70.38298734335098
8.313022461665454 8.526822397598355
65.45452160360499 41.51894298718703
55.10537491375093 1.7757574660088316
20.400710228489636 35.543632637680965
41.835237851653 13.06237799198422
81.29453081830529 20.197649121320005
13.367520138624812 80.7952402318051
69.77800126240436 27.89117697147282
3.769788435031285 2.6019459655158506
24.514897721191808 69.70217466448028
93.73186544906571 82.06481460674907
82.02090042123965 84.4838091001952
14.847664467289178 25.67729573568024
83.73976109315464 1.6082208535264098
36.87624898535498 83.36996184762509
0.8315118174178404 36.0922409273432
79.15564295375682 26.795012361509862
36.78712541628889 17.986585617280547
81.75736281566424 37.804958034454806
80.07383757955928 47.71646262515207
9.616579010383441 32.47755847724998
55.05759835956522 64.78344503688479
0.6249701428493459 48.361873708047085
40.14897461559186 71.96308168535539
3.6094071677375994 29.81922097009978
29.212758325471167 2.669642444851106
95.03055279799823 73.9171555339274
74.59671437234758 7.84474337881459
14.393050771810556 98.72664299835598
80.59732516229428 31.302092440287176
3.8597261395521443 34.439878215024436
71.67750054013847 90.59778042166225
59.23308473703703 21.442467585664872
87.90240722778428 89.07343918437469
54.92825841370722 21.105715031196613
97.99977569427759 6.207624614224283
37.15651479105379 31.981723342392034
62.99802652281129 44.36235515989456
70.17714626368135 6.705319947181088
29.534091253596493 58.50038522524977
57.97598683531599 22.290195694635994
34.07641303386738 60.791067870902395
81.07975113246897 29.19857521359157
41.85374419364892 95.3196311676768
71.95698801132572 52.85463634239601
37.56730063693728 36.27407339051777
54.78515864034749 84.61414197871194
29.817777725049833 45.57950649388528
91.70177385440171 54.86442644896156
24.070777710469226 77.35888219068337
47.1593031757121 95.20405184520567
31.64142008594156 57.64110319554211
20.284514416951737 44.957097019498335
44.88075479070947 45.65396450396666
0.36428214728848607 67.42297594424628
29.367333399419227 7.650586172810558
85.67055711700888 80.65612250133881
7.850232540086566 65.15410521158971
31.869778113206493 90.25882222734215
53.04690058854554 4.067428435700005
2.6206070290252126 67.37614620684289
53.96483839001404 2.9821688336201246
2.039704389440511 44.419380478472206
35.088414263665676 91.15602702013604
82.37405539391165 48.32215128625494
11.518297015262869 7.939856155209968
66.90783493583704 45.93260549362036
86.62642329829173 86.03427209106201
80.86508016238683 25.789032829522707
80.91095668288453 80.03759763647487
23.99918064199228 1.39116432899844
34.78002631933486 36.70519402918592
89.86848268121932 39.477673812956404
72.62123810567405 58.51354258706759
76.3289923627671 50.3388602895612
54.29878824476017 10.333717607058535
5.048596712561637 81.60174412608158
18.41642020205795 77.09186121798278
71.02242874710156 78.33904564760931
96.18436312326885 30.71123961665654
37.489760002701566 98.13649709820419
35.5929694992399 36.86703187704451
13.790363772906488 4.267587642319304
26.62041707205135 41.44728187908741
40.85140974091165 25.786523921758498
94.48240171253013 68.6893523872343
67.635780525379 83.95665587587398
12.990393757278696 75.43351563008255
58.76041711737384 21.44024148054784
88.57967944127815 2.910108147078394
93.6466967096589 31.698574469003216
44.88686083767652 27.820461600709713
47.506569429362976 3.3381827064330127
3.6871849635431997 74.18636933829475
66.0672252180149 34.14258423485952
19.816402483848282 43.31317960062243
98.43153263983417 41.01749746701573
43.73748876395766 58.231502655398856
81.02886735847463 93.36831986796345
72.94662504446484 70.99206166378369
62.003139240879335 61.96831771224415
29.794246713908322 34.86582346065792
90.26756790127442 27.469246630872846
15.572591573438787 69.72093401430601
18.719635548331315 76.39521900250419
56.32470304953602 8.14005077412505
24.264901577363986 1.863606033174936
56.89467306766919 46.5957953940455
88.75535744313204 91.4189828669302
82.85836472018629 45.65546508998855
83.6736469600088 26.109259060774338
3.5040890204987574 39.791094595108014
30.967292374837207 17.49023363989891
7.911753803119936 16.52935146933331
83.58100397541592 86.03157061350008
16.678065687781697 94.75293258794643
58.58601144471015 61.907779051918574
15.784105917033264 24.931983485179643
9.08023365416687 69.21816372780934
97.09556365811733 29.478341731139523
78.29491613426379 32.02026024916804
46.60661064677962 1.0396608698921672
6.175604444038074 92.10220911334171
58.53677858100731 79.15368755948906
57.48821504077429 3.3209375442229017
96.81220946781978 48.74363168051767
70.57317029723546 8.465227382153683
80.30207776313489 98.80587196758115
97.71071978557588 4.611004368793581
33.19891920327935 25.15894415473854
69.36732676774324 15.9913734466406
73.71583628350635 88.83156551220792
61.628520488373304 77.59889214451574
5.088999120335758 59.89606919452113
83.82781185417714 20.360869802706816
3.7724658438256675 45.083647545371164
58.68198953681908 19.706101936525002
93.0255958756802 55.299700132641284
33.536525564737104 17.57563790571035
97.73204908807827 86.0780816924385
99.77245255098786 64.00131003554107
42.69859844962547 30.254925950755506
86.16564346334981 19.207239797718746
3.5207862583336302 9.65300622116544
4.565915514671359 8.676675666999422
79.91959629645554 77.19857726575864
15.83555932312789 20.813162492244185
85.45725305863597 50.18106168750164
98.10313306063468 35.631522627632116
89.84162024810074 76.04970632710449
76.51925725093422 1.1185233658831173
21.872659695370857 13.585913692476959
9.87938982690414 63.47798661634481
33.06641612688055 99.44204390073769
0.9270072529941831 35.21158240185876
43.824135568583614 21.870026740108074
63.03444419109526 9.209784393396635
85.5167035695184 21.098186094732764
2.8520146168952043 24.951268680765516
9.343007729078556 57.86228365802669
39.64658217138825 69.43380358781995
28.398195332678057 14.671701658584645
86.97656503241404 73.49730615377872
12.376564754197094 33.76810928816363
3.5725396540887355 10.252037987044416
60.43383587191856 40.77011163820744
62.02048810204859 63.40487139446688
96.00830954567678 80.5695468633725
96.88395538741774 55.84697735065407
3.7279829406756337 29.559825296423714
3.5173285390383557 59.92692637910197
19.02095899153916 63.826339818067034
35.59875622669838 78.18882598777867
3.775968401627272 48.308389432922624
7.265547179384468 67.78363982589501
52.30878181251354 0.4457828379293649
31.460253604065503 69.92623547697185
21.790771007946397 46.69818014551549
35.84745353355575 63.42895041544442
31.4474157767043 93.37067303886113
64.2208593658322 6.321180676473592
63.37230439559654 10.99526388006714
91.3127450015747 81.86164296928101
93.43923383948474 20.195111261597397
77.27972235440348 13.376491662069
47.793574735151935 90.65171155909935
81.84589106731978 98.38317264928949
81.71668546334452 43.87115821456735
42.094881286960415 73.409822255109
27.166100775191047 42.74774462842769
55.36381990054301 40.97159481475491
28.043354105206262 33.849542166281246
66.54123563357659 6.307485644118582
24.317279586829855 75.17479686512613
91.32813482093617 87.78941462410307
22.076511762224293 98.94737874914965
24.124550429757473 88.79669240211348
54.30270275712474 12.83932177977486
48.960252113237736 17.302050626751342
17.91878650335228 45.40933614469073
28.331439204200816 78.15646891230219
2.8822334403822314 27.912968605046984
98.17710221851529 42.17080866307954
42.37191938202527 14.514020289362616
27.514151698133716 60.298467257055535
57.573449618450546 80.9361783544258
66.2983947387595 99.39334556852806
13.110725133606149 61.857197201489534
57.65669265237524 16.897764423078364
26.313948442150437 99.34734161052945
85.48036263182509 60.904535717659826
93.67670734409376 89.26389397085997
82.3336527340852 8.773534333689136
32.450465232719495 27.04409900570216
93.40769870417509 33.37955910223426
22.307215559094995 15.726253841912685
22.66477777105198 59.37626776864802
40.36386891830608 40.563661709149514
41.39669999923573 87.03476995550973
0.9264667260767245 42.286243592752406
27.73469230865907 14.324628956899621
21.247645358264567 78.01919633479767
96.54311412184288 33.833553195114575
29.624539393017248 65.30168257040849
82.53261294409066 16.133032188351425
53.766167070457314 61.04036205184329
11.519046912309804 5.044242715138713
17.482601483696126 85.66594243978362
37.48355111622795 43.20761890238588
24.56338478247687 27.196892580747345
