825
30.76310041080911 80.79034994323037
8.61741411828576 78.08514240588279
40.81750226615717 95.19866288526109
47.35987968976447 83.90213956981299
63.26336040398613 19.298303512166402
3.296117300647672 56.696682643339614
93.64122264802836 48.14841628857953
52.445416533995484 94.30741771627756
10.529743636978816 86.53095360260467
39.744843243113436 98.96471156367517
44.746976431148646 99.56784512177535
85.49072746840538 58.86462991907464
97.29757651250216 74.60485512508697
68.81709593853586 46.80856454866753
89.65749627837354 27.065589686146584
49.37337242718336 60.49445096156326
61.63833740213812 65.06506045135974
22.840406220559963 12.89208063328724
86.25961059523225 65.55008482612384
73.54714255305959 9.434529469312958
55.45121851263222 7.126692038803839
88.7485492862609 50.09339509925527
66.09477771625222 16.87461625608001
90.77300060454951 80.16796931232975
80.30375719249604 69.46508439064668
60.73094490602469 98.78518162774755
41.95299167616655 36.28072661137058
89.03288189323682 34.289670712928334
32.27768928951591 52.963481067918295
14.031349524825698 95.38594019273837
81.20351453185954 12.711483194743556
18.63915958266874 50.66328286638955
71.99162712070057 12.808028870977717
27.302513340972613 46.01312157119886
79.25004398593916 9.061489962754255
11.099193787232808 81.3709568846676
72.94185097569635 35.54281760330294
5.972925007421937 56.581880149938925
72.51138123378021 14.661911175565589
67.57062915519245 6.012167560159187
27.826782325077293 11.79212882737264
29.908505165241905 92.6746832641315
50.098972728596266 78.86713065665396
26.653080620358192 85.81322622013184
45.45234374690702 73.46157433735748
21.69774067238569 70.55740032346316
84.52104518284827 74.89828157718132
88.88200183518214 4.7973798218706065
39.23659605133113 27.829919468209706
86.3020351441735 19.68190859831229
38.236486113062185 74.58413969600178
63.86849853477674 75.38069675005808
88.32148659204714 15.281384360164896
13.139570847178828 15.28380500313502
15.512901503554943 98.74667685096479
99.6550289716498 43.73653844925662
32.9936660958669 32.867069059020956
31.466851089427283 73.02369373305528
32.07391285920658 79.96055552499016
41.09639029995138 7.0813121638415915
60.22776886533037 42.07522587750401
89.81649028663371 96.47624070617947
91.53083788374664 61.69041754744921
38.316459029373625 71.5675930391302
2.0012228690183265 61.031582255188354
77.95529942987797 76.28759519571486
49.71188434374447 91.53309359829606
5.860402514274011 4.612040480378998
98.06613850315716 65.03292502853833
13.442135899534458 88.90766326090306
11.837350585592986 63.37164275815073
97.65742174610877 5.868526280789121
70.85949016377572 87.5200276139893
21.92177410283006 22.910348187541995
97.22255223519966 92.86047378688313
69.41709094899792 83.66490794211792
45.706201115016206 88.23195640139267
52.47007476167139 73.45578208447053
67.20062725276941 5.380893848989232
83.1718397127825 38.11366621892371
68.96954498511211 47.35652258410264
4.416627158679565 91.33417251053609
59.943079186945226 37.803255270748245
43.065133478622045 46.11198203192634
4.340374551713988 58.950257633737536
75.53092964263324 47.851763137163175
85.80431592323941 74.07139042291323
14.873892841184034 18.06932151023004
11.461638193504875 99.54595026957693
38.968865856667435 6.442571065360514
82.29605355436304 97.96327672187061
20.907181879365353 57.386386534259756
22.748280940359678 20.797416609180253
77.91576793183933 5.131207939086835
50.4300570665812 63.40199124224091
33.35347716166371 70.3175467285702
30.69937998000791 54.392153299665104
92.57575507113029 5.000477372926615
88.50507856916681 21.52025653117462
84.70102031730536 4.2163267659285575
96.47098382108086 13.04655619878009
69.14201390404267 41.23828730895917
5.706950880672402 35.32137563067873
80.79310280309825 32.202806019870934
25.892577756855662 51.76790786374783
69.22752108373028 45.99227043027413
9.223678267553337 19.13329408118072
56.07551786916866 67.0879932618532
42.23883539976029 45.769482649189754
33.95816443842825 80.79704201709322
75.2396452590668 17.903311353216868
35.53052282763228 92.41004360629582
94.90602900540743 27.898575952524617
98.55403087958688 28.87476839429012
29.021042185867962 66.20240986368245
66.08228104049918 67.74444887885764
58.038857097715514 66.7599080864785
55.03448812656624 64.94521939201827
16.609089597692005 91.74524301186486
97.24141690560477 40.43693599781909
17.16237734803435 70.1333744189005
62.37969643861453 88.22048064474778
27.30192074697714 36.527811223887575
75.90443232902018 30.10332483308227
50.974775177951734 43.675029144031704
75.11699590939901 22.866290848355288
46.54173529882478 13.536883823315527
21.079007790237515 15.90527051062618
74.1412662702556 35.93712172018056
7.268179121123374 45.07260059345444
18.651007427893408 91.14148880649329
9.940288649924945 92.15581760349633
18.13606731338824 54.24215386530997
8.310189010239045 91.06668096719234
27.70296795754412 63.514994593003834
65.41176440582103 12.316103938567712
61.80909991802791 17.29938130116764
5.812714858093537 25.581507746678177
59.85343539391198 92.26321294748226
14.387348956554014 87.1638126380551
75.63210646923818 66.796890538455
61.39635664558881 17.37138068906513
64.97454567234378 81.89515557437913
67.76431970004704 5.418581189988158
49.94886693901754 0.04811385275468316
32.296106994896654 67.36849343408956
11.409861187794712 13.663160833287524
84.04874810227689 67.74263901889155
68.42424039667792 21.35473926529883
96.1703796274659 92.88087243804381
60.90056679891095 40.073719941773774
13.698210743411321 48.280189730743004
95.26935957689378 16.93224145037663
62.43796556998474 95.47317669225917
94.37859693147985 9.870879667055743
25.535860990098048 12.52355499266178
21.184335003072274 99.83232993536771
31.632538247812136 59.557054406649655
28.665680854190857 29.63612189249143
53.16630098652947 50.326148266523504
18.41483918940351 66.95457477769473
61.520188780605245 6.081160176758105
47.5763439954841 72.84027500511378
9.482749316576156 29.57470392746827
99.53658032016817 20.578671249501213
30.778888374736724 95.63863538099142
22.92914762342474 19.05200766575864
94.66904279179985 43.078025666124034
86.50492137881702 66.52504083462799
62.05140422338808 50.12523833391359
62.95479636017811 19.693461744550824
24.984330714941226 75.95470091420205
13.671961765540274 60.23940670387666
29.999353110925487 65.41350354249516
92.30213638509069 41.00722352414709
29.3635181719197 64.75962931093848
69.87803870989102 99.07473606140232
12.821106673351157 40.96435936732783
8.656110561963349 26.298608795989797
2.686590074639228 64.97007519677882
43.185809712648485 49.13729038435226
53.901841437900174 16.18206328504953
34.31153091406935 74.68474888880641
32.9363462427089 18.628754463224308
35.59076831577859 66.07108276539756
69.91832173582449 70.49635831545635
44.050889638794345 34.19492698110263
53.09913555358793 75.35786452562799
96.99882915159476 34.61238992683629
25.063178014681142 13.757045413534941
5.6697156820277534 53.8022136828045
57.588835171769134 14.73154842283979
5.62591064693021 67.96467601975897
38.013691660561264 21.135540272287145
8.179128546837621 24.640953351062013
48.77704903701462 35.89987580366275
79.15546653293904 79.49117587428016
11.687662393381649 19.324651026770955
4.552283563595849 19.731195699257174
42.091220349307775 7.719153486994235
13.794832641679056 8.90667563214972
87.88199072682394 17.995215319291237
64.26234645856 37.22052972788258
60.98487392060639 27.1726717148155
33.536179155741685 5.440565942587117
16.066104858501973 58.794273298064525
37.765121257795975 11.300258859716772
35.06464228412263 48.944703076399065
68.52597231025881 63.07653997249534
31.015784304450833 3.062438453885119
62.2496438182366 40.39339605818395
81.42067306814123 27.076277529465898
38.80802160835292 64.1189285861312
56.50231323744048 97.72807283598958
81.39608683002398 81.33784220930109
84.03661314007995 35.36908825372655
30.329131349208115 72.66386433834407
6.435403119430871 89.50679646111405
2.9060686235796385 23.549038732671857
45.87536052431644 22.709965045729884
35.48846778243965 51.9435365501264
78.45175501543399 27.255006927893145
18.647572499206667 88.32872768587112
73.03156836280581 71.77637713595308
80.62015084355137 52.75992589359283
98.84096710794046 7.192347960016143
92.82145635634295 58.19418208921522
60.60651020502986 15.20370746120009
51.341311789022036 71.39811022202863
18.54407673632584 32.418854206888234
4.361905526826759 70.56722274461232
19.063784360701664 69.6788408574975
51.46237869818642 51.69094351436119
9.265438305993756 7.3531622590783385
56.07714862460577 99.88543128863945
6.979450543021004 2.4848719946935494
70.64183788667309 4.327888303204707
25.870563725987637 33.606597388885994
29.665474211130416 99.34769036886462
5.696900221258227 28.31782861995389
46.892416474507655 20.005579970433264
41.390323439442646 92.21849317809075
65.48259596361494 93.38283045071893
82.0202141073871 16.06330858116538
56.27943935946232 81.8524055709452
9.048009267227542 14.120431129575872
14.647272560600143 54.448471647416774
32.209519124541096 43.34025534940692
3.602517992684462 65.84725605050524
46.76314531723382 68.99182294292821
13.738144914866524 70.43572951159221
76.14264788763026 44.34538146004983
4.477464551793986 94.9993364004271
42.77869565400289 52.10937673031224
18.659771666849256 6.88214214428482
95.99607029982089 5.974519518375887
4.627569429065847 9.780288868575493
18.20057432808049 9.064546055851574
18.860602464892338 23.244093186639635
97.4777440359619 82.22450552162633
71.43206250719459 4.838941420348098
62.15460871322532 15.008197164533899
30.364988242056214 44.82830055724264
18.322802520726754 34.59379442510454
83.93023746511122 42.502921520484136
22.46339941094574 47.36263910483047
25.201961357044556 81.30724488571182
2.8381325106883293 52.1150623929154
36.71492634714365 37.83371886263751
66.90368151546873 88.06441938081878
89.54851008477024 23.46535431041753
9.563428651396189 34.3976915403427
57.47582458515069 5.712422502126346
30.54835232580684 98.55657846725315
57.30939853411143 62.520015039293334
47.90466958451083 83.16533271958251
2.64344049871883 17.99834135945909
51.70275549217598 82.74662333161683
2.792013369056512 50.70674074513054
81.64511428354359 60.362975584741775
96.28547244061664 5.65227108750761
36.58538358362258 38.349038484810464
33.635209623579144 61.05534902778995
58.407614366679326 63.526240133362855
33.50782357661172 71.79865516755368
10.904392487357539 2.205933266353899
99.15407534462103 82.65744463773007
45.918559767013065 72.20812005022562
56.25240829102703 16.997395414627626
17.49919900220074 13.992195890355319
92.75350043857414 63.88830265576275
50.593239437436566 86.82832506060278
34.77292219552734 3.1263762939176987
81.23114942214733 96.59579411703078
50.55866977729855 6.173819932240521
66.04967934133083 98.02958592231606
70.82115143761621 42.112945360635756
26.32681739612711 19.551066947162077
41.02996119304787 43.72955470337156
77.26172026787175 23.461782701585378
90.77065517305041 58.13778014614622
89.45821055653272 72.62151099233087
68.12366221190423 65.05801512840488
2.3652411213105573 29.653442186372235
46.152028119587406 18.87769173785534
63.221743439862585 43.318169658425255
20.540197322945797 56.62475324431908
87.8289146201926 96.77809975264832
10.519478997744736 37.757663219685014
23.699767691286066 3.554669519244924
13.172703743815505 26.911015578736077
6.032574273259261 81.68551921697089
56.40151243284932 38.31981015483387
65.57627270321433 23.273273283661887
87.1185286639657 27.952240488373825
6.131528330729552 48.11911484917148
76.9100160265524 97.59311580855812
65.58448601500345 79.6692808674921
87.6034688068071 88.2133802601878
42.19873662039109 73.81473254686018
53.767748156941074 3.039880517341309
40.23971899036726 39.01559360578031
69.25525768439614 33.04219796741468
48.89228095079691 37.676899140705174
40.63178091424238 89.23909607812125
1.0448360365009512 21.100004206155443
34.84562112358712 8.039474093280951
57.2516596953309 17.976154931837986
43.25554891546105 29.447493267876258
72.40551038547002 89.28418109124951
44.9301032777273 50.29462985286902
46.39217849884164 90.97673692791834
45.63253689225775 48.41382482802141
7.702133656651499 10.566084731568493
89.03775143291554 80.87134190600693
87.33684557453779 84.40063153837536
46.06629363719431 4.768694884208003
74.8503291590237 31.985185523142036
68.17325548454653 8.746221850223613
76.37022788644833 16.195561691272175
48.97931380014122 44.394333996900734
77.71310621667038 45.65864644445059
45.10517915334632 41.61424334501661
33.00471463074286 89.75856955711168
9.926144597388408 52.00301492042492
80.48807302067459 16.708375213850978
83.8699430055676 37.41804927110577
14.681911610318487 90.11173463043545
33.36771603546688 6.438083111471194
29.949373118648893 50.162539357006054
22.8076088197517 24.164663004930553
85.34025770857227 50.12109357071994
80.88541234729803 84.84505044473066
73.7883067566781 28.82018986058683
20.838554882901438 40.23898777184055
67.45627829471451 96.86561280621613
18.483129578421366 80.17224668788083
44.23141173288989 88.7460806854134
29.606989421131193 28.239583828615345
55.35937382617839 34.8964075379731
84.22185267809974 66.96364260331005
96.67234467260938 64.3919938078098
1.4954343303052786 56.31848889887661
38.076891103061975 88.51590310896825
12.383802580871661 47.77244252473185
15.773376134055638 6.487122227768937
85.39650957326039 69.93483940077634
37.6442582306468 34.91503798590793
20.342087509810614 28.777417457542185
58.514244088616095 22.06853736172104
40.782454086539 36.09810225212161
22.918177820685504 38.73222013876958
47.606886595774064 39.32149351357139
92.89634633139939 47.976277321187844
93.21298355947968 38.957719155702094
38.701161457964574 12.341357522499885
41.25460207638086 17.287714553345456
93.26893826878646 74.15973295834138
89.94655190121593 28.61693651443249
15.585146231249357 10.801166000079398
64.54806870540142 81.51933049448368
88.25890725268233 47.50108567088217
45.26967944626951 27.262462202786143
49.85641566050808 28.49577482459037
60.696748562216605 43.28136171339643
15.848043769504649 38.609402187523315
17.834292072732836 37.13260812874686
25.17092148415453 14.173823943300622
29.166817850759063 1.9354551115403296
19.23596537661407 7.80121657498567
89.76791341232872 42.891711443412674
51.41963308151863 3.332720970920622
7.791474863613123 96.95388341833974
99.29469479351573 27.370565738554696
85.0190068264262 26.431681629107374
60.66084140550867 70.78474508071005
57.17291073959784 93.24487732377965
63.568235391965 74.29799175751268
93.02964976409947 95.16608616154069
76.64057874256554 49.10527142336692
87.61820383161455 74.58174798809506
84.14362281929996 25.35566241290916
7.187523538378415 74.2440706239073
98.49040387668391 33.68759886064204
93.89597920384684 87.56056639991229
12.21442819272447 17.201224455504637
16.693696947178417 87.89538604297304
40.56469727226746 21.19263374723991
42.54460540393349 86.18969101320194
65.1919609653038 2.8767578864383747
31.5442469676123 18.852843877531868
12.8485500275487 21.90192343062014
59.72745583074034 71.77240990184684
78.79707735175477 93.20562453886691
53.73142575912874 6.599050209442936
68.57295110463939 67.8313487211463
91.98583955087523 5.7223111419254185
10.135230612382095 53.54405729134677
49.159459361559485 28.471840504397004
7.779088484892349 98.72538579589062
31.566111405006048 42.943983272907374
47.09790274911111 72.72205617594737
70.6325042603754 80.87047200829522
70.31035209224537 81.80506963760362
7.93120628372419 60.3632585056628
61.83229179226621 16.885313863180706
58.71458876780641 28.369190761597462
62.41251732879558 99.07943426970027
19.12442932775271 71.2962189492428
50.7437378913001 68.52841163794288
83.62049173793604 56.96818909349274
43.276266605789246 49.9577173278475
1.483949116130867 10.554597032412206
92.69446760526672 52.225659955795415
52.50883602188168 45.21629471336461
80.61345713296333 48.48247222098454
72.0479263919469 34.87050756153869
16.251376683327823 15.754853786120037
64.08550234286584 92.8319179140776
15.026405904653084 76.90216795831506
32.06453157779606 65.78477311604435
1.5757236867586566 5.2973121733070005
10.921389228699274 20.184369527300372
10.151240420783559 42.845218273781946
12.59803173846672 18.736734953865806
68.2487594980822 34.02199132958822
6.278436491600392 52.6920414992298
25.632270269458946 97.74936289328221
32.82265212067751 25.012867749558875
70.87137309922798 62.5614438325516
13.902044455020413 13.173952551467627
25.166135723080284 81.91508103718411
24.134013075893723 6.744275322585381
84.3742322796221 31.696267513144093
68.55407535537402 53.450400737064975
45.024989671888136 73.19150504672143
38.317704107571 29.21759134337473
72.12761788303946 29.986210847601015
87.73258740533274 9.780226696243288
98.2873850536354 13.481529669826875
92.84849747253821 75.89884642574019
0.9694741791068773 69.0053010207709
50.65207977189284 31.905772661428188
67.92213058119437 47.55796686268955
32.352723174135754 99.93287275959966
45.84257901126044 62.57779564452498
66.82543246541141 33.47338290740852
25.983934491904048 2.201552186073874
93.66066780259634 15.300259143538785
90.16969709791428 98.1409706221078
54.968577337800454 60.61380794663509
39.206291073662825 34.28569004681652
0.4514206167072987 78.65812789852919
72.79290297082464 25.805128180793567
42.752856392612706 86.37927480529663
44.215017947156795 78.93788013369559
48.69922284608188 0.6168888509191284
85.49333640739502 53.766285274403494
2.265294576387278 57.87049897892651
99.68908304942201 64.56239906210531
81.67168174562833 64.77500572157662
16.767320515319785 9.95060799487877
67.75127011694101 0.9135816539933672
25.6589937547147 62.98957734898235
37.628322159927976 99.90620644763986
95.38914970227069 55.38642217015607
36.817891622871215 33.561469960369436
53.10268863883502 11.645879579222152
15.708487165464058 76.0849565738553
31.106726321494637 75.50560630487966
73.16182698928529 16.620608425016613
5.477561469564329 40.56967200749572
89.12464944668915 74.78337911634848
26.914915104580427 95.78322653728773
40.195009450966445 7.300862700650434
79.89732998464984 12.486657163527815
19.476222584637615 44.7343076896672
27.077480757977945 3.3180303299246594
83.23825900656455 24.932375868846137
77.87481128357075 91.38845751655268
0.32387953354156007 42.74000726862358
34.434992055179045 56.157766783280735
15.422545840977131 35.89271527010992
74.85117946532951 95.06901370396747
4.922278480966147 94.53041836207629
95.7272086973557 35.11119457578469
86.92567313870323 82.45535909513967
65.18282438343212 33.28662227731739
42.767115617531715 99.47064944915081
22.002726516582914 42.88208042090882
80.82795075806885 68.73573655926353
18.915066967481696 10.099270656738957
53.548475295468535 20.09095781429483
21.482385372406153 33.08213293281417
50.674058128413954 63.633798354491944
90.09831859577582 38.924685431494986
30.547396300223607 86.25817635371563
23.158315526737205 6.564152281490521
20.088497375841808 82.50179078268546
0.7910763145571376 44.21685944165104
72.42542873973422 23.055453572151162
90.04255438449782 59.536529884088885
87.20108004927478 8.497173233408406
1.9302302351241307 42.83924016684146
66.37485268675742 75.0176084592765
82.16870706642683 90.51210767041495
36.831435841682804 87.75732036493632
99.69318933277692 15.359539127757671
58.72434112486307 99.80674467172989
28.30628625598538 0.9442856347439244
9.139083944534098 29.268716750087876
65.82557825041798 75.44971556195887
50.82819461694885 24.831895930740988
36.84728523013923 90.41465540535363
29.293485355524606 92.44579473467408
25.592967055396688 64.82466357557088
84.17961280497585 66.9918676235112
46.96661006503978 46.80451860391685
83.96252824593427 62.68722257089978
88.16559008326156 98.41863277207345
95.76178541320122 99.35366709815074
57.0113692962892 29.06624833176249
37.11072554527492 64.54282229682694
95.61482951963288 59.25684095923247
0.7207715105196244 82.79518295224919
22.955185807555477 40.44712722074713
57.43386609763892 65.26250699844721
54.835196885356005 20.007657135226342
43.30822606635103 0.11979014524730047
60.586226958143286 37.15326664214705
32.19149163222422 0.26390304228022243
85.81906109063513 9.883832225795008
93.38630510070087 68.25816036272457
95.70967395377022 45.52565234433378
12.146763034647435 89.6696107334325
89.96165671184745 57.59256807919954
43.346336008662604 82.8810256428896
82.92671510571921 75.28765925786442
93.64312843757352 48.173207779266036
17.121093821202503 50.073451201150746
68.70485166956395 60.775150243450625
8.347607378263378 56.68538332491318
86.24647069022878 54.78199625108742
32.05895086816176 97.67515330446199
60.67313695275088 98.15228182015258
36.97911279044158 28.040501212856274
10.930484694762555 63.592948789997905
23.485171515618408 10.441356557242997
72.84494740248758 25.614837957913718
58.263609502036886 9.960452091600224
60.28480233076095 31.26782308073053
2.4672826503747136 4.185744635981347
25.61801897947824 99.40933294681344
9.313820925290972 79.62425861055692
91.3177024825202 8.839472364321011
5.61163132821113 92.22524081788109
97.95396472715584 94.82958084282028
83.33262372886784 77.62794564669775
89.80369074336465 15.937171718359133
70.39511995268518 91.24404947001375
31.273847274009313 78.22496353678255
10.553211437808162 52.75086641790367
29.01723761384598 49.72519567533013
45.27696659178486 80.56554779961665
54.88925885848458 27.812899805109492
6.067542231254819 88.78810979541201
64.92689276763726 18.33049586117348
48.675903464619765 29.237407786406756
22.989904993874443 94.60689438470658
74.73150055406734 8.230922662770512
46.42119602361823 33.457073449793874
0.5161125590225524 22.582166323662967
98.62295487321352 83.4512147322394
77.13561890380902 3.0199195429386982
38.75317096763952 71.46161123565926
4.303376285891614 49.00799056218336
18.582942843594708 47.49098193336412
93.80020381748318 68.58953771926602
94.36916571446176 93.10873837351733
98.91477254718392 55.521209272672856
48.112218978138785 2.296930672892916
76.84020777915667 66.37860882996787
8.151382158318288 38.23036420368786
91.79600681563352 61.00378104181944
31.327844277507243 62.58968653486754
37.86301063662783 99.1500850556516
46.458738283204205 61.39454328692469
49.1969678561181 79.46603936189064
64.41618510572407 1.4988060301192596
1.215956197088286 88.15656634445278
2.46804456884796 63.1246540195311
99.51900339229242 34.05400391606125
11.229158012203321 74.69033264213103
61.09504977616932 28.460639522351794
19.24793573551592 47.51909682988641
76.54989583082596 91.3909855720083
72.29527738931971 4.937011456958784
43.83042690396665 3.486435386505493
8.38421942964217 45.699762217627814
65.90741453399862 19.47956341520519
15.239932857123417 96.35786457234097
92.87711771042815 6.01720247928591
53.62129620964695 23.608871435986444
73.4933752478145 85.81082514323201
71.23332262104474 70.3857533660864
63.80848198796163 41.747404953181984
99.06176962449432 27.71054977763976
87.37988043825828 83.44257727175385
43.94418177783257 13.849901608102167
41.30052384496386 1.637563310343404
10.307261132565548 85.62998336414947
12.424374891512358 80.69246324035451
52.567717128685544 24.480831953611403
53.040031612565876 2.594142796575194
6.970512827105058 6.5378822189243735
58.94619753846141 59.88551916812992
97.81484213571675 17.433187929707515
59.003710714943466 66.26803467255748
94.00062542491922 60.51715937442987
47.789029223440416 67.95393746717048
52.01547263431343 2.482136236356358
89.81696815882748 34.64839664954786
66.50468675800238 25.85864421211751
3.143583506054648 10.158188618794007
89.36608811269201 49.518524624192985
82.48648827985684 40.42987003309745
22.640891832072075 94.69416413417004
23.894467551082897 1.2615857400075092
85.0098055555526 87.98385383164276
75.52730587128787 42.1159310936725
52.74869063011648 36.81053454560579
11.369899974472919 89.55861231199809
27.45447640787789 66.41720550160012
14.046850099447894 24.67472856676397
65.91861097924289 55.864135833305326
19.287950734356542 15.117875110414602
63.13084574612166 34.337167709024875
32.04110590788104 31.22001396934062
82.3589155792625 63.05303916496653
86.34325711517228 32.381967989484615
72.08744763923883 2.080199530264637
28.762511099046996 72.04185181138601
59.01990863314243 95.31626169820018
32.49339943555953 25.50394874311076
39.23032619538328 21.09209692219749
51.895885606757396 34.679758046497646
55.037177902621316 1.951530363545828
6.057881891538541 57.93640199086102
47.11818937958429 69.99745058643602
42.20241989069308 49.74129233451568
7.284316371638145 69.89674802881599
70.63584939990304 73.2674743946946
76.51052800644486 37.58422490109137
81.76123746057225 46.88776527849291
90.20452045581774 59.49940442774988
11.556805780195612 4.4085187913254
58.228219046832244 86.94131969856788
74.24163057331857 14.808735617452873
83.02271899435665 54.189135309380376
89.02209206875288 40.57153419221522
10.782667585216664 19.45504954141085
16.711778590857286 30.325743597658118
86.13294568915971 82.11493987251455
0.8229852500153734 93.62081378750935
89.28628290781954 20.420088833932493
8.33637503965079 30.70116291859053
5.782342036180099 43.59001446990596
51.24440047501824 96.83353852010137
25.76244408319477 70.50732517451999
74.61813547849235 52.54020903661078
40.062277875008846 66.7277335471208
64.33510954049372 96.18477397620995
97.85512375380374 93.33717697249398
51.106521900669165 93.22495445984707
48.34223033783539 58.45294513019731
59.85946115243566 64.77243196331052
57.536911058540475 72.18377248732843
7.3132106210718195 79.14209773616102
6.784316475284802 42.681361493098905
29.797246507635865 97.32516711939874
56.42431441026452 64.87206724239513
10.62108701174842 77.53345100069356
12.944041866616086 6.237761878553815
37.173772770285005 55.438486196544
72.57340717748079 35.623182300744325
57.008305828770624 87.19114686714323
90.18746502499478 83.78674405651927
75.64523308163791 73.50625614424293
80.11391676949312 61.17279372260987
58.58140039838573 34.35817754168195
35.2648018104176 63.97775173132718
17.92043607583308 17.996535486401665
11.68470433530625 92.90397734017276
84.78848200569206 73.34347127615933
12.542663096414097 75.99754915410874
23.554174406135374 88.34356341342361
38.78985230098566 61.71382086272129
98.4295634669523 53.08759962858548
33.03138834072128 32.16119163099568
9.352850069727436 12.84098870177358
9.525630962205744 55.67444880905062
12.694433656250892 2.39390154029524
90.00263836819178 51.6251396396417
71.3378499684753 91.0337670244622
44.585852349729485 63.50823329784596
6.166388082844132 50.258430221338365
74.93590351203218 43.095083349915456
70.93417567821847 4.265501852462039
13.17419533035874 98.75327814177017
38.54281662116783 75.2256793371745
34.78552090711244 62.11031955664799
93.91269195494839 55.97578336106906
99.83462557212601 54.95037535376317
90.94674052158405 3.325700894525496
39.46332031937061 64.41421901114171
57.595375085086864 40.27561687076629
42.90613866410576 39.284064907336
57.146532690753006 71.13022512578978
42.287284641094416 77.86700588533766
71.28724201298459 88.66820638995134
38.19847635832512 31.653564668769818
27.601876605279596 88.41867894140579
40.84448843684106 17.103966914149527
35.59520201756378 5.582117219695116
42.559974614123256 28.549812613013405
74.79931930160703 0.7766220077736863
28.65931805015598 7.875063737261112
50.71595305788641 20.58088862173426
25.08507625141818 19.71803738145499
47.932246198759884 30.21750736845581
26.38780122393922 30.664674114399983
79.56444657663445 72.15546520797672
26.43981317686025 57.73475699487464
59.65877969329869 50.40284294006147
11.062433658424242 56.51131850095798
16.472902278867075 50.7995919446526
4.14653938168601 37.29418661218787
96.66256862391556 72.99010583938015
15.604368952656223 11.85717578103237
68.47669068727149 40.57618439689378
33.15491181913687 27.609886491061264
23.67601827379047 35.331782997763575
18.853064948126853 13.280963265554124
13.432687155253674 73.987503403936
77.06254709353672 62.86554820150615
37.13814090732199 14.726548117213245
46.925104694731445 91.24662681712013
81.1024235742886 95.28098923252952
3.4326704594370483 98.06107509894628
2.826402079366197 95.28497658060978
11.171484556630684 31.6399614229973
33.552177894652715 73.53279099107536
10.441591505072168 45.06387375566538
8.14416166125842 12.415858850729055
19.426575018887327 65.58071718977017
20.02729406877033 87.27321829978808
68.88954231026112 2.7282817873720333
21.89656225245199 0.6202729127141149
72.70590339779892 92.97348792490436
23.88240177811164 99.54360960565499
66.29266078864468 82.53330122288574
52.649112897777215 5.497642445862827
1.1022234534854736 18.04597833671988
56.504445962442986 14.713615924710787
93.89916631745771 73.3224256455232
94.79207200695005 23.91228459335303
92.10242030520132 43.020736127852224
2.9704463703216666 95.55296223837773
9.613377453389916 41.736811684643335
88.13367364099345 86.18548087923195
38.432651847721985 94.77758034564955
44.52923767778625 86.31144086626567
7.025839839416159 56.95902229028126
2.4661561564579992 2.821436285730161
87.35009869583975 90.67494347445054
94.65257743505316 38.45005648916092
3.076291553689714 56.99600977026583
76.4965143019119 97.02393839586053
11.704084977004392 13.27071591349862
40.350850129296965 49.94805732549086
57.18053501757778 45.671035676207275
98.80640606445749 7.723227100132135
30.023204478023658 45.88530524160625
19.26386727383842 45.0665213033646
76.16142398174014 65.56667038507183
18.346113994689684 87.81294810945161
72.39847557298215 97.42432671259552
49.46490098234465 0.5465932829718745
39.50123229842231 77.80290107406883
71.85165270417374 89.01594727278321
28.460441610072774 60.366318554199886
1.5514134008654312 21.36941079799194
85.53065122741725 70.2076024326657
42.30313216462489 3.7925777967214636
44.314314197537655 50.622357912525295
47.10806014732757 98.03937556839936
90.7868517414117 54.6634633326498
96.0928112627623 70.79746006294006
17.855351389063713 57.87161545366185
49.976127309355235 47.38199307352554
97.50196667615351 40.01897462683416
52.1610719501732 98.90577452145034
94.71247682564665 57.443169152055496
99.41708108435691 36.97368699675791
96.04203966483728 96.703849977854
