870
44.53864807113589 29.97144367614457
59.58607452428687 87.76837798693799
30.20253176759582 79.15511977205571
95.3653848120389 82.40204391761746
37.22395405680948 93.66205461085558
48.48900572504525 88.06671690948166
92.31777306796535 64.75333103742645
89.23876100912818 60.012588636598274
85.58671728051792 63.25127963567914
73.80388286401592 14.001585537643823
26.001674310654433 91.9936641816789
73.89779087869981 6.012164724367997
56.02434337231613 59.56624149618681
51.2261310393455 62.41324074886118
14.267039999716602 29.62184537421799
37.07558026352527 73.01869249129655
57.00226256460229 75.26898874196102
47.46828591235974 23.732658433669553
8.137520437379886 50.871954593137744
5.366107706757994 66.16331564255623
44.29805457440423 97.40021544920421
19.52908086354529 24.802790743741465
16.869124617821395 41.08701429925684
65.6102994464139 98.51941813120226
63.988375212410475 97.57507949216414
84.11151520775265 19.088747956039253
92.6435492357804 96.17502958564292
33.68825067769493 19.273204911756903
13.829942212323187 26.631240245623623
83.79216655366758 99.37686747040357
36.44923626304421 11.282031342330667
71.36722655314469 7.263303093751983
63.77431832000523 28.803952265551626
95.63474055914135 54.7244791910999
65.55216775606803 70.72290594992405
30.728415898622032 12.712636007987232
44.68538675978677 79.01018020382367
46.46775398689853 91.58146817986973
57.50305966287286 17.751715414110226
56.51264635954444 55.342216823925305
50.53316529793451 3.6616435707828687
42.85150300368697 18.706057649025976
5.752707574855664 88.42049049249917
67.47073232929124 80.85328863387403
68.11457062865536 35.61181687819918
58.520528273082284 93.25471174310694
18.542857242575106 50.277983742959506
37.28603114104403 20.72096452095067
5.142987339677763 17.30192736296261
56.24739995800462 4.840901672316445
77.30573687199018 46.84239247935661
62.40247053409419 75.48088873677034
27.20203165194054 28.133685546787646
20.32908761439899 49.07610423137163
48.747634092105294 12.66492087909372
35.4108872759868 61.754042763100095
29.917878208392413 17.130419120347717
63.799862540559005 3.8776660217641923
80.49628977861977 54.033976874196476
96.41830904170662 91.75253652739386
53.03950263166334 48.154944750504946
0.6111437295031497 87.78818278246455
30.018969758256343 1.865347125268535
78.58773572572805 10.3806476629836
22.225171356772332 8.145635302013044
55.18739258740799 49.47436824525426
69.88667510073437 87.90849155521235
36.0537676387427 75.82411127281435
16.524493154476406 66.8595943619589
53.31717070719411 95.00526789817488
6.805184116448082 52.69165682761181
72.47556180411166 15.729197503188209
51.27789519170468 14.424364739753436
63.46312837835788 43.16638445245297
6.39735269925451 93.27244369256834
58.74418509978193 4.543205663577243
81.8330043238906 51.48690624745002
63.383927967710996 52.666629123998874
70.43627830505137 17.12689069659722
53.755617889568896 58.75795056363462
18.399277319089823 25.0350668625819
81.71352750685648 90.16091838307608
84.80850098057255 42.33833271154196
17.30332505475246 56.17882580392807
85.73763441921702 81.92163075938294
71.90099439574543 76.27754608523213
17.587572546372076 79.17530000857774
43.14477103481412 89.64827874051889
78.68495343210957 20.064322002747602
76.5278688295868 84.38391184667347
18.824858569741064 77.96849806881899
57.39836270761685 63.83901605754353
49.87888367082498 89.90350360342121
15.817013800364343 36.938564935043715
25.63074815379348 40.21493515358987
49.130347280907685 42.303200509395275
46.17396356054637 98.55404796624828
61.71364446827688 68.8136124492409
55.20385207874129 16.027349945043756
86.69089542360653 11.714632294006154
79.42953877504188 71.90835898499695
71.63394452611489 84.2012357301853
73.12436491372358 25.071174065481905
71.72361764807587 65.87469823953658
13.656496810153861 3.485715071923623
97.92431529974583 10.97151423946614
94.2890667546764 57.05135587232887
1.4366556639039518 58.61651930634441
93.14309653682362 26.519069372757865
80.71450496008848 32.77170223061755
70.73743028124957 23.89838896782457
50.24533133126062 25.934687460272666
29.203156656564012 80.28864717125711
61.499780780094525 12.61728145887393
21.230780463509614 66.32480025785573
97.19037484936173 73.59728103090394
92.97217300787398 63.480665157368975
27.413661992517667 38.37805281421327
60.89699832394329 56.69119261267531
46.00035524838893 15.43172529026865
4.168086494567214 19.557588670949766
70.73109901772985 75.49726039954248
99.24206669837217 77.38886791490157
70.48507973166926 59.91782488007554
48.105718215606295 97.20898784357642
88.39026727385476 64.14143427195448
81.50649882058015 53.064520901751564
89.85262093423633 30.859760635907328
97.42705929881832 85.53741906147151
8.91063156473142 62.3599678477319
46.8724938446611 19.385369031474685
62.33504144521409 86.29695002768011
0.9063294390404653 45.976406416230574
18.261226607124016 9.735038572311005
9.056140193345385 69.77079734995655
55.59348198049141 16.014069571503274
96.82196236267477 69.29735237846467
1.636611885383532 59.50363219858755
6.933378271846036 31.880395225378365
48.264106153720356 46.65925120323566
38.378403497607984 90.290422293763
67.65797631504714 92.34262735696315
33.52643613366172 70.1251010825234
93.75960873834025 71.72671113526296
19.277144823196334 33.760445149397746
54.34654361053137 45.02548356584882
67.61562314053666 87.94870436435694
5.895848519212443 64.50524160533493
98.95636765701606 91.48636838304269
88.86570090253848 58.78517503241737
86.59397511629724 89.29428544100784
40.8401284941723 14.757496697107253
60.07483216514462 84.52688225691075
67.04933845790441 71.36689459772633
44.022952634153015 44.351864964436736
12.457970082362946 27.14347970244936
40.12237237633973 88.09104927363644
61.697596440158634 45.02092121579076
37.44240107022063 18.97749618418507
26.146952231034426 70.18657370514909
59.02286678808347 77.95848682147916
45.50721374266241 42.86274468782393
83.05921781288252 43.971578370431885
65.59436786591853 60.732998662882956
36.16163135833867 9.199077755168773
90.71880532614408 85.62875146489677
86.48995786067715 45.753956210178806
98.17827280654944 68.69854463508145
39.35712288072056 36.67365129701135
71.09592879225846 73.71790178789477
40.58033119904971 41.12327408578732
8.371889042816472 46.14167842956005
7.886527194463544 64.4792459360531
88.19218391846283 4.730508902449859
41.179360146539445 30.4727764116573
8.620704109383137 77.96774548957397
86.14250930843895 91.67242530153474
64.00424639823315 98.64278491585624
85.51292403830999 60.13342147337549
39.10841910621598 51.66777614173309
4.11354016260308 34.089878604681964
18.064806966763612 44.341593897814604
31.164434012336105 25.534100649673753
1.3307837733631311 75.07002013438223
60.693463044700444 43.017873124332205
87.91251070355334 78.31228074703806
36.52853747262641 19.369810168869506
80.368595889848 78.46744294757954
98.04165756224317 1.8404088363105031
43.58096731715002 10.568271077520263
80.71738141129536 20.971513642684403
39.574762800492266 97.74360411883671
80.94775719395986 66.82874018535371
90.10830841109453 81.04965147688539
15.828822808402098 0.764251912982894
85.73999544112868 82.19054659125517
93.27885926183055 57.99538282992406
77.54099826304387 45.25591292720108
26.179569704583862 11.048324132244925
94.7496942161783 0.3787034279877699
21.418284505751895 74.64547481329923
40.99694264013013 75.13558891925666
86.5060156673706 66.92737938215589
85.28049456579532 5.625485553659971
5.026209232910461 0.7977903289315025
23.869344568202767 55.42938633099046
9.603513295688815 76.6673377735281
69.06632704465454 1.69253764873325
56.25819763200502 20.69080310130228
80.35439864186685 97.49933010533776
26.661552235744878 31.50095646194835
99.817873285449 16.440349742391458
26.04496259464415 96.16512413381683
3.935920745311483 34.03422084391728
31.258523905825054 58.67113841995016
18.762484984390404 47.45847377470863
6.3124727897012844 90.52873999709583
75.32687816267567 88.65096809045083
24.560572078297437 52.43211470125107
67.58906215554732 77.78429320774285
8.548159392278365 17.45188595692443
99.45692154330204 70.11927651040925
15.30594236227396 4.37684784364537
32.94666358387216 32.20157440369778
6.601281831660588 75.62424333868695
91.13124154215019 60.466473162566004
42.54535321008234 37.438801459846324
67.27411089489337 66.74869123154005
10.821597641192193 80.78534973359181
89.2976750224529 28.38417294530843
75.19709749430397 90.9479023339432
45.14030134520631 85.53581709305456
6.293744824750014 14.1420736949725
33.033695648258586 44.620009631114335
41.10581696542069 8.976587319707352
60.96692460857101 83.14514100760051
26.46712969989529 72.32910120994124
88.51104684267366 15.139682534740151
11.071031668519392 8.265276283936684
57.525472473729224 71.04061643223561
43.55139060802189 26.614929804487865
93.32248211805265 62.562079566356566
14.603328903000257 4.602626381768649
33.60729531874729 35.25839340319159
42.601114064804555 18.86075303213277
45.84343557670834 45.180841592968115
20.667403362046333 3.2289848824681555
20.51395164214086 86.34459438915543
77.02945574101021 33.33284858701078
77.83137348609097 79.97077284034604
36.71477894554999 47.2801490764812
43.18802821328688 86.42385929451672
97.21706341507945 96.78601377906149
60.66350119173231 83.8964792929296
44.53979787640802 53.81802846383796
58.273608877438235 18.10324255023761
80.46311973134982 88.79208696640035
81.96189402847736 60.15598615802613
26.631248404417118 83.75565414659614
19.87111062320901 28.859285204121942
20.497023295238094 47.521989710795424
43.44253869098241 91.02101751015272
58.58995408592524 98.41403934961865
64.39643488560333 8.607020948741507
34.01507633836264 21.66398992429317
5.438361942320668 53.44294273784532
65.02085568800649 55.80021784046523
49.70650960881279 61.649820917434795
55.47636601999931 84.36953744174993
68.67838356636499 4.3193238805117495
89.7895461296952 77.5345657940593
71.72852188315997 99.68761967216415
43.22922587497023 76.6593018442
53.45716477341196 74.40586218125827
72.36122462065202 9.632331664035688
93.61117092484452 69.77839216167638
57.19833411910983 78.01484646750974
16.41153435751519 23.699832468622017
35.48031103464046 1.5128569663593328
11.185697853347175 59.58993378839727
53.14731548893038 64.88677166401824
66.62699369558943 17.286405423672903
86.40290127173525 37.417884537433125
28.88096643875183 96.04467681093818
79.45910084346451 16.401434138161374
40.572315766646064 96.62542580381087
91.35643159079669 43.37128098992028
4.44377421575134 3.39185709916624
25.474654085398086 41.04470511462862
38.95879878085906 71.74779057891124
39.8646626589639 14.986058770508137
44.63476806089521 89.91068953151759
62.36485868592337 55.6214420934799
8.453294170573466 46.9767138012903
15.856945450441684 50.00336802229442
94.03157855715818 18.487763371360998
99.90103551325966 51.76904970294927
51.630019197719356 30.89273009613237
73.11820140582235 92.55759361679735
39.55500115854452 25.729622545307684
79.30538358113085 10.950223632349287
44.01183280314714 24.408438541748055
32.12133570098392 52.41204627595106
40.95759408635219 3.9461246149365636
21.763307597268657 92.29736373163654
95.58936967115916 54.47295139888472
78.20601171951765 11.757936775050803
11.661676624305784 25.154945665645613
29.23896024016025 89.73951885877163
10.812469876424412 6.995898120197008
2.740085309919338 44.266124529438855
59.12565682393793 65.68578560675935
68.47230179013224 12.155924271250207
2.938980485216691 66.36196032983462
0.46356305030982314 9.679763577763756
6.165890688200371 95.80922369435683
25.48164854759163 93.31284205793668
96.63357769024489 92.64573759439799
90.68264920991759 67.68497462803829
44.94964192957993 87.04707834162618
46.47297929118624 61.39307932444423
87.89296397837153 8.46543886254042
25.000473262574985 10.169374194194791
44.741072167529595 73.8697925313178
68.44917749778222 93.23125350600215
32.72330703233003 6.818504651360657
55.60247372542292 28.396702430242758
60.37009838476711 97.9814579069771
36.52434570886298 59.590504412724755
58.14751080621024 7.869573274878294
45.423656094683075 35.65901111323988
18.676808883060815 54.4203189129193
24.683045675803395 33.512868713165844
44.86533276098375 36.43658310636623
54.83024839587948 96.31657139005438
91.03337706999754 88.84409771507315
61.72217763292994 11.865599662166792
39.19954971938652 54.11551684266217
88.33783792999127 26.987883509582776
47.45263440024387 25.510326836660845
82.67075517794436 38.53974609245441
70.21574475915712 36.76317295288792
61.246112335816335 48.07470544082165
91.13750532602475 14.972712524363207
20.13248984574171 17.889293365675428
66.5008655089593 78.26281317018966
10.497333373054063 26.066057966104992
83.168429714798 3.3437715781173716
95.00504656733185 42.25461239606022
93.58500196984063 10.63991767137541
87.89710752188145 77.22973244509157
41.534002828820626 95.1399880032568
68.45692053165594 25.67149667994678
9.615884650464645 9.938209592590773
53.877631645453896 8.895129750919795
78.04560174461245 27.09252883820016
45.63066943800798 58.59502986389995
79.24325414225855 10.780466753576256
12.815900375662636 2.8172214015224406
21.803014599330773 42.90917327417769
7.093079249191103 83.901845917439
27.189644555063307 27.97007665958192
67.3275800204867 42.05890687367558
15.480186085500879 45.95364584777476
18.079350420406715 78.9473766950477
92.78389137237376 8.902387929231704
52.9772524445838 19.12709623744051
37.20363620528927 74.02005045716312
6.888147766085051 24.133284465174075
68.20793612335328 35.72069791531324
9.601625312831064 47.5461315240551
28.344128806380652 16.148711349953892
40.890682630217015 27.625008789130067
51.07789489989856 36.43782320715857
87.67987725285266 63.526734120441475
33.690561596378984 83.604884964538
59.70885188412248 56.33118458835181
95.25295444420988 12.996288538408818
88.34325284571365 98.49002482353468
74.54238460806087 4.484466115341634
36.97294205974193 16.44675449984274
45.55245481701207 34.158316870810424
85.07494619617384 63.79614827391473
13.289471752592108 80.72190613833936
4.572570306911416 65.50874133517246
22.90729204455504 93.79484085673904
16.93551969791941 51.97605110324789
41.93549952792661 97.88282480635783
34.58934256434018 20.902628540518474
77.06034603458463 28.332713970701906
93.72839333653104 97.96195669756165
61.332249276585294 80.86142385351742
4.5150886904880005 90.97886962309978
81.6985186782279 3.6757841907099853
78.80441132776427 4.935646744443378
64.63992963044412 32.28817985434688
4.6587535358389776 43.86322137881324
92.88189461608047 26.581026822211395
55.65528824589515 0.5004823491089438
94.26096187986056 20.756249992680576
92.61684752087237 84.31996083701885
25.323134345029843 39.30787604713019
52.46145507197683 55.715233941524076
15.982396702302426 61.588526270349305
5.7957596203598865 21.091310729485013
28.402930669298954 98.0005900514994
76.33490805279656 59.53373056611869
35.7201723686531 48.947357994924786
26.903181858692648 10.076257332625937
20.30984697142951 76.6612488336138
6.580384362939196 86.06051097360901
20.129506153308117 20.605290624084304
63.846078608730814 89.349271705437
46.816086267752 96.09435987023453
67.74877088180308 51.01513764747004
44.33461438362434 1.666103126346652
22.94369768700325 22.560155909086422
70.06929482526866 15.598761567808662
93.88621150752185 79.11845217596641
48.72955524224876 35.85582666620787
78.64563146902661 8.063893301179192
44.29174007382956 97.76938797898453
23.31865081739366 97.4712587994943
14.854342179952907 65.24693482015968
45.6380509650087 60.16160492380339
67.04014234351898 23.661500173177018
83.77733836897995 85.66027290210825
10.003503631836075 86.5469740205674
72.20409033032004 36.19471415295119
81.62735347796861 48.26071844370391
15.727221785257017 1.8372791539012168
83.56488109151874 69.27486428638022
36.30676195567013 97.64111513820109
67.77202639603237 4.976001155183541
22.86653752600063 53.27426356712205
75.78310971778554 63.99892715134964
96.60238833210973 8.490170759066817
99.90383287710935 77.06531386153141
9.983700731346701 84.96821131246897
80.32912750681115 3.6735318898585945
89.6112349355881 80.29412539896047
38.58656256608525 10.19440756620461
5.553108060125145 61.88646124333557
59.75681915489488 5.601314785326672
18.505042893891744 55.910986434411846
62.19912984934018 1.1357062423004494
13.962264717240213 49.61141341562366
3.2209793445782897 18.458776475709914
51.241529147293186 7.552306798286789
27.632801697683508 14.291373446390043
41.414835182268675 70.28570034832889
62.497790169479075 97.1784965644331
10.294184650874282 9.322917139902398
92.63526387151902 18.68219097509144
58.282630590924164 4.447542433733698
76.07318552954753 61.80589269689957
33.69444414525253 0.8753898762214218
72.4438326043882 83.22758431567033
79.68418184137845 69.92339844075511
16.36496900721598 63.90482931638483
12.477526930287908 11.385640211029402
74.03857503450222 24.610508284398268
65.66955225711398 24.039895748976438
31.83155702670821 31.447588496984814
29.886657728066368 72.23970666149239
56.77372125922956 92.73416137855355
44.6328340315263 57.71733828932953
26.098593748262655 0.5538171125654245
65.18429949449526 2.0085450366283064
36.17742532422669 96.85360414011424
83.44055639866413 46.5859891675916
49.66217501132749 52.75602541013974
31.666030923939026 48.9999938415279
6.1764035757166935 57.19966711398998
18.02912879156331 42.07485241001441
42.24102214080928 13.735241372687646
23.596273931912826 65.47308784790769
55.8103576636955 30.780379978766703
78.11123849087413 23.715972264268558
93.40840410720975 30.654559550109994
55.44028968236434 8.668309324571421
2.879891242654886 62.01730860232676
67.23201171644078 24.893345346185136
53.132643748279726 1.080515297880802
84.37917241678036 82.18697318687543
77.20424513729512 24.35474186015193
88.13370715248749 65.75209798747369
27.378143428636204 39.09888014093258
15.644558731015168 19.34937797378977
69.56018908692641 46.0953423411403
29.837468767243823 62.48845313383742
44.603396697830064 95.80546851268382
93.47329163591203 13.422035611671223
35.32264780754125 72.2718266182258
74.84267676433294 18.77685590268999
2.8230565287358234 79.30092780314406
18.09356937392277 13.378480560714333
47.0397226878649 12.251605590546898
70.61122941433358 38.454503224470606
39.233432796188275 63.03572787819236
15.666059337183913 20.68259518666832
57.38327148222112 61.33873975874039
69.82222059399393 24.465587941128508
89.5081548650257 96.35910811654198
45.81965549883735 68.85556945668792
56.786676044901476 38.388351934044096
26.213023557938197 18.29896663392653
23.295039005844487 31.52571584133038
80.98063402098738 43.7233744643569
67.28880229795224 99.27259207818231
4.5402837127802576 37.34002609886334
61.01963576543847 78.23222779729879
42.53251818239361 23.792430998047
51.66249399808245 24.455509081825333
74.83919660203532 90.37544729913189
25.254035897375935 9.699903737681826
51.3658782548451 50.35025925671138
43.36559483498312 54.22839526126943
12.069326333526964 56.96687831333445
34.1221039514231 59.132120349736375
86.51067152811025 1.6716422247202933
12.660142336262803 99.07658386474796
98.07113605961443 45.67711854701885
94.94739334307486 20.409234722680125
60.91064543773867 34.41850413204408
51.740992687489836 74.13459364758923
67.5892546323373 3.5121628979704167
19.48223054487427 42.58590268934223
4.051321805091179 58.14337570603498
8.289596447011938 58.22954962869624
77.90876377904684 24.319377445621537
34.1402755419486 29.890770313716153
41.09217823017806 38.024821248518904
79.33999223138701 39.01245714030692
96.44955544944796 77.61055430610845
76.21695325412703 44.69720108674851
20.26059348243294 4.221062133875241
48.96368224579314 17.123722745672843
79.99022390646927 20.945734078703993
61.38364928355663 48.97951120341185
74.96765672042231 26.691764910886562
6.668046374203451 55.12579351676352
44.53315330356305 91.04508991289885
98.98136055636834 95.49020128977904
38.18713800489451 46.794313209209385
94.94092524671349 35.112362415352514
87.14394162173679 92.99634682290798
60.64302963393631 26.54089289149917
43.58308750183196 67.48435424966017
8.51566170613558 57.63804958965544
52.28127340293662 13.658509463864377
99.95318939216034 30.02555433245233
1.1046200770017833 52.39266319035805
0.16672712793148747 93.08294440222593
33.81716253725905 42.47626916563804
93.45176024544902 53.382734758132756
27.315470542886068 55.62252041488335
81.4932851923318 45.19899021288316
9.434348345622945 45.60149974077117
76.81126176698986 36.78141511614018
45.59867171458747 70.81330231338893
60.7921042421928 52.94972255067301
31.465282017679876 59.24490678432678
65.98761669036708 14.419879091013922
59.02900757622314 43.91540723853864
68.4230081081771 37.69006588867624
62.82830784630454 83.87630570228501
67.77597869340232 75.81484497240082
9.750099482220476 86.78502448125009
43.90043907554798 71.69801685276627
66.03565082197295 26.012054510455474
55.39063495010993 32.85877864607541
5.625925854056646 45.94970403329931
74.93637292195771 93.73516043412393
11.278931790277358 10.042103042635752
46.802294438390234 31.803294086893864
71.44106566960036 90.18178183030292
6.273193161959634 88.49737414017001
41.27455215465162 85.28339572455312
96.77691161779235 26.579545925681924
60.13214948612134 61.03906382805386
76.91608188992466 29.33588302740756
27.16193561284924 3.289990225996209
35.10108404621343 97.93073237674183
26.244800021053027 54.84707580681049
31.07525342136591 99.73485213156985
8.2132194075625 34.50817686241822
6.281069037193044 63.08225164914224
70.5322053410205 27.856096180843327
11.685816913165803 52.9158604435958
13.223778563496214 93.91106869175503
69.46139577322865 33.676139924503026
9.061355416323192 23.96717299149882
41.477467959578554 40.184749122838866
33.47642302667997 91.30969144699348
78.93720082851551 90.86183377336519
74.71361039043234 84.74847054533444
78.3437458014913 99.60360550688588
45.50290564348034 49.608940087964214
83.89516228961284 29.396662652161886
48.85120415088884 51.330863114805425
92.6545613296236 81.18376565733027
74.51386083528539 80.99113528468486
46.08955102806965 90.8279184394111
59.89909191272802 4.867532834117538
51.6040196149764 93.3088870299025
96.22561025084909 94.2886913337975
13.48290932476608 36.08446036014421
52.179973957451445 41.47073457871742
54.98095598006891 56.5320925366474
34.13286289166931 81.04398841406851
43.06632756215764 76.46704301418457
90.61919847438291 85.10638127397814
36.208633308761115 45.66911016342895
46.94440078690446 11.098463245849022
82.16801445522137 94.45315041551254
52.69305602305354 20.743896515042458
37.28909315622976 1.3887355972330595
9.702192786683817 63.21620722127287
17.768157929215377 47.67263273839642
57.211990535720545 58.59038775633161
42.011438459032 61.19767077878819
33.79266295783555 0.7128724368121397
22.780342914952854 28.81105062400895
69.00862491297627 25.16439183103746
73.3881880945891 6.279286025890151
97.95663849643907 73.12111752199944
33.477900388185944 19.824251276947823
40.48035870126231 25.953433777312785
78.91049055617508 30.897746893557155
84.10961893578485 30.849646196218337
24.542510847818455 43.812919857369124
4.516370038068141 35.63563838410815
69.30493659296101 90.35062261722818
51.32714641492212 7.950598430531186
20.266973765814654 87.94333857180278
79.06430757355776 25.030498335528673
24.286817426040386 20.993254864330947
49.21460252347899 60.94808800555205
52.99623892417694 57.84026890944922
38.82863793892412 98.11914868466604
71.41643764716802 28.821933928928956
57.78860084205709 33.46591811019161
24.535541487744595 54.293113001601625
53.27860509403558 19.081227250876864
13.892627573405324 83.40633043244281
84.56272999716829 38.275601263581805
29.916795187508217 73.95345685183646
49.85078603509165 27.060334305938948
2.510557757452747 62.043146537334394
76.83571227201999 5.67546569604448
39.61861369577441 53.97631317013387
80.69960236209765 60.571674840105416
24.18388501865817 39.00516550368089
62.76630754529793 4.7176767378790725
59.68221891531596 78.17897633392451
95.89499396209854 60.767243690863914
59.82502191103779 23.421735704602686
35.49303628941595 62.61044246365189
78.6298452881467 48.07079828089591
84.17696903519773 88.461892753584
74.04215254307312 4.072231668840343
54.16529301678473 32.49954086892822
34.0781662841083 81.30251654924388
75.33191228840857 28.017922298164123
78.54567011399747 31.436389710882974
26.319692353365966 6.508181874372088
89.4985628160572 34.33700736084773
32.785040043882866 98.81994321679835
58.34188521352877 14.53964875863748
1.653988828841546 15.305540141600316
13.235695570852101 56.813798977473176
4.942393538583955 59.89470893317937
72.71636284659044 17.849335093725482
26.786706069944564 85.78358856054393
39.68851181507461 21.279192696170323
34.999343614100766 85.18907938776793
84.10162492441486 38.42612900922809
90.52398098363807 65.79143432621052
86.32698137375576 49.43203925922129
19.246205483159162 95.32741817503495
80.6760885695923 82.32734519051674
59.295729291790266 62.76825503935418
57.61151163858904 3.1001355845117318
32.05810569969179 94.51676904395116
56.43552677034109 69.99411577178195
1.7493550822418769 45.37620424347494
52.78396670021054 62.23648971031778
32.675540864795416 6.0815820974846835
35.859444975953345 20.149617524801734
96.48869328335819 42.98967173840793
62.18735947215315 61.05442285373065
7.253409647246034 83.55280250350897
87.04255602129088 42.56973252668237
94.14075465259371 18.652483898683336
57.58137564039277 93.04326799092357
56.40778591993342 13.42109838851181
33.48062469067398 21.26904259997353
60.026322850427725 70.07974167758162
45.29309358554276 35.246038006372174
70.94121256559718 16.41426610094966
45.73664876446336 44.76567350520941
23.70162986863723 9.82032922630105
93.6038762481597 47.77146005356293
54.8407119273718 34.427547824359216
28.29248935842391 40.627285614775076
68.20820192950202 81.54879043198754
4.756452443690307 82.80091448930904
3.1525688217998837 76.05451385285086
67.91794186576335 21.23744229548612
71.05164167090877 22.166246675160338
50.583052662131266 68.14269353254846
49.56025852972454 75.45796932721707
67.37669426659716 29.60568989009428
9.341287992386116 29.51571012321168
36.31139572086995 92.16022592187034
1.9468862186277303 50.66041531691451
62.059436519689314 86.316732791649
19.4014336820291 85.56526707857152
69.22288931472555 62.12335117825568
4.5841837590336 20.886591869786464
80.97919959286394 1.693330278190508
93.51774124212308 56.0379065901851
6.2642327292109945 80.86391726181205
12.124519051877092 34.16322680565413
77.52403900245179 47.14691174876646
0.31576385339456836 92.0029691876606
10.430672741334824 79.38668657374667
6.228594933853804 22.019402483236018
4.412561890988442 33.47946908036291
11.252912468314092 93.99246834836391
20.954237864530732 79.04975587686434
73.55256408343668 58.54091720493791
79.67758417557805 15.451578972796176
67.46127970321845 50.06153895328615
72.29054747254474 62.671967127816174
25.626025362401894 49.47826696035005
88.92484847178577 59.85370333882069
38.743541888229394 44.05161913082593
66.4787949691216 73.23450326517444
65.95003451784214 33.43025268106293
85.95605915543638 17.45492088932896
62.07305544086857 38.214358339239105
22.714627339427686 65.47346887052747
47.61938464417478 10.809572544307954
32.9756416711947 78.79566421421794
87.15003389287746 67.46282873559709
0.9144266928742484 12.028883905688382
46.33157402473304 1.5874245873856219
76.17932100951036 86.68847165663885
67.29158666984321 76.14932826327482
74.43330854683362 15.728261871952643
94.7557347325074 84.63330102585743
38.212278294223964 96.28955232042516
67.33533775265948 88.32045137934962
24.81511771841959 62.13727171744213
17.559135079086996 54.71078539260472
34.86171185684339 4.589232836004086
30.60992055151668 87.08411288146814
63.55230138536023 85.39268157362908
5.475295591283902 87.28140754763201
57.83897129196204 72.23497875278979
99.5776368834338 60.98105292435198
5.337574806775969 2.876587022049315
10.278107942251403 20.456694752258166
45.81370875167858 42.08255074631033
43.242289167744644 49.37809014042958
0.2810864631828558 78.26407443143702
57.67946051004288 58.696705723577224
9.363018409158707 81.28631374667346
96.71571679117613 12.496437267323856
44.86479270154559 88.782176983538
69.59120116819156 66.48699633411778
36.35875379267692 17.809070363021682
5.05973249159174 79.70584381149612
96.27072613055292 76.29837167734543
64.86515033436693 52.279833988958266
12.641708910102912 75.58806764324085
8.5879515205759 15.72066354773234
77.97838042161106 75.71676347440851
73.48569838022519 84.48082985074635
34.444345158374226 56.40985463031425
74.86781143620848 40.49787480460046
98.50520219994685 11.08596101135232
87.86955906956351 99.8479862214592
33.7318754539762 92.50835139201034
5.715027510144921 53.36518740540719
58.768312801904834 83.36758490660364
42.24525804383767 95.93551988485426
7.74997858764499 18.553199317220358
8.240327258974489 69.56537957992154
81.43499403145543 84.72572873751919
53.97295430505393 32.37446801266395
70.93138512065012 17.114218103529588
41.56824653338524 92.49911903508726
9.948540271298045 44.202514501501156
44.43729914477067 85.21917537460601
27.868475848861817 40.15367233468914
21.554177481930314 56.81188142765158
91.56112394133655 45.31562139843706
43.6256835297282 62.45725955644308
80.97537187628365 31.239892998282702
76.18753536458541 95.6213521786676
32.6729342817622 21.726316982337266
24.020690075889494 0.40929090079644403
94.77794577574424 88.04627760776371
53.38944444679994 12.511194527571313
88.20065637630447 96.80544351799244
70.32398390828783 40.82351161998545
60.8793188615401 99.52372452933719
97.49674003133792 93.06633662675519
81.08523009046307 44.78767965200119
0.8685457799987306 25.864623017736854
79.34543586204799 72.68709832726532
19.486552458747575 98.8606212345048
18.489458806344437 93.7392237527059
72.83158145801016 38.209737551829214
82.91352888353035 76.59543893195494
88.00930964915302 36.91317960730955
93.51031894154164 95.77204288688894
4.948883387568415 85.00039417063786
63.09801519307815 79.3396877300521
96.52645915048292 92.654454672053
56.12191780127487 85.99763905614249
84.11407979809292 9.351376589313364
78.67200351284167 71.61908540532743
91.91470350774891 78.40294414747817
72.67441256912393 19.30919470502821
85.31899345516538 89.00869153615749
4.599133009194012 62.88985742822415
70.59274605874904 58.95097621465545
76.96329750960385 67.75654036723391
75.81970409664383 28.99497866057291
18.818093102307863 19.77141652822786
88.63471964052356 38.72885790630195
18.15747659598236 29.492784736713308
36.503252110809 89.51079848822405
94.01102556190236 18.64614310553634
93.36198573119691 65.4397764499865
25.190607116555462 7.001749285200831
21.316282092445583 37.10396621245192
21.797839437223676 92.16847727126888
95.16477024600738 54.9925515288627
82.260393143981 36.031961945483005
21.156962882086084 18.19589718061878
62.76896075536411 2.1665323747270704
97.27098896455176 21.390574134647157
78.43796480381904 14.834581152988612
64.17596579871989 10.548401214665226
99.9430027295394 5.140387868244001
19.29380940397092 35.78906908917276
14.684790346179376 25.318574416022766
51.57761906928413 58.089275996724
37.65684488468721 40.821805149027725
84.55770830161366 92.66265227761362
39.70578795223003 95.1772722565463
28.463187829919413 57.926875478928295
89.67463564937678 45.54124194174006
48.96157299055207 26.473531424127827
91.188687696264 57.55246085507322
48.68261700204764 57.41203025791961
94.72045357563319 26.152496543269876
27.599003598968498 96.99237594755084
55.52572954623686 43.078972629181855
37.54317942340464 96.65849630091273
39.08011161607925 20.311721591066735
18.308238262104414 45.28299807479108
90.29381077091672 26.595469781296742
37.36640602756941 77.76822784733065
3.825461227321836 83.06392005600483
