844
75.79971095016471 31.43464190617957
92.9026195329116 70.56365725826593
40.250997454677105 77.02622196555588
96.17634255523532 96.73456017387258
79.22319956510806 23.689790207716133
53.11106731067078 5.470015502579628
21.4104655964817 57.79245399279228
0.25816389870000345 84.03792491122955
88.60177337269678 26.383453439495742
76.82471687267022 89.08612694953962
55.00434241402795 46.329015968842555
26.044695855908174 16.641486996244048
11.148145449189872 35.04150981003286
81.32457291871519 4.319283196885582
45.47547858138038 89.54396144612869
61.94337510819644 90.84965572216952
47.932679681988056 91.98126391623146
72.83818691126433 49.50355454351715
71.35527352390952 12.748132517361144
0.22674278694566619 29.01789843778475
72.58829224446129 73.46009477890743
57.01004744162888 87.56761877046544
48.84597153948423 19.44151158854196
60.47085276847135 12.091166646625418
4.05714242693096 47.272157386392934
96.1082224898874 84.95477421009925
65.66122718840654 20.47711918700076
6.686538005867771 15.40927204343301
31.904546534124545 45.565410353944614
48.62256948578465 40.24627598970375
3.946331606333442 67.7966699261632
68.37861756779446 43.044532063239046
54.76241310221648 24.855490057346984
78.81204336286599 56.41816090364593
95.13409946757746 59.907835029907034
0.49705605516754403 30.588472157359035
66.315867010524 83.50278930566535
70.13901423303992 82.58236675359612
4.75804947783629 74.76539683178524
11.590137549905123 61.53270494336307
10.751135875342444 9.118653146987688
59.88375707739456 4.605635533818264
67.17936070392628 97.03839484172723
1.571040448281269 38.62096594572958
72.64150553098571 96.8731081221828
62.15160491300588 51.824195350933465
9.819385189965368 48.45933803939442
37.27899124298622 75.33365138143728
62.23022574107267 45.76211356970048
53.03539403609587 62.11516216940709
0.7277845056448906 51.789865534337075
24.7319350821256 53.605253704965286
89.01202420998852 95.24375163596656
11.825042680340847 7.942972213940602
78.31799296351991 6.370110983699218
81.1844433623277 63.65917415710104
12.85168576106226 41.08939105817434
45.70826664952335 47.79430273734175
69.69878846025617 13.57784937543457
1.6338911656530786 7.817277692059809
7.168698501897763 5.374411396061218
27.662321637698106 31.987584855470395
35.209114302394106 22.444421236121837
70.62296770607944 34.62908008210873
80.54831307344689 68.51624452462084
56.222019444781054 27.734668246986693
49.50348844761771 5.583835192774456
88.78286988140593 23.019796601890707
65.3327561034449 47.261686123204385
64.44892699504848 72.02539395770678
72.24789754835696 43.922625816054136
27.14861935210048 99.62452189200025
18.182362243853834 30.860059107602623
69.46820772199942 42.87696861842881
3.6278524261729395 53.06767219857068
6.5049885890676284 50.56671069069522
63.354186912322454 56.08883577441244
12.026145522201015 41.18562875487015
41.61317235724741 35.10789640886094
27.094517543688703 75.007767077113
1.951868482375052 63.684772093118625
98.25601713946607 60.74758496384808
58.14128854602736 68.00224231441142
41.52136326047362 33.827374973206545
27.670292860238877 53.088969470088685
65.87533547537024 68.77790207414503
50.57514063233587 49.249112429175646
32.89747822417641 62.94290416979763
42.90892223284521 10.055773462716722
27.846430171617385 31.706665279655855
14.333594449680254 11.570576246638764
82.99328872091236 20.569734070857095
3.92316628558973 26.852679194647187
4.479600771301239 56.203927376019344
90.08794471898428 1.467033892081293
52.10544764551577 70.50131065768551
97.37852097128562 74.96979307437883
82.89810937650063 23.69257186616851
73.25967770173914 19.684362266646673
67.11710065004044 14.93074085133943
16.885674998942648 23.581223496374758
75.05954522527357 20.674339971365907
12.687908284963035 63.01629250478942
27.6179149461787 39.360473762696444
19.260482649294552 8.36850741909364
43.23584140104315 42.35285108102354
63.679153862360074 37.445920897815334
49.103534752374 12.520038581042492
68.00297541241534 54.50210406642357
35.206091583695745 48.919150553426896
44.184876137611596 79.04205598020108
64.6312174800421 51.38659744355238
65.57971374850158 51.04733708654551
68.04963017260222 85.31760153191703
82.66017568664708 10.906228222238957
59.51024439416438 46.20419082390882
24.912975029379158 21.930350323700154
34.886884710769195 29.53866997390213
34.3320012375685 60.67460154694566
87.75991819521853 60.611032755153836
34.669400010963926 39.76020237682481
29.909700259725348 76.3161427641187
16.080578593458274 32.560924751673724
10.653823604513645 56.95324738330383
56.84395630710244 41.54608118346682
68.8375127379098 52.0474733339577
8.214795989658995 46.570709037095305
2.283018835780304 13.989096912841092
70.11442550191727 53.51094569228641
65.44953277025371 88.45767659137913
75.64272811896602 17.61728376356596
38.528465267410205 50.2840098682458
47.37931930021064 61.277949374371985
58.20930863498962 5.435749718522609
89.67028526029671 11.62253696503106
23.5225791707955 5.504174910871306
34.08875862772975 29.065971898705346
73.60910853545172 55.98201206050093
9.71611036579576 99.91973357789438
2.7301192559052723 82.25280217398591
81.73582917857341 49.66283075397615
55.720903570604506 84.81574313059366
77.39047121826623 56.877757617329095
51.628288643715116 28.230596588659708
17.426177860364188 60.92871444831278
40.98608329307303 44.95157735378368
4.472760062599901 64.28196707219615
20.221511251752354 15.29731275211308
64.67482067342894 63.2855457031914
51.11694548846897 94.27945488655374
84.42415320968954 69.55883346445574
60.551194530185946 88.52478307569858
26.44148396782783 86.65595655592415
65.74527491891041 2.413061413924744
46.33921827663191 88.35014670880447
77.58742628075363 6.781072317670855
37.22985154083521 66.4679912686963
39.1189843930029 32.9867165202672
94.2252811973048 20.356831895170046
98.08847770051335 44.72518956764667
29.582749794859442 32.48635570179903
54.40377370599272 33.43703455543135
29.723002142182352 15.625694597105921
36.85931376881621 61.50144234999757
58.077745654663126 41.10667306159679
75.02092723442587 50.18377920131726
36.07956942463185 82.33392541700736
29.618002866391503 68.17283631216846
47.17711950900517 94.12843994743272
62.69821224475752 7.1215699213143635
80.21255039532626 55.79419029838461
80.00184069694781 67.86953816460519
22.584175111653547 67.55995534881608
85.59610568669933 67.8288525616547
5.591295720087208 67.62109924185432
79.5735863054524 45.044281780361054
21.102683533502862 6.807060614982763
31.13469305748062 7.7830644954951955
15.850093416499933 24.59778231803911
5.251562851811409 46.81672358090251
83.78890860735063 81.46931209032968
83.56158365101874 76.96059037101378
73.58049481939992 95.56740444657432
50.16078880135697 42.309796677973154
40.811659290876335 4.421361077816988
60.47826556692478 22.64865689313811
91.91397010313543 31.83971917368581
97.18039120853288 78.26710102283162
19.009218472198462 29.69331054573141
95.44519944064285 83.5478530730616
23.87032231038022 93.4901053749778
98.56613258163509 74.33732645410372
88.01721457199527 81.31410437948794
51.91362828694807 89.37511151871354
9.339419666095539 9.185314730418925
93.4702642514031 78.42599177304605
17.17701986931084 90.6487790991997
39.95461019640613 59.765502173240534
33.58572449896175 74.39354508840293
23.579607748442612 51.1072669820255
60.09542546106409 33.08436105884008
43.84592424121213 28.164709210778817
70.13042066004869 11.164266883901208
66.58337319692909 85.11272911882847
2.9220291084215533 7.938340486638684
41.163808911067065 80.07124981369152
68.60041257515752 79.35221957949904
18.112845055885117 30.793277736004544
65.42881391593036 39.169382680028995
68.06690574206738 72.60168665325025
70.17732356382163 70.25286152607447
10.656850845529565 61.995227240194964
2.267258219690871 66.56720475138127
21.768295117830196 24.56150867610504
95.45475282760184 69.0779147045213
19.286535590000355 2.5541176656415088
2.8918030416704377 50.21670743686669
14.556049171685093 25.65360208340117
18.972064374071294 45.30325312164082
87.1278740730481 19.145629740985783
51.54808960232386 15.580794915728246
46.051515358244664 5.36553666707813
87.84358034584501 92.24261223075443
85.35510579131939 74.63912094389607
59.226859934880835 68.73820505071244
13.930212487580429 21.643026372540152
86.07652227635599 98.48149841538495
67.05341302588597 67.38689072770543
51.72344237847327 39.03280416854143
43.31972486128309 73.51010242353759
58.085437051549924 23.362304830362124
11.298218300154684 64.34780176022838
10.512720240262274 77.45254335331813
24.460152814524605 24.031822507289558
24.899336505553794 8.168057944510432
79.45300691342902 51.12987055187097
74.8048720258938 84.37133858612206
81.69931713487337 36.80267385713735
16.87436165022015 6.923932627742547
89.51301103947262 43.053917679424515
15.243157413430652 22.03081185848521
83.96256367939316 97.942604879715
33.26660873083432 19.1593972722231
41.26482452988679 58.572035804174135
49.81460545657045 98.3422345171504
13.724276210688712 11.451318896244144
1.0821983223651355 57.69075127231784
99.7567854998891 53.83955793724775
56.25921920852198 69.84835661695466
75.01610306359827 12.813875874608815
40.6312977163088 30.163203667230565
73.91329492608833 14.573232637969259
34.31873581827454 56.32035393098611
99.82973142465664 55.79157174122192
69.81917744740906 8.050108110143572
97.3963843956011 74.5984602529241
88.62858301820154 77.2433484258326
76.59940487254534 41.37879685341691
10.054239868858694 86.49299985572051
28.06870993377919 91.07676852740111
42.37871049910014 79.27896319642691
38.30805929799986 79.7927829376602
69.97688202344615 3.431063776514076
74.33991698951888 13.478607231524276
91.46101795797699 88.48318881268706
79.87827234329556 75.44862208990439
69.34503867235382 54.68332004768928
71.89696944275936 65.47350176488929
34.49558140961118 52.191796360152686
39.23319824711565 21.372401718089627
79.07746494899155 50.47490061773097
68.64204282009385 24.336792032546594
78.42273279415136 35.1275062729348
69.76453425153095 50.24169662282001
8.552744503523769 45.136751212065676
55.23925819929346 74.16336034014674
44.796980041335566 18.235993686589012
37.58635462729368 0.3581339690126306
79.62086645277144 7.380433743983039
35.17877588858418 84.80808618219844
1.879070894565693 59.21560148451243
85.73313335386598 69.56883105459795
10.62099112511855 9.004059659924835
59.47739678852726 60.56728815710667
28.138028239152035 64.05990109652579
14.861846857868555 69.200392447488
65.80074116179361 82.44301568253903
31.511540246569282 42.64923321107912
96.6703991172576 94.95623492827737
86.39779502237212 17.801458818155915
35.47841130932001 75.7768319400368
18.71261838402283 44.46643143115565
53.98807429799276 87.67733435937676
70.83633150955067 1.4696569422244066
23.54937406652633 97.94444105344694
0.4996941281633305 18.843503308838184
77.43601250702035 62.436227705418254
66.10082056595746 67.76892274736352
93.12146778743195 13.980221776116842
97.25572191673459 36.27679798264014
99.0206458342066 61.41854237346755
24.706276207515476 4.515663789972657
13.613461346390999 61.447006327706575
5.911690135774361 86.35076233682977
14.061341436061426 65.44587934640816
5.678994754712563 30.18927930084454
44.18810657171066 98.29304662762738
90.85993627650186 8.764307249835667
38.52632414446021 37.48691851627981
22.373964583616967 71.8127773833259
85.80774177046482 33.396976900914424
62.69139282517339 61.435733950491176
86.50027560873698 57.5624660364783
31.843547727899924 23.158616205880435
59.67320343274125 27.209632930271045
69.70918918382404 6.3166122302639405
24.143737891472263 10.142179952737884
95.10401977123814 87.03752758229386
0.7737496370754937 70.55509420757117
13.099804299232709 58.97657735483901
77.337105738045 1.3265496666760024
25.22231469773698 96.16706853359732
2.6166786354436478 23.018047070376614
46.17052305901615 43.544457783137666
75.07485620813162 9.069056858933866
83.51790610144485 47.67895234515734
65.96655626307114 15.602984539530418
62.947952046902444 85.77034323985731
83.93984708547325 24.751735049411096
13.470657637605022 63.669293005297725
20.69829086534096 82.77616964574858
35.10187251192482 90.81717034086053
43.013923425163256 55.13575478242302
12.676632454168168 35.13995257829126
5.346049949420406 2.3065188726367647
49.06616810296006 19.05928905901577
16.88023881113039 52.121497935956654
4.6790813821453225 7.726186424026437
25.9735382151831 65.65237876920342
18.168726845851644 14.364257318525663
48.15335665323399 78.59132555688113
44.50525596491711 74.39682432008189
43.13485304267933 17.226390358305622
45.09104765128809 52.32709396802645
69.88453631400775 64.78578059365626
64.7936231935952 67.083556332233
28.100455620756303 48.66806021407976
2.2757004814945803 63.85473801840169
49.04830061686036 51.52259467911783
57.531310206385555 7.6948896328464915
7.6238881797560225 22.299903529968436
6.80293205034851 93.25332686193435
47.62000356003173 12.713739975449778
59.05141308052867 71.02818729406734
61.800764445756485 87.26016115874063
67.93830342368436 89.19664956707683
78.7750428192672 45.43488864546571
43.83862372408518 20.26018967003701
66.40402266846395 80.45368841995487
44.64685342865727 25.609540453311187
2.393943751913541 69.70525453311826
55.996240529379925 11.12304541825554
42.81682017936315 64.92092684807076
86.99416824204617 82.81887874993969
4.55076198044333 66.14485646237533
70.22805763017426 15.069080475030539
77.60724257154202 98.36638681989324
19.21441559181376 57.59032772624598
93.59260922491669 61.04617303568769
57.455494101742254 2.290668798220552
95.12772689845883 66.80690156346033
12.224970854051032 27.110879821460976
0.37253222374179495 18.361258536089863
23.11467740488625 5.318339036834874
89.2060111118763 39.47154779783762
51.06822066805056 73.33231313162494
38.35442801574157 93.52733040814385
14.183860687949078 75.70740712395148
53.93638620058141 9.630273416439127
20.003447209285174 42.01471271657532
14.331791038257402 76.32431676169168
8.80506883051666 33.305863645765264
20.525927496186146 15.342335459156963
20.764468545113747 86.03982251483018
97.36772841378837 23.83977992026084
12.85201263265071 97.90983409127098
23.45080224199795 64.30080823194336
5.541747256591734 19.66366066276416
18.761633699980575 44.52089005063704
92.77677258675072 90.6195492901461
15.070330328269643 60.9963456840257
62.480621013689806 54.04297414085328
3.9640329483257353 34.904165569929546
45.96333119794191 94.5934750721227
40.385444473011134 20.26312406938623
29.564007270238946 10.4477092762436
76.0877284869353 42.461226241044784
11.858125540053987 62.22770841888339
7.875568476855999 63.7737299740905
43.36287930895033 26.846505562534496
55.8042493869537 8.99427586795375
60.56936518130064 53.154174572996126
17.041114180569682 52.431762175669085
26.303814072231326 32.88559349217295
56.96081022513583 51.64540811473988
15.42383340801764 20.58899384857562
12.985650116659563 45.04899336169852
70.45358733363997 69.93576276353889
16.556518356764094 18.049591132727183
9.855370702581057 18.963272946514653
5.91205437780885 67.29538049365551
55.23962463907891 81.03723915032839
10.51343401496484 53.894856965323555
54.64281205605657 22.33127172378202
0.9752362840388273 98.23231817711824
40.094707722835125 39.35672144976164
91.27454281333172 93.34598006858582
30.551107236695774 88.48603678927
7.190847349683793 21.248659713077377
26.124760946099446 87.51709369685474
34.668646843889576 11.405051046442495
21.710024027701113 36.48614039776004
56.050182022407704 9.133422774926881
73.41135072165892 42.52668453995936
82.30354795495072 99.26512294627318
26.942490812733833 96.20836948630067
77.13559991044458 41.40058879077624
24.830238353130028 75.70540238120935
29.501834652868443 53.57143726248108
61.12292704999096 15.406358757312667
12.61663248320859 69.3061941228169
7.684739773047222 72.81508549731495
69.25652777739238 56.27341395127122
4.306245653568808 69.1456545120151
47.39768910792065 93.06772760540034
16.414758107385865 26.506947087898048
7.920379176620118 88.83079974433164
86.66969011012277 14.784286235932742
60.868313107464 95.66971736608254
9.511277814741902 83.1920812546389
84.49445825087167 80.9308473271623
10.569752029009772 95.36793561145596
16.810955142908092 38.154798807394286
71.97423839405032 76.77766365942236
21.91014422617854 88.87127664434932
66.35686736958434 13.961902803416159
82.61401842875009 66.84498327573203
54.47220512991363 25.176642254732418
6.599641896343722 90.16593413547331
70.5239239589238 33.51680997974298
72.46331204490403 71.25828583295136
74.006826186822 73.5896051491617
6.877986082068732 98.20284483640151
76.36796284266723 78.33761219787561
72.79477325227543 88.87297519136658
75.00518471743277 35.73851519042114
9.550801707741607 90.02992587591169
22.39407172112109 60.25317797765166
90.54967298116402 30.558193380020406
93.02580423363682 70.051339924131
75.22474314919221 30.42245073913573
59.70789964996286 64.90349465445317
96.93347336985185 76.77242346906058
50.56057250557272 98.43694792399542
50.491670909885286 81.44344416069846
12.196201830486697 81.04966821619722
11.488111690663027 98.82515049501731
18.66753673953968 75.55508819055791
36.32185709190184 21.80007415352374
38.754683766861895 87.74580546119164
7.430967621034279 11.308388570206663
57.9693112926297 84.54799097812369
30.80956213183127 88.83802192377586
81.31566441460082 1.4803498152237249
20.418065670902696 13.840630630704275
29.86027147777486 92.1195758095765
39.81227745244191 20.822394683344257
43.5963537534668 58.81352064072524
75.19594883173787 32.47457379055119
6.8371044002127785 36.91885810264351
64.43847982850579 65.58589532039258
45.13262105959021 81.08674972100576
49.955487788138974 4.40281269468541
96.84815795894993 31.52730574922896
71.74621253580763 98.7358078173455
49.758393981306256 80.19006960334184
20.47572014521972 46.56624745580661
20.14567021770325 78.26262100296506
48.722145047743425 17.74435872648844
73.91076685623466 91.67436161659754
83.70060565128703 67.32179314141547
47.239046415932684 52.78813360140637
90.63766331446318 66.8502794270109
12.722260432492183 57.494959177552055
76.35637219778258 2.4607156667845964
42.400862990193154 10.498873206523008
78.07658222402306 54.489299082013254
16.35429073341308 84.61463474008339
59.590216329143594 61.053544674352345
41.99992836694587 4.960262689137929
14.527457452420089 96.35933083618478
14.041792700606859 74.42298440274601
75.21574847521944 75.70478743180618
57.96517282067111 88.19807537047218
12.11577880815381 81.49622615973216
28.83205032413194 3.2736025553474657
72.98061532761312 43.84564335342118
77.97890714034365 73.70101756810202
94.89660348572326 63.33964312811493
13.59557855852419 66.54188722944436
76.55404555724785 92.77370397345518
93.61228187608187 34.462781448587556
63.826370388682186 54.033359740047246
91.96678159341471 5.962018711814821
90.81754767924373 7.533369274367152
76.32487247627327 48.89827790071902
93.45853757937124 25.218902222424035
64.60314887874262 8.12416871649102
4.0656280235579985 66.54669884006377
97.37504772805444 68.39708805422273
29.474064803712217 66.00322838519725
64.23773320345354 81.5091653831929
26.892959556180628 78.89741424780614
82.03762854398732 64.25489560008559
13.105500447296736 90.81386194744981
22.766227993166144 11.511353080698106
85.94622694208418 73.03128514553147
40.086227107961555 82.06828189846418
87.52217402671634 8.190501833998365
85.68669199849316 53.041532067038624
61.64516025805151 86.11882299409613
69.6662085325309 45.663810395177606
73.87877422305586 9.322743777263575
63.34707242131425 46.550616916723854
70.20884829364671 61.57619369424321
60.737205154632036 21.047707128001093
17.060288374993505 69.58744595278257
95.39080042269858 73.34860171385776
12.420510295626475 16.973610746217325
46.65766898257703 37.02270741466478
20.06410008339471 27.52524912974349
38.598708890350366 29.98955341308598
86.26631044540679 16.041552135101234
87.13518560012787 48.181184706741284
81.12883168516923 62.06308522405723
97.45758448654216 63.083555551336524
30.853609655540737 80.72358927580339
29.915198649812137 96.23013869115282
29.658236005980953 94.86039193705159
43.27063759067114 62.63341666348303
54.2882453265733 86.79092632602298
72.55063413125585 81.97254183567449
85.69960248602167 16.098349963951787
75.54760745136865 25.721056983681258
53.74262178716609 9.94867010977275
72.65579135304954 49.60729757216067
29.655984597276053 42.61389406650999
26.72319119990847 64.65628018476883
49.347468679126415 97.38393836272768
96.72697487090844 12.723669670707993
14.446340750573539 57.62987030227744
90.39809229450506 3.053597306888811
70.44226616350112 66.22685292033759
99.12270029806744 43.84101158902528
49.06157767483638 3.9747821171403963
12.874979341867999 84.13558352142661
21.421803078755396 64.54461179642304
50.89292172131318 80.82834923050272
72.73526575096577 23.22772387174249
89.9687346673461 44.454807757281976
61.629936318436876 45.32271193431712
1.891997832286374 64.34623942647931
64.90612588693347 19.158050261708116
80.96334195614713 71.2628457131433
4.265642052094975 2.6800050562253763
52.57296962496659 21.345996213674358
48.936682070097234 3.3624153653350586
45.72601796187769 12.322979601251117
33.63983464324356 42.63716158974359
79.46741761462668 14.875898897752082
1.911105944819813 99.63904709442902
42.693001197786465 22.070154114813633
26.859269920689677 14.42683737677023
62.457069184689864 46.84134899593055
17.168480248818984 74.87357890940146
58.71317433059614 27.9392732556749
69.75178126876361 84.84255022680574
90.5730571276447 91.56610105866443
76.98541291071332 39.582096274682044
32.92036326794352 90.71120477265707
49.73235759141264 43.10372389276467
82.90616277871675 20.6081896588462
86.21865356761533 69.88132095054105
11.613584551748158 4.346837297211548
75.98915018004875 83.9007201404443
57.48911986929246 13.275126870232734
82.43650665403548 69.70870848269148
17.674455723471116 70.056298695972
88.46335348148362 57.02859645225242
69.14170333935603 45.288150178665354
77.69958949597341 20.01612104462165
8.430926852171638 22.89888096447823
6.932268099355476 23.54392288434771
71.68857425089725 3.1544375298092397
65.55648602078288 43.9992482854729
19.457311872005477 45.70914397171196
62.703057802319314 12.026152390410116
53.62763894931655 84.47708475335796
4.143728842770466 25.107774448821107
27.847751527240995 18.673299650421427
92.20668629941227 92.0606654075862
57.289909176173595 12.714590882261135
43.33419447759434 85.24111156507227
51.817218564042456 33.656115561639155
83.01495074926967 30.279911006520866
58.5280091474038 74.08658248885855
63.719558732725424 24.341278204087548
7.195965677715899 24.25416243698195
24.513459471053455 44.83440783775985
88.21172735826138 76.46092868245393
66.4731089106768 27.23500415325223
14.320177196789285 67.50616239504298
12.235460654259667 49.32168447126467
72.3049661413492 63.03598306136086
76.59173408974173 46.2167856131307
13.914961242592561 11.309045343713564
95.0329889085101 99.64202449908612
38.40516362873455 29.450936095760248
81.65057306889271 33.57181804604543
39.98339596382624 96.56703215032604
46.13504008974941 52.38619590343878
61.8142144277587 83.10147962337943
18.10858929191188 93.12401166306465
10.650402069510513 67.5129969376506
23.59017097488718 61.56557835278238
39.688687446785806 60.411702725608365
88.53336081969108 84.19747424276201
20.66169619064613 36.10106228702228
92.53033233005847 49.932379709037974
69.98249925164632 3.713498694550188
47.32091564556355 2.395908584314743
12.709380606525345 76.65744413862089
77.57622511017438 89.11921041419627
56.20649441967364 12.231940193435642
54.97464094482304 97.74631603288715
47.68826417190524 69.4326007777292
92.88910639572696 4.34851110296588
82.59424434354318 47.198130493068916
10.255777145743139 16.003185216893822
96.65477956624576 6.910585396189273
35.8493941377091 62.69771210396923
45.807186929090314 1.3692491894699677
93.54906210043607 31.753103381055382
16.50020119463057 73.52560963460205
44.63916767035754 16.632362554504866
51.6495092828433 21.317111792480524
45.98492787201744 14.040005032706858
79.10919327771776 95.37760555652852
37.44889415812255 65.15519590767174
44.146294306260494 0.92161633696759
77.41965559872298 26.096447661801005
73.59587861012069 34.3079348565006
46.40357424415967 66.96685185317023
25.49662666004606 74.90584320200733
62.24899510289126 24.99402299616741
7.53692053324353 32.9892994420447
99.01416946129027 62.74130546869499
12.287454612275772 89.07396649052558
32.986788945909275 4.504802640751581
8.719658103874773 43.050212316529745
25.39809595426584 63.69828596429642
86.66723876895065 53.03399622881544
34.95214951206555 28.774982195531116
76.01779141974173 61.45500044422393
70.97498287779153 47.265550029431694
27.675222808081045 24.95562044974643
4.914441643534728 26.24182270862575
24.006388983033634 89.02273305897657
45.02698340823436 16.586927988632215
29.187323331470637 82.37823083895198
87.87035409252448 80.1607921743501
25.094403200159164 18.785920688694958
67.38370328617526 36.447425409234626
56.85502269928572 33.387981452659886
59.783282877419396 96.4494071055112
95.88468825938561 95.98193281561348
70.78825564764227 28.43483335609346
6.060669207200398 89.12593954760335
70.19031325821685 31.040492616643345
60.33071765097522 49.47401868970196
88.30093564938667 19.463514167939145
25.89919399793439 75.04926171623674
51.30835924563898 79.70818861963511
84.64117597309098 55.33581111705036
87.7701984936996 57.620133633345624
10.688365406985534 90.22327533138352
23.34314173163342 25.845762031863206
68.97584942324167 9.723924881718338
23.0412231908399 4.133988883639561
95.841348192717 59.23109853014418
84.72393363562945 22.89892872625695
46.82882638464736 27.05284703734604
29.301788446543686 13.739217413566617
29.043847340644813 75.0081728039325
20.092527842212682 95.03875510749334
42.84269720793821 23.34696730580781
0.8299322486603256 23.82174824528177
77.33092724330827 51.67098887693224
40.78913985837682 96.2064601973633
53.12981605978426 46.293184123856655
93.09497684957057 92.82734368917896
76.83383175581746 73.8974242081025
48.83801941926915 72.88825047060269
73.21233161945986 76.34312906890047
11.877293834789437 26.737315034213015
74.36183577402743 47.72151012916191
7.224580973260409 19.276389387689473
24.570953998027445 61.98966000774531
76.41126839313551 30.729688553612068
7.160103895185221 72.62882932218936
40.66178728233335 68.03261652845678
99.80322785422568 97.88924228315943
20.143284940108163 14.853892162399907
3.7827366592017686 49.18059084770429
57.0176671309281 64.8559542707026
45.30591690087209 51.21157154101586
67.74313164363406 58.781422095244494
32.78873914186487 88.17264945005067
52.68913165146636 84.835821433231
38.144043194590814 31.478259356178363
80.6260220184337 68.24993850358803
49.96336346151473 8.735099750164188
27.884259784021147 68.8709916347725
70.38968555588609 76.60608207802326
97.66838466941688 73.55204742627745
50.2915084497228 44.1611467578314
27.199517581922084 24.41018754497084
4.620254182324812 37.11037375739081
44.82448234772567 99.58503729410889
76.53060060079704 69.06287067946722
30.899288667896485 26.849383722016306
2.3087533394980375 54.98705717743392
13.74222094748242 93.84649986829807
75.89896883004835 84.23087401992345
63.80517812298264 58.40912455879372
0.5463424643898818 96.97361191658909
28.254380319001893 88.54341208660867
27.686757961975207 10.355230699207263
95.97322198741261 2.963385252978823
73.38094425004141 76.0491042703389
67.88626157180579 22.790551387588277
63.81141704473519 19.46460866382409
31.514771128528597 80.0717882809265
8.905014994744464 62.136129390248506
49.365469776108704 33.621486310367175
68.42291029297826 91.64320004044656
5.533563713379818 65.04983570134203
62.11238604893502 41.43773313000608
62.63537350523514 82.58611702670528
51.05764479964678 80.63202065470088
41.19727347244581 35.721824259867965
59.15156936330973 41.593935613326785
82.11487738420782 7.462469436069896
74.0542813861369 68.8358356497785
80.8796936368593 94.99460989899649
37.298746611099254 92.3457980479514
93.8758426331328 13.886830750934953
37.70208807642336 69.749625119318
33.34959773821946 76.14717755382954
34.178987448245955 39.95056805574766
0.5716660937946649 7.570530048028045
61.144640746353474 14.552079834496867
46.291439012615285 86.1661673113574
22.403314175331268 34.74428210439584
92.56304485623664 58.48624163971582
76.67885086440432 21.451975088805785
67.45240209580157 88.7312306723135
28.733447022648072 14.56315098660369
1.0648165164990897 98.3134673599683
14.886717749213263 28.93624536843532
27.300108107528597 47.12620718072561
25.815082440553393 88.99406723989463
58.49142286780808 53.779274414195974
1.181756541392276 49.2160440388767
77.45077464999935 72.77930694370983
9.853723339472086 2.2742781724161
42.997519403521466 94.11628455336468
41.80392799708434 77.7884510353952
19.85930375254882 78.31589769764288
24.5806575911366 39.4061493679986
64.47694892169838 12.090670231300749
41.98160988254558 90.1299975951351
8.834029078083915 89.77328159437513
26.575491365282446 95.71388440518226
27.006541268197736 20.566299304771796
98.90039335843255 71.58877142646767
42.42118795165899 26.736912074846096
43.319180530939306 39.084740484867254
13.55056992283198 24.926986551201768
37.12329092876641 86.815219137637
25.15296518225931 24.07064925582265
18.457039031020038 24.169241013094734
34.27145989780982 60.759564773042065
44.759824060017806 16.62500071340771
37.37938435440745 1.1119803328718314
15.950173419026559 43.174653886181915
57.839884012977315 42.958663543704425
36.52669679967039 10.96140322149286
65.35637926245528 67.2430419156217
38.31032832677683 21.980620057195168
32.278243841451726 10.333552286094028
80.8290570162622 65.47827207889951
29.2198597655712 17.266032879150316
66.12892869268417 30.52487755144614
87.75041407399613 81.902417914954
23.58984724991001 18.705716387507575
52.24955489502376 93.81418717106351
49.506307892399604 55.478358856996635
38.41748036343105 32.56782407493707
29.974414478312973 70.32783243522105
93.26506284540514 69.18965412335726
72.09266331465126 21.724792253178492
73.06117654006468 60.13275066311091
22.593419049688666 88.76630731704229
9.47674832051396 52.44560484588345
61.47597320405862 96.15299612498349
61.312552421347945 40.221448555470275
35.434966076594186 28.362282683773408
21.883150037674692 17.541420036029322
40.33133615865726 23.09863068020901
33.99450798019248 51.43785932105677
79.01746614961043 43.88468106624944
54.14901074670225 97.98985111644933
10.857926088669368 89.37887226188094
24.91247841740998 61.12443286191576
14.386093830633362 22.97547671783957
24.37633028925742 65.81486087770281
33.73054706392345 52.521122755280594
66.89609556341509 90.14507579699888
18.7232573927812 60.67170810276016
69.80260761317456 72.26676549942768
76.75147154550912 49.95013505160841
7.170292460779093 54.50764519978535
85.76684875255191 59.00700350557015
