869
77.04016279073389 48.82252570802762
47.0431082867393 67.57622926032919
8.982803008659058 40.34224461268418
13.887063990045078 99.60432885466562
27.559072359553817 1.1339347142481526
7.870355349353519 76.22995544343081
69.53508704465655 26.844386903433858
93.55290439741833 4.890173776435313
38.358858672204796 95.3935169620803
2.576228043007922 95.34597257713298
93.67772747723329 18.946969778899337
29.956860939237785 0.3881089902627921
23.282244937470477 26.603404160263533
12.4618267577996 51.02681411339164
41.63065327831453 26.251689122731115
19.554581005523232 35.56672188230792
50.90047074076225 18.911842775211774
13.08276691841157 4.513748978229659
50.33058958047839 76.84447484146754
44.703082363107804 43.03723197227599
50.093020127774615 74.53825214535263
58.656696031567634 51.95004169115561
63.610220912142935 84.7329961073129
80.88265162188686 73.74074588457378
0.43343238071749113 95.48723786449474
44.9925629943295 0.9135635060058545
55.73569976041922 91.69815207656602
94.51171729890814 62.40562943784834
73.61119988007243 28.516132538044513
82.07557830524595 54.88637479290105
58.87433743940487 78.77776345361745
77.4027633130537 77.3244174061902
34.521146786107884 23.381767849849822
52.89164711302997 18.457202621721226
50.99736395982215 27.000857071341176
92.75227015354672 49.7234078787938
82.77328193177632 36.976479761798686
63.53459309854325 52.13744276397267
91.17212920313773 59.781402953232146
80.09032227281475 42.57131511205674
7.31244387764206 87.84518371748274
30.63295193155585 38.61650448192169
98.36205699394206 7.7238420148767695
75.93209120581005 60.97986487927085
27.50903493286605 91.6836281643724
39.49089162970114 88.88903102513449
96.90456515822986 2.7784769158672784
70.45752014901687 9.779330984126954
26.915110284057096 31.825726025216973
60.31720370656337 41.88372146952833
59.93226406567822 89.29737246186743
3.214590656149674 99.03781965334318
95.31736691604806 59.314675963310535
75.2878499391075 10.764796684739608
32.65984452849575 70.13511430784337
56.38373063004123 88.06471780811337
82.42644124201415 41.4840427013346
7.806123980075396 34.409201359088705
79.55899213004622 12.08324769848942
5.30101707556494 1.3840523487911205
80.46191959418466 55.204093021780444
74.1049412975693 5.937756727355237
4.481694540935877 52.22446939100989
96.33256749716367 24.26832006846714
44.881059939990124 40.034532210289164
79.52347486252481 59.555233023801165
20.86612783101387 86.95100011973629
78.44253100493658 97.94139393569564
97.90697527294337 23.7163975908265
2.0852132901695852 36.46755550053407
69.52697591279139 36.79117213581454
16.353842756966554 93.3592204883382
31.7636951214318 54.94025642884939
34.60263337023878 29.514558534923207
42.12068643454572 35.51757287994462
89.5195240948826 37.0718836193766
64.61260699078612 2.027749366753795
67.91432914793789 24.107122342317012
55.19260310660825 72.78082228134521
11.815183284450582 14.344811057316441
69.93840268379174 70.18649127604627
22.897595217275445 38.889308801219656
41.30565987637554 98.93852545190754
99.56346730368345 17.68099643507892
62.26726562652223 43.74507044024066
95.44113291461946 22.6126641439676
38.32059160222602 63.957562473907295
67.65415863835457 44.34374440133492
21.075418887547503 3.913560643116676
19.959526520035777 99.05249907673033
52.57017386296644 96.58235732160499
38.46987048601673 14.146539104859713
68.28569099157623 35.040990424182574
49.49876000188368 52.98314454759158
62.34869804038489 74.34393304622161
7.539039788321567 93.20796568889862
47.79036085920728 63.0471567770863
77.27273968304745 87.66959739197058
88.12520002561166 58.95369215342231
25.44390549325789 33.82481312019876
2.148157285433616 37.26538367175804
63.253160164989694 4.160051488504434
78.96827326367443 41.682103184220885
75.54457593053047 39.21421392023213
98.95178481612689 43.4986246383932
18.36371443123038 38.61041385623738
83.27436551130177 48.64612012528631
86.73117123587811 39.441586934392426
2.38372918534433 29.970177589914915
14.561653276959763 35.44319808385114
73.6458655778272 12.543253235719941
61.483870027676666 96.2857499848275
0.770626961317944 48.84540987402283
41.944103533958334 52.523183747192036
73.51464397147272 21.099921713374346
29.18180389020272 1.5620927094114223
38.475697845198574 19.4749610130848
42.714628380538585 22.919808058827375
24.72726049325772 1.2808510083443525
71.47483990948564 86.8639351255781
67.8433689198608 77.89147393612127
4.678878493800398 1.705790346074676
52.28897394030583 46.13586064473806
71.33300304543833 98.74576754864201
48.51655881686386 5.6102099957892175
47.918267538451474 15.699798707926082
1.282003814201249 81.31832994365861
5.299618144875195 40.819278192303585
6.384886821024693 75.29697274030424
8.362959773124546 91.36294480502102
7.9804382672143515 11.887872308526115
18.14691432556288 29.791573979824392
8.419690328879625 13.818745300506908
38.877540559208455 2.233485435441529
74.90494969087649 64.06016427953773
27.94418512563368 4.2972920516971875
3.668302911204735 34.70995047121409
42.43094669797547 79.24179793395963
55.14482056274564 52.24218958275063
76.95368288815304 11.123429721300537
40.41334001749996 84.02924867183843
77.05876646059671 42.099167564436755
58.48392678829698 27.830523887127733
70.88151167497887 68.80094555740146
59.31127961375125 97.67354459167176
84.07796046458888 7.6214133677083185
50.5201949091176 98.8192048154229
24.756273496463766 67.07375281569274
52.54224759673496 85.59296551669226
97.52487379412348 97.59349662241733
46.863729627964204 5.1896527806587045
36.22314983401462 71.85007654640187
16.675830896016475 74.6984922967363
24.191671091414968 48.87060955309433
17.67092683356849 55.61433573797326
72.00473960332297 11.058498612114843
20.400663170837696 16.333942229474463
17.635807662035685 34.1699681405239
17.875110119055314 80.80385910279875
79.45154842166728 2.1203255595846793
12.363822178313 7.639216369062673
5.412803273536881 29.635290907686795
54.10887974160789 43.77096925647235
58.49387639018426 68.30584743346019
55.83953616192508 15.221324403501823
35.45722664977522 72.98447178331978
93.79564465898814 53.75856751183199
27.035829155283185 7.518112021760004
96.84887431429621 32.909922645780085
44.88634772992436 75.71615081978788
60.59167422699233 42.266434870711855
34.10964606668979 29.52042168623281
66.59616577289144 4.8995901289731965
32.012260481765345 56.59805482764971
5.709028567617169 13.604986992900002
96.94424536962677 30.744122072286583
29.775236546804994 9.733073680901239
43.12174093882184 76.69259519326017
60.85119790786793 91.85858565874355
60.01484140811678 15.584249428885421
10.721113143804374 4.733182024296223
56.980045936584055 68.24798133974697
0.9341379303217989 9.197879562527334
44.62780864107516 3.197312892947579
63.050327101904 13.8151340147753
97.84920640155744 15.732651115140738
46.40713581232775 10.568913925144418
60.25224349940614 90.04966231438593
91.33143923574778 17.18764209478557
11.403133531302856 16.491964419930483
22.671987756465807 66.81055434196695
20.827277222032613 38.887973838445724
22.667573990917443 91.48658532693099
27.798792480669032 44.4760999955482
58.743328444751256 36.36314376055878
49.45766708322422 51.26464601159573
28.3032262569345 43.22162806320043
3.6368603708574976 72.65894181057614
1.3728110077676159 50.669661127033635
74.42400884728916 10.846033806348277
77.38965228168574 21.88800118381956
48.55369860101095 33.48444458013981
17.10886855320819 20.137428559665416
92.30134745192673 85.92095548894234
38.16991099300688 72.4719409377262
65.1335877528635 29.007300746914556
26.034010850516943 88.03686042640531
30.732131984335954 37.402038328591004
12.988395375390793 39.696752039918856
7.436477288504828 10.72019713060035
10.921099569503923 21.36885877301897
26.008150791325125 19.409683444581738
23.143924924086168 89.42655244032038
97.39178556879702 20.58258488771966
49.94287598146566 71.73313916220451
99.22986681901193 22.57485568014922
40.817044710443106 31.025438775120595
99.55688456961353 57.50957059698838
25.939955763062628 68.98149537365668
35.16527150316242 16.31230446799943
38.7338109296547 9.058047181249297
75.63961964713546 79.06351948567347
49.45034236001492 92.15536160941124
18.498812147608945 17.914324325519882
77.89121518375565 36.54531567980277
60.051118168359274 41.09535540910373
72.27600901884972 88.80243419332763
72.3771747872984 95.457711370918
37.77205011624216 72.91284118838183
29.22070800583725 71.48912917567328
15.484285047979663 5.5383042297020735
48.18048770823991 77.53523267261393
10.073480214453657 86.05293710684526
54.80452906626638 30.734553673646936
36.20512216106101 24.876232401875654
60.151066525716246 67.95074465920818
19.524585503082903 43.70478186786539
17.840891937916425 99.12879193720042
52.468476489871094 20.410578853453398
16.29349363736361 64.19201756821442
4.70185697679918 97.39513968161492
46.441853649686024 77.00469980308776
77.97079714790772 75.29550556850853
65.85744961532353 91.576558582911
16.413873271554657 16.39169568340213
16.616976073854616 26.947500216728326
26.770411123478453 36.44954497257113
73.9477803487747 55.716630422439195
15.777974792305338 62.38994640278549
68.38474381066361 91.15221790596625
52.92966550484083 52.40684030213008
64.09123051619932 41.77186331620231
15.803406358530104 40.572637657487064
66.18766988164349 80.17287261295559
81.5937235645688 52.50185741422175
85.90329305796435 60.1262654686225
71.12931938314729 27.485414357393132
44.35848436700673 61.249478752050635
24.18223484122827 9.972629196218453
27.399105597541695 65.00210162361635
65.0061950609588 44.23232385930553
82.79077851205082 51.75889962789826
88.04518502876071 99.36333696950071
63.60144318817238 7.162389802451086
85.84210302939826 17.20126120748168
89.4109694995796 50.65537441639718
15.363950323941456 71.22771372881286
99.63550493438439 26.247789774157702
82.02987166828066 39.41142352711577
90.38988262521494 4.903650755299516
25.832458064746334 99.66258350266551
40.90310034935588 73.72694020156072
2.451749358998301 56.09604348954347
12.734627343511173 85.49121646538043
68.02254719567969 24.992999875410348
32.542289431269566 12.41357668218005
22.381758751982794 88.47460109910881
72.51764835857578 43.05230729887016
81.80379709530644 30.765690510609588
98.70373474311229 67.14602939782218
4.512172085036226 65.93647582891973
57.5866657709604 81.13950308571837
62.68091602317348 37.85081698388474
37.753990749356646 48.49917501246578
29.239417385362998 37.785719801571936
59.11958473745933 27.24535957812798
33.42015049855595 28.304752633352926
19.48426978469897 41.52542075923604
15.25631837244783 3.2322306148067637
40.22524883782591 81.80294643135187
12.49350385247947 55.23311312772218
15.828508847986388 49.49944680487485
97.59788588465148 38.249447989680974
6.666853581997123 93.25810878429122
45.1558404650783 55.60216876313802
53.56890455191644 70.2911524405031
2.7113765036595128 71.05203745026152
43.493657228269086 43.51471180886334
21.079935858351405 42.48107688045817
73.55451187348162 48.47817596199293
96.10989591347277 31.12469406384758
60.34773553270508 39.63414479320883
7.776217251383411 36.694076618149516
42.99104359361944 65.97100307451366
15.47599310122989 0.3342767070954822
3.0735634903155007 5.580798611310611
5.103434084321146 60.06284712329021
81.63983904719552 81.2639531229306
98.1363352063518 38.61892690531011
98.97470200630188 74.19927869163136
95.62932633246538 47.89095876815112
20.816487763152125 92.4291272526638
27.892555811192288 30.601080628794175
58.95704783464216 93.42639775314406
65.34288903573491 23.283213035792837
94.59930951309855 63.66166157075759
93.48905341359283 1.832624715963782
72.5519985474179 91.0954979527196
69.70753263486321 32.48203884557854
33.67784475506437 95.14230480521778
68.74974987621245 83.05196218764537
88.55339658569613 0.6613169111575945
73.5134355091406 75.88058278342956
60.967224164871055 13.856149725630662
57.3505587960912 55.37972277505712
31.122900538468844 17.34892421377918
92.23374039791817 27.87225684601382
40.892071539005094 84.41728463683872
60.17923995526358 94.633094929636
5.131722342224299 49.88477729043297
41.56674461277665 48.896805059353845
70.90351677890531 79.68522777000001
87.95266623342306 54.022645048462806
87.26410239999706 66.06831964469808
94.02823448266902 74.44102803058182
65.10196887056985 24.305348263208714
27.541549641520103 43.43015728998463
3.646303356944025 69.04903104480306
15.807844255928238 78.47075622674325
75.59240330279692 38.57815161540522
35.17360825055975 7.4144704673089095
82.85742066009668 5.380568819385834
80.92387485864896 24.916408411318113
74.30888948277057 37.615471456337524
95.31690765578541 57.0434497495102
58.562789452669605 69.85324383676648
25.727101666821774 10.281174815029404
82.68342803611529 22.18955473687496
54.74649696608829 29.39782457072081
82.54211396311227 77.6450453982897
40.51598601809292 24.524465796049675
5.36466204361199 17.992830658293478
41.9567544181724 16.091437268891294
85.82009537219515 89.11311491038235
98.09277369673192 0.24423749714299614
99.05238745682662 9.625646458657112
20.798037924934466 65.93007712959
36.352907061050445 96.44221916910503
30.41434384857007 0.8374491094845227
21.943644406411345 11.653994326057814
43.12788620729503 40.02734198411504
79.18948763531564 7.601217943129024
13.083611233942738 7.293275300825963
0.48444866690293686 34.45566111649665
54.229504423118634 38.69897531505987
33.486381943957035 25.161533149335547
64.47367037239835 19.554166110556036
52.682507921097276 85.96827665480362
9.264146820859875 61.673260930503105
19.714331357504033 31.290933854413726
40.57494741553735 86.95204821990137
18.019954866183564 93.41358283596593
15.832986604520228 83.29696137888311
49.35835199976698 24.246670801180812
75.87404699970003 34.748170449518454
65.93884912113636 59.066898301522855
7.742982305044777 29.174575424182237
25.033184087373982 56.65517701817087
73.30277866950512 62.23581017128882
49.659837516406135 82.73010377145059
73.03882510693016 73.46335975000154
9.974322795375222 29.631996724083145
66.72798832156836 39.24244551172952
39.35565651597407 29.094577763019647
75.9181841968862 98.3322010815154
78.35511802115889 84.5457943399873
22.704828442186965 88.0123492803349
43.908178243547816 88.54047672545119
85.34886933900584 68.32778336462698
1.7245831745890006 61.384128797375006
23.911983745950106 7.311774904999691
36.34885086402559 96.22930784926604
7.878550343602885 22.298200362069565
50.73673991711276 48.072097166349025
67.03243615795161 35.69974704307499
81.11207248206125 57.019846572575275
39.63222450547597 71.71786218993758
58.991312495762415 80.13124337526126
53.80605668735274 76.95828252840846
68.76713567946211 92.01156480066406
0.40991030010070206 91.70333180309662
5.551661627265569 18.43397993671154
32.62271824834827 9.761399639956835
64.18599269728584 26.1689881944282
98.26547121719325 83.31875700311697
62.09658207156104 23.659644368736345
85.12280709349673 30.079397030562983
41.21423607445058 75.19917611358512
34.523209454223434 41.080550329619555
50.34313021080905 8.613757878718797
51.81434884973155 10.971003551818148
19.702250395660727 66.32947118574167
5.379304363314963 21.837932631687952
91.78977279337921 12.249027770327492
74.938062610281 64.80303066771798
68.96559797066107 24.367903288689018
67.07940658132547 32.633841514939
10.78853323669665 34.316243693023154
59.55326080200124 6.832987711617767
88.93587007452385 27.942717213380497
51.35396251864728 64.77042977466127
62.56126625891808 72.0340811272649
38.20244115356817 14.82564962004469
77.97052481406732 42.429038796530214
90.8785118625546 72.32931396403795
82.03298762850449 48.77968107235105
56.21577104316346 91.98524331530238
95.39813018560953 79.15085072454549
17.351877068310205 73.63970938549636
9.939666322354068 92.54788772305966
81.15674249825085 15.418116362134393
32.13843311691858 88.13622301877653
91.98823252789072 52.17963091106333
27.822375998415005 39.30917991075808
92.08618001910706 93.80095298125603
75.3632357838307 85.94654685576529
55.36219201607322 89.6321870221977
75.07310704147852 64.69661425928341
44.50819726352857 41.916971780802534
52.84598428900382 60.04871440697853
77.37363088317996 9.426442084753905
51.16701970817581 33.7217480726681
20.725082171446772 44.38638107064108
72.64041573642214 15.063651412623514
61.55196062033183 3.780830788396894
83.2640699506785 19.27826919518957
79.48620913891818 3.5261182904851696
87.58777165463654 93.41091148986172
92.21812041174977 32.69367615542696
58.81175731579994 28.029304998001226
37.97864527200423 68.8664511486875
74.73946757520731 7.073292219215366
16.665581761801494 31.546424419786824
21.178168534756324 68.98012954636334
82.37194060223422 5.449880510152704
28.93696419306009 11.67361824115255
19.347666919312324 49.49982977828336
76.58489427796485 42.03408389888254
91.23102807462386 49.82838289155818
15.58636206775642 44.81782315057685
7.88470160053607 12.172276489864487
20.80172020419022 7.152835494676902
97.66967556825365 38.81937307237799
53.62288634398153 97.55142286925015
25.69886558961797 25.85455039990271
95.48050716778317 99.94362621672053
29.928426907675775 59.21835801290032
62.20307264751087 39.331059700005945
94.62131172518839 18.939491174542134
23.409261010259442 50.68494887754018
93.03719297018856 42.86560913696831
26.325693430989904 86.31339449389792
13.38137737822147 46.81886641958126
62.81178631987896 48.88262179714783
96.05533761074989 22.942777453043274
19.880541315028488 65.928916640503
59.9325027131359 35.91266752913869
12.870882150680686 60.03143376873169
62.58655134132171 97.57394008235546
40.998506408704614 38.16783032550618
30.396898007672966 36.618141284861714
71.44842593397438 36.921060345660614
55.56230733729953 50.95497455603938
24.7699471207236 59.50286536845165
27.06067814779155 20.386021539715305
43.22916659592534 47.8756587518397
44.19795337247684 56.52586139490421
63.14644171432043 75.36739033129552
0.5888260843250448 36.8553550172194
13.717147512974892 28.584921476323633
57.10287545125789 66.61987562221327
53.425023757362226 25.075629888758776
11.812359539795558 6.530187929204557
54.991045308233545 0.1992693720473615
97.8272329339472 32.24412517673929
58.60824818812201 15.21011488727735
59.05257079173888 21.074316218479115
4.158454461715033 43.38384210011294
78.4560193525482 73.0902664669493
89.86299930214989 39.77916008975833
88.47138766779871 39.35736406631764
63.32685618474161 97.08210753448053
20.28058427751852 48.899835179495646
97.01314270141114 2.762950389551211
84.18973043309389 0.4731263581419065
45.607181557934176 70.95247332709016
24.11153205069706 72.08437974223794
12.996930831591236 78.31893505920458
1.8216180393311632 63.90505716234981
51.97098871708668 35.016459067665906
20.79903316930739 16.136631776435763
17.292992774243142 67.7987625727702
46.022623863644384 10.567138672915732
75.4858582583085 48.64305224540192
77.7872599485387 26.17055195021729
91.69016049462869 26.153661268823047
98.73548542847041 98.36515431281767
59.21356323882523 22.12191534886382
82.31314805202206 91.7364943334686
47.10755662451932 44.97827146972403
35.87188633205856 28.187367955600696
38.88479656634378 59.3022150744813
42.27648369636231 89.03606356622421
87.06654046183473 81.87865298222124
12.542409767997198 33.692871807997285
94.28890179165323 25.5383171286928
93.47583321198107 76.10144993261025
48.94893879264861 52.73178391068933
51.56706373355845 97.76061807145872
61.67657264495002 25.50217744834399
88.86096547742646 46.1130933347103
34.09488118929846 21.87474160683669
55.912012788752506 73.81060842556055
87.08902673046026 68.68502150130841
89.20688382014565 98.16703677596986
18.74259771887147 85.48450219276707
51.69386800030533 16.723514783406102
15.472562995321315 53.804506109477025
82.32698310156674 51.01350563456124
50.65487940224417 64.61005000214422
93.32846110982904 73.53859660691182
3.0448163207081658 74.5029016896554
36.67381726914437 43.6743088620558
10.908657683200207 26.210783093741174
82.69537179015191 49.06087584304498
22.73489330112579 35.297898447277355
59.60885040461178 6.770722591363587
6.4223050623606 80.5236215844708
91.1173275589329 40.31283737461896
53.25376782639862 96.402849997038
26.095532738658978 18.460469208694196
94.53232488490593 83.54086897195184
38.58186017579365 12.25905369171868
50.65344546000912 77.8753876080113
38.81354508053688 17.506703761140272
71.64495964439234 80.71477370701014
35.81098944905607 96.23386632615711
59.483155809576026 4.618545688363196
25.76929986751557 18.134729122596006
41.651476236044516 0.6163365875741178
93.17611359437375 39.457744525413176
81.60920464189209 20.369521203641618
75.95764808245082 34.73101527045211
85.76204130729916 71.20469046835207
41.60962261923436 19.02707887584062
69.57276274996413 80.28415921873835
43.68280522971859 33.43754470153822
0.37259493834286284 75.93810930496379
91.54159813443184 12.872085856429472
9.537824985039034 6.217800427357267
27.26489584937787 72.50962133324008
5.76910131341053 54.92156724043866
57.04599836234904 79.82545293206378
71.98004138206637 30.239869999833203
73.36685883872921 47.52753484020218
63.38373755004905 65.73307200018832
93.92936931652308 21.781467695698854
77.11097800141195 2.2712520487661703
86.27561247825196 92.78614838671251
56.657745724643114 91.63974721562765
16.629492606151953 48.352293913398206
3.436514011760017 33.188055823870585
66.48127638693914 65.30541495332204
40.11369492047244 14.57913636163548
35.92058822980555 69.17572059303765
57.330200747329584 57.516462541846614
15.53454972733369 48.37538659033825
82.15758275796517 80.1831567895205
49.085939042265295 73.20955685320592
6.364722815577151 32.50248828967487
36.386252526565634 83.6572665918937
16.246343315385325 55.34460234794526
9.45035870838078 8.703440722197964
45.89046236165486 80.29586901632709
52.62425907054736 42.73617200945958
12.286138446530382 30.857725054747842
4.579156789841166 97.27348860712478
3.5434760189789527 77.55967514512251
94.95949323364965 12.850021572908599
22.403343840921952 95.49088751750264
13.130540676237024 9.106968640745439
59.30873875503977 7.000432927790634
23.87229280478489 96.15495906138275
27.448081815406223 88.71045587268527
77.34960606027309 94.1327627782482
0.1161932047927805 45.439585995053235
84.91997162850453 65.98792592629447
87.45828008248971 73.86611697787005
36.828579573466854 69.95443848782865
21.145104474281062 87.17123719302865
77.6584255002845 74.10624625362921
82.56007432710891 56.02607769291892
87.00413416599045 98.26745278942862
3.2483263668369067 87.58559677639455
81.45589593701628 3.932798664599735
60.05568463969969 34.68896822275761
86.38652608265595 89.62374610702443
88.61968700015103 46.397019308587886
17.783242673023846 25.344167967737164
17.522871180769595 4.216189039198326
89.51867743530622 60.37374122690808
90.52202091674813 42.83135294252214
17.163095162975704 12.366942167449679
64.2162609101565 12.673474385441875
42.206902858918326 52.665014889612685
32.20297825240451 41.84097095945515
82.68860966595606 64.08121285022743
73.52610820992716 14.354968397206259
56.203869451022456 10.65874093179402
75.50377123683757 28.8074534627601
64.08430188299339 68.12812617252537
73.82693076647283 81.8383481211653
36.316233477867534 92.64909773044808
32.244364636618094 31.812006631653333
70.014168487391 1.717807668176785
53.695498550904965 56.658369521376095
35.229818352407435 83.52221406448915
21.356094182592077 29.38882100315866
52.6517691552034 94.51698932045394
51.762537759911275 30.819275182156
21.998708849197822 93.33015533136269
98.32770703038517 46.17241069982963
88.83425389048189 79.52808412533726
97.41173735500848 77.51009084833944
17.419405967888444 73.8678347934903
39.078819789429254 39.37206138699897
78.52549862813154 1.353223647332713
24.089302756233245 49.03272360725624
45.073779824851314 82.54080715745012
91.6746549956315 54.58291078680526
81.06794588568059 92.98354870609703
71.47736781858279 94.88572497409157
17.301249661883578 74.05547672717023
67.50915764435528 6.4290864892458055
29.195268571855117 2.094524965956235
57.512308145255744 42.994656018270895
50.66412294304056 37.971429796933975
14.064353359166748 50.87181882925499
39.601475768517325 26.280975596563916
93.3790533060254 97.9852715547998
29.362500098148757 1.2102105814656539
28.670941967214205 29.1972290581624
87.23162547850156 57.912525715013295
56.959499944737644 72.22480273971766
39.028373341319565 28.64420345911428
39.557137947741175 87.73344437551333
8.381062031919539 23.30353841030116
87.36296942507401 98.13612928959363
0.035520456671167544 81.26966521995827
13.536087283874599 97.21942766041315
73.85236625558008 8.220911177806755
7.836150074872039 88.9664942288464
86.0171028060954 98.44539612389198
14.77667400831243 81.5627094670016
77.21000828573449 12.510483053385336
1.1774925452679885 34.163832414967935
92.9097998454263 70.5020299120615
33.65363891556531 62.76113204448836
77.84690579473484 81.33467473077212
76.01598750703614 38.535204527199255
22.905200695722925 26.438148227405623
60.107283289754335 85.05923925303071
62.58744783278759 17.27265379628592
5.983763977698309 1.8314685825280175
43.00284576210818 65.85679790857864
72.14123715058835 18.449709137346872
15.659665402096223 45.60552704928832
99.08708416161177 0.24836431695365313
47.85282623804553 19.204321447635962
32.41087287440809 81.36438497233422
16.195087239311924 72.60776384983177
87.79151266294086 50.468806134815146
33.70972603496223 6.318899916606268
39.61147388357167 6.627142969835232
94.012017084091 12.860767644175796
50.0944892331984 54.57853197805213
57.02576477883271 61.388396946468596
86.49335777079683 6.5751618859469225
65.71599724099241 18.604197739371596
66.10303994412362 90.6564703792673
57.61093239132962 74.48123086297723
53.22869692708687 50.50609893503116
66.41826945416703 7.523481576601809
87.23541610045189 61.38515989668617
68.26469576345092 26.578953869260047
68.20160453179145 75.47586683833126
72.59119430236882 65.519102718372
92.01400049187619 61.12609077535841
3.079753490696313 93.34297283541008
64.0792154515219 37.85280806395592
45.30452884273323 58.68676140778444
36.689030313142766 74.2329062968299
52.0361368450177 76.87598785450948
65.45002007488866 12.211393967989615
0.09467077169813543 1.1772721558441557
28.935635890688538 88.07577229786017
82.62582998221427 83.16437215293536
59.80629158421171 61.612431114031786
21.12389818141264 23.009868328741312
99.66442456499504 17.49358834765281
95.31311329493487 44.121043748487
29.769557853404326 82.01311898614723
14.772564521114528 41.133811254996644
8.069003314262114 4.225183378491037
31.42748148692266 38.14492484920577
19.626374075160225 0.6125745488635093
35.403781184548 37.40892455764342
32.0816200938591 84.21932177406535
28.6062127411872 24.208698168968766
94.21715630064325 45.74480949230452
50.7043389971189 66.0512913203766
37.13634448531341 2.1857211302619417
61.00858976555873 79.88349407573685
40.580045829611734 37.57495863203544
5.402746469992414 13.903189789900438
1.8562009093076148 85.55478652712888
94.38793511456274 10.492534608345395
34.054912512343726 93.89560020974805
91.1061580547455 99.05267403574072
93.64789306546933 78.87305812057825
18.887730053928898 99.39850979355678
78.07622045158577 91.80183031712261
54.95788387191985 19.358541987873558
34.91391808577655 98.64169933520856
76.4048145729245 21.916141568750692
23.750461465624518 47.07043276415897
46.06692774203125 21.44353762758733
77.14660839735245 37.97777245922376
50.22796436335193 47.30445424919885
49.02760010530037 78.63339464393022
54.90868567653705 33.01235122835966
84.70689998080412 58.6668395355016
45.54593811678027 7.052618351115969
5.874015754388484 36.53879842884545
33.754610598019696 5.633545610978386
49.69486500984035 63.72378458608653
15.670863827025293 27.205689178792657
82.22405967474869 16.72576786477307
4.245092058333744 67.6290556641701
80.18435611991303 93.06139005206053
36.78749554838031 98.59884602224717
77.52971987402583 71.4216194972603
48.501320729018815 83.46976122855452
66.341822779054 11.945228866398772
37.41192974363834 7.836660483808133
8.927184025624058 41.94428745883094
85.57357800586006 88.49568059419147
64.59679442975616 37.818713866714006
75.3567766082576 90.97009121139922
2.2723482047275367 38.877630732319304
19.843481715297973 87.27371857103631
9.90077552432701 26.818446019967148
46.254871520014895 5.467936186772282
77.9968642602797 4.770542949071787
67.04040257111609 59.30541267438255
80.48605480982442 9.329090426679032
57.09120864763674 13.388561326878945
37.37872887695152 55.75292847801966
24.508829486294093 12.15654836556096
5.357824916614728 0.6101262866688106
21.440415114128484 99.39832697142185
99.11972513767732 37.95729891214632
43.83558277206053 88.74134688312736
7.111450932872277 82.43762101552238
56.88255113396826 81.58045218563612
57.15855447366661 90.62938489964567
54.962175754111776 9.402456980237716
81.05685416947671 25.004821962125778
58.06968487951435 67.88080295256478
94.03374404206654 39.40361627758679
64.07266671727234 12.935797514886914
53.9303172305259 99.73195076328787
8.618175011782725 77.55090726477252
5.451327219158575 65.47740526615391
81.56180623057386 37.17893447044921
12.771478841462901 78.817841031419
61.78275328488216 64.68354454494973
24.99197523481117 40.06939549106831
7.0932635390152825 1.1427067075880482
46.535949340053925 26.814729074534704
20.18919570136527 24.781312703002822
53.75165125874028 66.80235532599161
51.352313304685914 2.1856991376406065
14.750894633775523 89.12373156949228
72.08601024094177 23.167173870484813
47.56889188234891 56.82021950204393
72.98759141040576 17.264536639535986
97.34092845049656 80.25911634978858
77.08783533701502 21.473810942162974
15.31125331976001 30.828389128722744
89.17457428740121 11.502572778521147
20.52141979433837 37.2119241261768
88.97487848935927 70.89601416859117
63.165486855655395 11.745837547154425
5.200680145723124 28.157286354151488
17.16372387930367 81.87333628505897
49.50885009205068 23.247341408015842
21.165939256649025 66.77401471021605
48.31481070642874 5.859906005110971
16.865734011703214 47.68117268578086
20.901652203223897 37.36039125501779
15.954191332868072 77.22629586468976
33.229672551901935 23.315054403599113
16.41049209401092 79.1343386314802
37.782819610231876 97.82314666643413
17.85931779924671 68.70958990537073
61.06717776265521 49.07795379012661
61.64495184570845 45.77426701818863
87.54857308598173 32.914894782791684
80.26566440541608 62.09687771660367
47.71566564137403 11.093285641362161
88.28000439179398 74.31771354975851
61.97953632285024 18.18976964400466
27.731341773770048 41.57298682687669
74.6561666670768 65.94967364985466
40.4588279742019 5.840258617513506
48.400540938271 67.25144898329098
80.49508636921342 74.78318931675977
88.18473216747248 1.762134599380638
42.29045566947074 72.18509263698164
24.738373829303985 99.50633066206123
89.43553028470023 77.77486837960123
27.758912067279574 57.07423735462136
52.89359475826172 45.703340652233216
71.62397665725949 12.842712296866521
58.896774363914375 7.103912982176497
49.45472744070475 81.32497561808272
65.31779149798938 94.20892226610528
84.34381552943276 41.212326924057265
17.98484374517915 88.305662152116
86.85394533399139 83.31387353344282
57.09192235937941 75.43135756404416
77.19256187042902 24.391922717063352
89.74825917235904 88.71922943429459
56.114583199626786 51.956363707738916
17.583967188374572 9.233930752668218
3.720284448796307 58.84925135877278
80.81647340133952 54.60240165913912
39.308009900788356 74.90250408186041
60.464143071993405 26.593864025768898
79.93166733991556 68.88390835203698
92.94866373600695 21.383137787593597
69.02202693210988 38.74064887875496
3.8579122459738047 52.18498139472443
62.24145703949332 6.98727065168121
21.83082322956037 47.73458386760989
44.37981959276082 19.49923992195974
99.61162604183555 40.657264788809954
96.09729533407302 34.66551338026685
