860
88.78373887920091 52.2267589306972
87.4529777140881 71.66876876506706
31.563254023743013 49.37391729021563
56.14303020732344 73.44155174454409
41.138036758761764 41.113286931988505
53.85486810873791 34.891017939096216
85.74369527063685 83.95469252010878
51.55265436237884 67.21923582173416
99.27324712508798 12.774576197945631
55.02223454163534 65.94499040916688
44.03596900954617 1.804723200586733
97.51686903335073 40.922091033712874
87.53240545029483 59.46740091831712
92.27791007184315 6.429765701102486
32.817083507820044 40.09375059476854
86.86623821393601 7.061111553996236
48.06398051002642 39.593664552837325
51.05442423295693 88.73764845624589
65.39209940707494 66.56458446255058
38.542473063588034 64.41298027450969
38.47168284865518 1.2981105761975087
21.433169093817583 3.571162605186884
2.3145006751587704 39.84140442238736
99.68386998934173 52.71517375672363
29.81566943710806 67.41174075647939
17.531173999853923 80.78890659470312
23.696074407791734 94.58682237254358
36.19302611867755 64.83188752874118
20.796801503418216 7.077098930235848
27.648869611086134 35.08542460705423
3.1480169167366068 25.689251139875246
97.62530336555932 67.83687498395682
15.716879027624076 93.20005705799775
56.429664137375966 93.05293779006298
60.69674816809236 49.80493500047179
32.987747953790624 26.798559927760557
44.77815697568357 3.669340844007707
62.59643225786764 16.91073388653166
3.2837203468801146 39.73549407607223
51.453525982555526 1.0465191039428778
32.88755845349889 68.86265969607395
83.45449605648459 30.756737888649056
98.9168929635268 46.70903171149511
24.68226958480756 80.28709858243796
84.23056556475579 60.452590621047406
51.1584310206575 10.127662074057476
7.372333975451706 76.45300254630433
94.5444606211452 6.79494989439986
39.45607192274433 0.7844321208565153
99.99226533939837 35.92445402374509
44.5578820787184 90.44469413458542
54.511321626454915 49.78468814905557
18.503926116842717 54.36029634559948
28.36079644810573 80.98901778832739
63.48200513944027 25.849498354141577
54.74258958101462 60.12074975817174
11.737142860124706 20.49647771680563
80.37496627221886 98.01067322110949
32.229673924260624 52.39290853941232
2.274837896873083 76.78054239257736
17.373586718486077 15.547633050640409
52.88956978949041 24.92968175593124
44.830799329427066 37.03647120838972
19.163292850004908 2.2721565136942234
90.77036039285666 80.15548581852467
35.92048125109536 34.911853898259814
67.17166894514854 30.79796865759883
24.703942834019486 9.28671299429804
28.56207079113393 2.077215587481107
66.04331587488187 80.96434906229211
94.52964494314351 8.616884892020881
10.196638299451966 65.69917187911265
6.153884747113747 77.93473754157641
50.0642174316445 52.02945580961775
33.45399615628711 98.75025151216862
36.336609951868795 43.705974657517984
10.230063778836229 32.93637426128012
72.26657897375107 38.730591845473896
91.85597711361247 54.694985927983645
15.908527565085295 93.59986906213265
12.185773480464979 34.10505809025805
27.89193511077074 88.58172577886812
86.82973741589655 36.35930883526204
15.832705317318629 13.05753849266611
39.44730844092618 64.54945998228625
35.35669944139557 25.617501586993196
63.40095587164743 56.67897535285278
36.96058481830363 56.73066916385834
57.95594465729519 85.46058329597732
63.10222069850501 21.151139822913656
39.03319703013608 0.9743231079755943
33.5817730717654 66.38482752902097
24.81748621596075 27.476475764976584
72.13944535651649 31.597513982496682
48.76243420382331 29.723568221358388
39.609842628601875 64.4672123744683
81.08469877531064 3.0808931471576373
47.03526454319068 87.94594816808743
56.09617228194652 49.9041274817391
27.164826622687965 46.3826907434472
6.673395269824233 2.538929026684311
90.74866690157715 91.51575713570278
32.69485212563084 69.59475464331072
97.04772914700838 48.14746325869298
98.57076905346591 21.628589561776444
30.5946939208671 65.46095070656466
83.45524170589403 37.90955308015593
79.33885971915156 99.93572317474543
71.0027469068831 56.83087208808233
67.14978209735901 66.55578584862953
2.7487095016797025 6.921254543895228
36.05722838048939 20.930285396249104
41.43461065186918 54.944235081783965
39.57895742544978 99.47546408498638
41.781549287498635 89.80046045339746
66.16144693136458 39.75820460265176
26.823418917781694 44.52542459645489
29.275387554429066 39.550470256742365
5.459495710147033 16.733546831826864
93.97104530989691 66.49635678360454
65.5760448937162 5.8227776041503425
81.2066693265354 27.895471844469334
41.59872891179545 86.51315742614378
61.78368714026847 50.030194904207725
75.0062498014539 82.60270484357062
88.67686702132984 5.5271384672780695
71.9630868703883 81.50401526594659
32.43682947806423 32.917062893022916
66.05303098076011 55.180492196935546
40.873607584724844 49.21541601940166
33.5360601423987 31.535240222585315
10.93497209608908 37.56486222279626
66.70619130743141 25.037404508027016
53.46170544970189 84.75574505091087
62.35346792627443 11.28323026832061
82.5526807558919 0.9125742347881993
33.062142349438325 60.32198178172542
70.47215330476187 12.329623370281496
44.64280533518492 40.449306790893615
86.90661518922357 22.57883621039515
47.49763113144599 80.02698440752508
84.1645870969701 69.0336233045415
63.83396422024937 96.58417516238399
90.21090844668697 52.616846592969914
83.77020153996789 51.67870464624033
18.879498106279136 25.61964309275292
69.39012461647813 9.679508490936817
63.83971585348331 38.6107177461622
31.63046197087037 89.0037523669302
46.64289587880087 85.70167796097424
2.185487106011408 23.607539898209296
72.96518705052002 7.524721577792215
25.328334264097208 9.922154243293946
28.924661301199595 18.848695033964226
4.76251871705744 99.57234880315391
70.16260689865723 52.0543048811132
80.98287694944632 9.300984210556473
59.213386055534365 12.504614580144402
61.12201353634252 85.58823403937964
82.43382812282557 87.23360937819584
34.411779446314114 48.1074390638235
93.4689345841066 39.83111359321983
70.45591129477044 47.84173077808648
99.09505045274332 42.674591849419215
48.423405037930934 82.0373831148104
18.30707770993547 69.54640857306384
25.22478771313952 55.247064897427265
22.00853896754594 51.24924332975645
20.136322078105096 86.23693350031658
62.12415829365949 36.11706276262008
79.77813225364689 73.15083716683627
41.67644194027247 82.20985123715083
11.188632632892226 69.05759348977706
59.712434142094025 69.39810985294852
11.765716092041846 69.05885889124053
29.20785943759885 84.0179650263534
9.918152202484087 22.09892299884003
18.230118287519083 28.53977494776788
3.747894871058921 86.31923810135305
22.168310380451427 69.58886216436187
24.731245222111998 10.220835028327347
89.2724436607941 71.56817450512749
55.73337607570703 86.70161408433283
7.865547946547813 87.40703367457331
9.66832753238821 46.76880285870644
51.35178683157965 67.16611264718983
5.461693874945739 96.29854668996556
49.55240972655298 55.506148306649386
55.67213654023811 4.981194535337741
72.00941725436084 46.542186740847455
28.922210189837962 62.63663330086384
92.89093136397629 37.37076403133825
83.90709716344482 40.02686119289295
99.59795620409422 15.399197839458845
7.312445113767563 0.895783853352905
37.768171554430864 26.29794929316581
72.73764875375105 53.39398223569955
9.016730555830199 60.85531105643817
33.13281377724565 83.52174005153701
10.897617351643218 94.66757873146916
51.95794554461229 58.81159278854927
6.461551947209621 5.746729272324225
53.252189373548944 26.899860300714863
27.709318270086094 63.23084284913757
84.41972951582551 18.78201506992303
19.2881695802922 87.4602552490446
96.86681943579231 47.4210541216028
25.494119819363114 31.233860345231246
64.67468220683645 24.97683530649081
78.9770221615716 51.461812402199826
13.786120006419244 80.62030754503805
23.37339452640379 84.01236072247808
74.26214729661864 58.84619678828835
23.456009299930038 70.33996966826082
10.405265529586295 52.62433087039115
94.10677447493188 89.42208639064674
62.44244542602926 64.44076850448323
59.343725645649 68.38639527949053
93.40871611596194 44.82386601197056
11.86866225226979 89.44119580580764
33.11637901825858 69.6040165690357
35.2692808272568 55.28142247305768
52.88610036231036 80.73234575853412
58.683242172466024 69.30896826393818
56.35561286966713 8.58044245747086
88.0364380641062 29.463893898137826
60.16072797142349 57.640188891895164
39.215282069519134 96.99351383389771
50.53426234100491 95.246334883461
22.572177041263895 60.990776791825155
32.909126065570184 16.664396660893587
41.78464702047343 66.89627857953033
97.03412217167052 5.047420552210424
3.749099243469012 70.29623832374202
8.249801968731163 67.27140783964401
90.78852226430926 6.68847730292762
89.76948735793658 14.764234495202844
75.75614967652781 78.50843984201255
60.8074355211239 11.772784761445177
36.772126437610396 34.48130627029561
43.18338600070398 97.891906873155
78.91053864343198 85.13955804493986
42.33623533056405 0.8964379764091146
87.8570237144277 65.56686407531987
57.244466144730744 27.913943166805687
80.76657434677513 32.52119725235385
57.34259336856628 7.035575804249938
69.11526212341137 95.66225315833255
23.379843452847304 36.514251855034885
60.31330130262681 83.47401428555379
98.5693254029099 73.75759802754698
46.32283666942669 94.74389003730218
54.56568201844267 95.81944762873547
78.861099768435 33.18688260417999
62.99052748241214 74.50119361613497
44.516114661357435 32.06677380735536
48.86543492137042 17.919070765097434
84.9154315721328 66.23552722060892
21.241809628372145 72.47437088411144
96.133600793344 27.13646567704857
15.941782334965238 20.103945280708103
81.16400385529214 57.73559226842352
82.69567580068113 35.86323743468388
91.44831970369923 75.58046376047307
3.7689228487581494 2.468052020333056
50.65239483848728 94.32746212465301
84.42892551299133 58.021576155224885
3.058805534420128 17.06391859423394
56.583643564189856 53.84731091656248
2.5393537757336992 24.264553212569584
89.01647392204693 21.62732126972816
8.051160300431704 62.32494374048601
68.0365861413322 3.351361855209889
45.82915245031093 79.06271189618175
62.489961988059626 23.994430271310684
76.908411762325 61.60922022216365
92.5728954435138 86.36705156228258
43.09761154562941 29.953185135511863
50.5252256296983 83.48261445223008
53.31323804822111 67.09694279784048
1.8890500885062056 80.64445549322377
14.163531207228775 52.596922710771864
88.17552356882146 12.7448779396658
78.7144723222811 93.62014045601633
74.22614675734116 74.61014165375997
39.03308997905693 50.46858618500285
80.4483648254876 40.43874257699679
12.368406614534122 40.990827258734654
4.500374471251334 65.85762675105661
19.65885550206424 45.863123491005695
25.55444554406052 43.42531841059405
25.23868084915716 90.83100634031761
45.096875211682864 56.93561501057093
91.3854321002867 9.881998211820608
46.05673357815585 97.82415196990296
36.3717122376658 12.618115044916522
64.858810142212 77.17218878957405
70.19733634922133 46.5017967428454
29.16401357887919 70.86858651346597
20.939471834829003 48.56691147327694
31.31441262248692 56.964729127527534
62.45819519269165 98.93683936071005
71.10736812498044 1.8343783754351528
70.13604160029432 97.4513260450866
27.78487567201191 94.80447071902162
67.17498160877777 44.926486050461044
70.71540552608326 97.71216013919208
15.762695126472837 34.178759260884625
27.333431338063995 53.71018935545452
72.909380684263 30.887099471529535
36.671394455607455 29.896682299394318
8.989765137139461 70.33661871565472
58.872623417862776 25.083671183764356
85.03942283365244 26.092913402349904
62.12195161733168 63.637107940969926
85.11921637135963 78.535995980598
25.70232297400642 52.74602729591267
46.569974116715215 95.65886000068345
93.17963477809121 46.646179621149884
57.4300410309383 43.044914588137694
94.5314116207486 84.41492769913937
25.471525463389266 78.80230669677078
82.24568785517455 66.01466139379092
16.341939031741315 5.877451046749749
87.59063958972712 7.499998720892775
41.659188332941376 59.329075636008945
65.52285800278601 79.64131503807076
95.29523710024066 44.34201203005364
83.6639162689283 14.083435984823467
9.720276863767696 27.02900270054488
85.83388558877346 18.42687486201723
8.882120215334643 54.38684786878167
55.09385124774653 39.123370442662456
88.18355543861756 25.545589509574572
50.28441153719023 18.254417983354422
72.37880152465233 43.76295719942207
89.90883385424567 48.72366341444055
73.28514373716251 59.919211731491814
46.000740543119164 82.54509128737493
56.13831639674692 1.5721363028050495
84.98880466316925 32.58795842666685
33.48791472253926 25.465548425168784
2.147882369924403 19.04384660266807
82.48495836970714 80.78950745815516
64.01479355110502 23.86481769255997
70.33301845812572 79.74943821683554
51.280682486591076 91.88396351534605
32.02364710875313 35.291866737353274
76.38746697917045 43.25078529235885
46.05969081094339 40.147731796258746
88.51866335723199 37.79720814771708
28.448894113305556 19.219411349887096
0.3525086188355786 43.5563347655816
80.61587669647588 81.6045098167969
88.99217932404689 58.0755746033467
36.114993644674655 79.94887305012276
21.638455499218345 92.21906793513092
89.7440407671675 91.45404581206519
89.00876799122699 18.957718997061292
56.55399449206933 19.08575094956586
76.08068615524334 60.94858835601548
72.90025624946747 78.73349596091397
72.80529314213969 16.56440787883802
52.17198382360456 42.498675890334766
65.39182642721772 97.17318371609373
60.04546865153997 60.27184934875919
51.18919502429491 39.236071930454095
27.14151508608985 72.34260435233108
34.7211822235918 2.7126206460703295
23.86336874123305 83.35666137755207
99.65680998845174 60.94744431875376
34.50439474547223 17.64548431980729
54.91038140939104 36.64531443321627
56.64277131172295 10.253242509614813
70.7297716758513 10.151196526782835
56.31235588642043 79.97703493011193
10.072967513964414 58.60351600745667
76.11746286247248 65.18674189779254
51.89659725713476 90.40855232919304
16.132442208139587 9.267300612708784
98.85577558805608 21.682407389405476
0.07928962920880078 95.67655794420334
0.31155354716201344 56.13760890164987
76.83374374816833 44.73938615424659
23.113489649117703 83.86955863564644
46.61099384099347 83.04960606949363
72.22600507934189 39.7792544231404
66.04389180619052 70.31918247824964
12.73608359408287 36.8323303417144
48.601225492959465 69.96750245403493
0.7850887618016889 72.04283350676043
67.31422819924092 35.60721673961892
85.47323182203051 9.090249095191883
86.11947037697996 89.43567002779193
17.3237759968084 41.5193614917214
57.21582023206406 44.88578194752273
87.01837670974268 37.6789083804437
27.18235020858206 52.39525547638334
59.71915650049018 42.12895862817234
43.71069246692695 28.737814917487547
90.70819717102967 53.93427140386904
55.30926219115608 33.36898862949431
39.65445928950414 38.075836008099884
67.29293351569295 21.123287020871107
74.86867628175968 57.76917359049914
39.632466668673395 25.16529523984471
56.238835194995815 58.146567760226816
29.42216176803456 16.250362170748257
2.1818443999035986 40.89100978600757
13.230781238255263 42.605555756405366
16.95211881265766 33.2500661338693
60.46493222005055 3.960749983780676
20.556975442244042 72.16616036268395
32.20478674289584 58.94848904414079
37.76200072030237 85.58703018595806
94.43562734504613 10.896714387680495
24.26240088703533 25.544825915818347
16.911804646677652 84.18424326357197
79.87796076166093 61.80101030691627
22.772937037768294 55.81141898834859
51.84493111815889 54.27064025172636
94.20620002167037 55.880503332417305
91.21082138595452 89.55027209785102
72.72867531741764 76.22933248420416
65.32924227703269 87.41068038488623
58.983256473242584 86.41393194910736
18.553520454063023 23.00371164009739
26.791251077387223 84.02265307571611
94.725245497471 52.42097958242448
6.4626206043148615 82.12898138708465
44.132315693959576 25.9402895959571
49.828863715146575 99.15786017402205
3.9036638079793073 83.07286333901541
98.56906680622505 88.85427742983141
22.75138643896283 97.07424981447703
35.96716329664022 57.92163880237018
20.465472618406643 12.367654155816755
71.72308433391764 93.86563208135252
37.41867470539355 55.90830198297695
61.55485581221099 9.948004473710803
58.57145522596391 23.675883224988013
65.45669427361014 48.81707808947955
59.547257879733216 8.054020864514477
83.84618274128619 8.765146199169704
10.113222543458777 99.17708738162732
84.05541078560557 40.6471380873213
47.295108147174304 64.28645310748296
81.75870234913087 70.59178943640782
46.26313656701314 19.533147460436318
36.89225377936858 64.00783070587745
73.35375715539658 7.666566210166148
16.59295464962266 15.069319474530552
33.47433048303532 25.299021788397436
68.27206695781871 70.43513365984195
90.08467088787896 69.68109513563365
89.78926130133513 5.539497448115704
6.942526973158236 2.0882564095668243
10.184562814334008 12.407259914898205
19.790939017551135 23.737178089430845
20.53070670558569 14.232137694580405
38.45318670942055 72.25166224437169
80.9055559118241 72.54910035543668
89.14598214808967 12.063421812647102
80.69780954548622 61.10576802608379
3.9840221794047226 50.066347551305334
85.87758920209006 93.62850689723764
99.75299309359183 59.150797010012504
46.99859321243069 94.94899038048463
94.2939216734491 69.00583993212001
12.039425429849782 73.23599152086808
46.96711909186414 35.016547469655755
75.2626010230567 26.940036857986406
88.17659502904932 97.86837201646215
31.226945718204203 10.891644103910691
88.58252926808484 48.88184088080813
50.698187793617855 80.25637026345346
11.791076869469242 2.2791016556275467
67.55785190330931 31.41990739125665
72.41718275180824 40.88345112095433
85.27013070798837 25.962895333478187
28.48872040117476 79.36775567251485
52.8962876974301 0.48678284012763084
42.99499700433048 46.03658252220715
15.30679124950909 11.616954047882322
24.654087325159114 0.7484484264371094
5.3215548174063265 14.9978901075147
58.16635760082088 49.390781590503984
51.96401017903411 17.733203984362987
94.12518756922321 90.79225876033938
65.8191906509802 69.6674428032452
35.93226983089167 85.92006584857617
58.37770487123364 18.14490069392607
4.298955374517721 92.47792499503068
72.79203163499812 24.998472094750678
68.11186263479954 26.213611781607206
20.657165300854395 63.19546286843168
80.14489510407093 46.82101541302346
23.588305475565996 3.524650479074587
42.901564842747 9.237799791161272
64.04458912953453 49.659697010794716
32.59875375939809 22.2686165984327
16.420314456616836 11.331376145451221
89.90805695111263 41.893185857692494
91.69990791220292 98.37069755066238
24.263149745825796 39.744234284625904
29.29662045109689 17.636587732376018
80.73814379465871 59.83678599337683
62.26678716643289 59.32152093037734
76.40657938432076 44.85444035482639
94.64748966165541 83.93511063160093
65.52649710765644 8.153987193206813
97.53396601444662 87.62672821372627
57.92261108685256 64.87066877106628
33.27572204902908 5.253951200510787
3.160846882606183 90.90158504237797
77.57870370294513 30.74984145074001
20.67494031061 24.643878885923055
53.68555402447384 67.67019854073841
52.957886400112095 6.728967516327977
68.74424391731303 28.973843558021983
79.24615070123497 92.80967143089342
86.61145633379111 91.2108088860156
49.66440840312486 14.164849688847758
3.4502966775790123 7.2405100909098135
85.17513826628326 78.93832092604207
61.714564669681835 19.68525398151576
38.19672081110513 71.01053450024017
74.51223827126047 73.81363862917793
25.618549411623658 31.312642475667484
66.68561979817291 90.60574879793181
25.28561686886468 96.27020449866765
46.12315000889393 70.56900283370999
81.05751083210755 73.60397110645549
68.94088305686635 87.37650983819685
10.159074675037981 62.08550494221798
47.796070486433386 7.581109825422027
49.631162912234316 42.6158254963913
1.9761528328403943 82.35371866701537
41.908014470300856 74.26530837020616
68.55486098059029 75.2004485067986
93.54850407745488 79.19647419245257
68.17620072204257 64.08789796211697
30.154402215644684 32.70216116032295
67.2028650055209 89.86118541839318
28.982633758593124 54.2541418280025
76.99664243156356 60.71861535296041
32.206170514642466 5.881655487624304
35.265565753401006 34.93170284404775
31.5145483287383 3.5637438082630757
79.51903852100689 7.773850393190962
60.93787748207178 36.48020363988327
30.940416621561884 72.92625570842065
77.36217040152343 83.44754705358311
32.32849743247639 16.937777710241996
33.66042670280692 37.76738656546439
59.58575724030884 92.46372590895241
29.49477086229575 33.812899229698765
85.65670777396166 37.53563676041702
34.72245913196639 81.53577105835124
44.11510119180531 5.190048496078004
6.871528130117143 54.437679541189524
43.940365693280945 73.31351729928629
64.82113146549989 55.12742517412067
7.7285828818766555 59.59412006701058
93.87613261656654 56.89144691915868
93.42670835878342 64.02182938989608
88.07918219802009 64.2140004613954
16.32992868159928 57.33170438906805
72.36348442313889 6.590642479795927
22.246982185155296 32.41886822739261
33.956108623179226 10.413036742529048
14.43769005457588 24.528525578685656
96.34247805272142 95.01960781293938
31.841065221936837 3.721607458960885
41.044916139187336 56.95984242107984
14.454480664006464 19.84940672755593
17.398702705927384 82.19633464418617
30.956101316339957 96.1156060680243
94.25920758494092 41.05981477025914
48.74437441028848 17.022738862233332
55.27041380606966 2.365082614762426
43.630808075548856 53.51874667236726
85.54993314061187 29.234220294562885
43.59786077347076 50.536312991826726
88.37870684835278 6.394201992686554
52.09906559046019 63.4628204464567
58.74317419634739 23.65811789256398
99.12391568955428 20.537541976846253
1.8410099967389737 2.916170748917668
45.12199503095626 70.44878355624809
62.25893256400488 18.3998526261674
17.114256430521056 32.499190369311336
40.87280374672495 81.19955309891857
45.79182367998417 21.361135175055878
7.971277861518811 56.20008736130517
96.40816910852385 62.935097696215905
39.26455847695094 90.17366588750821
15.105869974135622 31.399385741162533
91.42919860270071 30.453864950792365
9.024375946361673 15.749811600262543
34.62016943759091 58.677762431951685
92.41138026659748 73.20507405991282
13.095762276723388 79.08495474718153
65.39271894053469 42.01121985632151
78.41189908071613 49.26226507452053
75.54450190366092 95.18405059135489
25.976435538456567 11.600309698345601
97.87190454853787 10.960080153728946
94.37723243700371 87.92939589659655
53.1273897356795 20.587670446194018
35.18488497767267 52.985390427182445
22.78255564984747 94.14991509980901
18.4392815650966 8.181002972819895
32.7857922002894 99.98424049134886
61.53427035533977 33.315484778652724
28.606885457210552 34.599343835837125
14.738854180386163 97.8325833108982
67.93884639961371 2.4860654992889364
25.979600657828616 97.85340240603948
83.28002318373863 3.044328389122397
62.46952872630144 84.61848442039842
41.5241419052928 48.84088975740163
82.61481641688594 12.054393329452584
49.40451922564002 32.30281865196278
56.71622442631787 87.98420863611777
74.76173520102759 80.93295175203056
56.81110308528743 77.56051412182863
88.38730057994367 86.84170093502206
15.705595422157758 44.24108442500272
17.82351808605035 55.589210446761214
21.128867503464633 35.30307191037005
73.8020855975173 28.081906738611707
5.146249000681924 92.02533987547076
18.52184592469097 14.614887871318183
25.81385691071282 14.929118827977849
79.19399993121739 7.101168954659087
27.703131900800372 25.65958993618943
53.15115610629352 30.40664537965566
67.89877998952777 87.83181256003093
25.531952150178995 64.6530280316838
51.35437084317148 23.685825313980768
66.65032629470534 21.23340722684337
80.95916941403095 30.70468621847481
55.02945585799757 59.275591002462136
58.17311197916823 67.99935910964484
68.5450905240235 38.47153523898188
4.978896306391956 19.255731285103373
35.867170137123324 62.70145605925494
29.858041734810726 77.58763548919195
31.89727807784114 41.33882639030839
69.44644053882513 56.94472325024892
94.13890722725904 47.72160507679224
89.2168654718365 43.88332216078141
57.63063452894974 28.205416877272317
60.79293559006555 31.11618892156024
29.544556513691887 51.79620050023094
93.75427542861097 82.00303047704396
46.435824663763235 13.78983162377222
93.69997671051102 55.6316867120149
34.29962679622117 23.265062954457683
19.893114344820805 97.10116336072741
22.24200246283542 57.64622631983448
53.734768120745755 22.01499383775536
32.548174154965636 43.824799176089236
81.74074404933903 93.00183246712697
39.27007079851327 59.91427782746344
27.45869245748107 39.560495348936975
57.275648607405024 63.063804850653874
51.106931017765966 33.11235917696437
19.51399237126793 10.336440757739872
27.028073183163272 14.110648107153768
16.836997218180095 7.073840723468294
76.41342682021553 60.47341690664675
80.09621274225789 12.199649673574998
58.17934222935855 20.928201781631618
16.74300594748882 24.637773138059128
65.5999286279806 75.590377278592
45.74751786133869 99.82205811010674
67.0124288412216 32.80564097940083
1.351777066025972 90.02210605805749
95.17962021191934 63.40261103081496
72.69518548386512 13.938148620087155
46.656885663592526 52.89348648362399
11.120012648398625 14.999698249465588
53.57302615660042 10.80351534219165
83.52328835757177 1.750426984057163
60.4902372396773 9.705994295907205
31.786012898960692 55.79992686193719
94.900408940245 95.07765682695008
44.451118666793676 44.95703216387151
52.62402259663745 83.0023172875045
67.21895312510159 46.07561047113739
63.86624156910645 52.67795473173295
24.188836949081605 31.000780943960514
4.766391365431666 90.00993564169276
51.04956744103551 82.18649392390525
66.63014784533867 0.3195298805511948
55.58650573110695 25.799819369876463
98.76483582132303 85.1520544172592
94.444973404893 76.45699298232788
76.19316808264925 91.19266379641606
46.21177648774369 34.82810439366085
9.242259081377458 91.16877769852158
96.99469614385411 47.725385874673556
66.25619546927955 39.63226422893042
55.4080149166242 94.55226851190723
38.85398085743229 85.40404720059153
42.584099343564084 55.01501847792735
49.90336718950835 2.60724265309471
76.40348936513554 55.20088910947752
64.08632009457718 80.24389108597926
29.145949183682184 51.04699110856992
41.552728030523525 67.68265004964044
62.250684697428014 18.260982465418753
57.86523922088392 96.66773167367579
72.351662325642 70.43600931826172
11.79370716869843 90.22162523662473
69.08159656815052 44.288686439086625
4.667271666572814 83.70137581691198
14.447435193650126 61.6384804623973
10.991894080122277 16.942733557537526
77.10396965314814 84.08844744318468
27.48787968869206 50.28436240975337
69.57703120369538 78.72195741667568
27.48001626419868 6.754667075555643
12.231755788982069 5.045190759334184
63.2296479348205 88.71770106262066
36.256890060712536 65.89571228134655
85.92006958824886 25.5726782564222
94.40578430852096 59.61923302628165
99.36356473522471 19.206296201013796
33.38645031287308 73.0911329226007
83.44439679987752 0.6040581717108973
74.36393067707043 83.70153329148988
43.938169553467354 39.36013355885765
21.379311263173673 47.94247478201401
76.76055269548412 22.21482544081753
17.774491254941328 17.908778322373287
70.71210841533933 90.02302214724081
9.759688767654783 76.60315872291665
39.623316839381786 18.052909400567565
24.071807295914816 97.14253354243175
35.78874018838311 43.11172390467796
0.7565941658371211 80.53540386652838
34.97815160611438 3.84766109254292
66.32282777643421 36.221308879390925
47.07784485306822 51.009467238249364
46.72913738238894 12.515037082997749
53.48140086738381 26.7526789377867
81.06041597947625 39.8947284977659
16.178308425292386 30.076947438077895
93.15387675960629 89.27452139357945
41.40321159662796 23.045961993500462
92.24777108367729 89.14169435861777
36.791937059223 61.56956561967779
63.42183038454052 56.437311899219786
84.06041967530331 71.12573214489016
13.787641810218975 46.328230566829134
14.835498099623855 45.03225834016482
47.798809608058534 14.252423051175766
28.906556310886987 25.732528967173007
76.93297777004946 53.80467894171712
35.89767975865781 85.41533409224921
36.97993463585721 1.909209470948614
68.55301946970084 33.163603903192005
36.85392985240301 26.90388659181616
87.42826047759081 25.765822809864126
77.64299204239322 26.60835326959672
68.3690733676892 67.55084206559552
79.64089791940528 5.2793906086093685
43.4180164071021 41.70294680877043
15.628541980803924 37.8664241875387
72.74966687071476 61.612668427823905
25.984205291337837 30.95830722433275
31.838848045985635 48.7137121758649
76.8345494011463 43.528488320879724
55.3177328962854 43.021653292291454
96.74438509433047 42.88363547077516
96.6062813474662 98.45169797441943
95.55793169061936 37.54250643676649
12.930186262378307 69.77870197674092
15.48560526544981 29.032961167995897
6.45919184388667 73.06798032289853
87.65628890989369 45.12142415414518
40.5396559593595 33.07250072117874
11.392293458617376 95.86505300247413
42.18273752374028 12.469569090346544
6.754330848645241 18.982065540415014
66.32094930277958 67.57947022867606
25.30445794091918 19.328941449459304
23.53953289768932 16.319952728056787
35.07812067412277 36.728877012769566
83.54064162663609 28.333183778980697
82.22295465682686 19.17919304188469
70.25297434451025 0.6677735048401523
65.9036900227 46.84832716424686
2.549774915391212 11.950931575599544
37.17908727478903 38.16504387860575
74.00588569680707 37.83950789733193
12.708831386917884 7.258415636742555
19.37235795939245 58.85647041977159
81.57849079444705 68.28170842481683
54.92810517165372 65.66131147138748
89.65911123061126 63.9007441328294
63.49405809980736 54.36925366509787
56.22568429076541 20.658734486338403
88.90649867055006 15.006719807052892
48.118384047935926 47.69750752343158
73.15188919024166 92.33617514080838
88.05742684817645 69.21663629700305
5.869497852128069 75.6861153649739
63.765330582109904 43.87176924106034
37.53336712499497 43.65709280570594
0.08718220766258389 5.9227175385399455
74.07729491515568 22.774586394581608
54.29234871613389 42.59155203873074
88.49859620690962 86.396468159974
85.49293624062112 69.88456660928067
76.95193674918525 44.30899993095587
15.288662887608384 68.13051869218775
0.6065235942898095 57.72798111168711
15.44565292763258 39.124886090106834
51.225573089667535 97.25785193136004
95.82931567979826 25.75263338804109
56.5572465909419 84.60405036164728
55.26275059540786 4.036904123136809
33.350944705400366 38.83400789953977
27.558258085437124 19.233107205329336
10.540272455345756 77.55084259042249
11.059607635092794 77.79718828622893
0.028597344099678956 98.67136981521922
45.71849542841369 2.501700634133097
19.22472580593475 6.5203443924301325
78.04876655005141 43.68230897495483
82.99595179018239 10.584563600012443
94.38815292415951 29.647335932922246
66.56965455381106 22.18463731121626
78.40731094441063 4.814827446986492
53.00956501174029 72.71131313229442
51.86520218916266 3.1826039217266677
3.929844457040066 42.24821373511875
53.620738120578615 31.50213251185242
22.832434810970913 51.685338326302166
41.5331870286422 55.11284223564908
46.382601904557944 27.268556559712486
13.784372793867394 54.75416588780643
29.238328149358537 81.8265904621621
98.963454373097 2.4574333613282207
79.80277633856333 55.42414114297786
92.76000711115388 67.1535113634791
66.37517579272135 86.86003944317315
91.43804581963184 25.515648480692022
94.56425605918723 80.96674727797661
25.164656570738842 85.44169489624453
30.495226914440188 72.86775347617643
96.64773839229954 90.66375624044997
85.19246729823729 61.018421089098865
80.62379761254759 66.17901370927774
65.53695947904006 43.78090705365848
38.38769138438936 24.758886830883466
