819
45.95886022745203 58.7205804180292
73.35239771807338 47.02173417926026
50.14285693180366 98.82792419997742
13.041733017914748 44.76428375842148
76.1525773327142 16.46559312706295
36.80280835739165 18.889054050571918
38.88674198149301 5.35849994707378
88.32330340473268 74.47417555742646
13.591705891722638 76.98931757923788
75.44147859590772 41.76618803098802
91.41046703489424 3.718903366855275
95.68569334229535 30.25106255406368
60.71833158488691 15.997474243246856
89.78357696105896 59.4188556062977
49.321470868595775 42.30288699876989
31.85833954609677 36.93793333041911
71.37594783251217 6.324885825651738
21.584488900255216 67.94764666981736
23.275121133292743 15.752999787529099
19.904246255015824 84.35433552595715
61.709663559701724 42.831853632784544
70.99781724202256 56.064491356734045
87.10879366742061 97.4467711186463
20.439177970981614 64.4129879379468
36.48683902345535 85.39245455756905
90.59590178509508 61.670590993250165
29.16507485516393 10.75819068875601
40.33587189029275 68.35120928711119
69.13754488856114 49.622929226054644
49.80313072663485 77.80381483704414
61.404272306691134 82.18392360530561
29.68372303885306 0.2948273408631352
43.52334778276597 28.790641215428703
92.9221183691099 7.372694453193018
84.6041972570594 81.90525426704369
62.99805982101005 0.011454704672431149
99.28171357081055 24.53964951611094
57.05723272539993 2.197278932592106
14.430486268557418 56.64161793186844
75.50661952877259 33.968199065869044
58.10715630630515 67.58456725557434
68.30706655408665 7.612917795098451
18.664372004568076 51.8726971666826
55.21510969230251 17.75436281680648
46.54274256147561 74.7197693381795
54.11498208283893 20.729158219551813
25.951571611041878 98.05045792092348
35.128558994139944 77.09181675888199
91.10969425090927 97.59434470180308
64.03653504746553 77.72794342918695
28.362985211127313 70.1243456335616
41.071737406735075 47.627363055053976
88.07368786977867 54.23794594559253
46.93383473969735 68.73807931125148
3.7465252857391107 94.28085821796218
20.731376041145765 74.18709382706459
51.47047266824114 41.26020239817396
3.374338138465427 41.02796010218709
6.757937471472419 77.78365296013222
82.99815930230803 71.10746499407355
79.74389761885843 37.937887234813005
96.62377800281777 92.1360399735177
93.6918644926783 36.01534877933145
7.453031125794363 66.3555844662186
85.50183497117096 11.008995109719166
9.431075177306415 16.09218877891442
62.10057623492744 52.43427326590574
86.81058114665001 82.14550228824845
39.51408897486298 63.10896329369676
23.09291387874568 10.19431809798198
96.3464836854069 74.07607972550946
73.97754925404855 74.81548005280617
14.592671169112137 16.2488736425312
45.35084408020402 25.158553815557696
30.386107264548336 23.625320949120223
61.7976931906401 16.22660746198139
31.520996149311554 64.58624643055123
30.633684937806738 4.838348948832749
24.711207019295944 58.128023474043864
76.95780426245736 54.06572419380525
40.12990878741135 11.765323666207983
64.17593573791633 39.78918640726322
69.07436743188818 94.11866488900141
91.14298537925076 29.38863431542309
20.26601265877379 65.07350117167647
16.861334905229075 5.428893694464354
79.71498400018758 71.33513785073993
28.200114268978226 35.499493544129635
98.19745359025896 14.851855749208465
40.27405662406879 40.9588105549881
20.4474340186636 64.34001176839706
27.122511961936556 77.18668293853524
45.299074920911444 52.99047419037585
64.96436656845954 30.16096803474946
49.095558960183006 96.72864137697849
20.411331453683157 67.81839041756227
49.435332760876115 67.70264633793315
44.235321754505804 19.47491000881817
69.06923412244424 22.71202812339589
11.145182966329937 14.990494358813333
74.44358756534587 92.68375924636503
50.39715516408343 52.55722279520708
3.8797468309494487 0.5384623261650789
65.10656877212088 40.49108706424435
24.92294178227198 72.2154297349977
97.53725109960111 99.0546757043101
65.91947851483975 6.782811470167682
66.28385396545762 62.27704106890365
39.95752604717645 95.2652597660713
34.45925906254418 87.19799226059591
86.6500761224686 0.008822348202119912
64.9532455444243 98.84439227880334
55.342718303284265 68.674535527477
50.95562192034158 20.446278289634623
61.32500739135453 12.940734459125025
37.09294741330764 66.98910329364949
5.213437001517828 49.46765919193068
29.290728671317723 9.837837817138006
36.70466631577689 42.30522116484181
51.179701286080224 15.635096065230181
98.94250628856844 64.0631384297299
79.83964441319081 61.691831534255606
51.05438153073519 52.22438769071481
87.52662672026081 14.449316293629233
54.985200318809426 4.622659636105286
12.471155191886286 44.4073334317634
45.61637958717121 67.44601883808296
25.94899174640912 27.12226617629483
24.541043183582712 81.0617501449886
54.01605987449366 78.57078020718065
29.948565799126737 16.548183908741986
47.02284996611634 19.361079271808666
34.908749774601134 60.936393197580244
37.346772468094855 16.186220236912195
61.69212332888099 69.74116519620439
95.7643744865198 15.787047654105812
28.80030374777476 78.1381363423521
50.344364711308764 56.45957763265198
37.395888772274375 78.7792298024523
83.59036738602347 83.69923667373891
83.45738182023867 2.438973043411796
74.79170590240398 43.51474585728305
82.55189778694108 86.33561729048816
7.689528835468796 62.518129782127474
63.825033570166944 43.48093737965151
84.15878277552109 39.55220419150175
65.25798330213765 73.3828044317797
88.31579437567049 49.638530358076046
61.37310203923977 98.32055225352187
4.986656526106758 82.12953449362219
26.349969399782413 71.84582611628689
29.49243722030871 40.12771404315495
63.36794395298044 52.717017095943795
72.36338655479697 80.60903060614699
21.198354153104205 2.7970799864918128
35.67345333730131 39.48673074624004
24.868740832018766 68.80330661678575
69.97693165192946 40.02739709182887
48.960440518198155 44.082779843287035
21.689526968957285 73.04280239458784
28.457416767019904 30.02801253490688
33.698551295654 14.943502796332254
93.39756930202657 48.65428687846015
71.50020899317379 65.07170938379888
80.84586529895799 90.39626463033592
97.77837495468455 60.771116007058346
50.638895737023816 75.92670391477117
33.02603702160507 45.88805460050044
12.110570361411776 11.05070887652645
17.760033956750508 12.696950713894195
73.86851951707581 21.950794175889165
76.61759513070197 78.71246355511221
26.34696894471118 69.77653097240855
39.93834182986043 21.71544831049541
41.24233153290374 1.2504041856001513
70.19971860309185 86.38075071602353
44.77790870052799 37.05188893777124
75.98686901192141 87.9520825927648
74.17567694487171 90.8062659591604
27.469473411958724 37.51335178785151
40.763474689810984 33.8520063209339
85.38798530834163 60.56975507976531
98.7658069698884 60.656301409200076
99.88155002889347 38.13169954721282
49.00754180091834 8.004874430559983
31.746669373592884 46.206998759248016
85.85675646527115 83.56099078822614
5.131223090585535 2.796082551208301
6.9614829970905845 30.25948866081588
53.23566153814813 84.46451915868084
30.992003574624338 58.28414137551666
64.10056914331854 62.30872464787609
54.56932056953724 28.076681494285328
27.50248659450355 63.73683989625989
83.84857156929623 53.56916432185794
43.65190054883018 81.46378733023903
71.95405814032576 0.6516220844655529
76.61331872388553 4.818927575342724
54.17194538707969 32.64330666591325
86.82132823404058 43.16323944325673
2.2905207662003435 31.40146210100444
37.608027411420984 18.5178444423851
83.95228647849822 70.02901283922719
73.17125097469847 71.62776524256267
31.20426065795865 27.75028243059454
51.64162738711809 76.73886112673286
8.020402265525718 0.1246503839497981
79.93437322494661 21.684224103134607
65.32217646008432 8.755370438845
65.6409423774102 32.27498155464158
9.38644400680053 31.138879779868624
28.94322023400062 64.76367311022565
24.828242425738413 32.551306965703965
71.45069732868572 6.43397308391237
77.0181467466109 87.90581157894373
81.0031950987564 24.327073532275854
17.00528782038703 5.071507190410484
14.513490067620738 90.86313706999269
50.17339926992418 29.875127969713965
54.11015441977448 83.61556455106552
44.454637719337676 93.79398465310032
91.40227258102769 45.69356827604638
32.05121728744472 54.30909604442348
43.26431047008935 96.34229107314921
70.39407323430932 73.25531789438004
72.04992473773865 36.121872375465735
44.50068717537559 79.20801521035605
40.31756223531943 94.10193398133127
17.830290701582353 70.92612818204111
35.995035058335034 57.56301194509975
26.397697836762557 77.6183620804118
7.0257643851209135 60.53941225383974
93.22665375247423 16.39256189566237
62.91090905309282 92.26291053955974
94.70314977356269 5.547530484688268
88.57062871706998 77.56760274652795
65.94913295387758 2.9792985067864874
52.576260721953425 56.798658780292655
74.33798801911605 52.45934002827004
70.81756127043187 15.969552678056143
38.26382138992902 41.261540230087476
10.297525063358249 65.75855464115544
52.37809763265642 13.271635929511472
18.75646620883501 88.00798178022532
54.66008704371493 27.91030633142765
66.34091643903089 71.57891357753881
16.390471440448085 36.0311103277553
11.991930177032838 67.62680491924483
12.244690611338438 69.79703620142249
81.35195171221439 46.28541468506059
5.731970669940312 6.986849168508257
83.52109819544886 54.283306694765606
53.6502552468172 80.9478470135295
31.48338846483505 88.74739975840235
5.692189165878004 18.922814329458028
17.90362197275368 34.2629427257485
66.86637723559423 91.969805683531
41.23433685555381 41.019464088221234
37.80367408716736 15.130383722110318
96.49294628031726 96.73752789733268
45.14425628078237 23.215373906481773
74.46035528623614 99.08860102861013
56.10156505847444 6.8567821572168
94.67475507557874 73.9507975588815
55.07660171293362 74.67597812124012
89.33203779654626 27.62260967899055
16.52919873359521 44.06179243810546
34.2931920454976 6.517603146070572
35.92872615469034 72.37652113455542
90.76319467364615 77.57852094392356
75.30271428733127 18.657422977766235
92.34532620341979 97.80784196332364
78.84490100882147 4.4361601060629585
49.897200473009505 24.378568113742517
18.553591644660294 25.25738103893681
82.0693503184644 91.13850061968556
75.4727821289827 20.470547797353834
29.132997316198527 73.40362530890958
55.29516168935247 63.541887753806336
21.646383431265516 42.039323273740706
86.6205996206795 27.287304030387972
0.9016266847082677 95.02890290081336
47.54102858843374 33.28436819286045
5.4472933690769665 46.75405161127452
2.4101212358989765 82.49502080871162
74.81275170543458 33.44799740466611
76.5279560072136 97.64358705317406
87.08599064611833 62.476238405880004
43.52898397089253 39.75607068362517
33.353379872679625 48.38248658546157
29.193447474303944 28.138230654684083
94.08924794052791 85.56265080335052
96.33798419318434 20.745765133839424
16.679243014160683 80.01586861962024
85.03738374318436 77.79782300861675
86.02609706642272 67.6660801689921
31.18227627396838 54.07447817246223
79.39818704146198 80.84777983757651
5.422604368001405 26.417010531476514
13.717452930688145 97.92648161375902
91.94902957563554 82.07045852260964
53.60574463215353 18.613676136795664
19.512663901235573 77.36421470920524
58.938070541873735 77.21743979585197
59.603536693498405 98.94468139390322
48.70779710454768 92.92038259347642
24.287758001683624 82.69672767855806
49.31952469587696 8.620860487714289
99.70327533426048 9.900169659813551
25.348375007989212 3.034879367049348
24.78596559690778 38.12107221012635
46.78919209959419 67.32868243148977
82.70872995306776 85.4399295520763
35.20732276374577 91.419665314316
58.58012932769682 2.6338398559265563
31.612729505565586 66.50033921124209
48.35955725846994 0.6023072690452547
22.945584422996802 21.631931867331566
59.66372790230733 17.946688765607043
19.792517855741 92.98389155040174
69.76125892542673 63.12762600335047
56.2922802330208 35.147587549418056
98.42344492858656 75.16187089876847
11.836206930382687 99.38629854190883
44.656213026967265 98.30999517658339
91.30430653091184 19.541470270798357
82.19966669821805 1.0760215220480207
8.624647714227107 75.08621032170156
10.589270178005206 97.1292800639864
68.40629579165709 99.26470248042965
56.78362741675183 48.25100680928421
91.49247578812128 18.79696009511782
25.18305283321911 89.5198166630035
78.9994341971507 4.139248274369445
48.12701748513734 81.29194746980579
35.82742290384074 49.99784902316002
39.3490868576574 86.16521912139564
26.464983394369824 4.699597184164839
90.69720924839241 1.7061762048183993
52.1745232818529 27.91686610477414
26.193734020064774 4.764817277025402
20.178877563047926 10.121755100735019
10.705643918605334 20.261034596768525
7.311345814344527 65.94523357814276
13.718089579482928 69.21207826114679
31.357197220611443 36.68274202243707
46.954532443689786 94.7526490701189
22.739662658714423 28.46653739611863
88.84283914111873 14.937257947302552
72.37738510104862 20.00061526343154
27.249901535245723 21.56502759118234
22.244516884156017 74.17091865632152
19.269085206108517 21.810083972059424
78.4758502370063 89.08136201642617
36.927288231573264 7.765899621172712
12.308088164843356 27.493136876289736
82.8781580204208 56.59391292804708
34.737888087136184 61.9837598063769
1.9071490154746962 20.07276810977495
37.161183531166365 49.87387609704592
27.967866581983934 93.18480625642137
39.02001878529813 37.23277298963211
85.69684649732469 37.724488836380296
83.69696435732683 23.072308835074484
56.08790512979912 96.29181536753832
1.4610171333119593 43.20488874953335
11.042612563113362 40.55153386914776
90.81190903705406 55.991223986681064
68.73007602684584 72.0045324498894
88.72173824155524 68.93041541880729
69.92687322281951 83.6750310764606
14.4048880254519 95.96880274578639
77.85233435357335 85.59701372102876
60.40987139858408 35.86975885950626
65.8313856797766 52.06656708600777
39.0723255097858 56.44978980500311
63.189302850310646 51.263667916944364
87.68726361145069 6.090468106714598
8.589624247889038 12.640867920632815
74.02804815707368 16.184839435269225
86.34858312303449 9.121288880591383
50.65380344709934 89.9660970183867
31.447313325101433 35.90286035762045
34.13259571299807 80.7178262199714
18.239044783130954 46.64058034906438
75.2809808119793 93.76254579614074
29.02226228987157 46.847575595268474
42.52087546543479 97.69902396899332
92.40653660891508 64.34898033877654
38.59679058005965 47.4584331347264
15.669938972285003 1.5835572517049812
72.4764177948856 50.74361098993345
78.41207149881504 3.8127077027344303
72.96651003328594 85.94710911894904
6.14010424108592 67.0539863549582
15.012405928485418 1.3161600164066867
85.18134746936212 97.56286537882755
34.6890838091619 84.18025698060092
68.31953003564705 31.81636421510333
45.75618697730932 86.73353601189315
16.471645056592767 5.374567979187028
70.88754633321595 13.636592816063331
8.771764588868402 15.140414626782894
47.79810273392023 27.623295173809048
33.14138952280783 41.04268171754074
55.42870892239259 41.949335788686746
54.37890969270962 77.09149020136368
63.35555038764442 92.29161310025282
28.67024516655807 46.72697280307504
59.86668435535818 91.90887902200811
2.6577870787655167 1.299858060472514
44.278791195526956 22.35918470177164
24.317106042227177 14.430724441730137
20.37022536344548 47.366541448849716
72.16800018763504 29.024023518804665
70.96830449556131 40.4537360151198
72.90212893478937 80.77454480980533
45.34586544332853 6.344778987340083
60.35639845336229 65.1678687527642
71.52009218310626 47.313876710297485
85.48806616557955 33.132592975323305
50.86089807700832 3.590109025727084
40.662917059354584 3.2869652791387205
45.255843385571794 82.48905389420051
20.58018752506555 88.63287986012057
43.615759499099426 76.5508019198152
30.48269662664149 42.54937468750265
27.199573500629192 39.549675084643084
16.781755664812536 44.584379205660376
26.269585594301915 90.06901602763217
60.94517120214588 38.9389708857849
66.61170777094023 5.381219564934714
60.744810857769394 20.472358105219246
1.2955044036284002 64.24421399351642
21.61572301108359 39.465788400775395
50.08709202479433 17.418166905339227
13.769686931408899 68.83519497137742
90.5505962032015 16.878496450702396
46.01822170035109 8.902214066868009
25.39792203155644 84.48313297365672
74.35066563509139 93.52184792129718
53.96071210665077 79.43713645943889
73.86888201722954 47.32901666814312
13.26516209279821 40.01719266711707
68.46453375379204 20.372936159482546
96.2583491347526 53.8095654332728
48.89471914621563 38.11826954453473
1.5409994945820071 98.23382762223451
33.48332518041532 60.8830832122339
37.955494975027605 99.08486950348815
3.599904719066793 67.26886541341166
80.91629267149928 22.424853714286908
74.08343992440605 23.85997887559116
4.001120645849598 8.467902586758747
57.33333194133227 76.22763451097644
35.00499193990859 45.47732907989948
47.695444990102054 23.446701181911568
79.34941127301153 39.81287430599709
55.571465789492954 54.30265863131498
28.165261238379202 41.63681907413953
34.69643503312284 70.625403182525
53.890898586307834 94.26979692565696
28.93163565588467 66.90018925121659
83.44988833717001 98.35576048580236
98.49528553471669 73.58403663000462
10.028290151183628 60.826808795541545
80.82821442510702 65.72470460477902
56.97905168013938 4.766851931404858
24.922645733796656 67.70751678806383
14.296606964582914 17.79567425526175
98.9004963336591 44.20437287093021
93.68623087354322 27.555761342287298
59.846165271156494 64.97252898984519
62.95467897237121 63.09088026681123
47.35816972627974 50.6203917334907
78.13936063687562 75.51958998759045
52.168220862572355 24.276844390236917
99.06116865611209 61.1121315040907
18.584371808726797 74.5207880737228
78.57739575759979 38.03521878914415
57.73198911729017 3.1953033845973478
12.060645921360791 85.99422821588995
25.09492282324536 30.154578955457268
67.60058956750055 21.393988336095582
1.3409983268433234 93.27113449324125
78.96047977594766 31.070417591279174
87.97498726914871 32.667952386047304
80.16962556692333 52.70867580870933
48.12794685765959 9.188500175715964
64.83443992698959 71.08849161591174
46.20310901255992 6.638093978154192
40.16206568773006 31.792339623096154
46.99597490298477 94.75552543768143
76.68747065309755 97.73397547385851
8.73079724618645 37.25677866915839
75.59511716054251 33.00237098081443
81.02071117833306 37.329694348216606
77.16937526629184 59.81066817681705
27.992467226891204 2.927387192205644
22.974548984865073 98.16006016812004
28.49797879147731 55.98364393014247
53.21043962163924 71.23290791932249
82.5633360131503 62.539806444682675
34.195631405962835 28.313071414441794
26.614468763958577 2.1436005351552545
61.728921036429185 15.593572713886083
43.66798094745475 39.995692201615554
72.90889615518464 57.84670559808923
22.76457383664615 1.7681544530245064
40.12454758971653 64.06281815802708
57.31591046373502 72.37873671364832
52.76229307188737 76.25185338597895
61.397616639008156 17.92371461387293
40.158824118419304 43.65406387962402
58.74353080624929 25.44680872746252
39.83500644118006 89.24724476149706
2.6992348097532926 80.44836897960823
49.17881652758109 41.76194586390744
38.184510643484714 56.109851759356054
44.20490096755725 75.51672240329947
70.73374124661736 49.64503924308361
86.10159147796494 67.68797698911057
12.537689044611955 53.577685748638096
79.66899162779445 14.868216540951163
30.63303293178009 94.34832603427046
48.134210916272714 34.48376705527845
20.907954675206597 24.439270705003747
82.86205270909363 97.20520958581115
55.71583737683999 10.210891686982194
27.908713446590227 27.77816453458466
89.14339128890033 16.863881247832847
35.88869739098446 59.98540185894582
9.607933401131941 75.70299593102217
59.26942545546699 85.82715608168967
97.66219332052562 26.66727576771545
16.16542731210233 31.815464860625443
15.528498418159886 27.260194929364378
65.33914408571178 25.140490127535088
17.218008352624516 20.956308324771655
10.685755418241094 10.729507522867587
75.19621284436214 60.23805738319873
81.57912497088115 97.30684710403675
47.54901434413126 88.15022416409214
81.78546653445757 98.43526216891074
41.759214104573005 67.52230541674876
0.9990251503006475 16.335169670824246
4.926151695690139 71.3088994630438
56.91441870440814 52.886064230321026
3.4644045095670206 90.2591872014238
7.44494598645179 69.42290350455742
9.930458276911558 19.721436780076097
55.18758722839381 75.32173245220005
39.155905140374195 43.869229244700406
98.2722329815898 76.4302261396708
90.53079941050818 69.15319212379434
77.09742545953048 88.68284317390321
47.756600722649864 84.89315057533273
82.28630877014382 36.172733760446064
48.17743086203195 49.65438569431683
43.84950755267661 11.396862120148544
67.37456383956405 26.19949030915579
84.98143203596513 87.31976058920597
13.099371466626996 6.9566589784109905
6.76379180979898 56.40602134079862
72.74997166694986 77.38285807150517
88.57535921742861 75.91912578545134
33.48411174474387 14.496591683234083
50.93362784664814 46.41974535494925
65.74457273016905 5.572151315403517
14.435025748756235 38.1593743707098
64.70427689581594 35.67538283137974
36.81743196664825 66.00943348743664
81.70626885803236 12.366704123188764
55.14770032082148 80.46148199449817
97.94576619426938 90.64776683649846
55.8573157142691 15.155661470087479
34.28763308974221 28.679937654704656
98.69462965935978 33.06662677451272
40.00073250767433 72.81304983442963
56.643498780573154 91.36620016605424
93.29031852230797 24.742552278677334
74.1504806474203 60.03150333551294
76.06735462885914 69.43402763425858
62.1349243324901 71.07864213602127
31.565284124136795 60.74693947935381
11.6807172466323 1.6426019370446632
84.57069415214391 95.66160673110335
80.53759747145912 13.835961516270668
50.54193059692745 16.32681983507489
99.16176441784413 94.50131899307414
51.18617266784769 80.17676898955237
94.91288563956317 89.42822091400983
40.6182196029232 85.5148845223362
48.67325822862307 18.139373834180393
45.88138511284014 85.96160146177348
60.66939932592557 55.17669055591136
76.47210369955259 38.77072616778463
93.81432224525018 11.417198093922487
34.84794117660548 36.190981002391766
0.28702682956865955 28.74981661404854
93.93847421065094 69.87494847365384
10.45482556303824 45.56730646667051
7.490900480561669 65.35147240448907
75.8157013863295 97.7142804351113
21.903545157449113 79.68070685804639
2.6427515066279383 23.360087848094636
26.00630207102962 10.900962351635402
96.36242323921674 70.39654939507454
47.57663563781289 11.503520855921535
71.37501584285886 17.00156757291744
6.181729641728905 37.79251162904392
28.86882457205473 11.335042220762615
3.6336726762227434 74.05913682153982
23.081796044292258 65.64133946462515
5.462360439081682 17.821779784372172
30.62675406980263 15.873320761478071
18.1612053602383 58.199075547966586
54.363188359526525 16.99691134349144
36.52507676713802 75.15469818730921
19.683492738286425 14.995959921655032
84.55030291117782 79.21639051862931
51.84598685587726 99.8820807214219
90.31850409883862 41.148376248179474
87.119373600709 15.884513676880507
9.588079119127812 16.90707126682932
32.37669513860247 14.44610219069149
94.65949861704236 14.030880166326643
63.625203547104356 76.2001971152354
49.80391673319544 11.898670403102551
56.70376339954116 51.96467488074125
69.17396113737271 13.398889920693469
65.35578311075263 40.870197241043215
70.53211174365688 42.85264963655666
87.36439025037501 68.99676245899093
17.284897690088986 35.60495187976657
54.33245852361125 37.992539812473225
93.2441568426061 4.461940128978991
52.16194308177581 84.62195956029687
35.4860811021843 14.905835058615601
16.073715621544594 76.91717314275127
54.105154191390305 57.95488611626519
62.08339014461907 67.20177515672687
44.500684924308274 84.55600451453053
80.8101012260645 74.27737800515185
90.60003166833032 72.76525048546941
22.45300004108617 37.37454282144774
55.89976305378463 16.898797634651906
10.94346627399222 85.76818775872437
98.6741803701109 71.9318991115779
5.908791621046905 5.538598683302032
33.60431012727171 74.79242949401517
52.22862345586938 48.41335481186842
46.3566045713108 94.86067560601985
9.348669428563072 4.769818148452332
77.77799670867324 49.38796437746647
89.87378628511779 2.8609706112576516
48.01439780275558 85.81080076555033
59.18579357035188 78.09468124239224
23.589394692613297 30.325775030947966
93.09690978172239 23.63497846732596
62.325378421473346 3.795249903583553
91.7099092388203 40.187271860711505
41.72630541827991 7.988357844322225
67.71247446466201 24.347850488151057
56.4648684929866 99.29092338331552
12.396069970226986 9.444915597055548
84.79776163298796 76.09427378950743
47.84776999239908 39.80556485090687
86.31280612534313 78.82112742643
21.2469773591628 45.99593538374583
60.94343340789909 96.74074093453798
79.74252812391406 92.03677663394255
2.4316568932434945 44.27433104058947
50.52658609163565 29.589688513279377
0.1477451564483312 67.94251119131802
10.871316649247763 43.38631713867868
3.869994814481126 78.90871488210631
44.57450785135681 40.30289871311544
93.11142616313487 33.67516711571301
75.61152050871549 50.93943619422028
96.3073092378877 98.01558509750787
63.53545410232031 12.95799670351686
44.87051325822991 93.30080255141245
20.125451384807036 22.99068435150009
67.851631608969 15.686348630398284
30.83800607963547 82.15883421778211
15.50511860525866 89.70414556340333
51.02851268621601 77.61392288522744
77.63135429843977 33.08168469950884
84.8892461863388 50.11497233683214
4.824055801673543 70.9561320107705
4.80568299361831 88.14672386739639
73.59647678823981 14.700845798622286
90.10027744099021 79.72248186046741
84.56718281896573 66.19191648296072
63.36237340923838 10.243215890047574
69.12628072801557 54.24795500314017
26.925885741860945 27.016506522318885
8.155374120971825 26.193689663995023
41.828382348306135 16.044027809974615
86.84081738771548 85.72343359227055
68.17622297977641 82.02268807265108
12.177667393884883 53.66661661074591
90.06297920429226 81.41837341637566
73.68623451355134 50.405516479092846
2.4048883730287574 29.836985033087295
22.305826365760907 79.74065447968177
34.31087778680225 64.44237475680389
1.281137603140603 44.680081835729446
46.628869830517885 32.5534962709694
48.57079019045549 34.32453412583546
91.79460878103015 36.87151089802142
49.71178965068353 8.214135646965726
69.60854802841631 16.99982017917684
50.07856222567478 37.495214820000776
53.88889306468171 19.298982819952137
64.5916054976855 84.81930093927342
88.54437148184194 31.13040467966197
45.175284344963494 67.30442733654726
90.7133602203467 81.43506940341561
7.670554362543946 5.625531590272792
37.33961168214924 0.23865489060859169
19.893340048205754 46.0449364847584
20.606579590893624 50.42875466298674
24.706957809930486 42.96419854593104
61.667174049603965 56.739649331172394
27.01049864766517 89.20207199168763
49.35832434615256 38.74827047245573
23.472897315240427 32.58127233622451
50.73055772010466 39.554131246188796
23.130628540568676 11.46409285329092
46.29963411547848 77.339010791039
84.40441305153772 56.14430699069216
57.53022798636397 87.16256847534599
30.828454009126283 4.9722136963240455
31.195832784902898 34.76119761451216
23.93756885270627 94.55044289567395
62.96423924582706 55.93231493101498
2.8469065914104696 2.985130968621119
18.432913768462868 48.2379157492986
37.113828970550536 85.14900114417327
19.102553795013087 88.93947023294493
4.638980857435815 78.86557770609997
82.2344611466057 2.332114442079558
87.16553251143085 39.952031014330316
15.715372318896591 63.615356004769005
46.234413845977464 74.43806753355004
96.82447672619394 49.610581547804045
4.035055732977044 90.56440529084924
36.58676931709623 7.9863739480463884
79.8547305817119 85.34158786537756
18.427306627753946 13.271982525767234
92.43512860141043 26.11839780214742
2.8921170236788307 62.09585067991822
81.752313053286 35.732276764999085
47.779086915875126 96.22217144618045
82.3130979627959 34.8235858910378
12.58647296738291 66.61121389481963
31.709695121812686 3.2546314557879485
26.045921568269257 44.44641036591675
11.835101235425382 35.497016645289236
32.20479194966707 75.69446133070615
21.148501294596823 5.679948243262311
41.23583241932634 54.46486380585382
58.81428652356608 77.18171842373023
93.86326354129748 64.32164575183315
79.93169946841144 21.641952915521333
58.33022082242423 50.26305095018727
65.00896854092434 26.0174101411461
62.61861441948725 87.06220116413338
37.722972660818336 93.91333486031279
91.03583625268605 38.84757934143852
32.32431469117516 59.41467739575141
4.4769480982215555 63.51465358433298
23.689630864122137 8.385135243760278
5.095563570716488 86.38466064226913
19.01596974078229 27.644328432018483
28.644734433980734 96.82828092873959
97.73067679844539 11.472323544696705
73.80292041250118 53.428305216385766
13.310621539725165 97.51950990148329
54.80027801163773 55.92029894952506
54.5284563698018 24.220906205648916
35.751734037699364 53.13318828014373
79.07416364819039 79.13999741052193
15.023886981175416 31.792366268243722
96.36831199079874 71.97392309753248
84.27792938963665 62.945315771134325
32.48013720723565 44.82232686252176
71.34825079321165 5.165436765905884
5.249041612619887 20.49767080523751
32.271749691368 19.894659202207386
72.0756344953278 4.356244602993131
68.80070481601417 4.636841226475019
71.53195392724268 85.56322891574968
35.75532664140207 51.54842011531612
90.82223356990671 27.884370963679284
33.25252602748877 5.720187869840132
53.38521384565526 68.9592729048424
57.507789159875955 45.711099796541255
30.49552539802639 29.106308721221296
90.89769767488359 29.276558771083273
64.49403608299997 50.283042617498566
92.2338269751458 51.796372303509926
21.426798608553412 35.262022341670004
87.30987900189663 46.66047883381529
59.23889663193813 34.697967067489
46.352804261493915 57.52145742949983
12.23248893961426 31.17133512227327
88.68891434705782 1.648919854145836
34.61380653423346 54.34631275644326
19.365717311494567 84.1480985754685
24.984907710520066 25.246122770792944
0.17182958296252382 58.68697593060005
19.27619831690369 24.952110376406345
22.510990493931583 78.13591913430228
61.301474081134266 55.30480132920999
92.82997089034136 92.31802188089102
62.455278944980385 78.52949736498479
