895
7.155492543019026 80.61639533845315
29.066346348945405 62.029979930981774
84.79615404413761 92.0310953044918
51.30338351517607 85.86867005077066
48.26339170194884 88.50285775031963
5.409534756493795 27.804976879563437
45.05075069968834 48.97659321119281
72.6685442442692 80.57278891028699
66.00073517428187 93.12032286180741
41.144488740654225 54.06390469323908
63.774983221089485 4.461406748573937
49.886108561788454 99.87210084268038
12.59824024418128 68.00941621539238
96.9333693517939 77.05834171083772
0.08110983318084797 78.4527159672039
26.77930339771941 80.55427641354424
53.61135311860755 33.00085742715273
71.36464344732123 25.660818237672167
5.790177616628778 15.291636629885053
66.38908044304114 32.71125726641194
27.737248678028582 45.014216554169195
77.83954173141247 40.193479305737
12.13834392651647 26.795198822638543
89.34474286462697 71.4637719971035
39.64290388118307 88.5168295932973
8.081819348228947 38.63089717812102
8.631480931152902 17.163330906268428
79.04956535850876 19.439120026229663
38.19049928003824 72.80550688560376
18.286278345683293 11.767390465274719
70.08579699659046 59.851175981749485
72.96520897075112 78.91478939208696
55.59766655633632 62.884213707321145
59.73762556888792 70.7212431436201
14.846250578304932 93.8141478530246
6.204151163727023 1.0601224676534793
53.24973486568474 39.358213684072894
82.89360981126528 60.364684673248625
23.13983732979552 85.28350646355464
50.16002780802754 79.5678871982228
73.81996395583877 40.92038490231994
10.527507205970688 45.156401451643866
34.67338614463087 76.84751816446116
39.1956598389163 44.88870389400552
89.50083317295943 58.17595142033074
94.54380912733542 14.986611255780446
31.792047746947073 15.569371869030146
13.373088435480863 22.0945826415624
82.51470330250488 64.50916567827223
40.27661422833868 86.44824079129643
20.152829251778982 88.81342145548821
88.61713141943065 4.298057185840887
31.661863556647862 81.83202563328906
91.28473972306733 21.505388065371644
42.198116548817225 69.69616836300875
97.32835162758491 54.41743804158131
11.024216603271897 70.50029886137729
73.61015404015832 89.34135898375392
63.58830381050834 52.96231513490972
51.000684833909915 61.92068789270687
86.70102465810506 8.444094400379365
97.10827566375025 16.949218915932306
46.405386744098045 81.26973221638974
75.31940612727142 37.9440171568766
82.3784616854399 47.15091872079735
61.97863827007004 81.16778601492814
22.204118388424888 98.86166862156982
65.5814263434801 36.5022331261043
23.713786974817296 22.884540074712014
62.68905026395869 29.719287312507525
58.88152516937619 73.65833591394207
11.262445063154857 80.2197081196468
25.728464798122065 91.94570544203503
79.85823553301589 59.14731902469713
75.0209124278544 66.36517337362753
53.65547740368742 72.68955404571
91.57449362512331 4.833676449583779
27.637447925863277 67.60052305611717
50.022710517921375 51.29839005738961
61.217437105435856 4.644892551457714
68.14200508519644 12.16456555804849
53.981167699412424 42.43390395142516
77.56792520844076 5.487207311237041
62.468504542290894 81.10901859746753
71.8987405556305 40.708602857363395
57.2448433427049 9.037174628481438
69.71149325579617 87.79673646503875
99.86049581451935 72.0895488175982
67.05227570114795 69.34469173335557
77.79994060602733 52.95765706268219
15.685176754423313 26.16105100053323
82.74582156417807 81.51320071523251
74.98945223727821 21.774509428459375
73.41654315381867 50.75642298914859
41.41717333924454 46.427967155470206
58.45694295752752 33.25279154903155
40.10491186751794 31.557682020267553
25.97501700047493 84.22200554144983
44.674986024817784 58.53222854147816
54.272347075065284 10.248279267253135
30.751475724192023 69.74994124260972
43.374937796906984 68.58143096816606
80.33993696440828 26.71392930109896
71.25432484198537 95.41308872705106
48.98887726013946 0.412389019984849
17.686243180714534 97.49705966469307
63.54499535689324 51.15876312861708
50.22684885329042 52.394869584060835
28.71516525010587 26.038631123810198
86.751005791299 5.2952167344168295
90.55973495342778 80.9104862679658
3.750891970416126 78.50344023779722
41.98615608140943 92.78164343123443
81.15777705911928 59.66979266122174
66.24518538058145 20.779625419096593
87.82088799886237 8.927807333872305
27.96518890612747 0.036475590685880466
98.03817973548766 57.08102820396699
3.1084643882534957 92.861921809542
76.05201256869924 4.021461004771987
66.22762326220392 18.208015748368666
40.493808676343214 37.19034716053253
72.70384224332189 54.39612091523844
48.12593225893874 55.773749904312645
98.63735617340676 38.49798233050099
61.592438884815905 75.91994971720341
34.0253373981793 56.63993720731882
27.608275141178428 41.10942829119064
20.390398863144142 90.28670029859109
90.82267244053241 50.322432225431236
15.21894649488148 30.027859846797643
38.92781263041088 60.061397146182536
3.229569122523124 93.91227644212454
57.30801138748425 64.8298160510523
67.14092990490059 57.280700525021764
50.9696616038573 76.49744157166536
33.402809945191116 75.9543801307841
35.29964678781268 30.41933627543907
33.244023646676524 67.40940437643268
61.32615592696556 8.413748730245507
80.65279731594707 34.57902913129644
7.919852272862126 85.50663514300801
4.589912307810174 28.12495367040162
68.8645295666972 16.067664626399804
24.71220425092737 81.06441866264272
87.95022619165958 22.831155942658
29.27363524972605 86.39915242029754
81.75093966849303 59.98729368479331
18.861553716943213 13.422309408582034
40.35677451012673 44.95794502488457
59.55283226329235 96.21356751033994
18.183586995347902 71.54783131282267
18.195778283804 95.05655681119353
41.01680181940576 13.238886355674618
21.863651759572743 12.941348708722577
78.7345505820587 95.28476229676703
54.74336901430977 97.32476787235747
54.97826542430876 0.4425288982185416
1.961688976129372 67.62406348244934
29.970064378840622 5.583234033546236
95.34248159487562 70.3160800915045
49.12221585589727 45.924192307534895
21.88433412084887 26.93171925390917
62.213385555869415 15.756136714706571
86.86484452276989 15.405974380923148
38.165607939277926 23.249398095050655
27.62993785172556 20.02575420189111
54.95278867913335 22.92097801552584
77.8655495691602 12.162509239854414
98.44711751583527 72.78462220342124
83.63284504646256 11.653156496181516
8.54376930495554 32.31850470059645
61.6198309082565 61.37297793475258
1.67284791140766 78.75285055541195
72.07106307251988 45.90181421429015
87.86386932085787 5.38218002741595
66.81727215779148 82.6390893822914
71.83352509291498 55.817522323571254
58.54567201186188 36.02312788632288
50.46073437369828 10.966345415034883
24.274015766507006 77.08645771331403
35.024743506391886 59.25903716252836
32.122870690576455 96.17615876898343
91.78665768533595 55.650691518665596
26.9216710966222 34.98266355578045
79.39162545988033 38.83468368141381
51.89642614438773 2.9815316312472806
8.276182492091866 88.31095936785931
41.25299096594718 26.459908372808904
89.00808853645164 14.206239626261253
14.319220679740596 94.6173139642663
31.86145458650366 68.63157148901463
65.91113915336571 85.30338676934495
93.34522065328854 74.83168377620615
31.91670071557624 39.45561547449523
70.01144948394027 78.53507032490911
37.039868269565766 46.987344674027234
52.75710807798355 57.36022948234753
99.72105528751585 45.48344651735478
80.2032359340407 40.26258498352229
24.054908596041948 72.09682405849833
37.75247946881289 46.26267100965713
21.379001165206102 55.564380235406354
14.7700800338605 35.17998047034332
32.451528010024866 26.158725734142998
82.88317754011885 24.254168566461864
35.74055723674614 18.384973952240223
30.266129996939306 4.477454200646724
8.555190167357429 41.99859262142181
71.45270104403552 18.168333006596004
16.190313441198878 19.212984886809604
54.54059392562639 49.87659202017469
48.42280560361273 97.60816565523798
79.74378907527766 56.6455259800415
41.016234327596955 3.205766590826453
80.14782966578147 35.54632239773176
5.738000159320167 99.25317520529401
47.606769668083494 22.459887205952533
50.58030176693965 14.912338532757675
22.97346226024244 3.0068706487651253
91.8669408882485 88.32493834257981
28.541216434975436 68.94419176344564
48.835566429222176 99.97322123120762
50.713278780909995 89.36033667892423
93.6439513389759 98.78400880219822
12.364068746975832 93.14105425485737
2.9133778079673767 15.212181490627275
18.081780018559414 8.490042416513145
51.73649923955052 18.0314630715379
92.27697752855751 7.435284880961557
66.46174230098721 38.030429221100405
1.2671411496588125 99.53238508466877
36.190225842799364 54.24045680225448
31.02272344623357 77.5301416341367
8.854613160490011 86.93569460087886
98.19184604662823 64.53553089896972
82.61004738006949 5.00767247737266
17.395314405361482 71.65375998280355
14.562319194890716 89.09084976349152
95.07468007134543 33.36568298856524
76.08472896426592 79.83622576265432
19.52117003821995 20.843809385682654
91.55643707860564 76.35572838658332
39.45238271489689 33.3377963568405
88.47267859694546 69.83888457335242
83.89125108338632 83.21140226971274
30.09243857297119 18.742683719025788
49.851402978778445 17.775672211558025
96.49111755231705 95.57722367234702
86.33630373607943 86.73571595409169
62.88656543345651 6.566868422168892
19.416364687735623 57.72935080446072
59.69321508186554 6.890146459328705
53.02814063973577 67.71343505294256
4.147608700056892 41.97163149234432
73.253399148749 82.24181776319779
90.92442543315077 9.048098609143373
18.829267490023007 62.59680333592994
21.85702074560697 91.45709329704219
80.59971469512686 20.459625724731943
99.31350475918461 1.0700559536884646
40.884929916128975 88.92208872826275
45.54968357718408 67.65619106922325
66.71284877168716 49.81305182014829
43.505383759335004 76.08607858536257
43.009143576568135 49.42059098450362
43.21135243734182 67.77967750353965
3.49206664737709 43.07563847567371
28.529546670338814 53.39383841112174
83.31061890514604 0.17390789655137295
39.9670412870219 90.83925889034958
21.76581747808428 82.12058394739957
76.89330935217835 16.737716051100282
52.82409918747398 8.744885683417536
45.704845398935426 55.854180581273084
84.94160922302085 76.64986860313769
93.0404946569326 51.27550014707348
48.46501270806578 16.14210201602567
37.27501679346453 0.2342706383889004
94.28308123322027 19.22954935911888
47.592954741441986 44.397898466827215
85.52610964441342 32.48567351883074
72.60773932521228 61.186017106617406
77.76431352486215 45.47603989227997
95.35880615496151 69.04667357214863
83.46230292624165 47.89436723719629
18.007917035095787 63.3700593702066
3.11084137447899 39.845269984012496
65.6261942340532 65.81567764853793
83.97837202501302 29.082704432544084
95.23045955410787 97.47509694979874
88.03896174609953 54.116943954792575
91.70519661692697 45.79480969517582
75.54088117603929 80.64368064821831
80.96393795769258 6.7692837937649575
77.25486539535228 41.96556230183358
5.4552555158654865 19.858298448020363
32.44697469093253 17.813000107323674
52.513896202293466 51.71182151533225
68.03420016525027 39.83774411326342
45.240288067794474 68.80775893349316
19.14925141389826 3.257504648264131
40.793563922303534 59.35923376634803
79.76140793483515 93.78844200769701
87.26894922869928 21.42831105454266
16.870908007933394 51.12378513025174
31.792033311398992 73.15076039818447
93.02812108230512 96.95693135117588
53.80010252468771 91.01070027300383
51.15719957370211 51.327380199522565
46.079686085535464 18.968288584269843
6.395338444027077 98.99813702547787
4.514954120876025 57.43913151505039
34.117625000281194 67.07136595190882
85.75797635485591 58.957014209578674
1.0961397208009926 43.23972040627232
69.32254954620988 22.558452583107357
38.64830578601828 31.747704219499827
32.338324763301415 2.1293326624906683
20.752255305519807 96.38369069379578
98.49038435831125 37.22417714775109
40.95362981935177 85.51431575212945
62.469050171177074 1.451639208625477
72.06987364412637 18.985968633517203
77.62561421129605 1.2120340112787176
59.69049631008121 0.691319915103572
40.18236076883077 64.62574734497572
79.53014944703284 45.53760221670633
8.94686059015224 35.930595768035815
57.883557540971054 3.214706248521948
41.23324033886845 69.66792561185439
59.80801443945166 21.97840328305939
36.82141041554586 94.32365071810871
71.24659019587813 1.019570518293944
27.081943782775785 15.314802753737467
91.78940159365496 10.147323899253745
99.34679470528704 71.87349354525665
60.02905209452327 24.59474115628486
55.75957118533292 35.37263472263662
52.23252337917973 74.29712848033122
71.44733722150758 63.342180698184826
57.85375077572479 56.712520263764134
35.322669789532355 35.2287510780189
31.18396856533111 79.74185267554492
27.886904442494764 29.839890917682034
18.151858490400585 37.70679814124033
5.324395678499327 74.4167357792192
72.23057867256693 87.09927052260643
34.195158913720256 24.894910814810434
53.22901790472007 11.210341743487495
40.530898724426265 19.12936917739293
17.065516270409 2.6270480787177197
1.1899329661739122 19.448157116953567
8.925543549048587 81.70487816228552
31.967050136024277 63.237773484299545
33.31664636559418 1.8582536813738781
87.45788158852561 52.06294579989312
51.684244434252655 32.307496765406185
77.77283808413915 57.306992600139836
13.716426860308529 59.86629518878064
97.12357544168701 75.18695817639596
57.74098312228253 39.871717350877276
23.9469985463728 33.50546193264535
2.045461273577931 68.2756845086259
67.66375616547695 12.430445139977476
14.047413189529978 58.724502908953625
81.07635848720989 87.57562542860666
1.6824254935791205 52.742208459370396
57.30396614008778 86.50405655296736
19.178348158402525 0.05305729317385266
34.938970223464175 67.43769589161484
96.36251059725419 20.889598151607526
49.617012672011185 59.784891284868756
64.33361009890278 89.48137214779881
4.054165404075927 32.35253951917896
67.58197127466907 37.319203415730975
0.03878299557088516 10.5210391397068
74.70830936730255 9.541785479717312
27.961422547847125 37.96406771586967
41.31705977704697 96.62950736295302
87.14291222656001 95.69296556157425
68.55857407589467 35.35950307528425
81.02883398140472 75.60849598984268
75.04566693043438 91.26269803273655
89.76375076465305 14.53247314766446
38.600965291229194 71.75850324509065
10.07382593278946 81.63022384387621
21.662094993162185 9.52174322710051
11.313018875015379 90.86395594961041
67.84885365918578 49.62203398467443
71.19422521408069 73.18033480862442
89.90258108603582 88.77226256342291
58.285402335473016 82.50288261787294
78.54413144574657 41.403535769842335
78.03833032162952 64.65795167427582
84.2899984497306 80.01031733971529
43.951085391343156 62.13021264015772
9.702800093903619 86.61122402052605
81.67075515862412 86.68592810265453
14.287136030272373 21.237870223116907
40.05278513352144 0.5277459120059613
37.99077622830686 39.36304716314252
76.58199163633563 75.51966103062786
28.800404056175864 10.701832875541474
50.26301835964727 23.682027655832915
81.6886166941702 96.0535208172211
4.294713756363677 13.968346389089481
66.38922375610792 13.490593780738802
55.336777015103564 70.66701887621643
47.412355212393884 22.864846043090214
46.86919635446214 40.570222654536295
3.0866631332309047 88.97833719517132
94.47900636005309 34.80231519919958
9.908522557765053 2.9080360880030742
87.75577363859783 80.61604789319678
60.16621696301656 3.1565168789924325
72.37494564045738 85.229277792447
80.06745642373328 81.4094355031112
0.6235050379947427 24.53911410131796
91.92247528698422 53.46445546274343
7.502035735566426 24.874499197647427
99.10572575376348 92.50280598427409
17.26861168398325 77.86656073204912
53.164149956987885 78.24893865384573
72.17668198334486 95.63941869598584
72.322340147567 55.68865624760093
24.80641264797827 93.1982900038278
26.634191114281702 62.42190735649626
86.06282561453973 74.48114472312419
61.64827422863538 31.536292539493903
35.42454995634532 55.43159212999191
96.50214086970745 53.87860983903134
18.496417571283686 98.64735535849867
17.539810654850108 54.24637085435503
31.02326292092239 4.123922637389688
66.03893024552406 16.58057025172237
75.11350871469536 42.71784264499284
29.267967408700212 98.4884200805121
12.459088597712032 34.821274690577106
39.447846699210345 65.85579654177424
21.797269970258416 20.20935405911318
2.1824712677893765 20.54254344064591
19.347299427934004 41.62265235816102
46.90689791938527 30.960356228811413
71.10798323524796 68.24150608909417
16.922360832400752 95.08432436273215
35.18029144306255 19.005994493917765
56.47549942607697 88.52040422764831
33.34880902347438 84.22993242481016
71.65446923342206 93.53459856221927
29.61648721558835 40.375804459288375
53.80526929120679 52.10563885253371
17.638972370001447 20.838759447947986
97.82941504485723 60.149291568269405
0.636893542313699 61.224765924672056
16.131553521936848 65.29803478853825
5.036167820019067 99.1452029483911
56.23581348113941 1.4706327885101178
99.2851694094641 44.007518418176105
7.102345613538641 68.75928064786791
30.126535364223795 1.4769894289753394
12.060799513110876 97.98693930025516
1.2966340703869705 38.479198505437964
26.311466941205886 52.42593595442874
67.90914696139303 66.95989248352254
73.02371525809066 15.225923881937364
1.3498259247977762 3.2237782549963456
80.2928839719547 27.537343130155023
11.054414556998893 64.76012400728897
72.80068864903876 65.68266408675825
17.297926965998865 69.09413393682335
70.79074149915544 50.88552803139904
22.549914909014902 12.663289340056084
76.61798002054688 33.59508143063707
72.61418579111354 86.83393472730484
23.853554750748863 25.095000780985966
78.32459634663915 33.10706596455688
31.188045609085936 59.694482968541074
42.2378530997066 32.90656855002474
22.494675814968712 78.3764043886966
44.43294651432075 83.68403880247935
39.33343502847604 64.96818054660001
47.89681564917024 67.83718052887119
25.648635481190986 90.24525708713566
45.16413801799064 14.834727043142514
40.68055631742642 65.23699715140854
7.724567158179574 55.74551598530791
4.95132064734678 67.40954320683852
53.68454693104058 17.96660672793713
57.75992560036168 8.57768537861806
72.0736787799221 6.120012730755164
46.67049897742038 43.637638234680985
96.1845967871647 58.73146761614798
31.777948015689606 70.95284370037082
29.14227175041354 36.80219384590854
36.05558880051203 37.636835039506735
92.61758472527704 96.8874456549078
82.68105220194019 23.581057991965025
86.23810355982938 15.734687041604179
25.023704193999873 82.8227485091542
9.02433438360103 30.17156249244288
30.124647352714984 60.94960388245879
54.12376249530294 5.7925510028605025
17.614903336947318 99.95381495644976
2.446757680699363 74.77436116084928
51.40528488502058 14.580465260908671
4.927601159896189 97.90858949201512
81.23618426316808 1.625199021648993
52.57149138921723 97.02018336907585
54.975353626608396 53.86882762872125
11.706931592961089 52.06951258049504
59.30595945598871 95.61430628734567
34.6536382475273 63.72200787503296
33.029640535213844 76.6413439373629
57.76265719394055 16.415510445075455
12.10608335122082 53.50856762966251
73.35173877364294 57.828660400374844
93.4980642527149 74.24985779964851
30.755815144297415 98.9310495363983
92.18544349497408 85.9135561845753
94.76010420844024 65.60826065965811
31.071172722174257 54.48047976592589
51.59356195048148 2.2369930191937004
56.46112619543426 28.757814940841374
33.702157422839505 17.522473350265134
23.956158560791852 56.244442533848215
19.971702954285586 63.52648377144582
40.08212331710068 0.5869083877871439
84.45276446038757 13.296920878653395
54.50821208160419 21.526890919994745
95.71860978880703 20.245394765004743
85.82498405466626 19.83474117945436
39.53403635442429 42.35850821344431
21.723563513773982 69.84716918762318
81.88811679486983 0.9012081134985972
58.21861891201714 49.813043581393444
26.435262849227893 24.852364075120683
29.688926518754666 34.02064113009333
96.73252907034406 45.267662580184044
76.86470636890094 99.23987243350454
0.024476884691437828 26.78341319548726
14.59580931615153 37.680987391117746
83.64653622439742 15.191877593601822
20.722044667546324 38.56578485850955
55.52326677552636 77.10864901320791
62.887909281229426 43.19950505105383
78.32338086019237 6.566065016885847
99.72479852300236 86.58029438277951
65.82368385545718 4.7190641689905055
79.90229100867711 38.75121305185818
5.049461083787154 28.882024101895986
21.435334337960654 85.70588782191103
7.8044599510773915 62.50980967006383
67.63626855367313 59.64194634532639
31.280036951511192 28.36444663251698
48.057724464467725 29.661551981795377
79.39118016179484 11.063091920359103
22.427616648651505 64.51346693839322
54.07084134493949 42.543173630380316
29.26986199320707 54.08016567383317
90.36549221740351 46.871486120577465
96.87343133663569 55.605047442725784
53.03050846617954 5.279738128953171
45.233702142527385 62.95649650395808
82.94519165663507 52.311151430999345
18.22880240553625 88.21907907887405
34.09548370576301 84.81971969170475
5.597983375120874 32.398531726108445
61.746813999983594 11.810743604789042
38.126557275315285 27.109633083784203
44.066209914316005 50.31436254214556
4.46287659651865 43.39591434283007
55.11090780466116 71.85626726183003
44.557573565643146 61.837861481826536
81.06363985244998 75.88648921494259
86.67364410410767 60.73926103449511
43.239625270289714 68.64868605805302
24.742040904932082 7.89055658424167
21.103575728941536 68.43294684851331
39.470882060604936 80.29283966943555
64.09199406191945 77.03312848192384
31.377625525442088 20.66415565183608
52.91927053197168 59.38260933891038
61.827332413743505 28.97627072863188
77.22183739676947 93.12901139985883
5.056718320030262 36.03859640147712
52.706255416568204 17.871079296258596
66.57821620000053 16.249535378133984
37.83944520218764 3.1856107601627826
49.39228398271429 76.7429203687735
44.795188487601735 9.389417301293134
63.845439735513246 31.13650774120461
40.23669073182007 40.532421394743665
11.587536425908873 46.830488631597156
62.46539773574001 21.871861266609493
78.6515331606938 77.92937332506618
39.31526206754569 3.5944340545807196
42.91998318689297 88.38206089238773
87.19134118498052 40.83295578146339
59.77796752284832 20.141956226872438
85.40537191229677 67.83762982366746
59.10287133266385 96.91154370209104
60.841628948504365 31.76262860299639
65.27649098002493 81.10216969819321
37.09118929933752 48.84972213141667
62.51925529754999 16.229743319267207
82.59479586021683 35.160898890217155
79.60145876948252 86.32214620131009
59.71989868867894 46.382471874472756
49.88117194770885 41.69312556591548
95.29724843795574 65.50518781569916
79.35859721634955 53.9510770275233
79.51913832372719 30.280127650525003
48.41408272234534 12.28546625182031
96.6948706870182 43.257036106878
55.25344620604671 84.42718309219798
10.462835938136406 82.02380634909903
21.766845715466264 89.8008703941468
37.2394774853825 72.49235605992004
29.13567687632417 8.712546528367948
45.075614261943045 76.68454208830619
39.69993038592945 62.197107998742226
28.328753089214498 22.783460809558733
14.071003142988193 68.1008127208071
97.49300106188771 28.667288565518987
58.719908722772615 74.74935037856739
2.2699842322187913 77.34514205483876
69.34326143210842 80.06418145530813
11.224610174804205 27.625953839835383
24.154135349659523 80.22509235760678
65.49433273308762 37.63087691012309
20.359926865934497 22.562942504553895
9.160764523293896 26.555811606076084
40.192515657279195 94.02201881122727
19.068423912604892 89.40863187238632
42.680361473157326 34.397276850154554
94.89933488083852 94.43537268576219
8.547510936244763 80.10187349964619
91.81163358328193 96.21410775150221
48.58741972884283 28.840568701408586
13.042091475852068 40.73220265147766
44.059840029772424 25.14265176698286
15.230559530871535 49.185229296242426
51.71852520773735 79.58104872874591
26.238628694767186 48.64043930201512
18.300610426167786 42.9898925308564
57.361752853508484 64.21910788230504
66.87969668284907 92.58167588931802
27.572735286783267 30.801700176307566
35.47921342107742 25.89903056176308
43.40181960653019 98.0222136837748
14.215954772721362 19.5171098694502
26.309014849434742 24.447597467523174
52.18625719240272 11.93135574926778
59.25376623954466 34.48857952648376
14.335165203079336 53.02837109825605
29.678120306540478 60.65407966637314
71.49572969696823 72.37849227748534
35.56091731917063 28.409001651784983
91.23918382443708 30.149735330047843
0.8739227349728873 14.549732847217411
36.28621527457211 5.891963350603191
91.11769491508545 16.58353269165538
89.30499934102272 46.6568652216354
13.950594532638016 33.86664333587027
91.08237664537442 1.2471072544247175
14.971802118685906 13.511905567394889
56.22381578905071 22.814765134245718
55.0547653706847 27.57025701309829
17.4333796356277 31.41319071822132
42.08972857138753 78.361208697949
73.51482203726889 79.08548019250267
34.485937605637986 57.70827743617598
4.70778816254832 51.179512137252125
19.94885146049811 51.89073831070273
30.7135478672136 91.1729055414171
25.730003921427812 35.36468762911864
54.663888421662065 3.5218129266388787
20.289055193843975 25.81646385387747
2.4276125850275054 65.57788375765507
45.73458177428269 84.39737164106282
62.578885415139965 35.77983932901526
0.9634944955708713 12.701583658428127
35.08085060464431 15.429553115272176
33.75974706170547 24.06524157626754
36.729078793174565 64.61833803374982
68.60893169435774 90.66552811535196
10.558501591540725 60.51142403504436
50.14751147090648 57.29067997226353
8.756940332764751 62.000426257730446
53.80953345879128 46.82132882330086
29.678927185800895 28.097955467947134
0.17970830751065092 95.11560016724641
38.41451611474949 23.70177952874356
38.41695751765128 54.50157295643231
55.3232404328587 86.56849502327142
38.348402638583444 95.56095878761096
30.44815576630493 32.71461382475124
30.297397816321315 42.292663789701514
88.31479633894776 44.58953253016272
57.99465856783522 70.69995269707117
94.66157126702386 99.25876828695762
16.252736084704576 33.100621513049155
71.73243919799954 28.803045714553022
93.67387521370941 20.826247037709134
3.111054698728777 98.58279059355361
79.26123250532068 72.52034121188771
61.30536616183618 94.39606961629279
37.176542506609955 1.0917743119367662
23.942258868051436 57.47562910371907
48.5151750432487 39.31477028484297
92.79602283361088 12.328562349293382
24.136337122366957 6.252298548387358
60.98007827841404 95.74566402956428
69.46975662191367 1.8626637151052505
30.455703774603126 75.1845122449088
28.329015249957113 46.237433958352185
22.087536019837415 44.348837877966986
22.59239384171171 29.249715276631548
11.218322349736876 78.41947668346477
10.881830804478842 83.90441903743103
53.43738827215048 40.489944711240454
58.26810839605816 55.83855375662694
81.53420479174113 54.77467956764721
44.23067881207301 42.65060114697804
63.64526343597598 6.930747880190236
37.06174781724152 62.746389385103654
15.760170982918254 78.48756330041208
49.6980619597435 18.648984151263605
7.516123537396724 79.25669807484074
3.8018055725357214 54.095704855377235
67.61356846128939 30.007400075935042
41.55664573539076 87.46502091093113
96.13005682184533 92.00204048640896
39.01395354457839 18.545171787408243
71.7460085382699 41.18758429020759
44.084302861259815 73.40344766571036
9.909794357874746 5.972619721918749
26.3395572651566 12.628820678822695
94.7452645739726 59.25273667034217
23.881341076497975 15.807857235013866
88.39219161662271 69.53345798795718
49.919245166252516 98.20708735600529
95.58253357363971 79.93389849198222
33.85503753934205 60.81888698974054
33.149582921678636 34.03055207238577
11.34106467520729 81.15949106918585
25.89479204140278 29.172805565871972
36.14158838274998 31.21503617347223
14.511609031225781 95.68126720301164
84.98792387779403 7.651215676194378
10.33921953754976 42.31467329596147
71.42777249552182 77.61444514850679
97.71949805997757 34.86573522391606
27.013339973670668 74.76933221305919
12.41858315204678 79.67379040231712
14.419779702497749 15.552448838057376
46.81144431414956 52.493170659574396
2.8035989335976286 24.398514593343968
17.914444221970925 64.43222545210841
6.046974854491738 40.27196179313767
8.76289896877016 15.17535119318344
59.075770523597484 2.1050283783972
8.6075434043968 74.75748306323032
61.76029823477581 77.87083603102668
76.9501761228062 23.795615592341267
95.60946334945451 18.04660467628708
10.389632315343455 23.40670757679041
96.24630270146702 71.61124432377656
55.11981058110543 41.36298995898537
26.12954816242784 96.09546240175881
63.01254253904308 28.197156311003123
54.633745449270585 30.595972374717995
56.56506368015683 97.6623152277282
93.86114537321038 71.38200945621067
17.756213312387626 2.936543973522654
65.73019838274385 17.360124055047955
2.8465644063230378 49.57785284118855
46.420275491709916 98.45860399934703
15.695891551281871 15.261611705232381
35.23242133789564 35.77935333592317
98.37873772108118 67.30572532300371
88.58481451340421 18.19754146846977
11.420435466466083 6.378439745010578
1.310219078177044 38.57970165113477
74.06668106856269 60.043735663758405
26.45418565106159 88.18665270894523
20.662897143062164 57.15745158497483
60.91089592885165 13.698871891698571
30.5872240247539 74.11825537022429
94.96809215648943 71.17743257050736
57.74924934522585 36.66092699248775
58.007256852761 40.142100667029865
20.98470829604634 24.360212896411504
27.843738473403768 7.20717613806463
86.15078652500448 52.99639268284169
90.60280297914345 83.31640326568312
63.200337894196934 28.20290125598518
21.156277842706405 92.04142856928759
8.288348132268386 6.67284957155
39.00811766926402 40.87435985725201
9.817333010669604 28.47607337161885
8.276070094214806 33.73349706729235
61.63333023182819 77.63974463500176
20.546505027954275 71.16533987261785
15.126397213265852 37.836694982770645
7.257426698920089 7.51359140284732
56.254532880079154 86.808222277921
16.539551231996974 86.5940877366206
77.73405723647517 70.36954131520274
46.94710852774082 87.29714624829555
46.58195889278702 83.7888266263386
67.8307104175069 71.12303119799203
24.19711784209436 80.23501855600028
26.058274389817893 31.467879629710904
13.163702983890868 91.92998226704248
43.20276152043855 39.65957069745105
39.19490285984224 57.89071161632931
94.30549415793567 49.17701464920435
35.05379133682499 70.06105390566825
96.05176202983999 29.098219033464577
80.11496572372977 90.51800713122975
17.21399797141516 88.5602665161603
73.2529564894645 91.82461821322005
34.88080407109037 84.59295404110593
20.93287981457014 90.88594331170256
44.330646515430296 94.24634578702737
91.42222257496546 1.2247490946761252
58.54629284430752 81.58208543818913
85.83210467331122 90.72920912845113
90.66356092058146 42.90829445947758
97.39237874323614 35.325703030691066
34.69926213830307 20.416080783735246
54.30984450043691 53.08448340677974
50.21756836111378 20.244007644140204
14.80681162952685 91.01309351285907
68.97770084812966 6.6613250745603985
18.242427702148913 23.97077349734864
65.14953320658768 6.716036115150126
65.02061735492101 55.38636525087568
5.772524738853324 86.2622127509622
11.652860537074384 56.16187990862074
84.32081097218689 92.34490468010257
28.455335647464608 17.092666462089877
31.540412571880573 6.634440419926557
33.33270251920509 6.018180650793781
82.0582704052136 29.741923731954458
25.296445557679924 68.24529401060809
63.608054658357226 44.31111404316965
21.781979709731537 98.21819766362549
36.891495662942596 36.37198421887248
52.310835539772924 94.88123583770665
46.87050527455202 54.15679745818349
52.969689196011096 47.675036567019944
60.415121649116756 75.02503992721029
50.720052651164906 4.59594566720396
94.03285861749488 40.50256723094201
77.64191190255579 86.11265864685338
56.191357552413926 26.04189324817845
16.948787836066725 26.6685312667321
28.294618718925555 10.976943185809052
85.57278629139572 47.922555557503244
74.90644758277287 74.52622330492164
39.450864143786724 3.9980855642817836
35.97183715990005 57.17249617984752
18.339899354795687 35.854174426302556
5.276466204905528 80.02051345570422
88.40382541123117 7.916301949318216
56.112771734405285 77.0553767735542
87.12681115236515 80.8017256609715
93.90149091181347 20.30269492534975
5.256980633709373 76.84708707548926
33.00231061512506 16.407928494681734
61.39659731646251 13.49590029017178
95.34811715443203 2.6627925199983693
62.19237447898859 30.484285812418253
79.38733120059656 55.441220548241446
20.185289385934457 22.204100472811817
46.46013955589739 13.75017384690491
58.972094623937465 44.6998183684999
80.54874836993119 78.53315255829003
85.84300333822277 88.36698048387183
13.025841325530408 62.50991612789102
9.811184960887553 95.12653849303133
2.876016346815602 42.77772801481199
38.715087364503475 84.79447591924576
69.29456630056167 17.18575961448029
93.92873441760482 73.11200428486448
34.86015702845307 63.84542631284765
32.639576730131495 15.288690976046304
91.07527070491005 54.119224907691645
96.75727927356314 82.58251834527591
97.91299039480324 2.718800272244992
65.10734546569222 79.71968285057204
89.66676160151135 71.99931098376804
