814
17.266407735873514 9.83093694086602
4.402671662369528 38.11506490048865
54.26593185478511 50.80493789250071
71.38263466198805 59.74072299573999
40.021092230275926 20.375089918672717
55.837557719840326 47.5890522515367
21.777897633207942 53.749246242087324
13.556723684464378 57.192856781994315
63.165973926424954 73.27765632709493
99.86045042820318 85.23898142412698
1.2385565155822897 29.036939499125236
9.747228497561855 1.3582448625767518
79.06972574370805 24.50053187017295
35.07203503674867 50.75814146235502
55.588857188483274 21.162319861560963
1.0160320770178366 26.16873521546611
0.022648972400896028 79.39648925675905
29.284029742087725 99.45206760843057
27.048738655304426 47.68891511969503
65.14296417253277 4.666506187618847
84.32474223599436 30.625100119097493
53.24204007036091 7.701453100538725
80.18988119734199 39.86493449719778
67.41387989716469 16.429265820523952
40.40487134911835 5.147313378365381
1.1976734962025004 28.94882594091127
77.7585590788188 45.77625445909841
14.42231113833381 78.20105989584933
87.42637359758938 60.94991933657422
52.463120392450065 75.19283802061835
60.16481101166813 72.80271223890553
14.86836423923269 77.77891274126691
98.4236160040448 43.56336353439823
20.869218934596123 8.884542176178378
16.590642085741315 2.7675358937384265
4.255013766527183 31.62291505906313
59.403519978218355 91.18419810216332
57.352428605417636 79.67450582373475
20.900463731974728 67.04630505497265
56.96553241956269 79.47591257158678
74.04698445599573 66.47597933121021
23.242566189937897 65.67215929454765
89.8757138944035 10.901314529371097
74.03278738627253 56.78019663955707
51.70194897094409 96.36367952354121
59.293579741447 23.74079919461568
1.3251227978515967 75.42566682254144
41.89931029059982 28.67702089339086
86.20393709007243 94.07262536413735
13.233800395490702 59.93179454954739
37.50802831870577 72.68681202088321
64.20642567681482 61.64039347953986
93.45342586886262 69.95772198739454
56.571645018317476 56.43323178013654
91.97012098358253 88.55713340296795
51.78198708700265 92.317510351964
87.48876348639652 70.92014731091234
8.352078504615957 47.55325295937622
84.23562578308167 91.7523285992387
16.170430534588075 48.71677372901932
33.07272310771066 98.19870777014822
4.8254636567749865 57.39627695027788
72.50830205993444 82.28601667928349
19.663357356720002 35.83292688803383
28.829049613578285 74.982143492264
77.55039515997052 10.638351419479964
36.215190453713156 70.89621999726987
77.14715224414832 93.23785619539639
32.54228245097527 85.80588870635076
92.06725279919638 73.01793542158335
67.74438178952306 41.87351266402194
84.74697007117902 81.61543694170513
51.47524379457887 45.49087019312348
98.10382076111948 58.31699658961096
84.85028963477374 8.216432197820378
19.330220951192945 21.974652284520236
50.83470984966534 64.37693688479415
7.320631879569717 98.55991544918903
13.426499384777157 92.54543198410998
86.88546744276539 21.716116262876806
73.70890872334752 61.69944576884764
64.19344788509892 7.260686388890281
8.376659991472746 71.51682798062019
56.83492932021501 42.747885705785194
59.78836622589434 73.68393201099232
25.63784007310197 8.019509544754666
12.342479212871316 35.6385767698395
33.94218085658909 2.174803952122073
84.38069227200258 34.3467140112102
6.197060536226784 84.40779472543414
94.8885401014988 22.297557944884616
62.785458808027194 97.5432909229318
61.071046418203125 49.1967309236426
65.05356486848962 55.264023673857835
64.35339860692339 43.29382852351401
40.96369155411133 20.191562280168796
17.1520095737711 73.14716739378164
41.698620539636366 50.34500218623516
32.28968601754958 13.480074203253478
84.86345013840699 48.948642340298264
34.3396141928642 36.10696541202864
99.64315864518153 92.72118675530777
70.06781016375912 1.0460580857651558
20.239905668975943 27.499353752028988
93.95488543444243 44.91369438703058
96.03364187602436 19.77033181246306
44.903269992290184 2.8869192382342646
93.35580512533949 91.08363886867531
34.06252206595962 75.76725690138663
13.712484604419606 6.778995153010414
85.49053578927374 3.0861042735802924
71.0448576906729 95.4393564273235
53.28825886444781 41.036668794932076
88.31921581559872 5.673962704396917
62.874147929708045 57.38309957431509
19.201515713812945 71.32455685828887
33.972363173216905 7.865118509648783
57.34340796420347 31.473332621627527
53.13163139586242 57.96843782497314
56.278325472267376 19.77105224963025
0.41228319842467887 43.95343951781208
54.52548789833143 66.777390533004
16.48745356365151 26.978351470209848
12.322509034370377 55.7850490366258
74.5367713231426 37.39223905699763
58.91923231894267 22.188639373040786
13.154126794045562 84.61845181905841
7.96713460459001 67.79035577190038
92.2884275519406 26.061184436515926
66.62670270056262 86.31260244068758
61.66864425736832 48.821814841540586
10.320099998659538 52.206651059401295
85.46205871775263 86.71970926005432
86.8341994784905 77.77613251629482
98.28799122682868 71.07903701301511
68.03284606153973 2.653955345765191
40.11593113772582 21.37101823391977
2.3301188343684776 58.427104935961275
30.494811328168492 91.94858205350005
36.63570741936054 98.6365572192262
2.2339715648513336 73.29607537929654
75.91777917266279 78.02094403141106
26.91196894136967 68.59412957441754
35.15357407316112 48.8645324824314
69.85407023830939 27.23523229859577
34.668257882194254 27.776081684942934
32.2941233379889 22.07620319900412
99.07095596617165 5.039979127857874
23.877297975830825 85.03807159086548
92.70749554290776 10.05546650746848
31.40642676001386 75.83909783001201
31.8515355724709 18.987007774373932
18.33547426878841 23.86978634967828
22.217436884402176 0.4722998794661315
10.21550356573223 60.77539566203011
47.455657683487665 44.27888855514781
96.84049049120593 0.04855970927496456
76.58340429150418 13.389972531989425
90.70247713626513 26.35505619557037
1.7724526063423673 44.40123547780923
85.49583136417603 93.26227984943661
62.4225953997695 94.7278398691425
49.83642431257779 62.24129827028928
58.73571373014405 31.77348516709444
9.024595300183591 27.653044875963452
59.95752478429599 83.34915310267856
59.72259157833284 48.50223449011223
7.333795759144501 80.0732506321839
45.71985691225393 71.5534804737769
31.901830397785446 83.40269303016778
35.373859843404844 63.995681435623744
61.39709145157749 72.40387585323079
65.57817938968581 36.415020313006465
69.7131636034814 5.710519866025033
81.30649502106743 92.91918057176069
96.91453359514178 73.2320780720473
1.9990584114797705 90.24791319855584
15.121179807857477 60.53497558785185
31.268059113703284 27.704563001114824
91.32703007312195 16.963253635233123
22.654171871238148 75.20355914914549
62.6710490604091 87.7294633576003
4.139976521827449 79.52868333953705
99.53198454171003 47.99948995040836
62.04389952811024 2.8895499738265107
50.10542850687125 39.34417482895931
45.08987805330613 44.006027087048984
4.180277436125957 29.728177253593113
42.89890903400205 53.18726219986524
2.4172687843424745 11.074843909609754
80.62750070979226 60.13753294483122
76.27921287612028 18.23918147682996
12.280121467677663 49.01142892358258
48.09696789993201 64.64808313924604
35.101556139638724 69.27770002233362
6.966942039690094 73.55644224004045
70.29778913982577 73.75475410141543
75.23339427166322 75.28019716689094
17.927844667420434 25.008012464518536
97.83171706556566 35.845913713926926
16.658455717504772 80.75617583980109
50.802040387890024 79.71064362324374
1.6236889281870281 75.18291354437434
97.58199367417448 50.820197104884144
43.56660282611714 7.2965016535003535
15.206588762545547 12.13515562121319
44.86592471670712 56.7637631516724
57.84284637007037 44.57463214289427
6.576133442670606 55.644852067525996
99.61688558535212 81.85652497817485
39.363019888975096 69.59842528803848
77.23433738565363 93.62476348092815
11.295225446725066 69.98076473519454
28.451003438377686 59.414860391955905
43.449178511104456 29.926484092955562
53.33521285282528 71.9350156981981
72.74692717791756 50.5998244455098
26.222245179342696 11.698802044064694
84.9087372522102 32.03016455766169
22.603274527723517 50.753035611249686
74.64575674318222 89.0166777913105
81.0971944157901 62.88095682795438
19.38350144117782 7.049756838669186
58.0400272778571 97.03799166379335
35.5837106142827 32.79230733477069
84.1142749691367 27.767474386617643
76.00524986577942 30.316225053164636
20.979299054177115 94.23239106890057
20.092018209059837 59.82150314000897
44.530205335933545 51.49731378596351
16.695663668511706 25.53557968179614
17.479037440661205 73.46735912490044
32.53898476894512 9.637746336548025
70.68737198882246 98.9031753498645
1.1365335744883298 63.54909804713573
32.89243521309545 87.64844486592666
88.73191543406801 35.75223082415787
70.89168211868929 25.90777675407856
55.84229562537632 59.33540489804303
36.39310228300692 53.74136585520174
52.493911606934816 58.92825222581909
38.4311310411838 42.35325022197117
53.571270076180845 96.50219979453722
91.93930289205198 66.99329875497247
3.9119928181052366 73.49227456952755
21.7479530297335 37.70959483919779
26.097139148398785 85.16473664758067
45.153273590953646 51.42885323400178
15.379691815964991 10.736924850757934
99.37699880181837 3.1578949642249943
51.32019589044102 36.43169572685117
42.65260884501938 31.86278469021143
41.92646024601816 87.53481515102541
12.590630639470268 11.779743317102021
12.102942873795996 48.07011958413615
89.24499400755977 10.59084240583552
25.92654958962899 16.055534648971104
90.72706579260687 31.801037426398814
26.46833262486461 30.003112103485574
15.93563101035037 66.52525002651286
87.02059181532937 58.9255675032457
30.374667247499897 4.300051818304496
91.64043777805745 6.062493471738484
12.403812091612675 1.9141908081332426
55.42644683665633 65.4213564560825
55.348374318679205 90.07881011989265
73.11628011127979 5.4224038762065385
30.632143396766796 42.116164386218166
27.781055994828773 31.77892277098533
8.591092361668927 39.358967168771116
40.48596159142899 36.8031564114319
84.28316945887973 93.38164001721594
48.860877610681484 47.52554497617554
79.80837960474139 82.5619538862024
65.95945775500623 56.777947309392204
40.977275876117204 21.665745747860143
89.18877376095531 38.56065842751557
86.85455297785411 93.12531950523535
83.55178823628003 72.04772665985575
8.270808806548546 1.4025795122521
37.871440031879985 16.49550986369429
65.34466250320158 17.542202430164178
18.80995451109141 91.28393512997206
14.52456354318128 48.9366248737195
6.999075031034696 39.87458393157628
22.684087484568416 74.56958998430737
97.8364529423555 11.106240326301997
97.36718369211363 16.611024668633057
43.972659274716634 95.11377716243344
99.76658939596544 17.675447983156957
55.21845243035788 65.21800430673744
47.730708056225815 98.50812145680402
4.388907195269665 3.5381797753757716
84.14683887324213 67.1740167471013
3.7336071380113744 85.59781824164651
22.182773110187583 8.161701847418668
47.95208867594175 21.953321576055686
80.23272408175217 24.47136422940208
70.51563390332834 4.42878691487617
5.697494711660866 99.59386215323637
83.87046458162644 43.352696542798505
50.24342716661317 13.38568011529283
27.292126116508243 27.889436948622016
76.01531358793194 32.45812284485895
2.8893379732035984 1.0315764025244256
79.6242679835261 91.42930658314172
95.18992137528976 25.09445712593311
55.01039976530887 54.25729586631408
19.49551627591559 75.5245989782511
97.78246132119729 78.38415761492186
97.27012423157403 57.3036620340726
78.27543506644335 92.75081982044294
16.77766447990223 27.314796556982213
22.44449556862367 75.19353149284187
83.94265963389611 57.464928848614825
51.30591993201929 87.64099143350225
93.14003260894506 41.77032510964922
53.450654867183225 68.3482401429211
95.07442160979932 3.5280453010823942
50.20661186487576 68.05224584832128
96.45977827200072 1.3739732428782125
19.216845829004093 34.37768757562706
68.65019514583878 68.84205581308453
8.413764091899267 25.216218559221502
71.8245403232182 58.387355168678276
30.47783956228801 58.78818235726263
78.42510805822872 85.47619251505758
11.74334494361421 75.92983109754081
62.43733420495319 79.2170030117965
97.3605182875424 72.30774286251366
4.107141771064993 82.17263506820473
20.412368773064028 33.561648767457164
35.011324512546594 51.53252335842807
44.10858032519448 30.35151913072204
78.72087153139 27.66783790578904
67.62029459809918 89.06397767923015
34.65063739329452 82.93897491119147
10.661854762636603 58.61464914797965
62.1895897413578 39.95536531113287
4.219068431912376 59.5346660534844
35.03800099399107 28.90993744073319
72.62335146706931 58.65597852348198
87.2966252792498 64.46247188991816
32.371751983563215 99.47271538135287
48.03317435099841 41.42669306731227
91.55179781971937 67.34066060997658
40.27214571482954 14.57555029210168
52.30008257395359 10.62807007590073
66.31255940257357 46.07154762469534
15.493612042719128 91.0156472264136
36.20949581133589 75.75789460016689
94.53058952781898 59.362155800622915
95.06019529269092 4.966133954267793
8.34526851615507 47.18346430997674
30.71566520430842 11.880799997611359
50.92666670136287 7.993017527699553
14.922145797916764 84.76170561181404
90.86419340249279 49.02584154182592
30.527407897571056 81.29473907983935
45.06869290092429 55.02184665400296
13.102335213594507 99.19807883378706
41.53888878200044 92.60457569918617
83.00663333096767 25.109141392358346
43.19065233808291 59.631116951896644
48.1258173695475 32.730846966292994
66.7685065173654 48.204594303129724
68.54918819533488 69.66621773378924
22.841168502372245 57.27966844885023
3.8965949073182737 84.12932688343663
56.63206974847499 90.11752980471738
17.78692144848595 93.40003911853697
71.76562532741431 78.09613028278152
55.27004495286899 55.820028118998785
18.07023541383497 48.875654182647885
14.040252220588933 81.37031038934968
12.363872358491335 10.141143580207569
73.76058646125668 90.92260534639472
69.65049857951627 35.66531366620851
38.87040825578578 36.353115258763665
27.257399501067013 68.02156562777768
65.60278110689633 53.78518307373542
2.9245422001696997 20.364983380992996
65.59221535936503 40.78885515462522
91.15481445544707 68.49622231641757
18.70483296780946 23.801294351479452
76.55333386838115 17.950734299794036
30.88132611743931 59.75410060699238
90.1859721656743 70.46873710284359
29.72887969768333 63.91352719124362
5.511539409699074 34.705243221782986
16.503776735461273 81.46268836915438
10.88805452096635 37.721150379270654
73.32110742686017 2.473268950452334
78.58131390319294 58.29416901405487
54.19999666725756 24.70689877020449
50.54819798881761 16.08955385276336
96.65127045643274 72.1575844213147
3.288924291934958 91.29583979829343
4.118275645356084 76.23183492012565
60.510086747802085 3.894076298543514
9.078999140176581 61.351956206424894
50.366780675756296 82.58446276599281
11.940785953938871 0.45924518640106937
65.5148416067812 95.38308310500662
50.20580886272366 26.648670993964817
89.01061278784911 1.0648975837251884
25.158731134595925 69.76600766587046
58.781466368274934 37.14353495733088
75.45562767212066 33.320350437273724
55.90360409270229 71.38266578435338
86.38953690694682 83.67023014113872
98.86072126491298 89.79685253170435
9.791436629926654 4.690129749434579
46.23724671754472 79.49206810823593
59.18922546606736 90.6582346714818
69.01584021349471 71.68010040298559
14.100949669814632 26.476485744280588
39.22919442697228 69.33111147498556
57.918701780852835 55.044881147714996
46.45174606495483 91.54573426352587
39.639429270768666 43.78553876581769
61.24835848982889 9.049759268385593
80.78152147321333 40.12933413635472
97.06656820751218 90.41001509633026
31.505361186552093 53.408795721941225
79.03806876076298 0.5255111702127113
54.722372484194935 77.8315108987633
41.936713468838725 29.88052694003356
85.49901373764558 46.86708517278788
93.48056492118239 23.283989177513085
96.85956694346659 62.39562550015195
77.77051391266421 42.176888772513465
4.680095871736 86.76467136402609
77.72560003254621 33.23941998468446
4.638442411965582 33.92768595102837
23.112114550500785 45.2567261898068
87.96656832279498 37.718966125619126
74.38228528370276 36.81636480563498
50.22476709927643 88.57388746497502
47.01019951861558 86.5568327767943
75.25245975741095 44.7636707869418
7.637848551785287 8.115550751239809
14.324396971258768 20.7059271233354
4.098860380450386 46.22944405449948
47.91403905374103 94.58907985774822
50.94490819230747 81.12851529038035
60.02060277485488 72.97151791681
8.159913052247248 89.46076452686611
71.53393758707561 71.24477510679843
18.238052623846247 43.295136483469946
6.044403153623001 69.72253660321664
17.88224734840268 73.57713707482473
9.447080165138022 60.31032718707424
65.97843069624746 81.24041219183009
69.24398961266445 14.792657435854906
69.12597468838942 43.98064762663899
64.132739486276 95.9287491977785
51.83394580337155 37.30165515436451
35.344415143098686 28.685144954627717
11.67984011261013 2.0081406393922197
11.539100580931406 36.53894144790526
29.343599716562217 50.61220817849315
96.47056446660255 29.4246062950579
27.788542560055074 29.263715979410478
10.18830936027143 55.0647815213984
69.67112271789422 23.83457287535935
6.903838353703861 29.043597712067303
59.29373722933303 70.18337962663969
75.7178490661627 36.642213074426685
56.89834001914685 26.144073853101435
48.95944298286265 14.02512255941768
68.76577684940752 61.868211026472565
45.90409822780408 71.3467269337121
86.1540344045101 53.71114507973294
26.241485246574992 87.38803383089984
32.7261178788968 17.405105434755253
4.031671699128825 26.177764612456212
66.21799995776482 32.910674036624975
17.05384487052991 78.23594064633353
82.69735884043412 60.120040598469714
60.435694444595235 55.00964934345522
67.1720802842157 64.56214117204445
45.77261189679287 31.92104064986909
63.03829683189757 96.24544852534383
46.83796289070753 61.07423425173042
5.6495325112225325 15.541396443832689
82.3251035957824 93.82107396969177
21.179426752909304 31.106526087198983
66.62050363323462 37.703902450560136
18.737436555156172 11.993275370291833
61.53800705722414 25.076342131892048
58.79590189670944 15.684768495921952
52.05361051190059 3.1744035124659398
38.72403868593645 40.840188604019424
47.49638268354217 63.546525130480525
41.40668422290762 33.8595556122012
3.197227154656801 75.99358725748904
93.94469794647947 40.95187669996662
63.04051554070368 6.341514623923317
80.7982630261988 41.38744797655761
69.5537734437511 47.653887814754505
40.69906230305806 53.31601704823146
55.004867996166006 39.565451965443444
20.587121070867987 52.16732063122785
13.114648399454886 72.3755027075625
18.45606903187218 16.779439047155055
48.073332862870735 30.77736163734115
97.20279946085024 21.399910125716872
45.29650809481864 73.52206739437261
44.48555630552061 97.91980272095407
91.395439763431 36.80742404022587
60.42976903427538 33.99274489969859
35.676456478399935 1.1504959683520277
76.23893193500744 37.72060914084453
43.938548800385924 74.74943220596786
59.22999732299512 79.89388699500913
43.966023368307404 88.10610963020602
7.395688017751024 26.942198849130094
81.96095738071728 33.15121714042086
68.50106935506915 19.3868846646035
32.15661426474512 74.36130061083138
60.181444552452156 94.87249288243585
92.05167140164028 99.34875407120445
9.467874285277865 40.91989508181895
11.014306530641448 0.4956159036017316
6.604642324965626 47.85279838107619
60.653184704109286 96.77012952029166
90.9191052790151 38.8136729976045
0.550376750501369 74.24952923868527
24.411563508160604 3.721407010245925
81.54455105610985 45.83235097769792
98.97946081085703 70.09999200518124
70.95229569996043 8.22021086554664
6.726009981614844 86.60728797303236
33.339746196589616 34.272800917707926
37.59405874364267 5.588334758651737
30.716107514408986 13.526365825919484
17.44399443923862 98.52678726430705
44.35327636785759 68.37436138193634
1.098227290014675 99.96401388315932
90.42870258837239 35.30572543459641
48.77854032362761 97.15966252879466
5.3293980616333725 97.74619214296531
21.081729462592037 6.860952815383204
56.14321999528165 85.38072721956725
34.206024770141596 46.92284316109719
6.436293370346147 66.3743979622685
5.156728295339974 41.66490621345685
23.00562848594999 41.497318268017146
3.2288154694027904 28.01361978915484
8.564509387029295 85.11174211789007
31.313727997469776 71.93920472143719
52.34269049984632 76.2049825706151
91.62268695404396 89.5219868141008
93.4998633493824 64.58612011248877
70.10853588722587 81.32244435667216
97.17690499604818 6.28780967454714
89.209113541978 91.4757329890148
23.191765661289864 20.441595878307318
6.956167783761947 77.35381947913356
98.11848120538518 82.46649099852695
53.098198547524454 32.37970250846096
8.803001221653739 91.37527842815237
1.090305953371995 80.87057998090123
92.82065697703075 7.539907151585834
62.0875343384283 48.05528732296255
70.6775378786416 93.01055255649705
49.738258640691335 28.45363538543715
19.353602383323988 8.449497924180772
2.0845580794536467 3.949316905626943
53.13018694972421 15.801459184324006
30.052816001833005 42.121416666795554
30.234687738971942 98.071167115274
40.4858779615059 23.680261401775702
45.49051195784229 48.521747846353236
44.368447161832435 68.61749610574667
39.29719353171548 77.74134986353556
6.744805958134725 35.05914808898296
90.7507407375205 78.10590077070249
40.70686631664181 84.08386788337042
19.635230016729 52.639387258616566
58.534549716229186 33.27394724731835
73.30575254280478 25.454964897370957
85.90488187352875 75.95553248586532
76.21674416726387 60.635800121763324
4.74534427702149 46.77199263093371
13.042472433612485 4.342594047400484
80.5082235637487 87.62866073024949
93.55487071894471 98.09070400474887
32.18598633153715 93.74938404335632
20.487311948096966 3.323549157398842
30.206408034569034 76.23255076331445
52.56151962301736 74.83263490812503
20.62362154302272 89.77124075609149
24.323708710229297 40.920915489393536
3.728994269104957 49.553673153237064
86.22470401362797 60.32001208117935
2.8715767364329903 99.33559679979663
69.06645826558322 76.93465848736169
87.47068255751938 15.675819286184467
96.99271607403705 63.68104257454886
46.96284164737479 46.42057539847267
50.28732230255834 7.562245541073043
95.89132252681655 70.82950407597882
53.33750267440263 24.297714475758436
3.7005966068384577 67.27777171096213
14.63575517855763 86.49591561189155
79.01047811948413 32.26216699821378
70.5963580698404 6.967296234016384
9.923944702252275 27.068743374414527
78.7585760988797 99.91067464646704
16.40932979096712 20.91071005964875
35.68806018035304 3.7863918127184593
50.14315934707706 26.7718471785627
34.796679410477005 19.639654605535274
71.15643388927056 40.691737374266424
49.60798783377588 79.16677176312972
45.26145958112616 73.62943769155179
7.955567306488975 18.340971751881575
99.24717749483138 96.82165983690565
16.702952281649797 88.511099184845
45.4278231239897 82.87332579204643
13.389560964687119 94.58851266257162
17.023141580804634 64.2843423876225
10.984982495036267 78.11026737591959
79.81372042114604 42.02020656320865
61.57496568749393 35.59364408841573
32.61841109417235 90.15233580201247
86.13617203539022 92.5704694513667
7.102239814911259 55.331458369620954
98.13074844012645 75.25328576005505
74.64881263095081 19.642957634782775
78.78038601534377 54.741959186646405
49.54800164280132 86.95411343118869
70.83350993261848 68.54178945057042
46.67306938728056 70.75366363911729
52.35980031661186 43.152206874711894
63.082782012100495 64.13083317465697
62.44699051861867 83.8471560074436
92.38608074842627 45.45130151973288
61.10516772594471 55.645610179227425
87.28361009015116 82.00261082411691
85.0903935718158 49.48240427554287
24.282299975321276 30.55445617654502
83.73341728551156 68.85584330051967
25.675003741827073 56.562763106377034
58.169949265682284 81.30211267596907
90.12963173479346 38.12475389825918
89.82472070291365 85.03238291038106
24.092449524127645 74.24288885637547
53.42837164048183 64.72576572435862
60.47588707900305 81.71201838313073
38.80564106550401 25.816635870706662
65.97714803136427 28.121667275135188
72.40845682057491 42.70648696438732
92.15903461756182 8.310201080186452
56.71687080298655 87.99474480142764
27.54589326272 95.99108355037575
5.487750777741951 10.125438023462053
29.29505209689737 90.54201254762314
43.05579330602085 68.17744177618006
16.386068614161164 62.42186567314486
78.30451928237456 43.43906502911684
35.2237612243197 51.89911380646214
86.19104864576079 17.770920013546544
63.298051150635814 38.01846527555204
74.48337858337408 25.70869349973166
52.75144796006257 83.48634870550904
16.13672967193267 17.707064736354262
4.258994583572684 2.435920536726377
10.41376748118995 10.36637151083516
13.503594017648368 52.77246433463474
59.46636583075635 42.64703742934872
7.691137239740565 55.97379707887353
7.176133372967697 47.27479740093826
52.25537163802392 92.84116926634802
73.40041297743676 68.42040242885456
22.31084108636795 74.81938768653833
39.685876177606396 57.26224262642682
5.723187967141541 98.86984874098455
3.983269634452402 84.0030709368706
42.256677098857566 31.7198896419429
14.436754194447598 74.89176572950807
51.92187970625051 78.81020420726628
61.61933371186249 88.91864147943394
60.94260087439163 77.83719136496616
27.089949391745773 48.02462645227804
78.03339860779333 83.84959505766993
73.87965510826956 5.608016291135809
36.886551690647394 64.0856263864389
93.73134843056539 49.79298839746661
3.4605508467057122 48.79609911497146
63.753276717922745 65.05202789844783
85.35411599575265 67.58521281381465
32.98580692189002 24.4504345001221
78.37937845270895 16.877373083046887
56.122229787459574 92.93270424219638
53.36568855504616 10.320809717050484
31.25719191838423 75.74480516546916
9.910777786344415 63.237974497615
8.592107049650688 39.263116197428005
58.58808068149941 27.258686523347
83.20681221221703 96.691115267
73.98172235384001 52.45602771668025
95.00923204662288 42.32345923760508
33.691457250784104 21.601846167298078
48.490988995689555 50.99542548201303
0.93427992356937 42.66513660690301
70.28508798835145 99.31860130035052
3.112202489359217 82.2927361467622
77.28474236830391 11.39085506138563
24.56280415079084 77.31812425753068
48.695683204223606 61.30297400926522
20.78512788101038 45.64727125067615
38.056189975890916 33.58525233300651
38.29293970551997 57.50231069780697
60.357400008029984 88.8239115373841
0.7176551993999247 84.87371669094631
64.33373797764884 72.41026411283903
80.55035962438211 34.54035934993344
81.29404594924289 97.32952696210656
29.528063461927623 26.052825392655187
94.36676306060421 88.45055052221876
57.76058389318954 9.665946940632253
95.0650611698195 5.309018316212222
69.7865720072401 42.52284812893491
84.78756385896531 57.91442369269707
31.669164599296394 42.106027991932116
19.83756328891917 48.34245956420392
48.36518818048242 68.8638489656005
4.711260391342476 23.678133786600863
85.07060718142786 99.73317282488095
56.05866851440576 18.38554658877154
28.121632216373328 57.760210110609464
26.7753891076717 33.92508365669001
35.06071182276352 27.998611711638866
38.68498043920462 0.8378340067216383
30.634076302098645 95.90761055149314
93.17622761951709 8.241097824573451
85.25136267010828 69.40978938719545
18.88855706471716 52.67100722962158
72.52296453740428 23.29047569567213
49.04890746795848 65.49454527545275
74.01442437593239 57.33131257739495
67.4208503956121 19.10434346554658
81.25210427484663 93.42299338485313
10.549780000581244 88.94503509084744
15.315372358920365 19.34200510000409
21.267023030410403 99.4962657970357
61.36539178637842 42.41789497952053
47.36686917244239 92.28381470029736
19.830797702853552 35.08748198296434
41.07540199778147 14.2001501051374
48.692427421113 81.18144947302605
15.614639109319262 55.41225046152958
3.369355596597301 59.11521527521874
25.64925077202258 18.475550579974676
69.69148687714817 50.43268639571219
29.551436132821006 10.952964240057195
99.51307041691906 4.3653736718949565
10.565069305710416 21.741365657484344
11.894253998634753 98.89499620138004
89.75308471195346 79.62082163464989
54.280405668219615 61.77827574400023
43.56371038454486 49.47277342533103
50.19553469582453 18.492682555891538
94.09202273559274 38.05755828805436
5.122898170697465 12.416769735056398
53.18386148984733 4.8069501685984335
37.34692130686186 80.19170911203032
91.28976781509685 77.99257157351185
13.079234232751947 79.30048734434396
99.41859797681842 92.5286388405577
2.3122807450414062 34.30707026266012
28.768694577277778 63.44901917292825
29.013660386549933 30.208999325739793
53.30398637953686 67.76728712319976
51.2788240316187 33.39132048233326
8.939532543294282 16.106094753656485
73.33713535122294 23.063768450979303
1.7029227614916653 66.01031706983606
21.946384316872813 19.094129891560353
5.722788341500717 56.10127771069821
54.5635012962827 79.53684287121793
30.55817127956526 75.04102406260417
38.4675583391045 1.088249127900498
93.78761018587376 27.48601522097507
53.95171658634026 65.84247185707422
53.92191190185951 1.1666649384355132
96.62648801367118 30.263216360255452
58.88103348680571 66.77844083835144
54.15911932484474 81.0118619247693
11.351940226453106 7.4799592947245035
31.211411307676727 21.03084603999963
9.596048352972641 3.3507711730241363
57.97171488317493 33.747099126223645
8.61709823893798 56.08947402981899
61.30645716813511 15.944092302192969
66.90726473749444 29.574827938514623
51.519809190409816 79.51674576927846
91.07427220599656 74.33321275651534
19.587583755042758 54.17095780561325
13.487418267893004 52.66358806987827
12.426389781383628 70.75687575964785
54.58243945984583 49.52805546903838
10.336860610734632 0.9315231607077812
25.772368267049472 49.79189642138093
27.863318980667806 30.582610128354837
17.81160571734606 26.043557677183827
98.80172341811041 62.695853540052894
76.45504712501315 84.71276690005033
90.89358616758321 19.867716826781358
72.61748821293237 41.26678348196505
51.524711343330544 69.80658780438552
