878
67.93366116568595 81.78763131464609
65.90298726464206 73.83840004630548
27.772089247906184 43.98756686113866
80.60786954226845 71.56393898916767
48.42639897954901 46.56141942203818
69.84380375634035 74.49056048748591
45.606234175459036 15.089914427399332
2.1571450581707063 43.76412448780904
85.94253549710861 11.840150749002564
64.98926720116967 29.102710296699307
18.53234052653905 77.02510724292557
68.60887675211495 81.19373680278234
86.5228175141071 75.26301919978283
34.7781232408182 13.088056144521454
93.91143286466162 35.486507522065935
70.86133323049413 13.23302576860822
2.75478241580398 89.69847375237845
34.36553972704666 94.13265834869671
4.650132271984974 24.48042155456348
80.6438494297615 86.945146842072
66.682940721302 99.47217457462556
20.195270041211998 75.4925048751321
98.08006158812725 56.962866898976635
23.21635932280659 40.40105218556154
24.57833393761666 55.459245860109206
77.54980300499126 36.33739299342261
20.410315435535566 10.189706060623816
56.11423294244358 92.03281311297779
18.691208992814467 61.003238224559965
91.15485906101553 40.15749244581129
2.9250813609777992 73.75275990576777
72.94582125456866 51.147938141491544
30.648659698810597 53.543559444677754
68.21761609927644 64.7213893900589
49.866575959779226 29.433237708533788
46.83310788534497 79.71065810443511
11.870766094445484 49.016208505211836
91.4003518584209 69.86253614235596
48.94537050523237 34.94286139599379
46.57457103433791 85.93076454834787
53.462139663926436 48.77112959908892
4.047141646661201 41.98346288514641
24.26696547353604 86.44585025456026
55.670284327477674 29.673132540258518
68.17642639840768 0.43850697988798704
53.68354470236212 73.6002316860741
2.1043417695004507 5.003683525815539
64.32585502802323 37.23530864369392
18.7687171386391 97.76813161351669
41.693590410438496 55.0664979116244
29.992632526035358 11.940920085465812
59.93845341314354 12.116174070576147
95.08556972509994 88.56970717890539
9.709367167050376 12.546700461316929
42.52217672143724 63.46654105286695
41.11206417228043 99.2231613719647
16.470721280152688 11.023829704790412
41.69596993607399 49.387980011475776
27.059074835095622 46.59385764256277
37.33591592452616 34.868861118768436
5.419938995772833 56.3387665828666
10.897369326168583 53.36219267868039
71.84265730637705 58.98997472807813
67.44965163045984 69.07713340377144
49.38122749677147 98.06815028612935
86.79204954568345 35.70792895031391
47.559765242117535 84.97610376841102
50.00200692304699 71.97383341426344
23.26507697671363 98.53520711181515
35.05649433764151 90.7872524300177
88.83631468658747 85.13136118092423
66.13914133553324 37.980398856355436
50.5145858170054 51.30255509843421
66.32235558796182 69.43977488421027
36.252685149352345 25.446324604365632
64.34392504325372 44.2587422207979
4.523141478296044 11.069689127827731
13.64327116146502 60.47431848959292
29.543378082345072 70.30498712701137
39.6070944547687 98.68855319803664
67.14874123000313 0.19268086145906027
71.6376019934949 38.415869008643035
28.74284023198843 38.25949642168598
38.872110570406285 33.948178822042465
60.06771317001366 20.61987639615768
14.31172482320836 20.96068707094506
25.49786431410218 39.013193409426364
37.98876131373211 68.16230067688134
83.28754197973537 89.7178492761373
6.593115751729151 83.80191510922567
35.62429278034385 91.42020055727237
17.918011101943478 87.37776716906953
74.648426683003 56.108574806595136
61.51092925042465 15.43059027514947
74.79976416117744 58.43936348534723
74.0738435695183 65.03851481154655
79.84095699065065 32.018865176143905
31.50215050273888 99.06588366941776
47.72387314082792 86.86036890724583
18.725714116538416 63.900590078788355
49.29764443825715 31.763856349354313
89.20549142665513 73.76476592292663
95.66709141809552 32.323743971086486
54.811520892468124 20.46339955147305
73.46608061374629 99.65295519414484
79.7049012372173 59.42605559407752
12.977393765403257 64.13512844469224
61.06021579907753 12.97124680447822
95.60308864131724 70.32039789117529
29.83017178350308 10.828177854312571
8.607611296650342 53.70084992181041
84.39696030066962 21.514740361585716
70.11377792087214 31.007823178701265
42.66437359447467 52.7151625892412
55.80664925660797 21.444447635694807
55.165146422367314 3.597894399631052
49.69145609201183 78.69652236496175
13.56906205166435 75.43865276754181
76.47974447617767 48.938044547085624
56.83838192873309 93.69962826313284
16.73767836328689 87.22562077308115
88.10790043915947 19.576478994287495
33.60425868321335 58.784238776453456
72.66064333385935 54.594623127137055
73.68368354631713 78.06431652208083
17.772170677725274 40.38850445233075
9.662569348475058 50.33648488077686
72.18736019083074 61.585996489757655
20.5827802278141 49.59826679714844
94.0779050454522 49.02897318666006
33.807511172502316 77.54400325257926
83.18185651208039 36.85212357424953
97.84490964970996 79.71642526528292
8.499698154710266 99.17188064804006
5.313418526474612 41.11671470870384
75.50722523981301 90.89188102143767
12.495108108541686 67.27906473232483
37.58735706506905 64.80838068504005
86.65497952554637 65.63237031235158
84.60819764088808 87.95730083013935
5.263297924504007 39.31729477141851
30.472494047424604 51.028000846217815
61.44118267432247 71.52952737470581
15.810316055088292 31.040016425854034
50.69175004571331 20.849407063495484
80.43091622628724 22.247294675757
15.01737303811418 26.731178693684534
42.64579648160628 85.51066786717061
24.795102249317967 90.05955640328132
92.31251013195325 15.70953309731673
57.295994872136504 86.76507612670355
89.10502645827114 59.01049605216141
50.87319897323941 85.14793723744506
92.34615096733374 53.03282243415586
46.04237764845314 24.392393916269494
62.70712272433118 58.164551530504426
94.1185582473207 79.21694927808238
8.787155055582419 70.35375953662374
40.309315055210014 56.26046174925644
33.42572757014919 21.700398274167775
65.13371481165883 34.74952001796083
71.14263487593641 20.21339121797212
10.593412148544001 36.37683885895711
55.24443986009294 78.181624843258
23.553450765587613 14.558399222334394
33.52055346605829 66.9933494366382
44.89700777504125 80.61916167435027
66.39885374691508 98.94741662326962
53.513604116704585 69.9912581610177
31.520675217774542 2.453955179273082
27.478886726684017 61.822066314166776
3.223022845652923 13.264055267763409
20.716952634975748 3.329974643481559
50.547188389335105 10.166133402407562
38.20473917644725 65.70689937392541
55.07925816244528 73.72471646329892
36.551951140642245 77.45460059937537
76.38328778303163 78.60840820834525
63.374891303072985 37.78422074241659
25.704640507619413 7.759526228418345
51.06259119673815 75.11022679671095
54.227458782369695 79.21236897138382
40.77533406759706 34.26737221537497
92.92756234850174 83.81893929813019
86.85820483434851 52.066384002431974
19.68712783720562 97.09166690139051
4.362989859408861 50.461818448792975
90.97276133796932 23.32891111343439
5.952119552917356 9.469827405446607
50.656091626890124 49.31962753645214
82.90001192023342 5.242609730582826
12.82390801079808 89.47493723145303
14.125350573991668 43.89090685656355
46.502650970925316 77.74240699445207
47.920847466669635 15.442401660096483
24.60795042949777 68.77339962576642
91.23233026265353 82.79027087724909
89.17165603992149 86.58261616806962
37.12091275687065 45.17601829798124
50.621709550826125 40.37027971010902
97.03677430415244 99.59222909296376
4.787151029852121 33.764992436628695
20.230239186400812 58.9326311397533
36.46105063105255 32.564350848082725
85.85231559868429 8.587721546780191
86.54069168460711 87.45319939969838
92.12005245000852 32.0003980028275
47.27444827081031 45.93734359030842
64.47255342474166 2.8491941263758647
62.58069898343964 29.40387607472553
41.416941268097396 99.73773957822553
37.323422840549526 59.92164462291727
25.045952341953782 87.45277459707657
87.49880396048218 46.755879170838796
56.36381968846097 12.292720763151642
99.08856370612995 20.213636236752418
89.611210743684 69.36835364853609
50.16833301757375 82.3966693881592
27.803907300867113 62.39293327113703
61.07794457436011 10.097315399515871
37.65930416455273 89.41959876111672
8.577340988242266 74.49231292243158
72.52087654552756 73.53210618928179
42.71126168527527 28.645138950555115
82.57234389415478 30.469500322074605
54.422585008453574 79.67966216046486
17.83033702249509 51.157169826672025
40.010433078981336 97.60640540019683
35.355529077169244 46.137936460631956
59.36319352390371 98.24023884252962
29.610086480793342 83.5366831525444
81.9437545054171 77.14354422103231
12.54529657163178 93.51142366387754
98.26579074798445 53.442850562880906
32.24643850555594 41.088183633384986
9.262221879033227 93.44584811454844
67.62669543569116 82.91302509571443
91.18224469078281 95.84790845107172
2.880484526456417 91.82241425263852
14.640643902153272 16.992923306960506
53.405712150378626 92.17183787814795
55.66597109725186 74.04886849154038
30.130101373899187 12.053046091690545
84.55620456831684 42.02811332951203
67.40701579023433 84.80220703555855
75.52217011794102 81.37131600524783
87.69745226267555 36.022307644189446
95.47436413122776 96.8360796204542
14.520302711121492 2.0293773054072206
1.6108421849584054 76.23585732262534
24.943664662537234 25.013510829370432
63.827725630041435 36.808970287806474
17.566424321018637 71.04328669198813
85.46920676198621 5.968651952481174
72.5628603125934 17.297338636743376
49.389153039746134 5.941125525238911
86.91941399155914 41.29610862525207
52.3036593602988 55.11536430496952
79.03104914913929 51.02532919591221
55.71071528747693 45.88706605426728
87.44089170065821 40.67717239326475
45.83973364017437 59.113525579987005
27.01217010564325 5.401254659597776
67.92548476328626 5.563963278682427
51.326105607178505 20.140079391627342
21.159001545672197 43.609575861654406
15.080051720919085 34.54627555069981
66.07450102199552 41.81415500587702
73.62046441314271 46.02173893713204
91.74716120693611 51.497212360821656
48.84732536482802 6.594435828423273
45.26636481507478 52.84807865179083
10.623350706908251 50.52988937342131
74.09398032452764 56.81889246525101
96.71173802084294 17.962458875588272
51.77746671796183 78.01827084425105
80.00433555497207 75.51443310371259
90.05594488320196 35.669383449222956
16.634543165568438 53.423938512816505
81.53704551374456 43.9324586424469
39.26432460320884 40.63741928492674
80.46806489941594 22.09961499497145
54.21417221166933 83.46000299462048
35.02751121967523 52.25565394255921
85.01413606485895 14.996457244299787
39.4101390477691 84.17303157359257
57.56282605920647 94.70949142374388
7.629623609110059 45.498718625775716
85.71755583810734 8.842237533233298
82.34368329349961 38.430149920585436
14.66219421684427 40.04615585061977
85.80002641847867 52.883337462327475
18.26196802863651 35.63372813810468
97.16856486998067 65.93010956232997
10.831905654318586 55.36618322998611
11.233046549731762 44.19206914752727
10.01041992750431 64.80861698517795
52.40491779559415 54.72882505520668
9.806262128546017 70.04393764554435
10.386763407330225 25.90411428901216
64.70273409030179 17.634118611157835
28.39220211793879 58.49069972299312
30.615126311656148 92.33869183668202
66.8787408412771 46.99508086559052
53.195109283334055 64.69524657129327
24.978291049451716 97.28070773893165
82.24578909735826 70.3802966185354
14.79972894874242 48.648547664336604
21.366000707018674 71.53859388316187
65.32031356224375 48.666270387730094
90.27641840902105 82.59707819347142
61.656425796762285 3.416491019172263
82.19855107307046 32.82374852600284
31.85040196170973 3.391306227406754
41.85259325449336 59.16997900721637
30.451422519927874 7.0624672622457645
19.880922643697307 66.13177913316741
78.78487829394273 10.33079329086901
32.37742608347111 75.53023394834872
88.00278000661936 64.76823858289032
7.815365688924891 50.64428516112914
9.438747003691772 18.529152699892748
79.53496091264604 40.45010212263419
57.55000107282314 91.71955223608722
79.29561311915532 98.25470220564621
57.820344378888336 96.90560377100998
97.67397746194408 71.13202220439044
57.68134895740079 69.4008354177926
26.987919809005312 7.300538262045486
45.57509700955137 70.80976241212987
2.886703450475492 34.956383604483
87.84315012681706 50.1387678381124
92.00147244307207 69.27355926851159
97.10258877282007 47.373354474057905
68.24196952017851 71.58480070288337
16.90734600367384 71.91156004067491
42.088468843431734 19.98305047488216
51.18680520651681 45.89004231833509
50.081834894778524 74.6836762528847
98.4961505648928 21.150384411982902
11.929518949243379 80.92206683597237
39.53633729530714 42.8923318635682
63.691905945222146 56.25981337556516
33.70872223822579 88.75857107963641
34.44325542131522 22.757764543185786
4.969035847075554 4.827964675778307
40.45532752078872 81.89248807267495
89.36250987485896 31.4551163734222
38.29124493070778 42.61032998655638
61.44926349918123 29.80854116731495
10.04312817000047 79.4351587181261
23.78307714705984 63.30609150485353
71.13626475268173 28.014973943906384
53.83845591411743 84.97547775217622
4.322952337741304 22.124306521931402
95.326775845781 43.6928694118749
71.65132308207116 7.235150851071537
33.094786561918056 17.48143080056903
25.48922034336758 12.797895265083813
64.61712684317796 28.48171645733092
31.77163163513853 94.61072555643669
70.31428310158736 47.44284629436959
27.24120941405449 31.39630613933957
94.05630982353132 66.17147090927
16.222021015826016 52.79995376043235
70.89332128024279 32.75998349467157
32.78773141602913 89.71492831596464
73.91856198423379 25.20590091706083
31.023094158469643 38.48916945186131
79.36564093660074 65.22447054873449
55.732408221207805 9.006232737347409
1.029829726298137 94.97877603269123
17.832610708014318 72.3074457032259
87.57400181868891 85.46850020073433
41.60349568187871 80.35067371282274
51.53080057919974 98.34651519794903
37.88243536024197 59.424063787417566
5.361721131351194 86.43294883918976
76.77582973244907 22.752032995788085
78.89434218066098 80.80968953622036
83.82807996757086 60.80616881248576
7.429285596046653 53.917023725899504
54.61016130060281 40.824375676806866
95.71380977848825 60.07422469906746
24.009128685962477 9.324054516038737
59.5363881631262 35.81833147524405
84.06825507591238 51.2903581497377
67.90813990072226 73.01956605419299
23.967885091528764 57.7422647657974
84.82176844955863 20.20553679428183
77.83806989082458 82.84370954250694
33.876714469663206 31.06346005517795
34.62601725133101 76.3672338894544
10.734337904036572 69.14304261201826
24.831943954153747 54.39682436986549
25.796423664169588 72.61537227798026
99.22257417361088 22.19303905217278
1.686923625390202 52.66271406908529
73.31209848772941 61.040310842770864
50.411400136397546 76.3570661259347
62.64894156289939 17.17762877660626
28.489786856744225 0.14577820715049317
80.42671080672011 58.93424985745946
35.48732934343184 65.01861510313468
35.48199737487517 52.52506116581657
27.525811667234777 24.099362538325863
7.287319815259075 12.329183769707575
51.1452195588454 86.49953691178726
96.34004392416713 50.027498061045186
90.7728857149559 49.802769782369914
91.38464713294611 66.06763973356324
18.52734150815454 67.5468415891902
20.385653208788746 8.538679736576448
13.79056021757762 36.33979738558146
42.29243966326346 27.041814183792123
48.61860210005424 17.699076366673495
85.53181993753816 88.83656464925267
78.10337407471764 38.67988526892584
59.99425375032076 14.85796251850845
40.100341644547264 35.88965570357352
15.222574945661616 47.262703257260426
8.915416902965468 94.65462669622119
22.314012379970084 83.42897238811585
89.7848408574804 87.56740945808666
99.729686971537 10.468176378054029
63.33682054170408 67.33279734066303
50.955690186746615 64.86245872703905
20.49509937418511 32.67704556946218
59.78600502314936 52.97576766375818
13.622655904328717 0.4960007711602876
87.51924503996915 57.633981250400545
3.0755356935239564 6.422554275824799
79.20515012829844 12.830340588703281
58.98117265920404 14.916034098787945
7.982117068458539 63.05783865468779
87.45643308410868 33.771350902219865
87.94975391186671 71.1100536311677
43.745304241572214 27.206969569179705
59.77227014803606 15.177437090312917
69.83404255086353 73.37923129874504
38.09755624055586 31.46983268294634
4.704081252558401 30.197273543644787
97.04140015723871 95.09076979179473
56.70804290471986 9.213917323970733
13.157217393012498 60.43623388649709
62.25043885758139 59.011627445153145
99.05976243942443 77.01857231780507
92.67047602058312 93.49239940498097
4.070982769172915 5.5437852674868555
3.761670960203145 85.00387194474494
27.14646868987086 46.735456198832615
22.50375202437951 16.898063497484383
86.0093859550197 46.62107224862919
36.46005061111903 52.47438200629495
51.092507931251774 42.76016639822732
85.21775537872604 12.10333772069766
33.86336512652029 62.522116969698615
20.370948689928948 76.3686035460096
99.52022988800412 69.96520918268465
36.99474077689663 17.41789505174577
12.675093896155365 35.80104970701138
48.46060325100006 77.69673557642747
14.407083472811966 68.43803634651647
46.138478693046245 40.90775731900473
27.507343718505474 64.36459274940614
47.41449555273128 79.56927408599933
61.02480273711822 92.01489861044045
0.6253489043203442 60.74649600787851
86.48742804554188 91.5415828203963
69.07797514579103 86.03617229275419
41.151138670504295 99.58297789248687
7.974688645621352 86.09389139955493
96.651988293127 19.752666926016516
10.833458791132255 39.84265370741396
91.90094861174258 81.41714777183464
43.30926848721284 40.81416051911171
79.44176621650634 96.7452713454886
97.53647495779812 32.524844907722226
63.934448384638756 54.43075435858932
58.69706695451708 58.70793719598324
90.96927553246879 77.83741722381488
10.428466938338355 15.268556577021286
90.04445174049704 25.919215600018795
16.844578259590204 18.241082222755047
82.98023822964502 53.41329931209329
65.23826637825944 50.25830263372198
25.37186560079826 98.44251457329388
35.202435401914286 30.083364530639845
74.3635790863624 54.07804654783897
23.05193730137659 25.850194449290377
4.878378935176098 12.477709844375461
94.42200169763517 56.4976162060787
45.33286534408727 6.13287743189983
21.91314313480107 42.79900074303236
56.56841255054413 51.02522956549986
62.525126883838865 36.582179439366655
46.31651876414505 14.588395069057924
6.3173445780214665 4.768801910839338
63.8138939504556 74.05848019106679
28.075885510016853 61.57806712890235
21.496738031253127 18.595291310944383
92.99942166868348 14.23039433393669
89.13854717967732 23.86239514895283
8.306105008657505 21.269028756400044
1.2810885268127237 26.368080381990943
89.09418683135029 37.89538000673146
66.0875087994059 24.95850469502744
36.769483335731515 37.06553573695588
23.168464934599275 96.98903929376013
7.468380361945415 27.7614916476563
21.563143893332704 30.769473048283803
51.26957737894522 11.267400088230007
62.55276085603476 16.24633874721172
51.068609135883946 19.32852360702505
73.22765263268927 16.46846319593559
90.23320175408777 68.93523070002087
69.02689005978861 13.24954779622427
41.62352657067115 36.19468170457129
65.40559239773869 30.26578704078099
46.5607354785372 11.531040968059258
50.70025508590225 96.21771263444215
32.340935323653675 84.68740553493589
71.25487604599117 13.95809792829822
66.14693168213017 86.16876466251603
78.7617678197948 81.78466059796975
1.2934246264762472 28.950632764280048
12.127961517368357 42.68416071693891
73.37002963554423 47.5016204347503
20.139493923444206 69.92772836067141
49.14146939487066 74.83574382813119
93.76274691625981 29.800696160131825
72.68344175873942 88.11733723284061
40.13565101350197 77.51136459123686
62.94640250737405 63.77936692578279
10.170088709680691 85.19539974675756
82.17077005559223 1.341808210428086
98.53710804118114 3.1266093156703034
1.957256955455533 94.2521153864715
88.22226287540744 23.638215594000734
15.067745467918769 21.67136547168195
85.56167414280308 84.8301256875403
81.48983064766256 74.27958003316432
4.121727643637252 42.53520173456933
43.54849914307515 52.87083850983414
68.87239931671384 65.5500632315243
17.678854441365978 6.81514105214548
76.76995627756878 55.767315069434396
55.76941181295202 68.33257092705888
69.98851254945592 30.320859907617848
80.21653525919858 7.627955884314741
77.2256709767109 3.6713840691406374
63.310065134384786 75.1857504827868
99.58515190453896 47.015389889559856
6.833775605147718 11.665422029781746
30.08776920824604 43.84459967814889
40.74803623426798 44.00804121576335
47.256336195274294 44.93650898710825
42.00647254313119 62.474981885469724
69.44633796004146 14.841849609049085
93.72945544738279 41.21582169497627
7.281822780871893 94.1473394892489
89.90952492964404 77.70402244088555
97.48829019913674 41.87836822420665
55.943231514156835 21.702101021272114
48.508300984781584 44.24492952552615
31.620657004949205 63.97419119077872
30.35490772367737 6.43695813382692
75.2325432072949 91.63606557192486
87.87616573151115 47.808855280965844
40.713220157923836 46.02475991417758
21.392772387754277 0.8010432287529845
83.53972222416627 62.26701398539668
23.66651042322744 77.75999449343442
9.007755672509122 33.34242384910243
86.52776041428443 60.927049483592825
75.10811986457827 40.25611922039969
21.776438832902134 22.066107495231602
89.97664280897439 26.02089385826708
9.084051823914452 51.86552741866542
67.55149567513712 1.0222323402534594
87.5534807124795 88.7736644632782
35.22286737878956 54.927997399684806
56.85209749094139 56.74031630043391
64.05759303240791 35.531295826114416
59.73230704352178 16.610735726755365
84.5448936900738 31.059588777144764
69.35737144694095 49.63986243801997
27.479266305635765 51.69841839586613
5.168815321872422 47.81821235126444
60.833855790432764 75.71314736515254
14.379115117388874 23.23973077857444
75.61796342717105 9.118200061938687
57.44777210906228 69.00079919350107
30.537724553327394 86.4382192271066
64.21323858577863 86.11966867480797
46.626578296850276 14.515834836452123
60.81635925028127 79.06270226308155
32.23736397767753 45.3190705832326
12.541878372324344 23.32784762949226
98.55391022033923 19.91321097880795
83.33690707894938 8.839720542792595
6.494527644129544 8.43214572951907
3.923437584653111 90.46077530307822
35.83163475922022 87.52820984176873
45.41067795120575 82.72395839744067
62.79130431667417 26.29381039439339
73.04292722141024 23.969450447364295
53.469569670597174 14.788515729979801
54.478190233832 11.542206353874196
15.51000970925167 25.03141496575281
6.515296490211975 93.75361393861785
23.382011811680904 31.228042024734716
40.627483372715446 81.93269713218245
44.416697746559045 2.2585308368968993
44.31764503537651 78.53582897219185
13.89460449028922 7.262600667669372
67.49379873746368 93.37409975981006
88.40260817979912 59.958002250742396
99.28729216115066 89.69773380872556
73.55529709991379 32.865418519159505
35.1908196764719 21.212268371009234
9.75150903238009 8.071193756212303
37.03067662290193 77.63495345952067
78.29272469406185 42.78904176252166
2.082587613306297 33.254456608604
82.78105711481182 73.15931598120527
14.411574239598679 50.86820167282099
43.07430185340942 59.25542639237379
88.98037606898752 28.6717790068463
32.4586057050416 92.7410624801547
97.84817059751934 4.4709302170921505
84.90830129481344 81.96086822797209
96.55190589474786 67.39091188895836
14.606010110980371 5.119127076943563
9.197015942371667 98.67503043810169
47.109235521700334 16.04417972128057
26.281755745743684 52.90495014648846
39.2863141241973 45.660437526147156
95.03856512788303 57.476470534849234
34.53931746566546 6.862794476503209
77.48877957416553 89.88208426893635
8.441565223300884 67.26189495388563
21.79824907311343 73.47392939218271
44.01264101635832 54.25122984870819
36.60078451092286 51.50452167106767
72.39717404482212 70.71173912782861
59.444275916079945 96.70564896400818
13.567724291329197 58.447865507797225
63.661104341719756 84.88365375349238
1.2658172407494672 19.702610345856343
18.49321609025806 57.70968389703691
78.11364582498076 60.56801951283018
58.248734910184815 81.40348713570123
60.77624744065597 8.947382768879653
39.05551579702218 99.46577045636124
9.008568270745265 73.94511337674736
99.05939093861815 11.416258190223305
37.13035784021432 95.56086812517418
48.33809319671857 75.84689373457822
84.776227311642 90.78981042162435
32.04578767180535 40.72833583249646
44.12090431338931 23.631580573096468
90.70969903389262 66.52365821423851
28.730935224727318 30.4975202157309
91.6031935053485 29.659551234713543
73.84204006253545 40.23452374358768
95.92923289421515 95.1196859738239
99.5118884281146 13.106559690258624
31.689099447062453 57.097078298176996
3.5335394489353966 3.45472555609726
18.843488839024715 19.78077774457816
29.25008012545498 56.81026827959954
91.98399316444754 35.99839673124047
93.40558677664647 74.10723877165573
85.38557937049305 53.673075410527126
82.54558003003237 25.137898603385743
51.04520963934841 29.159468232957785
58.3990122472087 88.06527861471436
3.720360886407559 38.149638967595536
90.805992868 9.203576504922783
0.16606828265284257 16.714984610191465
19.17701557550696 40.88674198523179
17.89445331097387 57.22694497093197
27.21992724285698 58.43804822595388
18.66756059240029 37.086336115021034
12.353563295903546 37.96936785769235
52.90819718295675 74.39802711741153
16.684092199322876 8.070563402218811
60.826751086869976 66.20663544524275
20.421102571986303 36.914143335593884
81.12410365288252 95.9237932394387
30.38493515653009 72.50945121531043
41.79424637885116 77.03663146207582
6.104139094198957 27.31160528728279
14.139102216731036 39.32608980125691
5.117345683203345 25.187108896461474
45.62548400374349 76.02080128240665
5.94425975564008 17.972510814385156
24.818022307013955 32.532471375515236
79.28665569174738 82.17276569062899
21.910662522540004 29.404809676615795
93.68734983601225 5.267362108579709
39.97176740903249 51.38208244175912
53.71847287617523 43.304493914252426
80.60537285908347 39.45102697958552
8.84323631568038 45.960831227408946
54.580507928975685 25.28016347007551
42.30997383640486 3.9704239959995835
29.787248174425564 80.96453709316489
55.223407771879586 29.98286952434982
52.63651502760195 78.15900272756787
72.69425151668459 30.65348254889927
19.520271940815913 51.15978862088221
7.028931079305489 84.54123900785554
31.13694923636423 11.27110121038164
66.88851781358423 73.06279099937464
96.6696812698511 6.992144528292865
40.14377961281621 7.622079332970455
65.3875628532725 50.96415179395183
58.011295247285965 89.34972547963767
81.69703776718849 39.762928182389736
11.214697496124293 38.55099875807922
85.43344603249888 51.04333073469515
49.39589459950352 7.713980833355938
59.81322994613871 27.75967387368452
99.04903819299736 97.16261354288162
33.278443397904375 1.12844660190774
70.29535181974047 93.82474815158099
98.04317180581648 63.96275710250707
2.111992287519937 31.20373569303223
48.225878608555284 87.96506246480192
98.02955123161304 21.052615778001837
11.523697033691182 63.610866604772966
54.115105005575025 89.9328643381244
57.193799999379614 65.6240401099713
38.50749166633064 90.95288624595057
73.74774685488 48.91517675072319
31.985341495921283 84.42648228224012
78.37448340588435 99.85700790383454
35.703057369864425 79.82471685497627
37.54631650854782 64.8104202749995
44.462711936252155 26.252293595257893
46.46930386517166 58.5714171367764
62.789202358672384 22.354654065955927
52.27579827873389 65.23621478562477
43.2551439692967 12.507124298034643
2.1603214952445327 1.7324710738339189
20.521929947086125 50.341550121612435
91.03021091818106 67.10070536792625
73.46802057772943 58.86176900626444
96.82184481995598 47.343442794439426
59.58305894414089 85.22539311513142
28.216469919470967 72.26704075270047
72.58055322616418 37.30267733914418
71.26034849538686 77.86541534347963
93.00128142137513 67.68335608819382
59.80354994147571 28.548841180561023
12.52608933734287 16.707261733360777
57.3004833769019 11.3985728028009
23.252181359407643 90.8257172467072
60.115607847255106 44.70735577374651
75.44664031742174 37.27219080488364
15.597614945638727 79.42044370914428
4.392259869163162 28.30159779203425
5.59548966494654 38.22623280615052
60.11838500929236 18.41345486429027
14.674371745414449 66.30263405959589
64.03002217973484 31.064376104064117
97.84120670755136 20.884448069726524
51.168611367546234 79.40852237300084
39.83360847287448 58.48249561416103
45.65293101480252 93.89204008893823
79.86358982550597 32.287252045731364
71.32761199359058 37.42287096397615
40.43483175015267 32.49440739312094
15.619980956602875 28.892729712771757
78.15181122355577 95.4309068921149
0.06094874418116625 91.3288199241932
27.465522044274103 14.429875694806116
10.523490669675128 32.36128662870089
16.50455212375369 59.09065060371539
73.3735668261753 64.60845942479946
57.74738193483664 84.82756774039055
97.44824008540502 12.190456459992138
48.92780748500514 6.876712121693018
84.69122758155613 36.08863612209788
65.17169887960213 4.2144588148544155
98.14842887651184 42.61360771608348
34.44892617366021 64.07575533399044
49.72551388781653 13.164641928361732
82.84301227745317 3.1558689992084665
18.82629030264852 85.0504265506005
53.840517725973314 6.053846038481792
78.13884145871785 14.793303907633081
69.41675886267814 2.1683102323540093
4.571544027407293 20.306258157611133
99.83131966653933 42.388128579927006
11.686791570079357 27.66283649688106
63.03027728609657 81.38646542801796
92.50404730320754 31.245339096968372
65.44159138504271 22.483633805594728
50.63543286004473 13.539528203103012
55.45904737903231 71.03775570527486
49.2418077665295 58.02414422292678
86.13281282457478 0.6857198924348551
26.40164787913627 55.37075369821388
23.554968073997763 90.1597224798742
1.1896581489572733 84.6052293344212
79.41740830070738 89.40637728967154
83.28919426093118 90.68586780728279
70.36668517660608 8.110868891563861
96.31984907555012 70.52244361947902
99.1824811990831 46.428586407300855
88.05272959045145 66.50468305190712
31.904857646298225 61.51564716682343
16.954630691142945 73.31039953731022
97.10527781855383 42.715030817139365
4.101659164823889 62.82543781791764
22.780013384812115 60.93085544986502
93.30950243220462 1.6390338043350217
19.190122024664326 99.06109654831673
39.58035282153417 87.75295623718594
91.99473864427097 6.5175706703878955
49.9654734897553 65.40432889229916
37.2236998111161 29.867980220720835
78.4392969760238 44.7819090682473
21.340980198606218 97.6892080511603
92.56612048785912 57.843898112148764
65.60757214838941 49.96094723118875
37.5414278551663 44.30783238564119
66.00315270727151 83.325636368184
72.20073064078106 72.85091413547838
74.15400744169055 8.809831019780223
71.3654734555299 88.5072019987218
2.4672836494470385 63.218013472635114
24.436441906699137 99.34870493603381
44.69474017912462 46.923692172901
55.622211476215135 10.140697738078952
59.59493510338136 93.32764710143117
81.06700211428362 94.10101473095857
45.29944573929519 10.482290049817578
66.49608690132207 79.40767709741641
26.215125812638497 29.413821628817228
43.67919759145492 47.75628796470171
39.735081722004274 37.690585325031186
72.04588152270279 18.842570271203385
95.93272561533097 85.61580904395103
77.91349856961843 39.18747196681732
26.11834922382088 78.76329047735167
45.45606827590386 76.09071304884768
97.27455831786791 59.78072409301961
68.25143879901682 31.208194802626753
98.5585621229189 93.78764750657292
57.616468550999656 43.93314489549924
43.562184947655226 43.38516951124258
38.61867333830824 87.64975519753393
29.382083268358482 54.046025717874144
27.022202379995196 43.037706452655414
61.01852170355233 73.36556096578303
60.178460124099644 78.73283663359413
58.21534365853326 47.394486149215545
69.07096583041474 40.68422393449698
87.32120196944308 81.00693326080956
64.1136727202569 20.463279934059464
21.0803245584381 7.3209555775079815
38.511504185838575 93.19654070869483
84.69368499577257 27.983428055605806
32.797127254644344 74.5148680297515
40.663519702575044 0.38930320844223765
20.055227482406412 59.21902766122176
91.52798560387203 24.169033983635213
68.01129990785483 89.10167909895965
66.00849562821499 55.89706167764687
49.6145739158227 45.80166101117909
52.849646833990704 37.860021753639884
68.30516604948251 80.2836148719744
82.85390605236512 54.82678195705573
80.81904722893303 35.54652099828712
