899
60.8775471362172 95.03351168175271
86.94953394495624 42.43323922116742
29.2998610215473 12.738853442133923
42.4269534965272 79.26639202818647
47.09292206927894 38.46656217342604
79.38387849423131 84.89336050326352
58.711032248419215 93.46960185223493
82.1365060539487 38.03014618943453
13.899526208575896 12.062647144650319
96.89899777170125 48.77260824868359
52.16235940263031 45.438779252076664
71.86177709937456 18.6784281569498
83.99538027201991 23.47272086887029
71.28265580615117 70.13474484622532
14.96657298526719 59.00074564617842
33.79797411645369 73.79813897274717
66.00771343293871 97.85018655692402
24.21553097344924 51.19073518044445
95.69742775313502 46.19745923369566
12.808812824740045 45.29636951502408
95.69478870363294 59.69729530981007
76.63295858924239 51.58059002265916
53.98956258054996 47.50874481333997
12.968475468218122 44.54491540118924
57.83543997238186 96.51196572790064
59.83928056614991 30.458223481515212
48.617632881797704 3.2855408126410413
37.83461207700558 40.83608664682301
77.91310962300557 15.381844514112464
97.75888147319313 15.381078398861959
74.06570928731712 73.22872391722335
18.5619580528394 56.6312981651169
3.8142688756191867 17.391848097085216
53.11051584941533 70.42898664251531
0.08932084345500968 94.16305704648298
36.1538339758002 29.214397743969535
68.40139510852727 81.59722587017296
65.18263473306365 77.82465554816031
30.478137091105573 41.65810449006487
14.69511462132802 69.77049537882391
78.97723384107785 30.083740585043028
34.45565381000454 1.141715455143455
87.99504722864982 35.51867221434245
66.75083133680232 24.597436698664488
53.65950522544273 13.867156875597232
94.29882813325828 60.858557922553615
97.50023905537536 18.370516707780837
11.93445027578851 2.908642261367289
42.047644390545756 90.47970737240338
16.282613497707565 38.636509217316636
87.58919646082902 16.60815461493873
95.15713002130946 37.3889236624879
44.762552549950065 24.130003680295008
51.30794342302768 19.667555869575747
85.96256307795149 68.5819992286291
71.806645051047 18.659307005768333
89.90891811677044 11.198648057407834
84.94568713351202 84.49171345260001
93.11281666850896 93.73577242762123
41.06648548242268 62.18752244005286
2.233291194835818 69.72393997486867
43.21970815048887 68.97943185264923
47.824207281625206 12.97146808154217
94.21260373840315 63.28879797803302
40.45596047826779 14.65364739551518
86.78348438353001 63.63396837440744
35.213764426029904 27.17081623047376
34.40246118636647 51.44570999049376
82.63391424048932 4.0623055419875875
93.64751650572852 18.347720772277754
47.5822346570419 3.206625577173172
67.02698529774456 39.53042275988423
55.308509846193424 5.43258650952726
48.748871575808614 52.10585918453656
98.80460886503298 5.337873156874229
28.029618327664352 52.5797454836315
11.565977941242867 64.79259918191647
73.1918518802052 86.04726374573842
69.37302402240832 23.35633825521932
22.00539494672502 88.58598903790914
42.17985623413405 25.176377247952665
28.196184057830852 94.30732611364526
57.61876045887815 27.744573634137282
60.508897040965 64.33141354380865
58.41049171102851 32.145733786521
24.08569906562622 52.69152300999424
44.82567582620697 74.46758337901646
65.25235881215438 98.00693844144475
89.61428922479035 16.814591640384624
71.34702182671089 70.53489620922923
87.0477189840793 60.77547657876347
12.206393159545293 60.89430156974933
81.93455149518402 26.34293269708857
87.20028353510052 23.06570931713061
38.575866957615325 42.95975194127794
37.78761673250833 27.963531630686333
99.27620589721961 77.3639366820179
59.470837503870776 35.95213127935892
84.80385130261364 81.77631540215448
96.78489107033957 80.63559615878421
28.520222863243927 86.7626103967922
49.81258184426234 49.606897666597746
57.85131270105932 70.73856927653325
63.04474146540125 96.00336684103918
22.088115167482936 40.67184966780098
75.4077817977014 41.88559423033528
74.43875233018888 38.955022394716934
94.27285160120087 78.57300883959076
86.47948450340748 78.6283644177014
6.214570989231561 55.40815114395314
22.772354037396248 14.319983194983044
16.98359755667216 26.28703898570077
44.69913876595616 44.41620418062594
10.603646624618367 58.86460994929854
94.018303006562 29.590225115320713
38.269084298256104 81.15817134672234
11.964166722432712 97.49652636155797
92.31916077477337 90.97742836587567
1.1066049214529694 90.6309946917377
72.37292711449257 97.08224474654627
77.28687133597974 47.014450608474355
45.911790277717934 91.19843454006669
13.574654438296719 64.37058753830529
35.48115555406034 0.6757379173803479
6.572131550269988 61.72750361368558
49.95066005819424 69.30814425242998
21.665031354687315 13.776903661811279
33.63075918719763 58.77055592742091
26.121331816524098 51.25438360434585
34.400870190070854 62.05311655553889
97.04900862080771 69.77795636738222
67.02228591740139 76.58838128997853
84.91466888878271 29.48096553350875
3.0470653099727296 31.488497453744067
68.10102241212898 9.410855296378461
61.7804096169147 29.11463514128162
6.216232487754336 38.9762341212384
10.33707179989639 69.42765401593938
76.42926660650059 84.45995533438048
43.311116839996956 73.72576651725697
34.83421736965605 73.2374487289596
48.64470310309201 3.4322177440167856
94.65743829306915 62.104103396175056
21.006329436982696 63.26234129120542
78.46592991345335 20.079618298411827
87.33534340257195 11.729164245043687
5.153925208379984 81.01831521420728
14.72090200152767 69.92157057010925
62.62368211074628 57.88509250630182
26.588392273804008 41.466479414326585
29.301342299980217 89.24990942897331
72.14062531974727 46.84284422188008
84.16900720510223 64.42634766070799
26.656065932339025 64.20487847280792
28.87375847345214 85.97820924119173
87.23700925459046 88.7136509790458
31.60536478555628 19.564882146282425
65.45678037953941 87.18317335800671
39.853180241321354 23.190401631373213
43.19894844000517 66.22457104536018
59.31609801994293 70.42991282089652
92.39016878278419 24.05398644284329
37.77968840957221 14.357863278338545
62.50965154975632 16.953405165264932
12.662354447735202 62.381566605584105
87.27402910514105 39.06976516538619
68.81877643041543 55.352113693989246
5.682363263582502 5.5785136692915955
47.60446206011206 95.72416975952372
23.196894895343124 3.5858353465794024
64.02984284296164 36.318124931085386
93.73436412853353 39.324648618132485
37.83166884908218 46.22914894002622
38.912597507993965 14.259725444399773
52.735369768910815 2.960391830638587
40.320613797516394 96.29198920753095
85.4104870097832 30.38768850163902
18.392126371982986 2.3657082417326114
50.37510404614086 61.7884558837021
94.07247191172074 71.76474356651718
52.1432165657701 87.17340612158317
60.35582181163876 37.73741993352734
48.77751253816016 20.19478020797679
49.625105258917166 26.70656289329156
92.54929707255552 44.640223343408024
62.85455180551912 35.861716479628704
67.79021856671008 71.97624985520413
78.26186613801995 27.743706300301817
63.295882886597035 33.23655760874552
34.57884089222748 51.71251915389996
14.009066081456956 29.620568219253574
3.845456010043924 56.80450908923523
32.13941818466398 95.60937855824318
88.20801550767172 86.06684886609375
1.4096448854577392 26.450851094910167
19.59667234561955 98.11694495648139
12.920102651133082 49.26071506080074
42.77740086147395 15.908247900162554
47.975745560410765 94.30962215118151
37.53231051735466 73.0783289850013
3.4863484926548782 80.76868276063603
59.95948490023279 90.30092769643878
65.36240842321298 98.00950181301842
36.976418984475366 11.990658081066364
93.31020109465796 63.40355369599067
21.473360528499885 63.31085894466919
3.8134912178768965 25.689721622262507
62.00368792706528 4.6128323977874475
80.72982346886438 51.40023951018288
57.65619266443458 55.20298684665238
26.103799134204586 98.54035189872276
97.05617587590673 12.554513696092062
84.54908406060889 9.062434159630762
27.187842718213783 48.60240393565335
34.59770985812077 96.62615177436024
91.00023067166792 32.312999468521
68.15961071514405 96.70477400945414
34.55263115124458 10.957143465042652
2.106654528951246 97.50773391471978
46.75257634300935 16.942625414572532
15.302373874775743 90.22742044315822
68.12777222504553 94.88487483684655
6.244692435917565 59.13570347274276
26.844783140276153 32.63922790532199
17.69853990624273 65.31724421372547
90.57690782712542 1.7762249780157169
12.036155616017897 28.484259208858454
49.456430404274656 60.58759193353968
26.872947300224315 82.61859360542884
73.39593837763408 36.91812645452172
57.34209151171123 0.28064689461264614
32.89404410612305 59.74853986486266
15.27635308419335 92.10999411708984
82.61486006119868 43.44815232262164
39.046344031984134 80.46835473263246
45.948817199409085 17.126719910590026
34.7887377159835 99.38888400834087
99.58573412990381 21.148104398960342
59.06593415073607 85.20975929357571
23.224080748727204 5.11734428871492
86.66546639069941 76.43550537506367
33.07154619914283 83.0094771112376
27.918889060467244 89.40668793755093
54.21187776381618 21.295238593300503
47.81064186543995 94.97113199515265
15.88158072936585 85.49050007379341
5.116772903711797 51.72632034856118
42.06272466210728 96.11064703756898
11.842362893654224 99.42684022097502
83.75707147874989 28.02112399204445
54.032806205767 0.39684469186160864
37.42115821081256 98.43598561026243
99.02999126347554 30.611497970789138
44.99802488460601 45.93059295401194
50.66758927832341 99.84565041205917
78.45423980372794 62.11745544676347
54.48279078525141 40.84579047858779
33.99936294162194 58.30789194548732
60.9684862015309 92.24415669860633
59.60048839395476 80.04135297865032
42.07494844891375 51.34579934748744
19.901592898873833 82.0100709136378
67.35370343407439 4.442954552824963
38.00284400460463 9.729595701274164
57.3803932993515 93.43273326871179
32.06846861759669 41.80705125426141
43.50978479649481 52.77278063128408
10.406023723254487 11.122739232541235
23.704415954782633 48.65982955211031
38.42571711884081 95.22465868953577
67.95284590484016 7.833439348951654
22.68332825934919 22.00338690088568
0.8651110142157803 40.16670560333723
91.00219511666724 50.147751344748905
32.09976055615497 48.933701642414796
12.090609129084184 78.14289797644864
79.44685753541756 42.935569115859316
34.81449698411605 44.6617405509498
73.16616450263702 26.043697425493338
96.17935954764363 96.87194989447354
19.82211937558046 41.84046206059515
54.25193896857282 55.611519566111575
74.50476506150747 30.258372943774383
0.564732479104002 89.30648860690923
19.246148393728614 39.40481729933746
67.08191973248519 42.09995465329638
21.358733173446055 94.74497088560761
95.3330259109427 91.73147365698719
98.95000909775528 9.155146030529837
40.15501553967148 84.18887523771454
81.99316025374934 87.56124327673224
80.92798433858958 75.09229158945794
13.166218557108433 40.23733620719733
47.372194419553026 28.50348402051459
4.977732896191256 93.18630314389102
62.56780748811448 68.11420770675227
99.41084938502853 50.07157825398583
17.375706947910473 64.91355986053719
37.18639892355552 56.21535721791502
19.439244581768868 35.33448481491496
29.731142044856227 99.97143077128162
6.6389857077054355 82.6732459778198
87.41674655666257 70.14341978204925
26.582544573439783 59.757159152893976
85.81316028279399 17.250567101176763
40.427877863888185 79.6852403215344
37.85646714152101 50.82542081058678
28.4044538179676 25.994662256614742
63.40282221924556 89.92230383206822
39.49017270191606 25.83119876831602
42.767924815455935 25.597858922360818
53.09032361286191 15.141013738362075
67.05974695664004 32.59343350797435
99.2370848002634 18.62446487915236
66.35428836448267 32.36936567238495
48.58310375090254 44.549516541072556
37.04437639700142 6.678518924546029
69.87362141774224 48.9552663058963
23.337679360905717 36.63553219642222
57.08844604214066 88.30124705279374
22.342047641100436 69.17813640034835
58.90402294958075 33.820597152792544
91.82897990409953 38.09575117534044
98.30185988156627 5.8161487136431544
94.43432503812662 26.56089877611577
13.42052977421504 74.04522107892143
32.50353356470982 65.32338111496948
4.093991007283404 29.652169476535505
87.5502141771442 60.26420840678105
47.66565255848325 11.627957071632512
65.84864308272286 17.823723769502287
66.64004159784974 78.68087502747166
27.169439976597975 72.89076159845177
62.299856194188564 86.35457394986159
9.888189935702819 41.82669001201149
37.83770996871383 92.21798514550856
23.445588449505237 45.68625904319054
32.774594853134175 96.9562677793277
33.88624776766109 7.352620895935003
29.34619687338439 44.19749388128237
80.55828405542148 28.232284587632805
69.41180536963518 24.023944272068064
19.083050362071184 69.00584246389593
50.77275008616454 14.026998086622221
47.103912998737584 51.74809922259581
47.12587026469781 41.22569471194042
21.79828614016538 63.62116892936193
29.572362092186346 37.992996570880145
73.70613460165912 31.029693341029674
54.879546903344604 27.225837543134368
76.02864292551249 45.58238580986287
72.04188064025745 29.93500016531838
16.18348896414399 5.603206349658496
59.79424231193943 49.09120535202302
4.565466584404831 81.72924553830366
19.96447753453393 0.5198708243621897
83.91895321919839 43.79999999120129
61.651972090684325 89.75392558448104
6.28194612346663 5.727211871887528
38.82009411250207 29.260393262156693
9.822632691668998 68.59356391457008
88.66980910285498 3.5195721194324125
93.85191746849164 1.9777453017878144
76.89409951679397 9.973840640905074
22.66990058594356 51.02032629274622
44.415173710738806 16.716606898877195
98.39488981376515 63.003242159140385
56.35619898335481 88.20707221896875
30.29898637958911 49.94303514642482
29.602627689851502 98.99759300189722
81.07139194841308 99.77454769337699
51.662313440153206 6.196724350715755
86.20700948816287 67.78314315692839
94.94241688837121 11.493887218454201
16.144454055578095 31.262950981236195
35.93692675863739 63.89120691209859
40.028760571343604 77.44739575220115
62.84530432522435 82.61818620602402
34.91000895852092 23.6462636804197
42.19840184846382 92.29062533171212
11.578537079224361 1.7202113474171332
47.4245568765336 62.765159856424276
97.55826487849413 71.92143515700187
57.470061505971884 47.1673071787655
7.249691644394563 88.89618053663978
20.22916976565564 29.630025946551054
17.435656985099314 73.1241791464029
83.16524058839343 45.284407120667936
97.7947591782388 21.978741881803444
51.05379488130766 69.24255485466676
5.115728865885993 68.9006350850545
60.00029809928908 39.61400761544027
2.3529237860703156 34.96097819327413
62.00423763275316 34.11338581285555
26.180208363933676 36.08851318100819
52.08677851353022 80.65075531294907
28.645692439894532 2.556479557029112
72.48513185986842 66.11539828334901
32.697419134121205 11.832975653318812
32.18385715082327 4.601810389773664
85.69437123648055 61.39986923107651
90.84132546230708 49.95179043834772
46.8384696408906 73.90462221728195
88.43213433218436 62.56471945309059
1.9066637167029499 94.16775394211282
62.67085726707135 39.66459169446942
83.92733194266508 19.878572952615393
42.26205054518387 43.93617173511453
69.42602922799881 9.987632489646126
70.90294657512271 60.18168255403666
14.361780646020373 73.09697068184924
60.83832832795994 22.452400040237396
85.75553598825702 59.78411099911565
59.580506290568515 47.15014211900106
30.39658358983838 56.4164997436692
79.73872359612058 84.65540103999136
14.521334055900926 43.14384223282023
14.340699297592785 76.95319138188721
12.430393299754305 14.016217737190228
23.613074183689076 34.240012638636145
0.780710165228593 25.895816167597008
63.01146953082527 61.05192564392583
30.417540876011905 39.80147461973578
65.43124301787978 22.670599204641707
80.22961607368669 10.727121860104628
43.900960351954346 45.56391623321222
17.54107511469316 43.96510651533867
91.85469985794313 42.27864129186072
33.94635669492635 90.79293116352672
13.611666711061844 48.528873296183484
52.64782090359219 6.334058958127519
87.53548811096685 26.670694948046314
18.004433138056353 89.30225161290508
11.201555530874096 66.62091363236655
3.1685990567980826 38.82039990285156
43.77754586117334 99.10784447547664
39.031713321206766 79.76144734621707
4.230179867432405 1.8548096780105827
83.69824242300177 40.26540697319558
33.58167090623224 62.58791807512427
63.0651038281663 7.826585820664733
77.33067248255685 46.671385659977105
89.7074735742461 25.880595915192316
16.623847093314915 29.71284229377623
76.39727359537693 80.35331760942466
99.53468482178552 6.4814975919407996
85.08854143194453 66.34145485350525
90.80575945285729 26.09201977840453
80.81304481174587 77.91875310607193
86.63242091049983 29.215830616243533
39.143857765317705 5.584684376976301
20.69679811645173 8.681995357173767
14.022023219626245 82.18543751965333
73.51678090071817 67.6369968808044
48.3897979484468 69.4878420763354
76.38339773340381 55.49226633077775
4.251207142601254 5.371891890570202
85.09317937399713 78.20244863619334
12.120979363937213 94.79866519187682
18.3998242192306 44.18674330296377
42.28832915643709 86.6085959395091
87.03038540512918 35.00383211993938
2.8387084186856093 73.06078331130408
49.20893555764969 37.8590068256243
28.24863140007954 61.19276475028666
70.71037971502363 27.087617300035703
13.79272870437388 72.35325917242592
40.01332871913533 70.13866967365493
72.73566941174198 30.94444416127814
63.89326774938498 34.24346779895021
63.08123106506698 80.92855499771025
89.29714378631505 19.029189480090114
90.28391742663064 7.164816260562423
32.58025302326777 19.14190501067622
13.409412443914114 63.244848571110246
49.013481536283386 9.530178917524058
54.88368093672816 21.182641815393023
78.26794740533437 14.797861831656222
80.85989378989794 20.89317120379969
25.927421481826606 8.125514184941007
83.04433628357431 69.52600934658267
71.69865994677005 43.61814333300224
39.95311943067893 31.59378517179504
26.719733046124094 14.228842303208488
11.9970497037027 0.5709682729800436
66.99670192791714 72.01058182744784
82.17524157196337 24.367852169454608
28.612147479234263 80.79603281091354
85.19077700398215 97.0458749832679
2.6120475944857557 65.62638842562106
47.78818471765357 97.71247063452905
60.32565462368341 92.41954701725184
19.087915040137048 29.067365380179165
82.63927392074473 4.394507415086013
10.562823841208024 18.499678819486398
42.565519477655236 0.6106461731905322
80.13332723287203 23.03538330357142
88.92729381263106 1.3436099125972323
32.05360253279048 25.3972266500319
88.09802303668471 68.10261343510885
14.854272222431685 69.01589259316809
99.39408635835964 99.80687036471717
94.23790873929453 39.34881686537235
78.54996929517586 68.05175856906381
94.62401858796655 92.09113877342512
58.80033545178587 23.813589760015162
3.1072694216455976 30.616140032164886
84.30145553571782 43.17548472584987
89.32721675355816 13.444564418973481
78.27282871305661 85.52061178498029
42.59987566612442 96.05494433230672
79.97448768315442 27.533983849030296
11.334912621760463 49.35075430369474
36.25588398940401 70.5726764939612
22.988131862722362 12.45619726059447
12.377843820761502 73.74848701732797
22.17611615755982 73.45179371103814
99.81301885660876 60.05768866284898
23.938993109111284 70.85549658047366
89.36179596053135 36.7735103361288
30.35998640982718 85.39903654919503
48.889522954387296 24.426551302367905
40.36244048203164 6.926942111189405
39.43475325231071 13.344049145551484
27.07630765978851 4.961899052009167
89.49016127824055 86.05891259400131
73.95467230944395 11.259663845456448
87.48106741576026 10.215344031585749
45.827440450802506 70.01856854484467
26.139937625937804 81.55813889500722
90.41935530661705 29.85862250210758
31.73759361238303 1.9879265939166224
91.2308770645028 72.90795307770051
56.924934475164704 90.97808771603705
99.69082352739602 19.983955871692316
55.091306225477375 4.016887100038302
52.373051105787724 30.538453133963806
79.06587964769885 95.9958270170941
78.30519430679603 70.58288438938314
90.43057769383459 5.666730826120359
33.170883357736734 94.50660075970525
38.05824828373884 74.40993232815347
99.13901661509644 82.51745146674858
92.40860857675818 17.442822587856156
79.81976718719531 91.6100136400531
12.129587287319076 6.073720730318433
83.37731720907286 47.74339466412996
97.83431599046915 38.68564754379643
5.476811090872669 60.32762070565955
65.98925739034817 30.35215192131523
77.95166202061624 48.49978292643663
23.686842509054028 83.03067772492781
13.570986078410707 11.44323376607117
12.73944527582167 19.860094986701114
0.6123855787220966 82.88939958887465
96.53384970666953 7.106939686831126
31.156713577824647 73.22842581615411
16.479645306452205 3.7778814859986576
5.561275922830788 26.43697889029073
36.027084582696375 37.90443625705977
27.67783484035997 85.2889727776706
82.521033443423 40.67636946943147
57.30418544866191 50.962368438183056
74.25961574573863 51.140117528102024
20.44122824561201 69.29447217858873
99.79458571054556 8.596530015159354
57.40036746525158 5.985560117115895
43.170540501547514 99.2381764874969
67.92446159350037 59.054759383298205
18.929600202832496 65.7893085845386
54.81443211200671 44.29302490405709
18.904908002160724 44.93875924063404
24.21459457124572 79.15245842988338
67.92117179610915 43.35693157891297
82.39468275087259 93.01005835643004
58.616954269454304 30.558087412799196
56.839058663103 47.165843632183154
8.729497806069443 60.90175709231581
69.81483490081771 91.63036860194084
0.3379172219826754 21.5122339188764
9.787645644664444 55.83033734917587
17.92441880729735 82.74403211285087
12.90189484168176 89.51376969787897
6.929563288000173 34.53087739726451
84.34209893904043 67.89715833673318
60.85300634923204 83.40689198014145
15.334477291598303 24.344860044473016
13.098885852784537 84.81714762659037
2.6822778838920813 85.18270339050689
12.290284909290738 28.55520083098808
60.596155709687004 71.9374425068189
97.71054733999982 6.760438160628612
99.20671531010488 57.54906449017295
26.224276959882587 98.07495850870781
4.644758368779456 13.681566684888601
97.80093315000433 60.370789917516085
81.78596139579157 79.84433499565881
1.7492867898039721 11.385386193215163
62.14452631826761 25.450200894349805
64.6728525714833 17.525999132959857
34.17067338252423 39.05241506218019
13.34692131137708 43.05154632491175
34.034008664671425 5.655528359273343
11.487585512654263 25.81148400088866
77.49432455491969 21.729344688247632
93.00651941260311 97.42596009122141
9.746861004897955 14.532270517477253
66.5562780316255 93.33630624377611
82.78335797533947 23.404231544610777
60.93313100907514 10.316176914301655
1.613138195010011 36.379151218415615
93.37631176777215 88.1368927990315
9.305212896298487 27.450768596993935
59.993382206996515 66.94237886276252
59.120260626338414 57.23632393246951
14.500192976764215 85.89576774200201
71.25131927007331 45.05846516980152
3.500265119203827 55.109233127601996
84.47515513480174 10.397421219112491
41.39764355881811 10.441386659785634
47.4945699656352 2.2894650601771427
11.00582079692758 29.26578404321142
21.19853105882996 78.22758824050013
4.344285292331495 32.52418795079647
93.01387523165391 44.52396471519967
96.95236084834679 9.861159974800604
3.7950764424793726 76.20664624145562
61.20286902967538 85.8299027551923
45.946346548678996 11.500070345504
5.802771393449935 16.73922754998899
2.483291559140488 80.81505727515523
10.269678324321807 71.63939852996798
50.18114503956984 95.99836167076141
11.475166422706163 86.18208695668443
96.42994139407526 70.77071142316976
68.32036841633928 16.973015161367478
42.449313130444025 75.39787630653866
63.07886411495291 20.943159665603783
57.41571612924374 99.08042261519148
27.816432184600693 26.30949492070005
80.73992662580304 61.189368259949084
2.193276126324839 15.659350284683072
0.6036281533470911 70.69992804806074
81.7945496759288 27.22464727815128
35.715965456584264 12.209207375989061
20.835125054997704 57.36969104198825
14.269841061008359 3.3491639126131734
97.3908107879067 20.9461329453827
70.89266282133093 14.826772030468394
4.961836947171605 85.61988272618773
63.46420125303496 90.55295912594465
84.75272677535625 98.22526975567762
37.53131506916526 37.68851446999769
43.54117042710618 21.086281748965497
32.64239759916001 98.6186552917585
19.427217837035915 51.86712905148628
22.41894862252678 54.844562492210294
70.94927730739133 53.57748567316444
69.58799788043764 70.21128856217999
44.45181576568476 32.05007022205144
39.66923415996365 30.062053533263857
2.749979810682479 62.374041087709095
14.793499199384586 59.252029725038135
74.1202211422999 94.56671825430178
90.97810364479244 34.93358401425344
96.61398831709573 64.3410543423096
31.208350899240813 70.77483824934596
17.140197444586736 94.81381161809209
54.275997406961594 90.81264286036307
35.7701670316716 37.473246945062755
24.01709633084288 38.406930152254816
39.68244585102857 71.29754134962928
59.38079319013765 28.28027504552013
45.08851458540207 43.30867234823739
11.905793659199848 24.04992891540144
53.14003542979352 39.476823355976386
21.714653043844756 39.933527811574756
17.697702580170105 31.005165275337422
11.74025182726075 28.60598387815744
65.17172010433215 54.707753328514194
29.31183088747541 51.70593902869918
61.159010926429325 55.72433590405165
3.2745748249268347 66.7222028305779
8.182185406843946 67.22336051720931
75.3689087522639 60.304176741143834
27.986357687038332 51.7359470940936
5.332417950170876 22.656251515189275
45.055426550619785 2.2301277338512615
46.15989890842452 13.897869200310387
41.789064772977724 73.31919155463515
55.82439342033131 4.908975247961022
68.09406806187698 56.680389785183294
44.000664757049904 32.726946151050626
26.631027523976226 4.784473274775092
7.874462802996285 32.31293799013491
37.49904647659791 9.599909492965331
13.553259656758653 93.35623579190144
21.51739161768488 41.56947926568242
92.38967725552511 74.18285478286342
1.745267827621122 19.575853344644223
89.34201456029746 12.338433425968976
76.82566818157798 54.56171684505756
58.17935600401478 11.366463108772196
66.51501259850028 34.0303582429578
15.886692325408003 50.52157599051764
2.9434049001027085 14.067370307481152
68.57639903701724 9.760213337291468
55.852746799771516 93.51205121789657
69.09363070763028 75.62365967787845
53.65112081155935 1.0683630467608785
55.43134017372997 75.66761239708111
77.81847655448242 37.497775600096126
22.75179147976889 44.10417542962701
95.89068053641701 73.41454020845508
99.48784103217133 33.426935567680474
90.32966015800547 77.15805800156527
83.54031392000789 90.25844590710392
91.73561781504502 96.91167314290703
80.67599910836194 33.292126336187124
31.253728898711387 8.393754510593821
11.672302516237476 42.91740361478452
60.18871310660325 62.32016596770217
89.71325322936987 98.36685536409934
21.965122516570034 84.85897639214221
30.617339602479245 59.27229378153259
47.56703833334303 74.57672238773687
81.31731679367685 34.09539898105389
91.87730632044119 47.26269298645749
94.80790066106522 70.9155871574158
17.05908032506198 68.85726944419336
19.196183549970137 1.2144487425785222
28.803582595212184 15.57187713468372
62.94659231337503 15.792180099741703
14.712361640929972 82.03762654061413
64.0629320600733 44.20785135636074
97.21633123541763 60.629709972588245
7.6008472188424765 51.05031874562489
55.12887947015297 73.4538162082388
47.98100134317021 68.51436991381566
21.327514470644083 25.59726720329476
56.64911276214121 62.861315755590944
99.53428963297685 2.436760411643979
90.85503291416913 17.629117528799643
19.924692265078214 35.19705121591854
65.70152966824229 33.82769142333307
40.47638038052131 77.52584730162172
82.16577474697493 46.206676329910444
32.933674412979954 75.94865522877842
45.417273358583465 99.80723012891998
94.72838367074414 72.7567957424794
13.356653921447814 81.28598627367228
56.89945147108075 84.61285680704974
23.983751409078245 98.06471692780362
8.95126226282038 31.92428360172368
38.31272467775495 31.902736160111424
52.3072396372057 50.902635442858134
48.50896583764808 97.80678256612623
93.56221048153324 52.87492167476336
43.26073270249383 0.3908153499061484
56.87822031702765 44.78269511520616
99.10831791507125 2.4428986719432166
7.321825857880149 27.941290427103805
81.72880856692848 33.874432412676235
97.76106873307518 42.06669319216883
65.78713769478081 75.47514488957455
75.75843163940094 92.28493651169536
6.128253969963282 18.404048860655166
62.4637245783788 24.431350099919513
14.564487325812392 51.89453367749406
86.64830334214255 10.86244221024013
23.08589724470419 31.63348714707067
98.97009396147497 3.9742642593863176
60.94486039484791 10.917542687427318
38.10628242826082 80.51279787107102
0.22719435728827397 82.30087891697877
93.53580875108175 0.6162503396067054
43.30344443810065 1.9431649962656783
84.98326395499778 50.78688302645714
35.09752693334062 16.048619355731255
95.31264095734625 81.65830882364249
78.84797676740843 37.52422886002583
44.81488081179176 97.3825918666643
11.130584149381528 48.44089123870647
57.86534961430979 37.929954269477385
86.47967834840951 5.786060619206812
98.58611831536149 88.34329735511356
55.754833704413386 33.182392947223185
14.911936837853778 81.8497348692787
71.80470358869292 95.2952632202103
52.09010158015516 7.811669394495347
62.70144535597908 19.95838618531002
34.101141314667906 60.2063136599994
76.10812970723188 83.66355256367291
54.00373990678544 59.4711395030313
54.4126215257005 74.63518181967329
77.89921804311078 29.98822842974792
90.83908025883845 26.388920071615583
8.429814176972295 68.5270245740932
62.19912901962215 54.61443476380713
15.027281649708623 96.5597643911707
86.27749402818502 39.92533165965928
84.2885290201312 13.55146658096652
26.761584603367194 13.932301235083667
55.10048816110492 79.09322618058452
61.55537716426856 53.41029000613911
8.976026980948326 97.25907652731543
69.16870664513995 67.16107135545937
33.55751095370496 61.27539116629023
6.957634047540184 26.995826375638863
16.598629370619367 8.326991206714784
89.9078097095772 94.70046038884016
83.46542485871085 22.204509417776663
6.46754580413308 68.06120062998697
10.393016084152485 3.9062304685411386
28.675820829490416 85.86976598210016
53.16633481875955 91.53908686838993
30.18890410369004 3.769610406915358
47.63815360871189 39.73965241698119
6.372080938206204 66.10512343499352
71.43378039689392 84.3287934959424
83.71816834970791 47.20753738799757
60.853014553596616 91.90470654391511
5.596046612110106 81.80508839690064
45.15051766940892 20.255347834488944
83.2576721385341 40.921112710031494
65.11745130886322 64.09314690184408
38.79329501910994 32.41805414914437
88.11664048429407 87.72326546553064
41.55158721210535 65.66455070738108
8.357914038520164 37.61283689028026
61.92358378213029 97.23977710995204
32.48156603050769 18.465430531576388
95.59356705359374 53.76450114960621
27.363893960721043 89.26444832734907
80.89499572078358 14.157159222358128
11.694736523885052 53.54326328615154
98.92092294099373 33.27941984464067
11.995204270666704 85.573467856263
35.55532442629925 74.62353178980152
10.79984274683371 61.822586454575465
79.00843603202917 32.43652193111938
43.80187704364046 68.49644356359357
38.04149320447554 75.58070791590909
88.20671910746705 45.94635760772727
20.02687795180399 57.911797750784366
1.669618846156562 21.854077308959464
71.24416796709538 30.1033974026093
75.85084666513484 47.538660891442284
70.623953520042 78.95249946062016
89.38821545533209 58.78673444237492
49.73828720744782 2.73951149452214
74.52257266598919 73.42157055233801
92.94995729336777 25.343003063207227
92.6857294724781 62.58187547482164
36.84244668894293 18.202699411279067
46.59831220331901 14.029698567932336
23.56770592793329 2.9869912106321284
37.75052646639241 94.25603636241041
36.064335369723935 22.60394162476247
64.56507970917855 84.07816070404567
88.4912923243958 32.32353734439912
27.655736117261554 61.86000121513011
66.72492101791288 66.55336127614235
14.63811983938086 1.5370798558104082
44.28284475517141 85.60474262946624
22.085896203047717 35.5677666570532
60.210327481868106 91.17457118390692
88.80947237986634 41.91607127065725
48.78217003679109 9.637330604044191
5.595141148518323 89.45175283322335
7.643057290332855 89.03864895281014
83.16500761816546 53.513485124640795
70.3693568330393 31.106549089773328
11.058806580085134 10.184704058469407
38.40037934238758 95.04193799985234
82.81928370766371 33.616104965084034
42.95203760967109 76.51887097862405
36.22321305917481 46.511113727477905
87.47177317280587 10.342717479467911
32.95227684363924 97.81753548681435
0.16761318381252055 5.80557561138767
40.91702002055347 60.39521153969881
12.617617179419781 63.70657462557537
23.909101826751677 69.77001531473013
33.71935036146624 54.69496971164498
58.84538020791472 49.86593685355293
86.77835851905267 30.167153431054782
42.46982958782589 91.01881033928885
51.85783791196792 52.15304435956186
17.402534894705866 56.970597155501245
38.401053839205886 66.28296906257015
54.98487690437622 89.77033246727825
77.16524730409296 13.520236808067542
48.27495422008178 67.30054787556892
27.959618411212407 89.98417154791723
62.733002331914136 46.09880006830753
18.536327465635296 80.01099495319163
98.15559828755967 68.55238285513902
13.155545048647255 72.99270582253507
