847
77.10955594779253 65.412907745923
94.37412083399299 3.8166043412455664
48.13542348241199 94.9046828976606
59.52504558544335 11.005010557197625
99.63301724035531 48.75104531078755
8.663774463204177 89.24642569817858
83.03555098972024 46.75345491458999
95.76623493119118 7.910947065823004
52.36292811816836 71.1564514212733
1.494521718265629 85.27775959765526
27.048462358303084 76.80099101592809
60.7389536994425 98.42006180613083
11.907516854582468 66.40168133516107
6.402334230744044 40.95147389937056
37.406358487992996 20.609962438212083
89.93985455161194 50.64909630492954
85.73433089525473 87.67238735342923
65.12207513637959 68.72384883862819
58.29071397134119 99.25864569140309
65.40122434537962 60.147359650585756
39.75317064388458 99.57367429802416
83.10823260969659 12.263282228947137
39.60030747618909 51.719106480128985
42.0872014653316 16.88902581210704
5.879009601324525 88.7551971719234
26.870892841095706 98.23839360183742
47.77884424495371 41.837353552815856
6.687269437910448 95.0862328455359
29.60604465102019 1.576595355249799
45.022655008236455 34.848167098392736
54.94559940701148 24.83586823435998
72.11902323677744 67.50702390893618
59.85023206241509 12.095809420107395
50.67880012592671 82.32403090749902
95.09304875214723 15.709360423232289
15.488860693824924 39.645112542196934
22.952012184607174 9.82870863746047
92.23933535443432 90.05607431941094
22.223521143370505 86.00009402807106
76.69632485157202 66.99988242551149
12.132544438491422 85.31443377122412
74.88025091813456 46.57470674130034
85.95448727184237 75.7585150771238
24.50712631884452 74.88014003617084
33.92298018854072 64.84925287102203
23.921194966944338 55.164267734121154
58.01675716867398 12.403871998212013
61.878052852970114 19.09000138909206
27.03177720346548 57.30578819432803
87.44283559734104 89.36264253856226
81.59403739049029 75.03236254922145
2.0756500258146793 84.146481219438
69.40463878333854 65.14978718046589
78.96587161485272 9.444661163715395
43.158950065153725 61.877224688126276
64.00848247479689 63.79657520438145
34.06785496906475 80.26194896949409
52.37225258627092 3.523885144909966
25.989742742873556 16.35163012416161
90.1584030483468 18.374746213306036
0.23044036801996848 61.492079559629865
56.21609261722425 0.05027686017491373
45.98538383781591 63.50375448074185
77.91839474708009 69.70392788697978
23.168966900123312 77.58867320395093
63.129743984249764 71.81439214233698
42.892495611960236 93.55377318647695
49.0431479928322 64.31274002448063
84.6917704512641 12.189601633358016
93.50294332217506 45.93705605173353
3.343966847940416 72.40251696986444
98.79066292819456 68.75444798751722
46.11460108204083 2.5901212442462684
12.540219221648885 45.579075649047915
88.24340945992529 93.0522589865198
53.26395180400843 61.7726128137153
57.35268991558866 27.76519690119943
41.62780309594347 36.62512620464484
85.60015018605132 32.09899334103067
71.32398933215829 39.48305920552128
72.54560716024001 10.40581520052627
82.66707674535833 83.92369370774793
0.07565617834799365 61.688850051422214
19.982205253761563 98.8757006532384
49.10954389086722 21.764241510461325
62.45803134326027 49.660001648451654
77.35278458983316 39.36593456247143
79.73191077670799 68.94968797631688
8.900831461182523 37.12417920919847
59.15274157679622 3.4741673917907057
80.2086851908405 34.213254952544425
41.86838225080363 26.742068564866084
49.54416334359778 64.5966764824132
89.52019125240875 31.258204997947338
99.35584903530476 44.31439620776588
41.611238479502724 56.30589108164191
75.58501062232558 3.142369172636994
4.679739571230835 75.8596484912826
97.75862145936219 91.91126608837584
68.67496856568091 41.752176794302976
79.2191505536968 43.94052495510225
73.2185794030478 4.144224508474858
5.074047771778867 47.82726593555212
74.78882655032248 55.76122764745993
42.27511962138634 46.61260914936337
45.62022611231756 30.964869916898795
4.940635637705704 76.5856138477433
47.4532462139751 90.71185653711929
38.03115780271749 54.991819958323454
97.64975341482723 75.05168668903472
64.46427388076042 78.50773925724906
77.10863057891008 94.12711497410677
51.619884821548176 94.22538043632504
17.168290229334115 88.27650102850562
53.98816469245209 60.55026676702882
68.78058869768948 74.19360908553766
94.78828352486605 78.87334050666736
44.69199134536468 23.549719821746283
59.8410035298364 69.35207770347603
71.31662898924031 55.856925200599086
33.67775311272238 96.63270725862347
76.59998127136281 46.13773771452253
47.69643013486785 77.21225314564684
74.8275562577404 92.13298436546539
38.7605695186998 52.04875264059312
70.03414326337108 23.335158800704303
33.253431346794734 30.17429002648422
95.49089313415547 14.982031714048228
58.024793912120266 65.85842344713173
47.74208260607102 86.77520090453112
82.8417210213148 40.731677823249925
23.433249906540652 39.070211596692715
3.2147593414011633 70.26072783040448
15.117218647518749 8.488825898883912
69.7794601587775 3.45157530029806
22.451769893254713 83.419918514018
17.586237860693753 41.392121349306976
27.318241086466365 19.838113282980064
99.67465362927027 38.41502191694025
77.39203015331852 68.55199429578877
90.98008489158359 50.76620666166492
4.444156321806048 49.26443661437164
77.17217428792414 23.464668812792134
39.24465543008379 64.31964358483461
72.96743208798298 65.81362067971006
28.132553664476855 30.965130412519848
75.81858711229381 92.34167741088922
22.846293467021084 36.6707254055719
66.28273641015375 98.77937549763853
87.9702729711183 18.334560737108596
39.40109569181375 16.796498240307713
3.1737366951688717 46.65903864619253
35.96369370693287 42.04528079202869
65.08804467153732 55.643542210492924
94.45301855684693 13.773236030045988
7.926542992770324 90.27856298314654
46.9194052808951 5.989335880773494
13.688143807533205 56.82756799283061
91.32967123980558 32.404360811083556
88.65820162959209 72.21780232338658
0.5725490827022228 95.1849289535721
36.31464611962257 3.188269060041804
24.148673294696145 12.300342870399227
13.492878457316504 21.95328794427195
71.22899218956414 94.56016277942807
5.0540163039141 46.98577277240403
44.37557171808406 20.710378594114975
95.25869728913334 72.13771857244605
5.765826234450088 20.892079840963028
2.174136919064096 97.01674480494209
50.74720637133696 23.107694343582562
52.06467698680611 5.864105969713529
39.88667684787561 72.04834661411563
39.51204660908536 24.533660968310254
28.19288455569563 43.90255440973142
96.24528909693431 60.91815969799249
51.85759912378038 87.24007597853483
9.928616083338348 45.62260485835943
71.05047889817544 15.782991743726683
41.948479306640365 59.11141919872238
52.43615552028194 15.018810898585034
39.92325042287075 23.872079603324934
37.43126166427739 73.53407712339688
7.90406478664355 34.59830202587311
90.26075048646321 22.70604287137984
18.5950057445332 55.90141444197149
63.812461839144255 43.57861852376106
65.92416168915214 7.772908368820907
93.10549456015707 46.459433337861476
68.89330645169713 71.54543013747558
14.896214019236599 97.03205900542751
79.71094199554798 33.641171383841936
99.5620632825784 85.65092347719408
35.532438247203636 59.09219819470175
36.64994501660511 46.62871067760859
99.43502435075929 38.97252370482028
97.12557318671404 25.491730816921198
31.531559052719395 90.08609821689721
74.55684857785792 55.65536769188149
60.985361354754666 99.76247229845305
58.11878286810115 16.000954043001382
85.7414360222402 16.449872831477386
69.14738835496817 41.2172821652932
54.0146847715781 24.196735788273717
39.04552901029995 71.06339935140223
36.87667247143844 30.69493979535417
34.99200010573581 81.91985413119868
89.52394777386053 28.146237375259087
95.66699818169111 53.16258297321256
99.19771424566046 81.88044505986684
27.982366680889925 2.3617427438734184
97.09774099592448 1.479649747388001
83.85422677126029 81.23354208119827
30.939984981486855 78.4971030794311
39.02456004543102 64.07385021900971
15.903306111976478 6.636387145975908
91.38048720001105 41.05649487977156
9.849472681611903 13.13958861533957
12.83146360839753 29.932534813767088
27.4940479041039 58.48342926302546
57.28330812905652 25.515334577501992
55.114102482558515 27.24757199377372
24.03021165790229 69.90954922367808
99.20648225928421 79.98227397430591
57.83362560284404 61.443553681281315
40.06031404327894 83.2788632647509
95.37233380679994 59.6664044880019
18.416921938827457 92.18426570881404
60.80671334026502 67.77441699645706
98.57681400301121 94.67295792149234
58.961558860350536 63.352274653505035
35.404364770422866 76.9330792773288
67.79042282978001 43.022176724388416
82.59217434369336 71.46723641924036
91.32938868984127 65.49566663543371
49.072322851155434 28.480459152152093
99.70263916931728 66.53369314266308
41.66349470757124 1.113734203708161
44.80749281075429 68.80006871113616
44.72221372659618 74.53360736975145
10.816801991531976 6.057649263674724
32.17694033220651 65.750124798028
79.93882456351002 99.33521726385165
32.81933267265815 20.426612165164116
2.6970157312780296 43.40787656850076
79.44801569209613 0.4356889557324828
97.33319808598166 18.249988382026537
72.9395392994131 2.29847386975478
87.19723023558595 22.617174532913598
30.38854932018049 38.76666821984942
31.239165431682625 29.182905902311063
3.7912038156374783 77.97798562515761
46.206064890040196 8.803027994945467
97.57758544334652 80.03998959159613
74.43352619740133 30.451509810678836
65.89376074388122 76.09711739504756
10.768427055493024 92.73456141953096
33.17435733225831 40.31835364556661
88.46428832448417 37.11082445589818
26.947280813762664 47.246595845432374
34.83016329023659 13.68927664740447
37.327068804612104 77.16456764694291
53.41262355714738 41.2383892136678
83.60780835598011 64.14780158478366
28.207981849593157 46.9870396646182
32.80917349257968 71.70001505048769
34.74267283788003 2.201241983258695
52.381419001789986 45.04692137070529
75.4856494759438 49.62005489351934
28.772902787736676 72.94942664446539
95.56124751109613 50.785016606262325
98.66270704978754 92.82585945052175
30.304309048244114 35.173780461728846
26.21631349181561 35.13443881224105
1.7290413495186674 33.77675368839965
56.97476334848851 26.93781242501373
4.925159932968725 53.34064563007593
31.23087201377317 17.277472974025866
87.24346988652057 62.53058154168751
10.850556076973861 84.96653561121693
2.7987253468071405 52.501161656033865
20.940075265836235 13.145040529932972
68.39613588611186 15.00523072091281
56.109143548843555 88.05931443174323
51.564999729872426 86.83707217896405
93.10201852346903 30.73620332094612
59.237646325317925 49.098084546910314
27.09551139352081 33.3877221980252
43.9969451100741 19.317293765140462
23.89544329491805 51.20529683152834
10.245179649111524 61.982676059246366
39.78859322246765 83.82033037681225
41.306857127496976 55.940704800948495
25.032678119253827 30.52683829395091
50.58724925442504 66.3255660860004
13.097075603986873 61.79281381966909
57.73428276929267 72.326867582851
91.23232195600681 10.723680720957384
88.37302867959343 99.76731669133446
7.002960675336323 92.29012330325494
69.83791670581262 66.15290263537665
80.0614258861172 55.93699509418063
15.929045977354395 95.96739996202166
40.67818587013375 52.58650058757761
1.4050641010795895 21.52984978052438
96.44018421133967 85.4139471111944
61.56929639173803 59.62942893936381
72.17255574393714 11.963850539968456
0.41105881603662464 41.255630841858505
69.54073975130862 17.604351037856492
56.57168718105928 14.125779015086948
41.86274119585964 95.71133019436583
63.57246890731042 32.596179425493155
65.26618280851511 34.9137229094707
82.83911850072765 72.7474858281316
15.1486722568548 75.52293320525328
10.337719002667223 76.41407521501081
32.46192905980848 96.62221006780871
11.23873905106615 95.22183606576704
6.143262638154101 17.75504122430923
36.07036506398876 90.2434793579866
96.14200834101814 12.148213354244586
1.8143872040287223 65.10433404700997
46.34741990325075 51.715992906646754
82.94292378010113 68.94817262854357
23.98427233193223 91.29494700082141
9.874982705256375 87.1159439361866
48.61203280696792 85.8328803945853
49.58300327646784 49.219322555739886
1.1379444399352012 7.3168977187334505
39.004293529248216 55.00156655375707
0.8505687632096914 70.334119434009
47.45582526486615 59.22958936865565
47.32346939808264 71.93788689663786
29.9428479589106 10.369740560819485
88.12796896343275 58.76835006712944
13.243834917890728 61.163610578491486
17.082159454262047 31.97689440009921
57.19274438821865 8.899078908227388
43.40817693835536 78.08228934043274
24.886008822867222 17.2221943546192
22.893603494875503 24.370504057796428
73.75927467962882 81.63975773375802
90.09715501169104 35.51742891506405
0.9483330601124162 87.52643058544221
74.90338046293256 3.464669002497156
96.4968606982489 26.93443696943628
64.32333497692251 83.49807290187766
84.4099765527778 68.69901474748436
38.820199018605315 46.13143521056311
94.006897818 20.931970379415297
73.91792356534943 72.46847263531033
62.39723591267692 30.253734236138442
69.87614447900118 23.41749747357772
72.43283991103876 35.33176978108635
24.420149323516828 65.93412991579474
66.50377206828459 96.03914420883386
38.110069196935584 36.80185460627881
46.50039894028014 7.856628364494078
81.24130573726976 95.2486990985151
35.090463299178786 43.757077907412736
76.15135413269951 81.71242040461375
3.626476269703649 83.8289072164861
30.9575434935385 34.263485453316115
2.08777801541028 72.83805169376102
22.854842494442586 45.928916017337976
21.557260578205483 59.85991710119326
89.84865518742419 40.13186631439281
17.964760107605116 12.055915173389975
97.0013890971814 20.286251623207008
36.65947321900619 28.13069065887731
34.80455666301401 12.210255650337476
69.18071698383125 86.48434013918853
25.846443166034895 48.90206244795581
35.81053386487103 72.3222881726741
2.9723869570988493 34.67450970711755
93.39179454200487 62.63282540090245
4.823689980731494 65.88598580120946
76.24335388735149 70.90539303915385
48.30827234090869 46.11408800707674
18.21131856801562 11.228682920185884
27.75152096897132 5.870513195744964
73.96109569944146 42.477485984054155
98.48189122693718 64.43480383651435
91.62928977466781 8.148123104296301
49.063630624132074 27.517200188539725
8.257841216390993 44.08884831426116
54.191753375575516 68.05107814093466
94.57856378069498 18.29572710048708
51.412499409065006 84.80923571561476
35.5185439892844 24.909295089575924
17.285303253724482 21.31932430760215
78.90960583638173 36.2308263291973
76.85124087385658 61.762813863424256
58.3536415009129 22.055341547043007
66.85573700240545 90.7723872727872
48.936873669546266 39.771689037332095
12.83057829056774 14.260710650409159
34.80963576168599 34.709013913603634
24.150760135951323 16.940698580019
22.994341789144958 24.730330727467376
42.93526009254639 92.3149319727444
51.246435392008024 96.34379950173404
56.06401557279326 96.28587313744681
82.96799841449103 86.80927290727286
80.71769999895723 52.02716515727608
81.81784250744526 55.11301163514848
21.16879556662974 48.08721109454803
79.06206003073554 35.35002536752441
95.81469024191485 36.62188989156602
43.482047799163496 18.400334552366836
21.46978660245804 76.9996542975229
45.512450970831416 71.88181836375655
83.05003333266197 38.33923912185343
34.27257466001935 71.2222219251378
81.85142235102603 60.19957284824944
60.806210651472 43.14099204167251
5.8810536098851784 74.82768536918904
79.10413610867857 4.5014236109130685
16.158899989750918 35.84502912275778
7.3113661305235444 3.6389276692573524
85.9529904769842 97.03117873307237
59.657751020775805 82.68065115873499
72.87038889055893 80.14094166939283
78.42046077499162 36.71561682597012
4.935304562209786 95.54004691740256
41.17533430099104 46.00561772508731
56.08836605218801 22.838337491754533
52.7875728131906 88.51809317207312
78.1594949135219 49.94415707995837
79.93087840073896 61.0109068270825
35.759998242014035 9.475535625898047
64.38993972513677 13.529413484875064
15.467997029280255 0.8290939468843739
15.190117504424961 55.01179760964452
45.69660018162032 28.715516672687315
15.400798431368978 85.56462431709441
34.37881976755105 62.7736821456304
90.91538371151636 35.641071579479004
25.038982445355128 70.00703323925481
81.35404194569978 79.69133150727703
21.602539016017342 73.73747889338652
0.15236550597149678 44.897940637794505
2.4470361199274593 84.93397922039743
16.398442522452118 10.842059363627587
98.04109276599448 56.07403644636153
94.19918145240595 29.663167513069933
70.9289387298847 78.07801937607046
57.4943101325767 89.8785622841999
12.809092543808354 19.21514594600201
48.44312410254968 20.85737098121688
30.457504124463732 68.87953800907609
80.40154938363784 12.66867295109676
38.118545470896834 10.287743082496547
62.014717404102434 94.04293491472541
24.447036024897884 6.442545878168293
43.815485657318796 46.05954352059152
80.58251285577366 76.22267477813995
79.42021469189935 61.02835053699197
45.86475218943866 18.51733543950943
36.69896019397271 16.06677993308828
97.17048501471459 21.413342546601456
18.50984937511635 75.64265757099335
0.7506146010038295 48.95425186011123
0.020733948020357218 25.708249407775707
83.96385305992136 23.502545454706226
77.8632698400243 30.655417331015343
6.472045907755952 86.17413332679942
33.845648918316776 12.203020380138485
91.5118631917276 13.566425466409015
64.78092441325039 58.96474130863908
41.85575099810216 37.65077658880512
89.81110037425675 87.47576370936427
78.1077129984653 90.98096795309567
31.76076288998322 71.73193117528294
56.026120524266986 12.103050330650778
36.31375550403856 33.62239809182559
99.15804927456159 97.11603947214655
37.53351563385336 71.05483490794582
77.64291116190914 91.7748599443603
69.03035338970655 82.48192324292974
79.13945734073505 13.204362574196582
55.817670730826805 45.37045381343414
70.85142459276429 40.116495693798804
18.061985759643974 16.616696500042515
61.86168007638961 8.624933615138875
48.63039691470515 83.52934530351396
22.447395506478497 2.8130506960995616
6.682870788314577 67.25487626276347
85.30224958675396 85.6571886660483
87.48350572489112 62.36184958733406
73.15835287248042 0.9797003335606402
0.6210418304562704 10.5457436842314
0.22463399655741068 82.33626315687297
19.90938728948327 16.789933330535256
78.28580544792433 71.07761343561414
90.1155126468686 64.97926474056922
15.612756220814417 15.877920693136193
1.6823937109640474 99.71427693164372
81.15744577723535 42.975198943696526
66.29610879582357 41.86647449360304
68.32388558841909 23.82544866556483
91.27440166193978 3.2288196975473804
67.02815463371412 94.16187718075429
84.21040100080566 48.29466942267282
41.653798867284394 1.0538352902529802
23.369989807335546 91.44604102403949
46.527659105794164 67.15646171478423
59.33699821384736 85.36552065538059
37.50853898680065 46.96761644168692
14.577958271152392 46.86619617749489
60.16436243441887 23.77386913306243
89.24189842128462 60.936699831406095
67.64991086929618 89.58112224307074
69.01727598856394 45.79931669747109
56.442605458165865 31.404954945203755
69.65880910970063 74.42607679491996
58.34383579475239 64.71388502676875
0.6451411058065015 0.93591134069958
84.27418606171611 79.7725240301243
82.4714547337673 69.10339683304613
58.98455484604962 96.88679770090366
39.12746986810771 68.79219310658775
71.97277463640359 69.34225983077644
45.036098328456276 54.200635692094465
79.16341205507325 44.286011397943426
89.7204290098217 83.94110255575526
40.71057389700893 5.025499076665573
82.09880779525349 30.93630231322082
78.61475555185208 45.13138796471712
21.15288047296051 42.631104730884594
63.611822982986055 65.84343322037992
92.63744138602826 83.69848586294964
91.16400233767332 43.29736706422801
9.588508964510323 39.51551779896499
95.59069010368285 88.58244272947684
35.781500373100826 6.610581882520339
69.99789855804315 89.17375072443498
75.15393346606723 11.56502434118931
23.87046496578138 54.256127896602216
91.51721502041586 12.817625695525104
97.51720085541119 87.70379212739653
81.08720132437546 74.7957625046356
61.7134038854568 35.21040554666306
46.94010099515889 68.47531064434534
91.69539338073058 14.079694032115263
30.385116544456892 50.35013588677055
77.8707362708743 3.289716815577526
85.36512287916011 68.63588331172106
41.16423885431445 61.19824218861899
2.5599152830767635 52.746410935640064
43.44550469957753 64.61219171746299
28.355811488043514 47.869114694490534
66.38769063718503 76.14179502687867
12.553670218475832 65.90896780244026
68.58005616878576 93.54446299382117
46.84255985442017 22.876192474620126
58.09885827700887 49.86826252334552
86.71648727681558 37.019953884701366
99.41749040253468 18.962057547068547
1.3538933596424108 13.652804047241606
82.41195615109037 45.03502370509088
23.052849746648786 87.99303474591075
54.20496559205154 31.18867461569983
92.46507186185437 80.77135408448693
78.87608130097888 16.918828129069418
33.15757179763295 8.263019517718039
61.13102594603587 90.41633454701766
88.0883935474544 23.22889285939803
76.08011615722646 83.7851100843366
87.34262168823614 94.9113419803956
1.2482003839996647 2.0739190192162638
87.9323259339351 33.85245213995292
41.5117568247663 78.07904734988027
91.40143055257532 38.56019332983408
67.91304406435434 12.159808916529613
86.48091880461372 56.08177036498398
27.969683741886563 71.2487125492305
10.311970534766857 50.57675027248275
22.557903542425926 29.11158376188946
0.6216509547509186 59.47766368815939
66.52004171660279 24.176481896630943
29.179408412953645 29.761474474121783
56.90660512522548 35.71768565578062
73.73835269400783 21.810988284671694
19.257301930146753 40.999853599767036
73.23711150207394 38.960845173867966
80.77161253802146 33.66526691625975
66.6468638727277 59.31640893916777
76.73510161202775 38.74112916232766
79.57787022553138 13.04223279450799
48.26724436462989 0.9665627605176863
70.8198490927863 29.31200149210518
24.91769876413663 93.00678067443287
86.29476154796512 68.79948273665235
19.473915064213955 12.917644284457042
3.595017153207325 68.88190700761079
46.516631557541274 81.46265620455203
89.1699502187348 66.94165968598223
96.71078078113655 7.321685406282352
13.836712615025826 2.6267256424033825
9.126608580450412 49.966335886396976
99.07766692411745 38.50783704103894
97.51979750443695 80.72566190681869
68.22300275820177 42.21152290132202
83.01425205609921 51.74119990663728
59.53211317348905 83.55756291646294
89.03786893921975 13.417692919217505
80.38150236110894 10.182580753180337
3.916899033761967 83.64656526486131
27.456376439700637 10.1301654843999
48.331943333795955 45.2009965800145
1.8751233412489188 28.61742693131345
98.65292123219389 62.540147659276535
8.41454722178736 31.36283843643646
12.336319639126426 53.97853938995192
86.84514380629668 3.5209214954904366
94.0453971285638 81.21060373990578
85.06305059284759 37.50068936650317
19.955572653214006 48.09541915756338
13.963219279969064 96.1990090542852
7.870881746219149 89.90549460466582
47.39420560427059 26.890660464567006
90.02392784726268 51.48393750542345
29.199463972458616 97.60158338581168
43.20904162164112 14.24177030193815
47.28305451495386 11.999154116322075
15.828316270752573 68.48908721716546
54.007078680945696 28.61644132733392
94.80383442333307 25.035460921752804
67.38203076121121 48.5940347984001
22.367470712020022 59.955509887581805
15.428125765902134 13.051170010628088
95.1232795358149 44.15262711653234
82.56562192352123 20.7350325225364
69.77092693926052 50.147543699235754
23.325250794587138 60.718657166254694
52.7216669981573 86.26571199419944
50.27762865300392 53.70265580250858
38.230587832096475 92.64493956167813
55.88222657881483 51.53551968039556
31.78871989763129 72.91026436539376
92.3243008839442 23.84538796406147
50.091550002496376 96.1824327345408
80.88070665552101 75.4914954918758
70.33678600108536 36.7319201529542
74.46222023655167 70.82415858751052
5.012639227305716 99.90047349128412
81.31497755868065 51.42286413833259
10.931914372494834 28.93619860269634
20.18135054987352 24.54038778076533
18.899607598545554 94.50910464695149
26.492624001083666 94.66344690199597
31.909005844272976 54.77274105044363
81.58353843423575 46.10059202215354
30.639777592487295 34.28758465431435
76.68629166876669 62.77406451241002
13.848542058085588 20.326607725639988
15.83323211468677 77.27707677316204
47.636488669480904 92.23740506902172
47.33146564862082 30.01477717912131
17.82000143813327 83.9541914729278
7.651018976803514 34.8099651207357
84.28119523346824 44.20549385095989
56.90103184698208 6.866328849889136
55.330416638012935 12.973216348857619
64.25170017106582 70.73041431642451
96.09247373477736 51.93894880981912
5.375671306249719 97.96222003627018
57.88158521774206 23.694254493964007
85.88325680905592 44.41693373334162
70.11996137754727 55.222204078785786
72.63473155930255 84.98283942951566
81.50381439328719 25.67811070209952
17.158681788727527 83.73318251284132
94.33933753331159 16.61026993573116
77.46964601778862 34.4057287287277
91.70195619779365 29.892590085427063
34.88326844887253 14.752344580038057
69.4884944558211 77.48306307058652
57.5794820873702 80.87113843981304
43.28718170657159 30.121183431041175
44.060435018253465 75.49543114913193
58.682159926124044 91.42282473445562
56.73111088301 67.83414536050608
37.58608360658069 7.174715028470924
43.41512247266226 59.17535063181318
40.24172427811433 10.129074606867604
14.750791032349442 26.5378653857424
12.445508483538026 70.3968165210556
48.21119834616211 3.994984757985476
7.600332854552505 91.74093425003045
31.63144027978324 76.48500988947767
40.51440625149279 59.42193335871898
51.52568615976075 87.09072532025402
5.856969697463821 4.738651435806229
54.87704950787937 1.0702817225688999
92.73023909598092 39.09484125658894
24.248283431643948 16.870752666609146
67.68793266708678 80.78337868082107
7.535837573111593 48.38903379474782
22.984254212259803 12.70569446735671
16.302199465171384 61.948471797756135
2.099368638977517 35.77207437269696
84.80601785157664 47.683559391684405
34.68744387505636 63.349622151261464
58.4539258490471 39.03424749184151
1.3118027078984351 95.13267480017204
8.882050195205515 93.91933317846434
38.92408078128488 43.91089713818267
5.294393608453962 52.59376113770537
51.74156567647491 90.77658616841579
25.220986578636094 56.13773693059233
23.366848809768026 71.54933135385353
69.89272782933249 81.97905158635429
7.6836183089356584 39.38791131760393
11.924947652978645 56.42510484628798
83.10043320552455 20.59213054974054
40.51942566204379 94.47505881457872
37.5612336630854 52.483582347579095
58.21339617478893 22.81530517056606
95.83990529126632 45.67296062453659
85.0315798012075 86.95110469823403
58.01294233747897 86.9204917924866
91.77335970757241 80.31274928578928
68.00044962263445 20.122949831141934
17.623375860594383 62.47252659939883
69.86551191058311 81.31807587997913
2.8317749132448 56.07988937972611
96.7920570000822 65.0602430350582
55.92767086730017 11.038724269872713
95.54366651931421 41.99863787079799
20.818090201492655 86.08804988534999
54.90069101942456 91.70383072689319
64.55617571596831 95.89411098126975
33.90285837598428 63.48851893884483
94.67016718739548 55.03132424204892
51.01705690501558 39.27620996805625
44.04186063304355 40.24193330569229
72.25502407801329 13.223309201967325
86.88198537403964 34.3873039471076
0.9760832342337378 20.843283266357084
23.097694663465617 53.13004107626569
81.21488749311797 4.611943051318135
81.36381268490655 68.77334996485968
25.053972141066872 17.657195383605906
88.7876703271048 2.2303665062875178
34.00774327864984 13.195810297063959
75.81702549281344 63.80942862371429
12.543923866509122 16.374944025270032
58.127900087087234 72.71051091565623
37.88301695613495 46.23506311777172
3.756389872686061 31.466092745931473
75.553472181111 0.3278865625279015
96.18997885932306 26.02722047484146
54.01111263911093 17.452885534526374
45.04436275641096 6.409217488449559
34.31182481303541 7.430046152597624
40.20573494816699 75.66613811312608
7.607526681466492 97.92828966454749
5.5218202700854535 76.4993104073047
65.6345347706535 84.15547241120449
21.278895594589354 77.88939271625708
6.535130157525981 48.82618781582989
1.2026137028307349 46.32923060146873
76.36365201982672 89.1943519767255
90.85400585856318 77.24262389379139
73.22884660326856 80.55401352311331
84.52414269375413 64.95146552175221
36.26845390174323 42.547479850357405
97.81450613715937 24.539399383705806
31.06361808820254 80.32962805318543
99.89797890948489 68.56197577812246
6.25955561522169 90.06308109965472
19.552554060178885 74.8837836579205
93.57011134447859 91.75101619746458
35.239814778082234 28.07657063218445
79.99049949683254 73.04368783271374
28.285913466503043 35.5065929873699
81.56979795873636 62.86734127430864
63.65264612685668 99.01107155241623
18.579335953211185 86.40614786791528
38.943431980501984 69.16577455842945
48.76365375581702 38.21470568367712
2.8786988356116594 20.030357455807547
78.38358119481026 65.90205162235256
71.3517195845952 54.90731903798392
59.395463044301046 83.66943648370835
58.926079390523014 62.13297489694425
58.26758149043128 64.61582629040745
66.12445292339217 44.56997327420963
6.365712220169062 90.1936555237843
0.9496490264312429 8.352149967081967
85.10623741942325 44.1598149859293
50.83407954420702 16.31153321268397
85.40070310849542 89.3033034505189
7.564899973026451 68.97170754417174
28.773446811271942 47.44673767707576
95.40813048465697 89.46954449556841
0.41844101200622097 87.47269668456607
58.54516592991158 29.56998472106046
71.81208959775908 27.356723576095177
55.25841036521789 90.21173047066912
78.72981529404434 30.585739869885554
12.334303027715576 83.09184725117605
32.28428554134513 65.94924086826816
68.87928545309101 19.17232211934442
55.18967294758812 30.477389795963127
9.310915949366594 7.073741471240302
78.41192803880702 96.49519509971415
49.29238674539093 98.93018731838606
25.017781521021433 88.37253490073948
87.269559861536 29.471835873435637
76.0404901376725 4.058580707284387
70.69406143473572 10.466115869875804
43.03726385752827 89.30957566174035
33.820660752573374 75.21014737959628
56.452316819330896 67.39738959621924
40.774145484263045 36.60334756796626
37.06706291637039 83.2685102100435
29.14184201858484 59.888416145229385
60.69879293056213 79.97806268836285
60.07485020087262 23.874060566224188
63.1238518220498 37.396039330041596
57.88539697125602 9.990883040318943
27.30578816730318 53.59022197793281
99.92634747481215 3.5406202366639605
81.14610099200108 64.7298325686813
85.92786069868949 9.652801094059416
50.99009435165348 57.65062322768247
5.083340136883385 35.89171689394779
67.45455773209248 51.88929727552838
79.28581415876094 39.90497987869344
63.582413395895045 34.16747203702627
96.15040514522953 45.413228484156996
85.79195262316559 77.11508791862582
86.75518635672297 22.103247399045333
18.3453673311611 96.85867795751963
71.68039691771286 23.39817442945452
65.34591479621452 30.654412686426635
96.57116632502562 94.85074997821118
91.67263130097638 72.4996472814113
76.20535642600376 58.495133703939985
96.26905620641566 3.6889597377767647
19.312099507775173 50.307798309029664
39.405043437589626 87.81709333181726
85.05070720151339 39.76404070558738
