892
54.4138361644223 77.7404782594238
2.4280611994498824 49.74795189430107
60.2705596755726 70.72243094790039
30.43361729940326 65.51368817187348
90.20550535433992 2.71438812264837
50.621931377219035 28.791997824245684
84.24565417956278 32.99260714705283
8.191113299303277 30.624805102133244
17.37016464152842 76.0456929594965
96.00420309443916 13.579404174102194
5.864803194904933 44.31378916963127
97.55899891377746 17.341069051440694
16.151120242851935 39.44906068598208
2.0129366799281345 63.88189419118849
60.63666986605507 10.919371051502935
11.910129105771572 64.40606102826663
19.62112863909252 79.08829801121612
35.53117999340885 4.977104820110412
3.561015545152879 23.28896290384129
45.064890099606444 23.92339926023267
79.97112272189698 31.032457335620055
40.58655698877575 47.07368338704268
65.0990655332075 25.58878103330563
38.472659519553844 75.2211663581763
49.43557128263314 62.46295863285993
96.20409556771958 8.05053473155799
88.02434275130932 61.45912155573642
65.76431940616384 52.51350799493785
96.47284503972645 64.5439666710413
54.51545417202195 20.563390870547614
32.490156424657016 28.232530597080274
10.367096416998312 62.46507857704643
98.29846177765995 0.8203560665057452
75.8841170653332 97.5421637180429
39.74619350209589 88.5627899192729
35.52544030757135 63.487369177862696
40.54719054241009 8.39821607993726
99.59387039757364 55.27265760550375
83.95942847163505 84.78211582450706
57.492255423303476 79.75340307423066
61.72559972155358 43.75713215809284
33.76808665570395 31.404972678544997
78.29054258817017 3.7204256010480496
28.93425664159285 76.95490122468328
25.33427485863732 51.40445486592714
6.455843418825824 98.3065199978165
33.19729744935647 68.33110269346736
95.9300315489433 12.119078984068299
86.20247682620186 11.67660337059182
35.80412997638134 12.672252613854928
97.11035966069869 47.99317068051789
31.970399470570566 55.916034781744884
65.30166834233083 12.828440398127016
93.30276844319079 4.67963543630373
82.45454922646624 34.985987632721795
88.84942311572503 49.05015203819008
96.02596561956742 38.79286566169385
58.40274849865557 37.83275995683625
45.38287550804484 21.75583575768576
79.8081261201559 49.98118600688694
7.565876298555796 24.142014191429194
79.12458789376416 33.36226483515864
14.714490651486711 76.13756695507925
16.59011686483467 82.01776535528
39.26496647447064 70.18409509512821
4.909194174099396 37.738208352049384
0.055659768436566726 65.66266742890043
51.38216818971826 74.96718894587448
12.144829534945456 66.24648841224744
7.579229781209373 66.41518281642891
15.66246816752862 63.29770197324931
42.76267619062195 97.82165382549846
22.01057702413879 77.24053752144307
56.026699016623006 28.9148814498582
33.78927237983213 58.92397672196805
77.5698636854103 44.25207276832788
76.95172580962254 27.598847494061385
83.99177929561615 83.16383255767089
36.52505307391374 3.2946521183970123
19.744942166417868 58.488174077125436
91.8881019325683 22.010282343422126
10.1560934856482 5.7701708645420124
49.091942661297864 48.98719186402853
15.176827211052569 6.439689652924018
67.67859286272032 92.15692467425801
92.24046290652629 89.37232656123315
8.683063028620651 91.61425577218587
46.993681799602335 96.00559145501497
37.957416378627194 64.73010542947578
7.543357797866069 46.413292899378945
56.00658424278757 48.38016174701163
14.527871029680362 84.32398702060595
93.56700877177755 77.39649018088164
93.74459191363074 44.538361081216905
33.056068699839905 99.75342481980518
64.92877501211898 14.700031956844462
96.42067631267659 79.00595676880933
35.65103324802234 85.69640542933432
22.044866342319825 27.750060973782155
60.864423813193156 32.18316806282273
69.79110840817445 77.23555892065535
96.68490084870928 52.3233390411399
17.483133453565834 15.110944239272273
75.16220449500163 47.16002390169024
25.556625919485686 64.21140520549075
12.403076939141078 55.079941267457464
33.987384543679376 11.138729171557705
85.3929963147056 99.2945801169415
19.63162512688378 75.49363174804708
21.912591116694568 15.36074099593554
30.799216553787645 47.25273608007322
50.85079181299367 86.87636816106183
36.11178430761147 32.07755155116298
31.207463690368787 82.75089012592515
88.23011555822391 67.11196153316824
86.98499417629944 88.51743182960917
86.8178108344744 95.2381168669051
17.387722924627404 68.51815025354614
51.8567502254472 51.52341082879679
64.42996936242758 62.03631467997727
77.673181322212 64.78597950892282
32.969996734430204 94.98833860483745
46.25824100685407 40.37032695239344
31.242871872011758 41.97835029414295
4.28264846975015 67.9292176644198
84.2655507835958 93.38724896916196
13.658110545000701 2.0561345829408384
55.26957968175243 30.336134476586285
41.5405866838548 14.02431388375801
13.532050489615733 71.52688104139882
82.04224941414546 5.080196601812137
53.043331414465534 19.879514398644314
22.734817516534623 0.9889730506930539
55.10684372339375 9.261872490531731
50.608662255206326 73.9202073011817
19.55689774611795 49.768019779239424
56.33770862551059 0.1702828063999573
70.79871605096388 17.37074429744935
92.5933220776924 87.29930313629379
77.27762464688851 38.40094486395884
5.419955245494002 17.40914172910186
28.964815353913153 36.86931291403851
10.346019212569102 48.250347069863054
94.38007653297764 20.8356413714591
24.4824780240671 58.988631756549495
68.24655892395299 81.30133796612697
45.392502496725406 44.25881958468836
69.99351729228597 65.15024431385822
43.39705486768259 50.263639656265205
30.93039994853577 33.46882917702126
46.035277537785205 62.39853621849303
73.87931996416235 73.13729065863677
55.338235883502904 2.9786463321594403
42.302899000493966 49.9883679589353
99.91912857433714 75.41406320911808
49.05264453311907 49.342904828636314
15.811997925080856 85.39666220752919
3.2012412820752845 23.878254983315905
16.772041591379892 71.66093931417625
88.76071116603782 38.123103740331246
33.472845257031146 33.48201800584126
73.51006174149462 98.00230555101638
34.14384830488936 25.3137933142898
5.017226914752304 32.323562692358706
84.56757670874222 32.47296808859893
36.39330382415571 35.236223665278196
16.849842761174184 49.502201708777136
36.9684046149324 22.382735705262768
27.23142631153098 91.68774367436707
19.939512720166753 43.027370909057524
84.51140344048443 96.9241327936913
98.95676453336597 24.785139478565643
37.11955663600756 11.069174761518784
76.47477521697373 32.84868803516148
45.50611947961245 79.03208806984054
55.08303317182249 27.23968980407164
14.870489199121018 50.71224997058206
15.355839869624043 82.32010170171334
93.91718761109148 70.96510715243988
55.563688010534015 71.96819788219993
62.98230095433309 84.64592551318643
29.32737240085813 96.3548684586304
3.2730913237324244 31.892898664147673
24.498283437972855 32.904175817594364
29.139245999121087 16.77285588849593
74.17028838262083 58.68121129622814
19.98671333289973 20.07374166408884
90.79281481708887 58.265538425218466
26.313942139030587 54.53644958290573
41.503633839841456 93.4660307403467
71.15261672390119 45.02496461166636
80.24804920805101 55.7649592810467
50.031821264013665 10.404800408220883
17.17739957613007 43.57616932234399
62.06218319112665 26.476265898334205
57.798798912771964 27.74526220734671
69.33091227042645 2.7691794977433792
20.02208034340057 4.507453382554571
70.18424153009113 25.154803258775303
78.38569595864668 74.02520702286763
51.73020006323974 62.181049001023005
15.256844765751277 17.908737465866942
86.77170827894834 80.34849542640046
80.13478132899102 32.73131851525554
27.477598681724512 29.900103893565465
2.9176648557924234 17.79298533746967
35.678951804263335 8.377586033980421
65.96592618636537 18.349389650331418
67.02717585299868 69.83544448360863
41.54312980573037 9.480788215303726
18.083470932677603 36.35397874954347
2.5268704881175164 20.607147184611986
50.70373579128729 22.996875082799097
65.12625983253832 61.79123106894521
7.563706259886693 88.16325886775665
57.66933401891144 10.392482307744599
29.467919245345765 49.752481134410644
47.67533189618721 32.84186670936041
61.54538025301706 23.716172509989487
47.80458321359339 37.65845255746632
71.75839529805825 57.39684024139188
18.499592166341927 91.29943886213805
28.816352978897118 76.69045946089561
51.67482792069221 66.19250985988516
65.36871887753794 33.15207213164849
85.39581868262314 55.00261534293627
37.29504593495578 15.97846384816598
23.794944898495064 60.79999329914553
17.16455766731083 91.60869568002023
66.77733163962014 99.83608383021975
1.971060449955564 57.443624977609076
94.66265073213711 54.074786404505204
22.64694501745028 60.33599586828896
59.20815458098582 47.74483665554414
95.74131393785458 13.347539273322228
11.162579713277266 27.56008976860723
85.12721222365688 3.3430053685440386
42.52466296549257 8.518155614439205
12.659461317895493 44.43957381272483
53.31276484418601 25.066258206905346
75.61889089079195 9.312445245675793
54.34874234790238 70.65468506229108
62.398321266518494 41.09411668497507
35.504090490093674 36.808101799379465
81.22925485845643 17.23600041933101
97.1794545573532 33.447105135146046
44.348226113689 67.3988128969379
69.31283411608 80.65870900336878
45.68578851865573 72.7494648562325
99.80433330822336 71.74316314223184
30.480383607154426 3.6745502623326542
17.711151144531435 76.3854102737479
75.74721558375221 34.335863848031124
27.007213169357613 77.3901924877797
21.7064870138428 4.965100808594769
49.21500637556178 51.61590238947779
62.77349354324051 52.812541110973086
92.91746084442916 74.53571490361463
32.726490454820656 5.426854715334262
97.29848301318718 17.25884811353048
84.53804124025362 54.3813576144014
1.6448771156176822 40.05124015552205
86.74483425746376 0.33460405016436656
30.363492738808517 38.06686670065299
35.88852458650812 35.845219021023475
18.141083935536486 25.825776937935572
76.94470302709588 35.52050881807526
43.25623545360428 14.253431427077823
58.33787760032999 51.88152454338808
40.89038439155409 7.4001611991587835
90.65514522301626 92.6252486698302
59.57629033085797 45.626020627964216
25.043531779153827 50.326318133131984
23.78850482953595 70.93806419113199
44.867923443012494 7.110142163005184
22.506664160322643 98.24662282276475
19.165223256025378 49.795589170968114
36.990146463716556 54.19513490891259
60.739958979774066 36.3746649878759
64.22830182205811 97.71482771818137
27.844908276587653 81.23847412128812
56.89218942417035 42.36644914928453
8.10368598780613 48.685419136669374
28.936513490309313 19.544546714597665
11.045073389232629 97.15754321826515
30.17958552040473 84.88053138445281
39.43432294679292 9.967289457798866
24.092153531852347 81.53868855211198
32.156336925384664 86.88533049358892
21.389058832967933 16.25801689887332
28.50227222756502 31.40879426109341
92.43568578562066 67.79713547372745
72.07465170639402 1.9774767509451951
35.87088213164134 3.272511204179196
98.17527284214782 15.086091881486752
57.3405228842195 22.35202100412318
72.59524505985584 19.817114514022705
42.522001905095344 31.82427764997673
98.72734331360999 21.12182012436241
11.92578173755009 92.3997769983093
19.717392181920935 84.53161190403891
34.11488857797934 73.25920892852803
2.5631856727401203 92.58774618197212
97.81467084363608 73.7262327444083
44.262982740811594 69.51768477809354
5.815356999064091 36.19882020727822
70.37080967128647 18.754749312047792
33.629878770658316 36.27733198402186
32.439799410679626 98.7212889872913
65.46302953192932 53.38022158067047
16.875750948578283 76.9450750734068
16.34469595469099 30.06580015418767
1.8253976710280173 10.1206858732949
68.04858478598305 68.19475889588917
46.903885075457495 94.00057589359997
76.49233096080017 15.097965775545497
17.82035682047184 23.58497852107153
67.17291709367395 45.84027632910863
70.72849656024445 12.734262235713945
96.8111973130272 0.7223152275110611
73.6887125681108 17.05285425755888
66.76191208165362 55.12546802164875
60.160099490926456 33.18365046636171
44.68864810278976 75.41152713818403
92.10103250293315 87.3664451306675
1.636072236131092 5.459491590230792
6.401274006196978 19.667824568732183
38.300937895869794 95.81399524707628
71.87904811870219 8.124040734887316
57.67340970108087 93.04559440941283
38.843134583387176 55.44976092155435
90.90088138806671 1.6982861701235974
48.76206446100283 58.59891250339019
46.37619036299304 75.50011804742408
42.422577501023426 98.26297585439511
10.135030959216007 69.83821287871524
26.412358237279744 48.40458375303409
72.44911618427523 26.876542675734207
98.3563605207686 59.63709394922429
93.77636210151633 98.64552948595879
67.174422559859 78.53191537619111
12.045686946638522 39.32648456301714
0.8138257358877299 70.5717347387999
17.668453021663822 22.037072131225354
26.67468840794507 61.287713488171846
7.582947171532894 23.055139237256896
37.87044050191836 87.78240709648514
37.68507972566972 70.52851587477696
85.52694177322464 22.565328095695758
70.91961543540789 31.17131260864182
86.6838208965552 23.9992980738835
2.117533535295535 80.95272348142773
6.155470533098029 90.05051522113524
21.40658855154468 20.59498058994955
14.970918957789102 24.573139623498385
55.76114086070133 56.597687627329485
21.602565184558266 67.67754456195136
46.708384296983 30.79607834855952
6.113940747221058 89.1299082710534
79.4675248761781 94.24495024079823
93.6091214662807 18.57852899901552
33.620007952897126 33.413941809359706
49.52513485825952 40.403637927124635
71.05371761393859 21.901852223700025
43.00795256817359 9.179456710415357
7.910905769215315 76.28097495743236
12.900625278269462 39.051025824573905
17.91176656953235 17.712390493184728
63.74643720742188 11.078542876974085
0.37351744685011345 11.609001933001384
67.57208269025978 12.036571095394965
91.63896303789289 47.781293562833206
90.5828306509683 61.516652489221855
79.5087863671778 57.535687792338344
13.255394194739555 55.80114738710245
69.16248438715505 78.1947629511514
58.50951615884864 80.1200242254008
72.16487854424284 75.59439627002405
22.69004658302932 45.021586637582644
0.9288612772683558 13.718423543310099
73.76340608805442 3.5560170043266393
98.28286828517354 94.84195764248955
91.502745567054 94.2068634657194
78.44656300167885 26.099844667639125
39.016103951551095 99.52212949238259
89.66405655032257 96.28896790910694
56.521238557752405 35.666409715264905
36.45099425197086 26.403363731085673
41.60442453063568 47.883320003051054
89.48576279493024 96.5636403821615
65.3394745304606 78.1466796840088
83.70003756994477 58.48408475781861
62.52873520905764 81.26800678984011
32.664488606775066 88.45245736207208
85.70128450236925 58.52296301554971
94.4457679301688 43.80338379935152
48.95594754580092 7.554560829237689
63.64953861390797 67.45475991525852
28.020267239703333 92.27056376263124
72.33899366838341 79.67629097418079
25.505851969844084 85.0324086965848
55.55019610347589 60.98903319523331
15.714301111754992 36.57788690192086
23.38093448943386 20.84693184633646
69.8251244322677 1.3337777737040701
59.94324476956441 12.733955415704923
31.4933234931682 69.18570753062885
8.108699505572847 31.10696020028031
42.98910565775782 30.417338624281175
44.04517066148751 96.12977032320954
97.51955271983725 64.428123937231
58.836766797648934 13.559396351830477
53.23693336628256 59.75349634236077
56.73405875740924 92.99607771323815
14.797740739688582 85.71618097608099
32.63154606778217 18.15020621292158
53.85243784713347 57.61353579503316
50.84067075175185 22.969519532956905
16.75888842931097 96.86322068800885
55.366638299074076 33.872906768473555
12.298136492656408 38.836770019754354
62.23054610165435 22.446554009884355
78.97204247626661 43.60904602110861
19.76386079376642 72.29962495409539
0.6127687146015748 11.707601846330762
36.37288110228627 55.03529227559753
21.061157928077545 79.67270488729898
93.41528530925072 21.240713335162376
20.647057201965314 45.61024537872665
76.05879718918068 38.5845526729514
31.007368862561393 53.32912924618929
74.03886502944033 40.60856626944719
87.2920683228978 65.08776248299986
29.97453610898849 80.70887032743484
21.338750605734358 85.89593955895438
44.569894294831016 79.30560865981879
29.194926798707698 76.03087848055334
37.45782862918921 92.32513692281056
78.7811879401329 29.07240569955636
28.54066851963324 69.51764127225572
33.56120278006652 14.881720272628785
34.68429813868333 80.77954416266684
23.376368770683207 90.71314908517378
59.78815204127278 17.912283488560053
70.91070244694039 82.03378022473446
12.033213576222469 91.73535063675367
63.312775191566764 17.798073115409597
1.8524460708587709 75.01968671863773
66.7071711879977 54.248994039134516
41.232384928590385 39.07046865046654
71.46543128545758 9.288925667467296
7.2552491926123786 19.720015590238283
62.09832069510299 67.73277592694856
80.91959782794113 28.4558572687013
73.85361694687343 70.44771328040677
83.0540567250835 69.28841607952498
63.739918600818115 74.37142120550375
78.23518938013476 16.907648960393384
43.15333187754108 37.91876612577397
67.43163947888618 91.20376867648557
79.59924115632052 85.21437960813549
61.504883078034865 26.947632091730224
80.48349592196394 94.26320896094005
89.27121231617653 80.71758619295956
78.59085127023046 64.30009051752465
67.59817956648689 33.36119582753305
42.22252615087311 80.97523309792612
76.81325699643274 88.42968660444765
73.93265956107736 68.69727227808467
75.03992564472358 50.75714741549948
81.9916826665051 37.55503094978777
92.13973640361324 43.846367007961796
65.14942391374635 21.905911654514597
33.1025885677156 8.200279895232242
81.81739114187103 65.62782484714684
91.2577386926607 32.403190430571236
14.945202850923744 16.354007649716007
91.57852634313276 4.314900793230536
75.83824489386959 79.33794118862289
82.51116134967171 65.0111231647828
66.63758596373852 21.42614497646852
2.5729268101505 34.109811856077044
84.36640203947998 61.89077249332083
38.223417416164885 34.29238454070116
17.85638238184776 49.9886050133022
63.54634287748089 70.11662023162276
66.23847341640348 46.72625828176461
65.65808950204364 1.558151361334914
27.365169263102416 36.68112390415638
57.40876943230722 26.791899696989972
76.64914813568745 35.97544684489083
82.49867259824224 59.62768474218427
89.71447231300688 50.940695041881526
28.54320347709376 95.5178283644999
28.510105786608552 99.13015641651111
75.98707547149436 9.295511995609196
71.56357710200476 62.0760823098187
60.557447257740726 90.60728863082039
8.222993155457214 93.87516818672756
47.279637721834824 43.081661845935436
98.19445171397426 63.426240649190845
0.6444056586803804 6.404916300923691
54.06923932273495 1.2597694736140808
15.730734506062893 49.01877139124202
39.389724173967 10.464621770848769
40.10295334220416 31.571830652873366
5.497674677886433 95.98407289495599
15.61211638152149 12.433494121733569
43.46516702841586 17.97057514581535
62.49812511794873 14.529260414452105
4.793152375289756 45.10730104333045
93.75939015914912 74.76468990717176
16.69761158017654 98.0098580107737
52.922097899035016 70.03596668372876
39.352993178403196 98.72113806567428
15.97103607961461 76.71432628464477
60.805970795179874 75.34230875658533
46.21509781849099 14.327006944178244
26.90981629822099 8.439376372229068
14.262528576294065 55.804043853586336
34.70835549819875 43.321218078626686
87.5343182106976 86.31578146385263
60.78312913836792 79.67852543500142
20.75407096056684 58.15348418079056
80.29371304035836 10.669275749122697
21.866136136073766 43.16448483717398
86.19225431182058 27.029159570014716
96.84334202233943 83.36547802958489
7.229536788679624 76.80120499347773
22.68969555383239 39.806408152305295
37.442784424227284 36.584228994599066
26.370063064327233 4.3803297147188776
8.10297412687817 40.838326049734505
98.03704539417998 82.24077956123375
63.839422319589964 38.91546627373115
70.14935354506223 25.646522292917773
42.69734874267789 90.7822086814078
12.377993362974383 32.98754360918984
58.42731124206097 91.45571294716817
88.62170912634095 55.61827186960284
83.2427024741516 10.005254283875754
72.0231437679125 37.46261542336925
21.594472921632814 59.036578035081675
26.277292947859465 72.35326146142727
2.9201986260134483 74.46897699159891
96.34796222701546 49.27989030665434
19.53250093086766 26.02950311514478
0.40368836141394526 83.95132031068866
53.5174867460123 64.75568157121313
78.8806116480286 29.150893626330742
23.590603138104903 55.61847962015483
9.653953968966766 30.42691644759644
63.905826900912075 56.036705953846976
14.655928711876488 21.604746367198267
16.403843933423225 65.890325094523
49.43159934829027 95.08253914739645
5.926514457809972 98.52979010840576
99.60546127940955 2.028996370063918
23.898120964512948 20.566375759881616
83.79241492330274 44.308771925051445
50.12643144882518 29.42030609350311
25.32144675213901 96.21819074116354
45.497423201053834 84.4038624707921
32.66765511501598 4.9428387990791744
71.95913008263165 7.254541637662215
97.71504062893041 58.782837722502194
85.54870916156993 29.92781959325689
88.63719755423898 17.140273699513042
5.4763220661551255 54.04282371989646
21.26559228369128 93.95098733879797
44.023552805774045 82.28574297026199
89.3699737427309 77.50461085906839
43.269318607244756 3.0417110848260154
88.32928852287662 52.535115551657086
20.793788379551625 49.59549089247326
52.497720903762826 41.411043840438566
25.172483115996357 60.32676226751646
70.40001772794878 27.491594940397245
30.439302833874837 98.52784128187669
16.429684321838188 70.71769810321626
94.28089253989289 25.425364831501373
68.90027335745282 32.485252700412246
20.054210835589103 68.84389375750241
56.938810001153286 72.55117882989491
76.57901776632471 23.430354611409843
70.95670116704679 36.39908727919031
39.280585646668456 35.63718690453555
76.0984638117269 67.7151587853434
26.531095118888704 96.55347430919073
51.54367933227346 46.84844175781674
88.29856237710378 51.216298373046655
88.15268256379585 11.171553689416857
89.07150731838902 56.17057280142637
68.51485678312424 93.34517362799664
18.814168225172768 50.32570592149457
20.573503323895682 82.94884941289507
10.857404755175715 4.296889843478436
34.183174161766146 71.85756250454025
18.804664298484617 86.74270247849991
20.15355160375487 41.77362662341185
7.615358882338286 34.83726556633261
73.62548750461141 78.80548493815573
81.97854204105366 83.11503171996092
52.849270267939666 71.40228276780194
0.0720407870181905 13.618681779939656
84.63472528653357 86.73263006554511
19.2828926879128 47.407514737358916
11.878981305055426 32.64409063712754
81.55246674527295 44.91008043873881
54.13829759880445 63.53845989905119
59.453915954038884 14.250427521584086
1.195166396009928 87.01406585357321
94.22829618781344 76.40021486721444
73.02987835041921 3.3827561862013633
57.58705265380048 98.8965568241731
69.57838677793177 97.60491992241398
20.37407035793479 50.046534428177615
44.30909699703627 29.62181368615888
39.50360140773407 32.1501391111721
15.172252251121476 33.79406965416963
88.13539288780115 46.09439124251511
84.41901990590203 82.93001409273981
80.815883324615 8.91888290652193
20.19968957817436 50.03289211535773
91.02721177281941 13.110856228969814
25.017878858450704 14.967475461846135
16.729084904153158 34.48586024787809
73.6842147527202 62.45102396628217
32.75167416989654 35.33759733816703
42.451873536061456 47.44498768519193
13.942793717226698 81.168947322889
85.83677436923357 87.16789804547496
17.964773118269672 35.663639363540554
58.75116182781199 36.75350798529314
22.02260133491365 95.1246366337357
56.464925491076414 62.06565561853918
49.848506948386884 53.35167153091054
37.164183080055324 2.4843572712563766
80.530070826291 11.174503493202403
28.846597453339395 83.75251685980034
80.67994328696348 95.23124441870685
33.04843843183747 88.21223907815875
1.4579698763215965 42.7288809017634
23.26996525587578 94.61570800222215
2.1923666890339644 71.46121687595337
10.388301302989733 99.21071508954304
76.08921611115892 38.78696093061676
46.775022638720706 72.50928879461361
79.4847046791409 27.074670300280157
58.46512900751324 89.8566777100176
66.47901027870525 44.5600042654384
80.26927710789113 71.01886941111326
84.91684492776143 54.44649016836163
27.412865379806885 79.60127674742657
64.67598481453892 96.78234744285966
96.7877386185314 93.05523144249445
17.225933732559707 36.21328183419742
57.613216015319935 46.50105741027583
79.67336917350848 4.5538208082839144
78.90514272018969 39.361038230644795
69.57183276399454 83.87378401431815
61.80809384098047 4.016611664224923
18.21397796625447 41.89664647628402
53.32863403031419 17.78848380373398
50.118275545257994 92.48841647268252
35.009463298133014 8.70727282774193
3.680839784168388 80.15846017495828
10.243680335168815 49.2869033771715
60.9767637609464 33.01469907474544
26.62863481580775 60.54692221740995
85.50167258358067 9.698002508633097
36.21705070948477 58.938274982226446
76.84697551605885 16.061569980674516
18.25088319513276 63.92898494875624
4.1592648614259815 5.357127424116914
22.691890360218935 53.9416463989599
18.401290725128973 28.55456579220744
89.28322612919956 61.1504303056152
20.668066859410892 53.888679067972866
28.64177584445622 34.846397625602044
38.04163514434728 29.489955095632293
74.28963207672628 80.74734755152308
53.36092706053881 94.00909130546813
29.121977705628975 40.338981233028214
34.751983700737085 84.19935174396976
26.566954286488663 10.581426473771117
38.30536711281559 62.55398191038255
35.843916453019666 79.2657984010821
63.74183072657317 4.944920178078105
70.99024064428254 22.895913062467155
56.09422623129683 66.42707929193834
32.40479557263011 27.1142733354107
30.944924931342687 20.801823863744197
65.69513357854858 16.45133874416268
93.13991620825934 40.38350543147586
82.9637355378334 43.392636905910244
78.84464490696482 3.5248711763171237
61.401079838630615 98.7295633307972
49.73505562858765 57.72831826304569
3.3721135515230705 79.8579558729927
92.99079285323847 32.98961907619944
91.1771895712693 73.6521952072166
81.13982437513705 21.218452221680216
99.34643786789351 18.31870149233016
57.071144801365335 63.49495101441954
0.5618117121540367 41.743120287899075
15.779763129934343 89.70234310741986
59.680709220474604 94.07696727353083
60.796095804859654 39.88512334034303
67.61938967389091 66.02310065301936
74.78314466849628 46.02281473308041
32.262924329449014 51.969917704918736
99.7681890981471 70.49966023337643
30.562953168127173 31.048161049906675
43.22825427765141 28.72227046776671
70.20645017427772 25.559080976558
73.96484921024573 15.866048294201274
21.88510128087754 29.090479010297553
62.91070897030995 29.60410826962856
90.57245157943375 34.39975623966702
80.24919453739436 70.61104144523405
55.49995293128107 50.092584154061534
27.070483326411633 80.75383426595573
39.49534204316579 24.071206347225004
66.08659373835962 36.20725521454068
2.9816842250352082 67.33260082063698
42.89512120662455 24.948459026936064
79.13233335922482 47.6338004302457
97.6797827169995 24.52875747671276
27.32347574707611 86.49054123048968
65.49973652918658 92.17231927690592
55.054684776434016 78.54124098464037
28.065772284556523 35.27113622726464
80.91823861149624 14.355874797732227
7.3646896501526555 19.920952929487655
49.037477133935134 83.09214870449145
30.17904511082985 89.74172215383241
2.711907491732457 27.159199439770976
35.06672625567766 19.801418530218385
86.8976590121998 1.0570775373831554
9.855853191409015 54.40109357264421
50.48195329860975 56.22273152723724
42.50896508624066 61.35901630117967
44.13267997715332 60.75150422410107
55.4959096374704 88.34029149546996
74.47868169993461 73.45122127701835
48.9386567545698 41.420418917683634
27.059747591387616 90.96771445505044
64.95836082480061 43.89991711055807
59.45290305314964 11.717039552928632
70.90478305969847 16.228850585847553
34.6149281146392 46.60824662956884
2.13962959743218 95.77015179054236
88.54280317595138 24.703492744723444
59.064245745298486 78.73467434753223
33.4545988816439 30.0288218794415
59.355310457695865 60.14520218076331
78.80361799273945 73.46389083761615
6.508249754994133 68.7335146771127
6.7454189617057185 1.0573372114795143
70.26769704037189 72.04946676617843
22.17421543282212 33.868441819988746
12.863563897813869 32.53817238412786
52.325186388089065 55.78478355128218
51.58002245461935 50.00849431177045
47.98603616423408 40.05664706214238
64.03195885181513 6.260842631092056
41.44354718771061 57.717724840455034
32.996361795929865 36.90706637084269
40.41326352323993 21.272677504399617
7.308081826914603 96.82814239614011
59.31936543832622 39.56651736174614
36.59283775754347 69.49462750066738
99.6385365175204 55.78307289728812
1.806902484672268 15.821946081000181
40.98525588683075 78.32872917153824
64.4213614869071 64.50223965317778
44.97054716947464 90.50400329168524
15.018763104054466 80.30197343849098
80.03502540534367 34.18789269564719
28.073297165900037 7.622946385232976
25.430886537132803 41.20877197905423
37.35663949862354 90.82381085490168
86.01076011617683 93.09569578561681
30.537252801472082 34.60078356930873
4.585190391092164 41.622540989320555
81.88140350728241 54.15865972957526
98.31819550503803 23.431546510921773
61.43426740615149 40.066735464798434
5.7425705675657746 53.16279948071192
85.96656483169063 57.59671633386263
75.79219594260593 84.32582544465161
64.64203858996115 53.50191972058956
80.35400886161347 69.09459078376914
96.90374279816469 57.486208529466566
25.698901251624818 52.618194675115944
72.18457145682807 49.95089923376841
57.88814315018773 15.030371507993578
63.124099210416986 55.42928421892519
57.48712970263408 66.18799161028531
91.97141111873309 26.26139212979285
4.34812765020175 14.706063439386675
21.946468494749418 4.313304690888831
90.80626088972035 50.72971921387801
68.13874765163771 95.67977997966797
82.70991833555074 77.65644601873582
29.74600315184679 32.746433420742974
25.593379337840883 68.57544419438833
62.953252816131666 80.05888650919158
1.503123674598772 16.306844075853423
52.69909734162044 45.714840743289045
71.76262861062045 39.43135166328785
46.16800015458777 57.7454558102335
98.85003126838532 83.96656906626903
56.2158120504756 47.79480376127609
0.8326132424856469 33.92316700093237
61.72461849865796 43.72540873993018
19.179746209909922 82.3090242942974
17.650839179364908 86.74988376577751
45.47208551447809 94.50281276549914
32.50151881776847 90.50395108253129
7.95915911917997 77.4877188565154
63.34384990387386 75.379691201993
89.37264377781004 76.95168802421739
7.437727568124508 28.326945971220763
92.44482199427536 46.68754513151213
70.33556252593739 65.6217746045107
41.35447904380422 20.343004424777234
15.21473224279929 59.5098405230862
35.32367466663818 80.56174375436902
0.46202900733868235 26.586556849600374
42.22529823109292 43.60136440684674
87.2540665968709 49.78817699655607
12.897209449862556 66.11233903576947
66.82494624932849 63.89309708927018
7.788254784540138 58.46146041919884
77.05391613109592 59.74783541218254
76.25158609802351 88.76592401503865
82.97012655333866 41.33110107164689
24.782106811430626 43.83129846262549
94.69084388256796 17.096951401794968
46.48319195028153 57.35369883311744
3.566453781231227 50.96539067294553
91.85922822743258 54.19192760112123
54.17207548636493 38.47065369510675
20.969675637189845 99.1961739688062
33.028401132107085 33.10642636081113
56.90171491933014 79.13886400371763
68.70080688350109 73.94105338100935
39.13663934538457 12.365910580768347
75.73878068550205 55.551724669688
24.75394847059913 53.527596562591754
58.96185310303166 38.911878130809264
33.77703052343677 80.63285229608593
92.28990909681457 95.64020978743754
33.21163008383836 19.206645173149127
87.11448720346327 5.218109254184322
37.236784753408415 27.967181796309603
11.455777364469322 41.129827925359905
82.5064758416363 75.58182341558995
90.40286405053499 98.46205968208758
63.71169444544695 30.81497936255485
63.69292008743391 43.29691257393961
38.54946296398044 56.97771606836062
42.738262362081336 32.12171292887267
79.73437142025244 4.584770143492167
62.532078249829006 29.157767427649006
30.863087793195167 79.9038778795439
61.30688155091894 98.7307125646112
14.31285220064752 44.630816979104516
50.13369438235695 33.27423248895338
15.87980866874249 82.08833711499854
43.00711301880773 95.27685487427608
52.069678859317 73.44734193673445
48.91330466173501 87.21074870913628
9.424361650624679 12.02790201482472
46.83684462362619 7.033324929653062
66.7173962933516 77.84143257218135
34.42025029755911 54.75053370806425
56.58375664612376 71.63436383141052
18.06440889419517 62.938687315381216
91.95940876537868 45.02483814416449
43.80542070200198 25.559314298797876
57.94016279951315 8.812730319633344
58.66404709060995 1.0462823246243924
31.648645381267325 55.55243050381436
83.18573154670514 89.66011412611283
36.45762336833375 46.961449241833364
30.972192827687895 47.01207877636019
36.14620414961757 3.216001150198211
52.12665144558415 80.25097112479233
14.030357154460017 7.243908152725387
