837
13.534351411812128 29.33665699746265
33.56150014047997 3.6831407692063722
61.55338334606238 86.18229047697756
24.212995394386837 35.71537949791498
37.1145116089785 66.85147452138654
82.61234258548423 5.9431103214203524
73.74409251294644 97.03838897945536
82.60254060988997 29.755630812310883
72.9697311016933 53.74726526880054
55.92624906824324 74.48910478401433
79.13255247924151 37.592151829480805
69.40292610164961 98.811789148438
40.01409921033762 57.241315547478465
72.44169607118958 89.49981103060722
65.7904369379828 36.05179087560926
28.946114121337896 99.66810860653345
17.874406044308046 75.57578178481154
78.48191793090821 58.308358465816724
41.48237196871162 58.64016403731889
95.24818570065385 56.218978332309554
66.15238978301318 33.74212674794801
16.507021125875752 53.611503063850776
99.74335632404939 94.20672914996955
27.626489649651575 38.114203384489166
27.10995890794301 26.249301159714168
94.38892756221391 63.68141407986315
78.30444091295735 34.40795744651505
76.44680563675547 36.24493408453879
18.717706868496453 51.26922085658937
53.28886433939345 17.388888997085584
66.25948197484902 38.06583197220028
47.04394281719257 16.82142519320039
96.1509465908702 76.9947128219174
25.618840780928853 58.12591825295074
89.84301641367213 99.41743495071027
7.496654312748364 72.02543205541946
59.57712069009125 39.601608494086626
48.615821501550286 87.31662641356124
32.04717974897172 15.723975621477548
8.05729736487134 71.65327807407509
35.862969622329445 60.32013641267254
31.323404556176627 1.118771155918985
65.60247424403171 0.687997209853275
14.84778743744355 37.04222550394702
92.29936940354844 64.99064257731554
56.68186518906958 79.15207360143424
2.4415264130398073 4.836849219299499
22.18545724520856 41.8308130281909
92.78380359393691 87.34161971805806
91.92220395754335 21.75676379016793
24.927310787468237 72.16155215817118
64.31892820638942 92.57517032035175
25.35295795145528 92.77256867107245
0.5666694447044818 32.091038103443516
30.114768383192793 51.14732969052421
6.189894437397747 3.270515997619472
60.873588519911706 36.98413000812047
99.36588975740875 28.140091629889476
95.69972715961627 66.54193478577021
54.19569635661714 71.55637166408269
92.8441906712203 31.18492546914058
80.11882543278969 82.56143471417488
68.55530657346249 41.991232422873296
18.11741965979984 38.599756365220806
18.672071299602223 84.69877015775653
17.28869833886666 60.07401225164426
68.49332901567327 26.51288847481953
62.225312817545756 85.6295867019089
86.71432146280259 35.03513536315348
79.3038850925199 9.718425919191898
42.60449832990646 80.67199881596645
16.31298725021861 46.01983250503301
38.804512405768996 67.04666348914525
55.83742540898484 73.55892271055332
81.8733641109465 62.644414884264975
0.9802217912005085 37.959487387663536
83.67678456081978 79.14694354119504
74.60290675343653 60.56431187356155
52.93921164247547 86.7016983771668
65.60447528951481 80.82599629184834
33.4186251084861 71.02308699091873
74.7749967531051 17.636733094033087
57.000972342044086 84.77021913631366
79.14987177350787 11.623749142641548
0.3600766732587357 29.803687249575006
85.02880724666319 7.269947756225581
63.61169158222965 25.24611884810882
43.89596869050888 9.195897494869232
10.629417266708197 69.51025945797382
98.47708550467881 49.112661702048854
70.9211495311695 8.999463208852132
19.089668230070643 75.01231563389366
72.10392739989403 48.08248674486543
74.04486473689256 99.13577771860793
38.5991021299022 4.327520012161745
55.017449385451464 21.880286669518433
61.784186332526104 82.14414526357632
84.8371653620566 43.67336823364719
51.08416069269553 71.5818028839335
56.17214081256321 11.874620073979635
81.30630790093092 91.86784971763845
87.43559165522461 91.59873633755231
29.315047119136793 12.672915761690861
1.3454682971185905 50.97561919664771
88.45586706773105 80.157421434841
59.67677637059929 99.63051211514244
42.81023551685966 98.48001585212168
17.796311354204175 32.15116045345312
77.09276328763126 64.84333539575162
68.31862335947947 60.21793818193757
17.157161922449603 44.20434480265436
52.47705649770751 20.912923319042843
16.988387301145615 58.03670403593723
85.22250670799217 4.710635588732515
98.97123408188754 51.15992267254937
25.281193347727402 60.50240590186641
29.727385300051225 47.3825279109584
3.8725489876622166 93.22660070688677
21.661879060079347 58.11621507179374
61.4527096414051 35.26167959129697
17.551887233835263 71.67202460918206
78.14664554959973 39.51536589011943
65.4993657377555 32.5221440216526
89.10804659475205 93.85522991858774
23.802786834067835 46.72142013264
15.405540550522613 98.08701749564986
33.83555069838952 22.16120499299665
41.01549461037786 67.96644578684223
48.25896621101734 44.525210792327385
38.956910908265755 57.946761883826795
96.20987466727524 5.33024501030196
26.25486587373771 23.594086337367383
80.01374924892872 34.529545505299495
77.26361911905913 66.25079917869614
53.00731691978259 40.8718300661322
89.02009878613445 14.237190170682744
35.87342812199179 20.203364367189657
94.01264484914464 85.23728249384386
10.863579582557437 6.844423036313019
98.94744838804745 66.07003479944979
90.08777651115223 85.55548663080764
84.41193172439134 70.46068582431228
66.66297599306381 31.17475370399464
36.08320040967321 55.67090662009806
41.48439151415998 7.186095968120865
50.4682513597609 38.76135481737572
50.146787905887 34.55594209245376
5.246632925003125 95.44926669057122
12.08882926168171 75.35722922448291
38.19567135411577 86.04295227724832
39.828233009904125 89.91670859748136
95.69700684530356 12.340459960067863
21.377922397833316 52.891179066181834
3.996755577722666 33.39363838417032
10.116128133477098 97.430083644213
14.115628347756093 7.331354951129709
46.12904867837905 12.254668583438665
56.73400455755691 39.82540070642643
24.55870906457057 34.647542208422585
16.68503644611201 79.36279793417097
97.85163391346155 64.40115458537178
94.717099222796 93.8583147956191
3.133869644053433 55.9427008437874
55.54028620211988 67.53690910806831
90.57319395446216 52.34387727753551
19.931280583939206 66.07449813386862
88.84608250176275 8.456300903252211
79.79786118992588 26.503844649474384
43.761760598487164 23.78861734966553
53.47335407961984 27.964298421888756
85.90403063324015 48.77060056307905
58.82746079947526 33.0324978266216
89.78110326948392 82.81767614169189
57.20914062782272 37.187602612521374
86.86430054633854 18.939956570816907
18.94821418892215 39.964718539272894
64.03774472592497 19.229012232574405
78.82609428909028 22.321023948898922
81.91590143390465 26.539315938826537
47.09157985909124 85.612443191539
45.28100975990294 23.599750756945824
1.176943308309475 46.685745962706996
78.62795924646508 39.37474610818038
73.23525314982052 49.81424192472005
43.54617497316532 10.511398150572592
55.72472267669855 32.90464182745305
74.21781285798593 52.29268701215454
63.52253324281343 14.237058997949214
80.43938560139294 43.65752027863387
74.2829075684799 55.934095454583876
46.17854871266639 73.95323452195728
66.94316480348267 74.82059857856278
33.044971104403785 27.451403506878723
84.96526788626826 78.37222888978064
46.22958348767152 4.3587878873401875
29.16184925117009 67.33715576405217
34.083664419032175 80.07393318496815
47.13305085807513 80.34776488341541
0.9960078191238564 99.21552434012298
55.87213269969944 34.12048551116917
8.989496653694317 5.934291725457152
24.645348722107684 2.176342426917899
70.01141878947675 43.921412650767735
86.70760634702427 35.31652862032946
78.45629014908842 1.1172415925044699
9.30736879930193 76.17328696122404
93.21033765929283 87.53562779464905
68.25632928106117 27.20576748593315
92.28942990562956 89.42958922958648
12.795037654377184 68.61431024828613
52.18891726535227 33.13708469186184
42.27902278569384 73.49503412515666
43.28042418085934 18.540346429448885
7.108285720582009 87.73416114817391
55.03292465020132 56.99646997319717
59.11831417917135 4.566801254815767
44.284359093492206 8.08410998351109
9.66839554485498 14.418248231947562
19.787506311616976 41.758839748856545
69.58123175836425 94.52869453795657
30.767495662084286 99.96496204230968
42.3979792781098 21.277432191789114
74.08190838285724 5.827029839646092
64.38733025931019 47.12618686669483
96.04911813854365 79.59205171309979
71.85288776828497 70.21023440065005
79.44286017659653 28.603280463596803
48.5438949767492 12.379146316736966
73.97241170248674 68.62568285555305
89.53950938027224 29.056947567238943
61.8032043577597 28.227800627236277
59.88020029092753 22.169242135297395
36.63151086934896 27.234530925211565
83.60013338267382 11.06440242605543
96.56503884318664 82.54999243140011
18.671486297579786 60.02395164814599
79.75443632676945 97.77784452202842
79.05644345308721 71.41949431374427
13.006216465606746 59.57422528286395
6.671363929269159 94.16977031383684
75.27788244873287 99.48063340358057
44.7099817892015 86.72074598286238
75.23640999077858 63.14140785742779
7.0564288780813555 61.413824935027186
50.1449207450681 80.69873800203642
79.45271790312589 69.76238762010767
18.2105360273792 81.27951707430111
96.56821328192082 60.19963403212509
98.58279217387377 70.72044943050744
65.92868175284103 10.235581115329529
77.23821570043097 95.93193228558366
92.16601787485314 25.398201260196874
57.77412651799633 53.32496122985595
0.16474225715727986 98.00902777131122
87.3505847728148 92.00390589243351
47.76264668864047 46.39827559164964
24.891905309655538 38.159435101883965
15.272697270180869 16.645015413011777
59.88251054646974 10.113240650441268
72.13820530743637 20.90366205463581
12.516367655666926 68.92652082518327
62.442361453664375 44.7147697289016
98.64183189382258 25.699211831033818
15.208641059886563 25.303715164415465
61.705616931952235 71.59850941990588
63.324076024343015 57.84514936471415
53.31982562012026 84.67543953464778
78.10180711315617 52.66310890147885
22.799380783634472 84.20451378178491
51.903753884177874 85.30145900314994
56.72669947865933 98.54772876490796
84.35842966731695 94.19261304132043
71.05511952871466 71.72759365264186
65.51106198810326 84.89015697932747
24.382125364027363 11.849727117359887
99.5760040530466 63.01362237130604
1.6468762232120238 39.282122153184964
99.3451969640783 36.75972240403726
31.72567517403252 78.04769641978007
2.6829744487289364 73.33946882381632
87.3186589262193 13.171534126908446
45.85224143107015 93.38619532282247
74.33651048291455 29.257031677255707
39.448905619921625 12.690585593709692
69.80890568288365 16.218601069889793
96.75189263059197 57.85111112753542
32.59711042711386 93.40547263550354
6.515667037906092 94.48284683741271
59.03499153766324 72.93811319024418
91.42549160410594 24.337749364396778
20.50288256113346 1.8923556604576008
32.517771851101465 75.93525361585637
22.55217134888341 76.8680190744827
5.269090322124237 43.37775369286167
49.786323699001535 5.155249705863252
93.08163297301579 91.66890931567787
67.47272079793282 75.4591344404267
9.948831078609132 45.28435831021326
40.57869266410766 10.876910172111332
30.416275343338683 99.1919359143786
41.57921118126649 38.11508484147835
20.21506795964385 41.50308762381416
75.44943751672344 18.4109687174533
76.3171031582781 31.85830281990032
50.608416441239115 33.48062094903437
23.44471112959208 39.162842109074404
6.7239504653493265 59.54031522712499
86.02402160550523 85.46184173689656
15.81681510204479 13.669050203445632
85.29602935269413 4.274897420781376
34.25147797760771 18.783539779239888
91.48376623032526 17.878430904813637
64.76161508764598 92.53370616902814
7.694657969487906 11.021686157965572
21.41011626539635 45.25078627970277
41.32362574478719 62.964451584184324
15.5440879271741 43.85065215823819
17.351350233920837 60.07988599428978
45.8194712404721 45.24186693068491
16.844869717391653 27.082761026287216
45.1481926018801 46.90969276489185
77.31996174453651 16.615245113875254
67.71402687958746 10.858447136575023
81.23867595399273 73.0932820115826
15.878711180604089 41.516719428763835
83.16540948473349 45.46559774167179
39.0250695023861 31.525731696597582
60.3425998632482 83.61395092443192
8.22693416622724 64.64636629330867
42.42519716420377 35.38713617226804
13.361007450836947 0.07007483120649027
60.13372355958671 44.99970141450983
26.648119313536668 91.72188094240535
52.67546821925112 84.0401344211321
90.04873310897784 43.92499101258305
28.396606475016295 76.99581812670391
40.11564579216355 73.61912586481718
51.08255189301693 83.80840723851163
76.70367444607928 13.217497559327363
99.87066669237427 69.51655158409528
18.003152771856946 91.80496763208393
94.31920468466289 94.47500563960062
0.4613827945946003 24.73754975404818
48.569517829132344 98.89505413811445
75.18229111149965 95.39929818989961
22.087660485460226 17.86836775987831
45.86666247678085 86.75761755690343
31.12761107301032 49.90385923662814
86.268116652372 66.78392725264753
9.873739684814154 27.568294070756384
60.001039023621395 7.958297075413889
8.314713758601744 14.571386445822387
61.52547630976938 33.93086185475062
68.51135581412353 61.715330889770584
60.617230815853894 48.5805753283899
98.20821742006146 56.50853068135583
13.611535450438794 38.32793989767346
95.0239388890491 68.38032906598049
42.750843143190956 63.88918545385868
35.293676295961106 80.77659296815114
53.877778991053816 25.799561858382837
11.435247134417247 10.082402332928941
78.77882673600597 26.098211769263656
43.52289486005451 64.43956039649835
44.3359674823933 41.684401890501334
16.728095789875063 16.83297778204099
94.28670468034429 91.40388126157201
95.39253365757399 73.22441630003289
55.53783052902492 57.78098844595241
29.724317965975434 48.25101040523507
25.79476900919285 27.33186083753072
43.21427787679991 75.99919184146844
28.472989313742026 9.027718100790594
15.307572818174231 97.72699301209515
94.11076381357391 55.09437364888833
37.511689517723525 26.615386906333992
93.29037381603823 81.38319539167559
42.36962533598408 32.41178574179031
34.70486665875523 33.24357926252962
39.24409144018806 87.13568213274476
7.60143570031272 29.806705806787047
9.027317482583674 14.835470340797697
36.139147916866676 82.5428531337153
28.878017303606818 17.368971266572885
11.081598637334322 57.4592980740866
64.93902893030466 44.60134958464682
91.28613537001895 40.5215985532533
80.91637236898441 28.109108598010245
49.83133125826343 54.285226941823424
52.245031832170405 8.325252311862808
34.607336340283624 83.97971720655772
19.096807452829 65.62695906485978
14.938145867190855 51.76393584544247
82.79769584430623 2.733035959148944
12.169664270676572 85.82134724378976
66.0125019936573 37.537298699337306
70.28826090638745 81.33629923915868
92.54457313299615 44.204642880115586
81.11723998977104 22.677246431359922
56.12255195105148 39.676381060874796
65.35748717673864 98.55165531971937
52.385845105954864 18.37412239490529
48.62708700076938 87.65179583529775
6.770955047491711 30.742677846665558
47.45619183663481 33.06322936176337
86.30257277913924 52.09296141815645
38.7834205567261 85.88234349595119
19.939517027199138 83.4006246573927
1.9186068877650286 42.885472961256696
33.20753471207003 41.979809121574974
39.67880925698446 87.65728854226772
59.14068427844709 68.94631476746697
85.59990339744627 21.63989310132861
40.34514707071239 57.03706691361374
23.722538852830176 22.6819592996784
83.50955817286903 59.67807063638561
86.18249043006372 45.78089931748899
1.2161713920974426 75.2387240870483
36.75867719410212 39.801451294189626
34.55455848459017 14.200103389738317
56.31979843599338 28.123552803120667
20.098847816663756 46.72340138873721
83.12258949394267 64.89951815112346
77.83040806476632 18.220394794082793
91.06776515773505 92.13188598477984
64.04517813466313 16.369537271785084
70.24339186453093 16.65546055786862
18.253135483088755 91.84102466180136
49.49986852713718 62.06682271097377
2.4469541027737907 13.373150563196035
56.17989342792793 23.786734051819323
8.569347311882701 9.865591536764773
98.72838591722906 72.74132550081589
52.8818567402098 77.5463373249419
40.44015786011783 18.552306942963813
84.46839575562083 73.79243053379439
91.88320400031841 61.54715331612758
2.7707800334051402 47.22904950367385
34.09323019013962 10.603815062268973
86.91519373140879 37.58088699573145
35.76842231139068 13.52380959121352
30.402690646462727 2.6123273002286673
45.39539312311063 92.11979588745956
45.360405779691234 41.02576561568071
49.54246102580498 74.3518071936609
30.263659953166155 13.257800897171823
12.428466772945345 41.69023344119178
10.700482433446812 43.86861026232051
65.08884092195912 38.06395234930996
71.07761940400346 98.35469276679773
26.585550399825674 83.52947714935141
65.74026596564451 69.30003460973052
13.86392202070147 78.9278645176157
20.560709790124687 70.06186556088397
55.87533243123005 39.00904836449068
14.835832848473117 42.28909823422234
82.18560208506335 19.885884185225766
38.25416905986361 99.28155077568228
71.36592013174099 68.06713718317522
26.512958096611584 83.79580821033915
28.093809557467196 64.42009598099216
54.935130906548935 82.80046477194179
14.43832559720154 1.0367669750435238
94.8146968388346 72.85615476382415
0.6205644780651443 1.4211895011601583
28.84925923740721 24.385121689227308
69.97130080361269 79.96502964850825
69.98591386300228 53.04887835769466
84.23641164011744 73.97795324186677
76.3553828696908 63.726651561898905
35.707805948855274 11.933019025590442
56.68705296494711 54.906153177361446
38.98985014311285 4.563035751616306
54.147519390185735 87.06692381677001
9.03913699174641 93.57296318544597
64.06486131935614 41.25417494708349
95.60593691926996 96.54711224693345
18.146572584613317 62.453052394254804
84.69974149121576 40.10110187340528
71.73269815671259 92.85589179563082
70.10877005264362 70.79271793851578
72.06986119802549 27.03078053360616
94.85066984440927 52.737861660290385
81.91975704131858 50.86445964670845
39.089498911571766 92.40554190312797
7.834837763579783 34.828987387848166
12.197386785987685 49.132681301132095
1.5269072515609938 19.18105035457144
39.66927922556616 19.163475800369568
81.10709804057974 6.802692696611478
86.29175775100325 66.1735966615317
81.78241167623969 72.0840886256098
57.37340888149506 30.081726251830766
61.725689988030474 93.08919495975596
7.034972108056936 8.861830288380512
98.23331961693539 84.00619309373955
78.44296983360852 84.43026479602113
52.69890129152388 16.864999728681184
52.90565383028869 13.641928056624696
39.094427600118806 59.244828847711716
97.20805330419415 10.243151042678633
56.483481336037975 89.38132610079654
32.690471263705234 7.1332620534646285
52.51462975968645 8.116276151489831
28.190066935668955 55.80119618336913
81.68576005856009 60.004741191416166
93.06181487969724 78.67650377660905
95.82088879684977 49.72649769720966
55.80774180189367 75.1714852175305
74.56651790949483 12.579497956571938
40.350343897511976 40.87058614685185
55.98259738486158 88.4271757859337
20.38808751397442 60.73913637186513
25.418506052089306 89.02408438982715
29.22772295844488 56.44109888642552
86.34878098569384 12.521193420055521
15.758996569437912 28.824256359357403
41.49548709360177 92.01437865727655
2.033293497751032 24.312025454124097
35.75323396519742 24.226597246690595
9.07223631775108 34.0146776763942
72.31629163474278 50.800203668180814
0.9069309282636828 60.69740993031546
57.61288390026456 87.60951097117918
45.443056691304385 48.917900948163805
22.52664122786302 90.62466761458897
65.53356247677775 19.39692185566637
49.50722335258941 23.782457594806427
56.08120065323071 32.78614731957349
68.95640051129283 42.18680340968389
58.947757785199464 6.24542195295823
53.17296908690514 46.68504008971958
9.436809635087895 64.54299012794108
5.419460933603981 98.591929803893
88.18291351794525 93.33564631538461
57.781462002300756 42.0905872615298
24.41281775848233 59.51968834123128
50.51225795994411 16.024382144928307
99.88375073671082 79.53735124088692
5.914865069519893 51.17618198173912
71.44556189915811 97.5202242274271
98.1339676507805 66.09017852757636
70.68637117723937 63.251138332013454
72.00920448971807 47.05583963093798
19.029366529718818 70.99603278029628
8.668175939307343 61.92336550113983
54.177763050346314 52.17822710682544
32.97826272709201 68.90913823806702
63.22355659370017 66.58286836354982
48.333975850575264 8.34514960141799
22.960027177555386 69.03570534638473
39.764822867537674 76.27824175204375
5.553810578625173 37.99137108225187
35.02277656178768 65.09813283140376
24.539118893286304 83.85491401462511
28.718609859460877 96.37048876614061
74.5980726487954 76.22041518651322
1.925111938893187 42.581432313283806
53.808442094089855 51.497344956146364
52.12494718745976 38.95226550965663
39.1037729728971 61.31226966203681
18.53540420103591 14.697685326382171
12.560082841499387 55.7473749455798
4.111701271979018 11.608754663233267
39.14462094661276 25.1370285325905
63.116757719604664 72.67710252672487
22.16135386009145 87.46092088937989
92.41566139407229 40.24026539842368
49.45714546631039 13.827614749042084
97.58601181549224 21.290190793913155
63.62331068071185 53.223763305716275
86.91007914707711 41.97010059001973
3.5055830141473288 49.23835452162687
6.116658202017411 40.27402544635558
55.45272911222566 95.01958420968019
17.690905612851914 49.87415452974109
61.139274142970166 73.28496614285079
56.438611929929806 63.707294179176124
67.21707442650006 63.889504983319426
99.77716858053942 76.89670779509869
86.08274338713181 26.954514298430166
66.00308063532539 90.10032184432757
29.522459656194034 8.980411783070064
13.07083710478386 97.19726537779295
94.78309043291162 59.2779653169943
32.80106135823318 14.277159486074865
69.33156768428714 76.73917069304159
54.49082157288554 77.5021130055116
48.96839761587183 64.92941147015657
30.49564976480612 63.72554171365993
91.73585793548045 21.800745514822196
19.26192929454238 34.74561067645618
30.783761754184713 87.68509564505283
87.166026442147 63.137421600326824
92.78417318572671 79.07215588140366
24.489605559893445 77.89288525097764
2.1338198797657415 23.32726381353295
30.335577241080347 64.39397880145863
54.437513864428965 1.1908997707624103
78.44795062139163 2.3581567327843445
66.87600841752268 12.460465989204128
40.99899013027415 4.643651179843866
71.11179332370988 5.379119439861924
41.28498326326916 57.8842681547242
67.4546990066907 88.03012754376049
8.2217959236356 12.581858298296
15.31588488275345 3.310033289334613
63.0029707653894 93.93037941907222
4.532244258727647 97.99794634864574
40.32113563175602 67.35471797908701
25.24377625608213 31.509934019908282
7.227581167322306 60.82297015579162
71.8722118225857 88.14904938610213
68.9933141968031 53.806243172290735
37.77470525216759 42.542597377384816
70.63303475970851 48.69116295601861
4.244805091414994 30.51865703141613
15.836995596447878 24.096396027866085
91.92707985107278 61.23108294697987
24.018175900813443 93.78714795944595
30.019487740692906 60.6838759151919
94.62642003997863 32.38198180598578
82.8141639853413 79.53802558564668
51.812878880546144 10.02473838120399
44.94096923443861 16.874817381647677
28.439457726433226 29.925313803413356
99.9133116352002 18.303230317935125
16.128791169206735 13.95841433457069
14.905402544544422 8.813057921375977
79.4719107062759 92.10470882987194
20.76703663043984 45.68890895569576
97.86626182476716 62.66998903608595
9.06983522351279 94.66526646218962
87.33361850182175 8.025873182041298
94.43077098624074 89.055809178333
88.22620695704457 49.99370426622265
11.309065911158545 92.04820550733945
61.344967516630376 97.15717449299788
56.83910557975509 23.690871402521417
24.95865114022888 43.87104563919817
60.46408948602255 39.09594632621428
81.51966258720577 78.06118621108793
20.52735343348816 97.79589875522976
79.74648293215971 76.13464150041086
93.84024126554914 60.635964648611086
11.019726125593765 5.365940184253093
5.933969475148992 7.232656544999127
34.478959023083156 72.74905139198916
90.17711281619971 98.77801160571914
11.974375362058664 44.01828472132271
6.8293244562266375 90.61196102150882
64.47572171175501 52.86286708746313
1.6089737913324687 66.84445052684025
25.96046502139736 27.461975367217306
64.70196626590187 47.57691932764827
14.345663104842721 0.2905699509714976
48.01843748335312 19.222319586993187
78.00477764672172 13.003710666590063
41.89852529660701 69.36355298325277
91.92949241973919 2.7464696752660833
18.550976392325868 48.82780391782181
93.65202618638978 71.23638562894381
32.76438036475332 28.25884245557785
84.99489820141854 23.55472103460585
92.97041192842498 78.91274478397895
25.636648660071838 11.663766352847949
4.053735676929849 23.388290130894507
42.6240480178004 30.198173770562153
87.15938112277333 93.34992412348684
59.04911093495101 45.58887657831383
89.32609877753617 16.773195577137656
60.21755332012597 36.031723412089555
72.76041928834437 26.705468345491223
71.38637133435255 22.81657343751512
51.09007041902102 88.27763253771921
23.989890022065918 9.827673512393954
94.22816003860304 66.98374054054715
36.64518493192877 38.389493241359595
67.2754562296998 27.255714735555358
80.20857449132825 73.18164896878554
37.833048849919216 86.46244260699325
4.115131933295524 3.3581255507003194
20.287056893455045 92.68698863108455
59.859048731989105 36.86180786671497
4.110357288725419 69.90741999596976
33.23522623592376 79.74180241976602
77.7210307425527 57.638254099631595
62.644851435912855 14.878472846970425
30.116088632195304 68.30342544932856
91.17912732879654 18.372443180230746
76.33931762665608 33.50292434167904
71.26951658234937 66.87708221683741
90.05760115997657 53.185619476476894
73.13751700723769 48.96068287414859
11.40309025105749 3.4631754870791065
87.07857256183907 78.98400111682524
10.467910917245959 88.49624154685515
79.0581758030667 39.18875691033349
50.08733985954555 30.53899823344597
87.65174425105374 99.85159249127561
5.375659950206102 19.108474287568633
12.14056141877835 14.359938601364842
17.30791447617326 42.739816873622594
85.74671883202157 51.89885367597349
84.65300284721428 42.658825034208036
8.519330096207456 53.818724613464695
95.58904936783402 38.202596800104395
36.443409809837576 27.655294554725586
50.46846911056666 2.125571474779464
53.907077764122135 38.75161650192642
60.89300428187393 37.45986060728399
99.36482388261128 16.23264427508102
6.678887325186544 90.3347022944552
0.580217336733202 85.65723649653758
0.26601671181075703 60.9248917666003
90.82996061095737 6.719707910416428
70.09532156355529 27.838575955043552
32.57308014772848 91.59774824708764
43.83722042393582 48.53709873398708
13.315806561950827 85.95558398754449
1.8323135175323801 55.250628162909834
33.599364159560196 13.318067105330666
78.05738842329231 79.93458561641621
62.20391288016855 88.99662824257196
62.01556191282735 55.871893328348975
87.8578328396461 96.20827346641671
1.6995596971107751 93.27667601341332
33.07897680213846 54.61050640445565
30.174701010170523 36.49199558824048
79.61098749955042 43.802878443906366
19.10927138254569 53.32442325092798
6.456032914320908 73.2290629805821
37.08464107712407 57.75491455501564
94.4925452168842 54.324224398107646
73.26423107042042 55.57551872862366
58.865004985633085 32.69454003410688
91.99518856531753 65.63789502789703
54.880312887893304 86.87172513814176
81.39290055342559 21.06226724989366
76.21843601711655 29.86718213181556
75.50850726991601 98.01175422049381
12.855947059075657 11.61684092739188
47.22340335038106 77.98344259443722
66.21978326007158 93.36431601837792
29.140603886048034 18.838111339071517
10.203898775986552 47.98156157388076
13.337695006607731 89.61290863598376
53.423426904452676 15.819368931836541
76.39680069451569 92.55150509594769
39.34343613643689 58.56200311737626
30.190338989400487 3.9692864105004166
45.44352171443051 82.4891968155493
19.731435208606353 35.98648910307016
22.508689286316784 51.66727291766774
3.652644265163696 58.01449228281286
63.641436233121915 78.92179972084976
3.431994130635785 71.51305735134406
74.18889273234522 88.56228911266383
41.17595775364771 75.31611551168572
59.727965937158004 68.46525934160816
3.822096502178285 34.51141753081007
56.15908633042825 30.233418935351132
48.09439245860412 3.3564292329654966
20.385883473724565 66.43668647648468
36.03710759543557 67.15037759128029
81.60175231762027 32.02967894055456
54.31109336578612 4.762331832406663
10.46386415299284 92.8029690376302
26.485825703351185 3.749165826159151
65.09286645415864 93.38861010872836
34.949940429568294 58.4789607539853
23.14049489292086 25.2245375497833
14.03569547015121 93.10226373326114
57.48572008517168 85.99608734471575
19.60268478524929 72.3310511470947
10.59158736493082 13.157690143382672
56.502925709616115 3.5066296082751247
56.99685483152327 56.23516622307787
80.00242606258607 80.24624696019826
30.555924103977716 24.288501086776904
3.0215792419045595 10.046846419562517
87.35265356745376 6.771794547610721
36.894887494544804 99.40898045295178
83.18941678157482 39.150489783690126
33.52048826192795 61.533667998073014
78.2168216223921 29.270572057028655
22.166890970499153 37.9926056483052
57.43891376660722 60.27409255068681
47.486567952803114 3.2175979529421084
6.154939033526152 50.53515921438889
5.765021908775825 93.73258377613914
65.17996411517024 97.85368919316745
73.16677677502913 90.5243195956878
41.061790749230184 78.69550123534711
94.77769748440606 68.27768508401857
79.87490579870116 56.33168977399884
92.52149532260344 85.71790841380896
97.34124507173067 60.712893669160195
19.44737400662586 13.55615262654104
9.944784461171164 63.57568769568333
17.20553825873534 16.568119396658286
19.042229814167676 87.43897537053769
70.16248388851109 62.79113312363581
24.25128136884186 77.06517514785789
42.82214412753132 88.99171043283341
12.974191525364176 43.64473740150715
41.897169368664656 27.764531739980526
94.10459171395625 58.25700150168394
22.14465394908933 81.38640199206102
96.61144921723361 54.166680841271095
90.5738005684551 59.75935321584392
81.92548509538472 20.414109222105946
44.11691940107513 67.02677165587741
1.0149277260543932 91.96207057862021
3.738862909692664 67.60518945121645
39.94778508354035 91.45574528248935
70.19754420210772 51.2643061291413
81.07880669808345 41.61206888225354
89.60130016778815 39.53762908686578
28.998929647074256 26.988337823118492
47.97690078350622 14.40954077226425
20.59319192604456 55.318852614977565
3.496864399180899 14.447536504813641
9.044965377189474 24.400438269040315
2.1251379080373556 82.8794771982356
65.40062805744267 87.07023801101121
48.51567406296622 11.251054972580798
14.511272093995743 13.36310251362801
8.750706455014278 66.0951171843453
41.33632223349336 95.78172701415485
61.139266448160726 80.21347756291341
71.02320711871451 8.864729703015218
87.59120725239609 70.13364961626351
21.46857911738388 62.11185775515654
90.4803165940493 40.818363231254196
29.134160785728014 91.14344961209194
83.60836820713541 66.91769239701351
