855
52.52927326631186 0.6743420136875233
32.85363479505272 93.02945140332598
1.9381182457544721 16.062006998075663
77.53564853550105 79.022857172964
26.585317472062986 39.966495051858274
56.2397524286905 6.7632125617407945
50.62949523499716 3.222192035546634
80.7772923605493 7.258752755948816
33.23162960859298 73.85168618712221
14.626923812078596 16.947190327639873
89.48315702958111 73.55803074825398
86.35742198821092 41.364868632037435
32.21495050663875 41.864146744936406
56.31178703664508 99.00008178300024
42.79988548974367 63.57015901356364
70.89200564207351 38.061362438346535
58.99588561698729 80.50394171299263
54.446549056915394 97.78896621048135
50.06581569749316 69.0972369261523
86.93626192269254 78.82018742786987
64.38216450538631 61.307547033472765
33.6069338682228 74.98064251019618
61.03438684559366 24.498873749584106
46.341742774223626 6.9861643306528105
2.2971684045169583 79.14716878346006
52.059982401440706 72.31485777820347
13.20821292393074 33.95095228912951
15.953022033359298 25.52610041139807
18.884905827508447 37.30396237496018
32.20729032770458 15.800615023305276
16.2006259940359 96.49685075081516
68.1364466365298 59.52208228828481
86.28641473176869 75.07147563889754
88.46195356482855 72.75475455308764
8.13787009000283 65.8486377120139
39.43934920236878 60.1463949891795
67.83450898666976 37.69284225662081
44.80773411210662 6.1978706914899035
52.28052505841691 23.045991860318438
33.92630177883271 58.9333069426803
51.66185776844916 81.89071890256838
62.903316707415414 56.92497036551075
91.92695044711517 20.80794527300859
31.278831147425134 71.02289542763904
87.41838724633581 44.00010210974025
64.93051941763974 25.021598128446886
73.88539906587549 28.266420578359373
72.09068974925526 5.9134602045268
89.35487443333452 31.466061989489912
28.751848251475344 46.5396032424888
10.065334607616961 0.4993550204730246
3.4560965932309062 75.0161843557316
96.69527942094504 31.556571910058494
27.73767908218552 63.38978469784615
47.396597942063764 50.87357157021963
87.90203274378509 11.88375610145549
32.368224932290346 85.61202455703335
76.56265191351864 21.950670449541164
94.11489098247223 84.1316101416991
98.13132659312161 39.50091082370712
7.3214096773104975 22.48404917880493
57.59419084366251 64.38449042902654
64.31687199432965 53.75481429871296
14.439247791134491 43.09330479863033
55.01255724667982 85.21773417743985
25.745513661190632 60.03487918963143
63.488309608975705 72.26986624973797
94.47945757700373 72.65134238220485
50.681158985470745 76.9846832930868
62.349382056938886 58.21097611421258
44.28125094212345 39.33526260526457
63.67570641314442 70.07545516600445
27.460260373178468 87.18819105060973
75.57027065424957 76.57863230942405
10.577770225156913 69.17977195864282
43.15602302817396 71.5488748815193
28.10214399861931 85.08000678486206
7.021430196424594 39.80190241111337
60.3021439292486 33.22524424783077
81.08582628832337 98.98518357651758
56.7373669302935 29.308192666505263
85.09850607208786 82.3470199152939
43.06358429532546 82.03344713509152
92.95926075666125 8.246749560961453
32.6894834285647 45.07979839173332
0.4437715753959681 21.53084664025493
48.434623157755496 0.9676216675072458
60.70291499099414 1.0839943973470323
22.169013810894867 35.23687349549412
8.833030675147436 79.8833526873194
38.02403342569374 78.35537925584346
96.85442236811433 76.97368954932361
6.595375584530705 83.56715537639981
0.12869475323250557 72.49022948235854
41.87112384156708 92.07252367115314
37.55244494588259 89.66479614743238
63.63387221506605 79.87830513583577
5.918379834803355 71.38512659853714
84.50581372334082 64.8847182555212
89.00588093287705 29.11945851743387
6.382633980976459 71.39744869721557
3.73621948560936 79.04144796514623
9.921612103741994 53.113617125062696
29.10212746648978 75.86244707865796
60.019913945255844 59.17445830679049
65.503387225089 27.588529465901278
63.45534139233469 22.84643562048171
80.45448521534682 83.14490203886582
69.71832942133678 58.28559812618397
30.60524651203844 95.70331249768965
37.64798553237364 33.229891799116785
26.101983667669693 97.09131424274216
26.95571186928215 14.598076598040999
68.49083052226561 87.68201457192058
28.293689615449257 67.92570802020708
7.954997840730971 43.36692565409774
62.67661572858704 65.86643976017655
5.438974819912367 98.14651317885945
86.13720376028687 9.480392946271298
22.498272239920947 90.79483656934474
77.91830686594766 7.433009128932822
71.95605279644718 30.435134028668244
64.84327238981018 63.24900029700796
41.56954232198062 59.0650851584859
65.62374658846217 63.207761235472695
1.0502431775468724 1.1691984719794712
81.52008878816189 68.8782337660399
99.27492962640952 23.761479288951527
25.9848868881028 99.49082008103119
30.832324714478077 40.5967103435502
3.464180560979946 24.981798959858537
29.535459332273895 62.03271945031007
87.47574099989727 29.1256808541249
19.560757477995317 25.2703028973288
42.48184275313404 30.791720830112148
57.834358343571544 17.649235186333257
0.02105035947916889 88.15158702947049
22.389649156265033 23.52122871538104
12.596778449465917 46.040832243617466
18.018712627619347 81.20781118739893
71.01215210709813 80.66387184319888
8.5292776857125 40.9071713683194
25.38616539693248 41.45799465721959
61.64068881736126 73.98765877876187
28.77498292286803 60.206301881962446
14.737057079648519 72.49136143457746
7.927272769198545 42.94768259168742
28.426677446506467 75.2371545755394
97.05359155030241 92.62239233762799
47.10376185020171 54.67152824732723
38.18309081130494 28.414132244396882
59.23956045714704 63.72493998392373
46.79463719204335 48.83353536099724
69.54102687840364 38.593409203935344
88.85689347552415 5.71790071727829
50.611597989501654 72.1109248882143
80.42777244663675 62.222207402788534
64.68315148017028 51.629020656844645
47.477235275428555 6.946368806733972
26.67358863230914 67.0076272741055
88.80968757778214 1.2335594846227593
52.4690392985956 65.98871471626943
19.996632416058247 60.4044880899956
3.632658940238087 28.48578657008767
74.6511170166874 78.49772056097302
16.533714993844605 73.88464603457136
21.77272084417634 88.31694052034294
28.047090057471813 73.41430264830727
8.252826810110193 60.470577241635745
31.09374413073094 75.23656243960494
40.51264831177873 70.65000708337124
94.8047868703823 24.863779018069376
7.772751483334551 44.1926298604036
56.84808698847954 43.57319495235187
85.51637021591473 70.00429200657005
93.7520900349158 51.34773044295926
16.475538286056512 63.673573988024955
45.25973029449874 35.22294507276638
75.4871409153598 88.97948853101022
21.24747217235673 87.08858104042551
88.51407066153307 59.116814358774974
39.62085177538061 21.676868229614765
0.303764341530699 42.913395860815754
88.068870088373 53.929773341250154
43.02357916808327 28.426493824085387
70.04885213684247 91.27714748045554
54.78358639756771 27.952452790714677
50.6962657157486 46.6490955470786
48.91769247052754 62.871147799542285
83.75820205760134 11.320104076701199
25.594336460341303 28.399403448520577
26.56206545763389 9.278501851940957
14.16679110460426 76.68459540409789
46.97842590261884 75.233570966301
63.36183139225392 75.04919884582041
93.27670323319165 10.829159239883246
88.44275652269944 58.037556822944744
30.46860475050629 18.816528690596858
38.883749223514286 78.62702843417274
17.09686604522792 34.67918438277011
52.64071906570542 7.685615020236003
75.46323241993707 36.29304486066164
45.14328506078008 56.55554199326686
45.22069353537892 30.154728419281906
84.6127609079749 0.9197383864156583
67.13895566972239 43.36791136463659
1.6632903432506674 80.7153448128466
39.24419305193806 49.58270353014535
94.53673046081475 45.63959385251406
8.024811592069959 63.12423612248651
14.72768232192797 51.947270362238505
83.70874653959088 18.55260796857241
99.57479835584243 70.329952937607
13.630626109526334 92.59081808571032
48.61552032319103 98.10169289562559
16.882343577321677 18.53748279684242
58.860709410088795 85.8954269099586
99.68206842678596 1.1076848127007155
58.87777985435185 77.3329585552418
23.000652451980553 91.55544191554272
87.95975242276474 56.98291413237722
35.25298235017751 92.14791783273716
81.96418823759898 88.46514258302923
27.176757768470992 55.02126583795237
34.47364913715704 47.32196865916577
94.76354502556063 76.97480487877452
36.70742900576914 47.109141390090336
58.08081657498072 39.56668785956185
77.1112199443171 30.056817747648335
95.79840625930244 1.3944477817362078
25.209935741683363 44.77837096565358
55.35384201665223 22.54106185210729
2.138884231554372 38.188585201084436
78.83783370305761 60.58007305934571
16.97693251567205 44.77588419428859
26.463498142760532 73.43016381357543
70.69662332416026 6.58469242329801
97.6223893629366 97.34228050055442
53.88957899831057 82.50143074308
54.59592037621416 18.51200765111056
58.16472248722568 62.85414015996723
49.80639919159386 49.273788685427064
41.61080280480072 34.403145166769946
59.20831830911645 12.410186177617966
29.97791594147319 68.04059018614421
21.506717553181897 72.39249806809163
3.4436006341322933 74.19717056141097
85.62198909269182 73.76949468697687
6.120579906655211 36.46277620116728
12.35691466507205 44.97434774304266
11.421366531720444 30.30563079983992
50.61643425471024 56.63078647929092
12.807070271598564 40.26630520280248
88.51555937269967 73.75675656907197
61.20640272051833 69.98935204858667
31.70549607770915 32.665884786102964
44.931203754441306 82.13687296677679
68.42167597363496 64.76286861314469
84.1554368288704 43.013094970571956
30.851182004156364 54.74513090694764
3.2195590821054054 97.65820972843925
0.8301894599955117 46.16706817719882
9.749799411128857 70.1380180104915
71.03415631728788 15.809044532072392
69.48338450678132 2.0130350343528725
55.11075443228833 94.28416123481786
64.3908745012626 2.3849324814383177
74.94929183802985 42.38581297218034
83.41520672285738 25.565582826116216
97.4077963717506 42.08117836313069
90.27704743405411 23.878173705806404
10.566800246485963 99.59494021671162
45.09885136466845 31.10959428062895
68.89125469841798 88.04581745994778
40.99901851560299 97.69112789603778
67.23772419044452 90.79739147986749
84.82015976747037 66.07058998694366
97.66626855025666 5.964444545262859
80.2805821861599 71.86558832236042
66.36890127284101 30.464078330818467
12.125243407814812 36.807842299718004
37.012069439126904 15.895365012864405
13.264796136945623 49.09162644441807
80.80343243863113 74.88930194071584
42.718754178432135 56.8703819920239
40.91915492272536 78.65632460682353
17.61458814584578 80.55888158639765
90.2415517215927 83.40299073003203
26.423994578984534 57.21735362879142
78.67185444730788 59.6519431045971
68.0325128897693 29.327340233886513
19.634524715565338 82.62530725546118
62.001388172763974 44.11428076391969
53.66791305559674 86.47147724334133
82.46492755838901 12.399650048381773
84.26795062291495 56.44809428051687
27.151102957126703 19.683083698703207
46.0633199830847 42.82066211244736
21.008713488534013 58.641243136348365
47.08866205639898 92.51524766709169
58.23261313595096 4.528155403619172
18.725651202136806 50.88857296093473
24.838881325364113 35.96621572071754
64.08803186383004 40.762887961151286
80.13496209000964 47.92926101784426
4.011107362464528 12.06638767464846
81.70014433911578 44.95992496983493
77.14596725456563 13.059408640431535
5.749531114174145 53.63945362103374
67.2519451810586 51.589005547316226
42.86040293822973 25.439644733082968
90.7231894617648 2.464123570189891
20.162009922867952 20.303986659282124
82.95980576566218 32.27681789010677
51.25655641240164 34.70246261653629
24.678944883589082 50.81944182214989
56.29759475113868 98.36954725753088
82.81258643463813 14.016522942650555
96.51075003849789 81.15497764997052
38.56708975032569 5.169612979484084
73.62797242534197 79.39149793620697
17.5540137536767 89.54076020990274
16.822429941568263 12.401130116177061
61.07291928824902 8.235803462672308
21.300308130452272 7.474714975812069
40.46712201679614 54.817334330792455
79.05717440175447 59.31805478617308
0.2041767739059508 76.76533026592072
9.354192336007205 61.50090167721191
9.933569973099399 28.74196332942911
41.002993837254806 6.284988395172908
78.14167812074385 10.141823532837247
72.949694512683 52.180075382206745
1.0961643706366653 90.10705640071404
83.81529384669027 64.4446132942615
29.123504490278673 71.08388960434584
53.92481869533188 48.20561281078809
38.167256095502225 93.23845331232326
85.5157079602335 72.8871094028776
86.86121771570545 46.07244950517531
95.12845037643926 20.42040219708022
44.37360672254639 87.5455709533614
11.146950051973615 20.13307014247091
82.51679870728442 70.6722290044157
95.3695355686624 10.120471084709838
63.5613399220371 41.94900502997354
21.132187172395867 98.98349295413794
62.60444021669439 74.67036573197284
36.34493614872783 0.15225085527887927
56.699761346781784 38.41780552504457
31.887163013320286 57.51528248368911
66.5794499391248 23.273317852103993
58.2860137213262 69.83709692574001
40.62969060527366 97.14135127163334
48.44868306724409 15.643574979117613
35.43124828803501 93.36557113238801
35.406117465114384 35.47950050709823
57.794269725373624 55.675990864566536
52.91740617449031 12.304914024971481
10.534010160019713 51.25126233543953
48.572609423682266 15.90790067357023
12.375235964950038 51.45470725705835
57.488351096265575 99.43160764778004
89.85509147075517 56.7767737175828
91.92964780103584 54.841524870770975
7.570610781466714 65.11785450212783
81.53640530221914 21.95113291507407
10.436249961098055 24.755821707369876
49.100747567841985 50.64505669601599
86.75181900783325 10.553363305376484
44.30741575573458 28.256817292517255
60.507414588472706 26.753510613101295
77.33829516326544 2.0230891786023553
25.698376600652306 86.19790756855062
70.99216821043528 91.02489892008039
25.984886590349465 90.95543645269454
77.78692698310529 29.981168569000836
71.74259359589584 72.61622079818125
72.51183383488939 11.44222843695194
1.0865848615582707 81.6893575513494
59.43374175218251 52.01153193853239
53.763283462904596 67.19151092391121
3.1552861651523934 98.01679664617038
19.723730032533926 65.88933331569383
41.46681784391232 17.841680449137964
61.3101360193623 8.03410068776207
79.92917409214328 52.84901990287633
98.25196204212018 16.991473469804063
77.35380255268682 68.22404094135189
22.2400069255146 87.72563658407553
73.16406778474247 73.9797322646547
72.3594681007127 13.712104049178908
98.20187388184237 39.19287989658974
30.16243847336959 80.1140973841899
66.54633376533242 88.5000753678138
13.744839128431853 11.291120474221916
69.5050881169196 46.29677168090666
10.167030638736218 6.37658304391866
58.23377731483442 75.61375303076979
90.19576820059012 37.725888709565346
84.61099640819644 44.14467723827706
43.965319056231486 45.83346681722671
90.87304239535179 89.42725361252478
27.442673452979783 46.18979335006463
77.34411659515 57.19608752444215
68.87757038959509 7.3489046812657
75.228441087566 9.761019349079337
74.13679347861685 55.78907885698414
41.7338329982872 96.56017044361087
19.47418369886006 74.29536316356713
39.48126107778091 35.989357964280266
67.23212527077614 81.55641660002388
13.008548268936416 75.14236839548263
21.39284157492469 13.125825825809944
63.74300181423317 53.164590431193034
95.41330968726943 55.94817236063109
7.527108610946998 70.96697782921478
98.12957623108794 24.303188782606732
25.03372442087578 5.620238629773455
44.71153707460856 73.89966411060091
17.934712246946173 35.31424393452104
90.47457336348253 53.53630201367079
46.241230072892535 29.07041269326889
59.89900409068436 9.81341219686529
43.785129914001196 48.57734399196241
34.96161867836259 83.62245477350696
94.59218486381909 51.58320775877765
83.9250759212551 89.45824226743306
53.573849605934186 2.61966611096901
57.82245624021586 50.58487065705678
31.273665929127446 31.93156296275077
53.760392724787835 82.79262393083397
72.7557503049049 31.31961711425181
60.14616677225848 5.294911248199674
50.52014288344955 43.6171012133167
15.225552661581165 23.828844803115423
57.368776157771094 25.68862886770481
5.619244704864689 49.731916847890034
41.7155763496047 24.951091489800792
75.2693666420128 96.04063948104466
73.32989422691851 93.20027737329951
37.89027666238981 88.25782608822817
83.04057086283451 7.497917844883217
29.326145857480903 86.65317342110774
93.62295331974599 84.56217008672124
91.97942380846497 31.150819583173785
63.95312837720941 22.391747868415568
8.680114422405316 60.17465693655926
78.8909735357287 90.66170998270393
58.6515432638094 28.563459503799503
93.20066679633612 13.722496033102106
60.230687548252234 79.19120675677293
93.43635788345678 95.37831463204283
34.19863624452334 39.36290382552956
51.11794217805122 41.16555770128755
8.905861136599047 98.05275299437224
34.89924218691716 98.38704093840256
61.621324669741014 6.4637565347029025
51.516621281368415 94.7607456456835
45.79846622842329 93.75420530613637
48.822768801120986 97.86732981489754
87.53439993871305 51.86433972309508
24.978664230413717 78.50161306857095
77.02314142356755 88.69764236583933
71.06667330955881 69.21655341804001
13.176811169506287 36.71219220256353
81.03929319089634 64.30058940448086
8.607612033787749 3.6325014960791324
6.879061965998257 62.37243659995908
83.53915255295689 35.3426008520169
28.30165941008065 78.58311867401305
86.2683323222107 8.936704608040213
60.47076825018429 4.868319985512137
64.71569348096989 53.975786454656784
58.797382898711234 43.47053240637789
55.6862791178616 67.84332955090274
94.80610626300461 81.56905051064227
74.15683789956397 65.47086087184141
73.96415024843787 64.67115842248351
94.30428603821252 36.433347906249516
79.38988627873289 25.213068948834973
44.399243166966095 27.72934674652693
86.44100237639745 35.70827244985389
95.66549640405954 74.43937362358103
88.4754562428718 23.015971046820148
84.60017214420603 38.76009929131655
28.66562859363555 3.9168641855913844
1.1207681447614526 36.80737499025919
59.90793536957991 47.97317078317055
73.26842009201788 52.45615757657295
22.634284560910256 50.367858091790175
63.403776705749834 34.99696619415445
23.885312076790953 28.92522169916717
64.60031826348627 31.568580455643247
54.263264060867364 73.57172854345332
20.402917780207886 94.61441169986192
63.17441672869373 82.0508394448505
61.55423331230375 14.870586709795786
33.38433529551534 62.48341302720093
4.001331353681681 59.87895123227119
6.876777037621274 54.01730206342757
9.000317727667007 65.04279515038019
5.733196342675939 50.17736121305161
16.748157073014593 63.0391157253549
28.53926032866445 2.968987450277949
28.761432524626485 36.664987325823205
42.01529640820918 24.475711611465922
43.80660534348115 65.40941160704492
35.87702451413084 90.95050168764638
49.00284759154967 69.99573361614058
33.987472623358464 95.47890468371479
61.44720362405496 67.01617976623001
58.873075833857236 48.0940237518088
29.89316131289649 75.08680592096756
47.0660691532935 2.7595322713945047
67.82273818325424 13.211101621867494
69.63419494193862 76.8534457234051
63.192352957257135 97.19299366016325
2.3029861428365495 72.4381344848788
42.87084240778599 56.60295634232645
37.37356353235912 62.070495750998155
86.91899550611001 62.26753710693048
13.169486264513253 0.3884227251649497
13.66345064622112 6.705819992918616
2.1631574841745715 22.520825857018977
27.436768795413215 27.664090303092294
3.949473336553988 34.835511037427814
56.31407044887803 99.39002448103733
89.51559767624818 63.01793989282285
14.411752555658774 65.1887410085398
54.391916285622536 85.21210537607156
91.50548672289054 14.126250806396012
63.22959963447241 52.46624773841084
2.7467337949372395 81.02740708195869
56.74103437012909 68.41626340171716
59.44666466614756 46.05336676171535
42.522383453661526 57.078464789536866
92.36519797220242 93.71155723201996
16.716374213196183 42.6847149945168
85.71864296566166 29.81794154410361
78.56272597746477 50.49231378287266
46.59319942060755 55.24111963985744
96.64511285568449 63.889524713683954
60.531844325714246 20.719490227072214
63.100052480777 63.426126626802045
42.481432932537444 2.0722353651072445
34.92634850554131 33.8078434909729
64.3199693732133 86.16299280157224
83.57409759815589 1.8098532736088413
67.66169971056404 37.77861514978152
42.17492657207211 23.832090746105617
13.96000793804566 9.437272350030323
23.44047713082844 86.32369307362647
56.858041347085155 76.15575444867375
97.00762767864273 55.871247972846646
26.889866169548604 86.00639621484692
66.19028887829002 19.03885621495951
14.540303975164692 47.24066722436853
31.28154882949645 3.559949650348493
31.386019121175313 62.98486258005046
38.58790306378761 89.0491475648261
87.10498155185834 71.82909367844698
5.452620958667254 36.55318680477998
54.91874775343854 88.36165953067479
64.98397321454419 25.672637766335605
44.51996047318233 46.00847236577178
84.87160963790949 91.92081241095586
0.0067571656182319195 51.081079786381835
54.639748910229194 70.8940304421264
68.10604675204151 46.01559496684479
24.136473855560435 42.33430857744659
23.37935811448778 96.69655237091355
92.5746795604332 6.171299365852034
0.6777642666924932 27.893909613560698
15.815441879773362 44.00109792972923
21.225103802875655 72.07876079387344
53.65038393777859 83.36594453345589
50.643073942251725 3.5331633617093128
46.088569784123735 54.2790136767154
48.45206757062789 26.858024748950836
74.6291798286127 40.36306499282713
70.13765312083905 92.3825950550706
10.086376651368333 69.9152049340593
67.53792114938236 39.63720439835539
39.64079580458125 86.04647241822727
23.00140837242547 88.7279745345735
20.826653308213373 83.5360151166573
6.657476168124643 87.90559738993981
2.983650909088753 64.33099892860295
82.59872419428125 13.910672554075465
48.577959487632505 22.518839065561046
55.87507776539075 90.16105141703194
84.4125840891489 68.99766168746217
50.98536793542314 82.44767867954721
83.47721235111729 26.97359734425422
47.87897216528464 24.655698537298566
43.67666314928489 46.2205514631283
7.295586975148471 94.68632961286296
91.76422025267968 78.61928519049316
38.131653336207236 41.173635638321215
21.70730303910907 31.768813129966567
98.07192016349889 13.91571962579471
27.976271472711943 56.737561644806874
93.69570743560274 77.93572792332714
43.505196628347086 62.30916661515151
46.651320594946775 78.584737427854
76.49270536037506 56.750630569248464
74.14062138245177 0.7243983787226127
70.73835023112034 66.39272601213484
8.984916189974756 71.06428454823677
5.0681808322953215 35.64988344683437
68.54601860056617 33.66817576684322
45.18928076807271 18.42589468699107
26.996936066908837 77.90127016113469
65.42151226581507 85.80577125606723
46.03286151422199 80.73035509195469
69.63768659139059 36.58391382891589
82.00025427057055 51.69716693251682
3.0767969902643633 62.211876387297636
76.34365316504564 82.06073445243774
85.45855993699625 19.516384438302758
38.76275412862938 82.2263604120549
11.078847452590246 51.684864660021276
28.109174860487585 21.881976383483003
7.704425161297523 63.31061471359
73.73326614312184 46.51975043494868
45.01995673529508 78.30253538707132
69.99810659358722 91.82511759897251
27.252124678911827 35.60592284508765
78.46343454167905 73.55486466013204
75.24224290260652 99.91397932874813
7.436642369196733 2.8670895829512544
6.983864091505499 75.66672905987187
46.121445740889776 38.042521659465336
42.87243178915742 19.52578895577085
62.69447220974173 57.57745968622968
94.86969767940651 1.864323977241178
12.793542178306483 96.01398910663636
31.425210576461325 82.60264744332116
58.621846903471784 34.567369485511136
18.894300912869642 75.10433815320535
83.2213140361776 3.0097271280402516
54.93479181859077 98.87226278456211
80.1206635894954 84.07528097670797
92.15925141519233 75.82031682498479
55.62409228053312 91.33297983591844
26.48608086088765 64.95701493755817
60.19124347208056 56.953824997045146
44.92709797341617 24.893243216762517
48.44120499502853 93.28942983596903
89.28141711708129 3.461148619693155
96.97236633378691 28.757852705073883
87.10640447726688 26.209012684416322
37.64168293055927 30.354502863316956
65.36212299449964 18.650553125344548
83.06028908342627 28.44030430002016
61.25762772223171 82.55851104276269
92.04290856135306 73.1145026425284
81.08410369004521 82.62452362982236
6.022470760068255 85.84696262295499
14.22338001814304 27.002572046870455
1.5444404241966359 87.08369622929982
64.66746881726009 66.8550645020082
72.4967523418056 2.551366727114146
67.90954882282925 93.64838673771665
51.41734858044931 3.75438737757261
67.49992647239975 92.62109216460797
11.109303461866492 81.50764124473878
60.358733002787915 98.83189562984747
46.46713107045378 71.63485466511534
49.76094753840381 22.512967269616645
51.90371781363871 2.700537951024373
34.82681838044592 24.68019596925959
70.69753643838258 58.81003801079856
82.67548440113495 70.24388756168042
62.28896426467016 5.194058227857812
40.30055911844257 45.96781212275641
89.41204178585467 77.86756825376293
5.502605318208276 96.89217711968905
98.16749856716076 33.55199030320931
23.919673947075047 14.861426426415125
85.42892988333134 7.335307402812818
90.41877976933672 50.50003060233653
76.6169126645801 6.819574065623213
84.2590046742962 22.400812548299744
2.1672106284494674 7.355175237709921
91.21074048867466 37.919932703618834
19.771564884528527 44.69265058144523
86.9491519769662 30.495152066939113
49.58779655840966 14.624663077638989
80.84566174382566 10.042248211995918
9.126371277259238 85.08026470099576
5.902358671207275 30.536054053990558
9.72642579349683 87.27577665657707
91.69525854059849 81.82317579262259
19.514692822971224 22.48117096959542
52.40678688133653 3.0159294703724915
27.539048239671203 69.07770656775425
33.88599938713611 62.39258986148768
10.804776245102099 62.67848670196838
62.90799539507519 2.4898706973294216
65.17980756016851 37.886657711310676
61.105985557600526 93.48909206521594
83.11661378819338 69.62750693496831
22.99414643542993 39.69485059153472
11.563736903031174 50.27550812813746
88.47557514156514 2.3759013740103585
69.47801474322587 13.441746843059576
89.38411963356778 50.79040972769887
80.99111437351915 91.7218210301727
52.73009563261287 53.14287866190654
12.530583152772067 72.18804078256832
23.865731999240435 60.39484353566148
20.0260457841673 14.40536254116147
2.5456335402739727 1.1301455987897446
60.43715260526758 21.4330256806625
87.62980040375557 33.536444966247636
90.95950080837825 98.82173194477491
52.97368849242744 92.45309431738814
2.43153088780802 20.77235716514497
61.54579446674926 76.28703064901681
4.818297503972535 39.74908064343437
24.491859916478266 47.07155954935747
17.524230406828856 95.2096685962819
55.72608294431943 96.85115771949323
28.495519470630903 30.047340216230733
97.6682388895931 44.09852595306172
47.4462277213061 86.28774826138006
80.26629168511201 91.24678195233471
39.35852304015028 37.28251103399089
46.385008134513626 51.932113515832114
43.05426289560374 50.233831268093944
93.84281184152339 61.41477876820365
68.8863861750052 69.9919825363183
94.36853301401891 60.65632638338197
76.49091147943814 85.81094376781961
65.67048520321607 36.783129088643875
25.772090218998777 98.96573416998356
98.7995826291987 98.10691373645209
54.812033539544856 33.360037448769056
38.78177549167252 17.286579482749165
78.99302693880873 25.345736867739465
86.18697824515074 92.06968597917196
25.338284658296573 97.78295749132275
34.86708551494784 95.92066861274547
54.89291220147753 75.11426645154225
3.8977694778235983 99.35344224239411
42.72707323192687 81.7860079633629
80.53677338445873 91.96482883864135
81.92007575527175 96.24512112368528
93.84430543520763 42.6609648074687
12.1652196181266 32.343740983360206
8.166105568601822 11.226636253579203
18.03466080684141 14.583302781387463
11.31048169426756 76.61612011940899
24.568841191125756 99.70085648166132
28.594826255858152 42.68297008201246
46.0883175329735 50.78266939271284
6.3061760710419135 27.67384420337097
9.972569556848466 93.76599409738674
30.19539808655751 17.27025931221011
55.8029256391312 51.345414377518026
16.12635747194442 41.317471009021254
18.641476771811625 46.89454552475757
76.10772999489626 29.67406277621797
2.583795627173735 74.88767714622698
1.3794294045117783 15.92245169468871
69.32017350023271 37.32589681798017
78.72092382557943 46.70232232227275
72.61024474664187 30.991921589091753
74.06482351226408 61.11941902509063
93.58249529839803 82.89153705855661
50.18212200415255 94.35453719534446
25.818494031345796 5.239335841092152
92.70923713942106 49.85811610780545
66.24643792018468 6.027019588394788
38.33220571515415 95.21419102960034
45.0334847246865 55.34676407046837
90.88803268952876 84.40604869309183
23.23805881458624 45.98565359618843
26.466472897970974 61.25789969079975
25.44090030810393 77.04967577935449
92.68028435545125 99.36815604232338
51.339540897596635 90.6218143364931
86.33425213224467 6.300296182009236
75.84650309349547 92.7878973462728
41.789009010552405 87.25661308345137
68.36794432205427 89.15135906063568
49.56343944314215 83.8800926835544
78.0902772776377 86.00500846228634
94.41222729857863 32.55834171856873
21.237341821171686 56.24564747263289
61.68665527683444 0.505826203593629
66.09440979288442 97.75145536953121
84.60292096855476 9.920613336472229
80.58528359700377 89.03204720623441
35.56852943152706 82.7706000011285
31.35896959833814 41.06942728837719
31.102708619064657 98.31892669899133
32.60245985999162 14.908421398686023
0.36207377214827474 53.36167710597653
37.33286232821848 90.97305638736482
20.320309616221934 0.8724805843716599
39.87211433040749 91.76979876819983
30.99343138724815 58.26519748397341
44.432416830955646 2.802723324223666
90.65982343271591 87.61094342880197
61.4024354837596 97.77313558985892
6.721755351714098 24.07706559949926
37.804260503646795 74.06571954850877
67.43580799055647 79.17181383222471
96.37845096729943 57.69282321156173
1.0315607330578014 28.924257173345314
50.34469269082295 47.64567229069557
4.793974414988977 59.99859627173559
82.77337061367814 25.709970131665617
62.444260810031174 32.86281790516209
25.190037769064965 57.36137012842616
29.920901257589914 21.274123700223356
83.36974227321812 73.10656213516465
15.008317221955148 77.704496842884
68.57076424017443 81.15519150312008
36.54317208515746 45.313134061558124
15.300476371272975 61.28004326660289
17.26145989010277 47.621769293966295
88.50991726189886 66.37311562010917
29.78471292302266 67.84282523131444
72.17080329357032 99.28512173064435
15.8108248811347 13.61291876111137
57.78105420709952 12.327491383764922
53.985365462299185 84.9720482182341
64.26447345074115 44.85237117287315
94.26453571638072 88.02970053536666
85.04950786495222 77.39463266151179
60.83425940700889 60.26741191735252
3.600313349236517 5.153731087403768
60.790243483085625 41.823226405025
81.962824843087 89.63606616300274
99.17441607001606 95.13820350636547
18.344287808402704 46.09379962200543
56.586149732930124 75.46812812042722
65.668256960899 5.549559309613361
31.8461289690774 82.02466591247061
19.28487465967762 5.171815869844131
45.68715238122254 84.85748784869156
28.228098192022998 69.42821804232621
70.9252802658639 67.88575914104648
89.4967359411021 64.16708142543185
70.49221669058177 18.808645746351026
18.21138766669259 46.28361022888314
87.48276388597247 51.31484358173653
8.303911269513842 40.23286431507845
68.08085123903173 77.4265981884117
97.15437366974183 62.12230613620689
4.427830397700605 35.6818774447221
