812
19.01799412456623 49.833068506564906
63.658462915001 17.006709782473173
92.26663280981057 10.761649686347429
43.021061887463375 29.396158380286487
71.89205634467197 49.5558265886383
16.246635098507134 66.47891969516928
5.89256518440282 71.71627646416422
21.061377433825534 17.964386217390228
54.28603400123942 20.943250224826016
83.51784229745847 53.53940652626591
32.95388414454503 2.114140665553421
5.482753410272445 54.483317881184355
87.5842992302013 60.051687837184744
8.734872983301589 45.55711971251032
24.028625031484452 83.8845268821353
48.13144651133283 32.753846771299244
47.87201571923691 56.058383266366164
43.38400892093459 20.593512510164793
71.48409207813148 17.48819687849862
69.11418011661723 44.19401106516734
55.37631645853204 51.81828567025586
88.97572796029387 57.95818662013835
59.37873947586789 0.014631194979686235
75.37711537888988 41.771334859481854
85.44068201128142 92.76118900452542
70.26326676070471 83.3726012540787
28.498129650948258 39.02102951889095
33.92303145308075 5.048959261473874
52.44421368757271 63.70396530416159
3.4208745376550054 22.403156439635907
44.37834068604035 88.1803505797561
23.61403411528077 40.248650661263255
71.93950069155619 33.903890642923464
4.98601516332392 31.219707299978005
81.04426985036932 97.92478276080276
47.85454069435128 16.781150507955566
28.02817030857089 74.9048946657196
55.8925782535682 5.862457253300645
47.95297178214361 39.51095861801589
35.21472282373676 53.46567520845282
73.14345696034903 57.1022446838821
74.32062077571653 26.349888848171375
5.371380843285656 24.34652095043023
43.595348231318184 57.13366812108009
41.469599461044936 77.62131337048416
27.051604570564347 53.4784073448543
9.172325309113472 72.10343098720993
32.472418207116284 85.54829243718109
84.70166707033724 9.82813119087279
51.01429498555727 38.325880629825434
45.48506386649785 43.19028409597598
94.2238574639648 15.308367690637937
33.696526865541884 0.8963438222746811
6.847152618177521 72.8364379383973
86.4670027799183 45.7794416886096
42.026595892737326 97.36515004975558
71.08849785875154 58.7050811176722
21.480441956540297 62.1466937774429
30.326427374653818 51.547621819995335
33.61822090040675 8.52271462204779
10.3373855651117 96.39427903595288
12.341715535604381 86.82753802742879
85.79209687613857 51.66911922118087
87.82830096209824 3.0616010586592135
85.95462996834532 49.87592283189962
7.204810607943912 18.696066531384183
53.68936109038147 21.369094123523613
42.324670697698664 76.24606116005862
17.32305590061194 14.262737462652042
33.14658613057573 54.84788271700861
87.0283430890665 99.05528976957918
50.228143053620165 34.39569162312127
8.202578065701271 38.425984995137874
57.229170092567315 89.13876057633277
80.9503037734143 89.7651475037967
93.00451275653353 92.78287030944493
93.87454246861434 44.816601939362435
44.7264410377801 26.602760528194736
99.74251574898538 57.30314213424978
84.77919157860518 52.89488379345817
95.71766734949391 5.3303809296427085
62.57697318450158 34.27096694538383
84.37566531027781 24.886107579063864
52.80815698199308 62.51846520241069
21.786460535248185 24.959763293736824
27.124257309849664 39.81843161856035
55.86081148357217 64.89267324334294
83.69600963198191 56.06873434857276
3.6350672119626948 16.817685932574733
86.23970470720414 20.212008290852435
8.25250100876156 12.187950917952794
12.917180148252083 94.25058531639188
97.38160823504617 31.66051849253898
67.4205450317759 27.20995618823502
19.301825633994607 31.598009357581436
34.73775672864588 10.762668074969927
50.75702068049098 59.90050651938411
11.068863639339277 3.6390969146386287
27.015813834370217 41.61320223376536
24.900532144554965 82.11901294962482
10.084703287728003 69.11269475094974
46.19564658169727 69.79742834490789
93.37858211881091 11.821199282083473
26.314020839759966 30.11131960382726
8.20575556236408 49.042879286603835
60.76309523689061 94.41236373077973
38.51191293086559 90.0008985612445
82.95615966925736 64.10572422022157
9.82743854490723 33.854015097505496
4.995938999001548 10.971194738893841
26.7484709158773 49.584025470126605
59.457923033264024 89.84326195357988
8.035651679288192 40.79761043717123
18.743075043549208 51.101656143732555
17.743734116503884 2.6033075107462
62.64608568748081 35.23327366510745
63.802512233059375 14.339416610630263
22.253283576416884 46.73723931727108
92.82908209423351 47.69509155867896
99.97682252965856 83.12545840501177
92.10088739590722 55.56431297763217
10.315822383095053 41.92113584679864
40.92605275916446 49.003698444184685
85.64344714237139 15.033974196625755
37.054632386717316 61.9807700532437
23.075754819963766 40.56835184791458
18.207040132533912 54.8641029487243
3.4606833177371454 21.667939649080104
36.66253269255719 76.14248276872439
1.4014549847474078 29.583453811542338
6.508329254530176 61.27830546500566
72.32030516482531 61.49092520537387
1.0469691028027195 10.569058225840756
7.525951196039593 62.0815414914219
96.37821330749281 61.11890086846128
34.82230806482068 68.08481847555625
77.37353676728502 89.59913535697507
83.86112438800524 89.18497387088445
6.315336053277576 52.168277928299055
65.8938139863578 1.8825680234822229
95.58790045455335 50.865259977838065
23.277522782705883 93.82984491232007
3.681213497673763 85.58744077453139
37.31583854284077 0.7709983387071184
40.029433517929334 46.71350945725435
92.45810026081818 10.406494898145468
85.44284058435453 75.83731012526702
99.04147484021439 91.67964884491708
31.24304426828932 81.20358626293674
64.05047131307936 50.87269272052528
69.77417984634342 69.6551626073808
94.79798465727836 94.09118162928395
60.98518694555046 19.00798372094572
72.15354440666327 55.427793648166265
45.266081275201664 42.04079293234291
44.961267958962466 19.837176847744196
74.84250953736861 42.14682749492552
46.77445928966414 5.034190560803142
57.78117687787419 11.603103421420013
5.812556529968271 74.12786048937443
85.35745538101582 43.61231629384862
37.70682013562484 70.95063047699112
54.411011985275735 97.62512486380616
0.2792630132636864 88.73600131016897
5.418931159551132 75.56206262929712
72.69243529426473 59.950470050604295
73.41825170875704 65.9306342256435
45.346934940880615 35.75439896794066
24.954106770469963 64.30465061395914
85.39613368750778 2.5063817926194165
7.573566326130399 13.653573403680053
23.691353518818147 86.79833168715103
53.69936391093949 16.808633154881726
20.414628586649375 5.759504951681194
87.55774198255772 51.541444878675726
66.53349993451681 16.026279582889515
56.20550438053614 83.31422837229057
22.59063002139228 82.77184838428882
37.70933319995409 53.080512737899966
39.00793176859641 41.147383334362594
77.03161716527369 2.4659443280718563
86.7259888619051 73.21681467183566
45.68255952896676 99.67737403328928
56.698846049422094 82.6118814467372
20.818909670715215 74.13013141761756
71.7778753901371 37.10597242433708
6.448219843725489 21.14601357567789
88.6444413224555 58.51434984132866
46.7734496205326 34.53888881073621
70.91474165320406 55.69488788337485
27.68499789580202 46.46990984494771
4.027261006357408 80.77750244973527
75.27421983501128 66.96852442887774
36.97667030789209 41.47852101987566
25.718472168251516 52.72933637318252
80.57776990108442 13.247661131694777
73.98693894474931 65.99729839453141
2.4878428409670694 55.290835306829244
7.6237005736297 10.12796835157247
89.23409357516802 16.502312420270503
4.391704923095863 29.094821575559415
73.0569909068739 65.54321860824696
58.19301638428128 81.94223316236527
66.592585946679 48.534295333462616
73.02696289401001 60.871652273405644
12.669054701524928 73.28777836164218
62.550903387053445 6.169234814721936
2.5343531891257265 35.28811637212741
22.32103433892314 72.37014268973006
6.350790553867192 19.215548693748897
14.40753649748302 57.236932387618324
35.421545973147616 48.10303227568462
4.468837214157817 73.77044324979371
96.37239587996707 58.55050344503323
25.177782959047835 51.920560392905344
8.40175694564893 29.830289801320532
80.98010382873822 27.526298687674455
54.39910513485612 25.856307916824395
15.895189850104451 94.02102554024826
12.606884612288127 78.27932783259648
17.302200745322004 34.34883888419865
80.33902134734205 28.06740554037229
39.570020673315966 68.91603399319222
63.26067627380755 67.28418444875467
47.09110321058547 75.19237320632121
56.18330735537972 47.452037670046856
66.60136435014114 70.04089086997705
30.1979917328552 7.703541745050291
56.03557198030009 84.33109933970402
71.36994944563433 20.89615150783888
19.84997188116936 52.304718606928446
11.312489547329484 17.941575261300557
23.491377947782276 32.91123706433948
54.60993263605683 66.08743174877686
22.075893216765152 5.015877950696989
60.36923448558728 61.50317565269309
56.50023959749193 90.77605938591711
48.21586980141781 75.79615401754086
89.2258855981643 81.50867020928847
56.734659226717675 10.978964369506972
78.34102975325112 77.16452496279304
17.806378487003162 45.03213464951388
57.641910612903025 2.2750872233119446
49.20204624836183 42.768176111718326
57.97285510737231 14.665271211473385
0.5564951134862883 12.05874494467729
9.469944040118715 51.64735790338685
22.615865683082514 6.760010696752827
14.434073762045651 64.93507119183242
91.49348563290334 47.90707749143641
75.79562526519229 89.37092124414455
82.58564437957419 14.688882245779645
40.12778907577429 77.28117863765735
36.56095671665379 52.78345113850792
28.453513997298096 98.27641462720253
89.61296981208679 6.282718852390645
34.287614670519474 4.424824695312823
45.667569729994476 15.122466945017365
88.26023807076399 45.39719507145086
71.75884371739886 90.36284176851014
70.01530332554205 6.779280937467536
66.51214778057731 57.4643970763161
45.36705231559254 51.737327671789856
77.67106321083536 77.81399755586587
88.76817010183001 29.414971870906548
87.67803221499688 20.707237930748136
6.649714398969553 31.89788420630858
96.3764089153334 92.3503251146001
59.36240928362852 23.97621018664673
35.30951176196992 48.27323001546458
95.44197677730794 68.3822835691202
47.881766915369084 67.45147673863428
52.65505125343497 31.9240705651923
27.262957220518825 19.410308595874916
83.2302556372301 60.55656878754061
80.3472705679859 25.29813162971385
60.22931367223362 84.8694224864262
58.053460921679104 13.363661392275471
47.87410332611035 93.78759622688047
21.91617058856785 89.03063133429397
7.055553164579065 48.1377931205591
67.37329085085634 98.1466559219713
19.288076156023738 62.21317690836684
16.902103299426095 71.80754774136973
25.086862167982225 60.98750619348979
96.19456214588479 9.349439192481945
94.89147726022726 90.97819456962578
83.62118462151625 2.4985687502657283
31.89603690291307 17.094422810622522
76.60998241255948 29.07895431757105
76.81601906283531 79.90342671755877
74.05429831517202 58.18731591937667
97.97957587498799 31.392308731775852
12.512090814447596 28.96979476181396
77.44394899170818 3.3495062950420595
49.05942445776649 13.066619492245291
28.54298842892985 27.21772533226512
75.44982723249187 74.16571478559847
48.066712879159056 9.93725196346864
11.264033471349455 50.98100040321041
97.69781914968415 76.28076041210598
73.07691389063193 23.89533137189964
52.054286742590904 29.327772607504553
33.603136465999526 21.099357710604316
53.83615937589559 35.204000422877776
80.21602301024974 16.459288094238676
43.460662468492316 1.5706750582836437
29.35959651351957 20.523700156120228
73.98096325377725 63.70732482358735
97.73209125636436 97.32575050627074
18.57872947467922 97.60217713726513
51.01818779464319 52.91678864443353
98.28296530190595 59.57012357975029
69.85395322041819 7.421275410229422
43.24070028097482 61.45195157703836
63.98188149783829 86.12198624646113
97.56754343806526 77.52802862946736
9.268725694646097 16.112060743709712
23.395645985500057 97.33055596115699
72.26980386983962 43.6459090015657
37.66155211584379 78.52942212998494
91.78222950873302 77.57759990815674
82.74122592347815 1.7255082055913307
32.64516408652604 32.83700278859185
55.40631106505807 62.882085764391036
23.81416857174755 47.8240597673289
67.38252871633733 5.903994718256356
2.110141881209937 70.1265550923018
41.68474601283104 49.139617585930836
10.110879478052404 88.291016015106
4.762536427315755 14.164943291442643
27.543361923955167 9.511727020895687
34.39911869067307 42.64680938437891
20.06084424476584 64.30063518791155
94.01336398318291 28.22995478558299
99.15333604575291 70.6252690491257
56.32923013788028 33.1189371655775
56.31828965021549 44.57745937993822
90.39177300372349 69.65178515265265
54.68166475113899 25.503617319397776
33.913966052565605 37.36144662468354
29.585383906860983 79.26032161867968
69.13834505058182 94.01084827682435
47.891755710636254 96.20709409211067
52.58971870267239 31.89958616428613
98.68892277164859 15.1622876766759
53.06388814149761 24.90144658793916
35.008417685036974 54.60695686467647
80.88286808940651 26.78802189047206
17.425684819950582 26.539720575953364
51.39058830573519 10.650665302461915
52.65706736790891 1.248003929559749
27.06615635805526 93.90844317793346
49.147923008641435 65.1266063293504
55.0467337792294 54.01933977411407
60.59063752341161 41.730336244741416
36.97774280485074 23.079953983722568
35.285453696455214 30.642561750956965
84.26761395426978 87.10874999795833
95.07071005496505 17.945852157333153
73.09787871301089 96.48365448996057
13.176667375213725 78.15807664766233
84.50129720253454 35.512917064750496
20.91975063286928 91.20354526294311
36.01921124113666 60.82467091518167
37.9524675824387 82.30074779187846
67.43044850893072 10.855378077685307
17.84326955516513 67.59919713220131
99.87960271457662 58.24977542154271
51.002640763595195 70.51988550845802
50.216658811521675 85.08311594208276
3.7783090441568357 19.75740006281238
61.02987659973387 88.18160423394453
26.00752575713595 63.50871066312944
0.4702035603574961 83.1668843044609
12.015416244417299 17.17384318425469
96.64990428712882 34.573482453109925
45.9570308944886 62.874951134369184
23.775475233325505 99.35800202089156
12.389056428261902 77.37195463387702
52.720144240743004 86.00777395660911
41.50671972152576 62.16091351798097
40.71116518282106 88.5017074722898
46.3057249017882 18.37671968173895
92.96375934492235 47.20289193717665
70.23058658331732 8.159025982515178
30.153030527520563 21.982374993289312
40.54521575405477 76.97662688012417
63.39724633809087 89.28314458181232
69.09726083244956 59.546206081585474
89.83081639166765 19.71578246305531
24.46672351579584 25.155943073815823
66.79898403015136 91.75162657835901
82.18258299704132 15.098783068840794
76.74733426406625 51.865387201897164
80.64026496494762 31.105178119464462
19.292627744258862 68.92703062631425
71.95282973682289 99.66959517393315
91.77632255556225 91.29385633709917
33.515797862881854 71.30966304236085
92.17654240715547 70.49435834598641
69.07626250941895 64.0302567896228
25.131326490686124 86.99586217988985
37.47236500267811 50.51835518216776
39.68380247906539 39.38739068058062
18.214527658089995 72.56899099619389
74.03204140665127 2.071911480692823
93.23045493102406 18.060370307779273
30.56405745412739 30.793435381315405
92.33820531205559 26.126816447656886
85.56132492316526 91.42416578261167
33.99039081289421 9.734445033938632
1.2577976847240158 20.936601775933482
63.84608965064918 34.113613461859806
5.982919608093229 42.8089966180672
2.865451683415976 58.25675270665557
23.94877111299354 38.0375704962926
2.85972169278248 90.11972631634441
17.244965078464002 26.145133129137932
8.658252061368533 44.38060884819994
85.96242848358153 79.60570837047847
56.51721835242963 80.62483512248181
90.76075337270868 50.73338809343119
35.29688275288685 74.2236992379711
48.700594415368236 30.494595572697147
41.74810563907039 79.06799689211702
11.372942676707797 78.99329239754096
93.12896428184084 73.25467529770032
0.1720990541254741 34.366503802060386
12.732946246267474 75.44875041220911
24.898503824626573 31.351683857017765
19.785568671076568 36.370204628481076
47.4724733155793 42.678653714811574
91.57671028411866 49.093403668775004
69.82957547773584 69.84204551167188
8.59767653910758 74.46681525540376
64.0241251667476 83.6163983341042
75.11979915127208 40.62636691332534
86.29648698617106 93.95341714270941
30.705900767400696 31.1885002380899
78.40266998257212 29.67134689957146
15.995630345086266 10.181553659250353
96.66414549454169 97.99743879724065
51.147207217882695 30.566358581640152
59.658787665214476 53.833582563183846
68.0104545583269 48.37805822667747
87.02285021374159 34.87056128978286
4.57943604449108 64.75174572351627
24.31438213472895 85.14472075283453
20.552928211613096 59.87144427398825
65.44367498359168 31.375745611578875
2.026972530472082 82.03006957191576
83.25414102383667 49.46953527718083
51.206959837916585 47.42347159711473
95.45883520630328 26.185714021759775
16.956272710571085 22.15098404529533
73.79185279196108 59.35620621047091
83.60025225166555 78.04045757420246
46.830464105673066 5.1160329526249715
43.647842198923506 0.8232765619806237
94.79736576826618 98.25893122656511
33.723290647417926 95.6603431766866
1.811352951707601 6.123327389797451
23.577106808044036 77.02265377890862
77.99785923301559 21.460398587778474
74.82432705452516 90.01784240478963
84.30881599381087 66.55316603817394
87.49470335345 53.25293458531837
25.147483955349838 70.19297972902801
56.601407133374614 23.787504546418315
36.71750913799258 44.82786681416271
14.004462089111879 73.06282280976984
70.87881503381304 88.45963916958837
69.75566359003005 84.88664249068432
60.43301491716012 62.54554997375704
54.26978947408735 57.388017036498354
72.85204992123349 57.10629420569203
23.61994930347482 65.63907873706518
64.14033757530146 16.662548318793934
5.736733738196708 4.85220840899947
73.2233906148345 34.69103161180016
13.604151017404343 27.70261009401931
84.28383076516606 29.339202016149457
50.26203598296686 67.23502573306371
65.56088213845874 44.682774152269644
34.87258528797695 27.187904109758986
31.077608875927965 27.708204155033343
25.5082127351246 1.7388252607733912
42.22590648880422 67.47689652565539
44.65295944717476 1.9422212633286695
78.1827121281649 66.27514909609144
87.33274448797775 53.88649878905508
12.607066327623095 85.68925777007107
0.9010545788098678 14.9058152218569
91.8913900317712 32.792792811121544
25.709327378756853 65.37421085570644
66.53875652702365 43.84289808482268
10.79139546390061 93.53798796778375
44.81605006196093 18.072861915773174
12.08668071753307 3.635851746240837
98.06318400447843 54.45927896336945
68.80110925123849 88.63825793810769
87.04438365081526 42.90222935660159
6.889530863871718 5.134254002103633
89.85833244925082 51.44537140899003
73.99374919762084 67.79262798497463
16.605013223614595 36.37012306827836
81.66835989782668 74.5417677379763
54.56371581021537 54.39015275665506
99.5844268517532 14.07096127801777
74.96148057658871 83.87043204280953
38.93346657846305 76.96125339798115
27.502508271806235 41.06455650011781
81.1177071706428 13.255177058937562
59.376922905123564 99.48860967491689
30.22837251276146 36.71452433006899
19.698374183380174 59.69913896514416
65.95963459034544 92.70445494364714
14.200838423844909 68.32904802407654
33.20269203751419 71.49080926714035
59.107114131783256 36.82125607536668
35.365335290976695 55.242997992122056
39.61558142026219 88.47607115536093
15.560929202408014 31.274997611484988
13.86991735517773 49.22351557188891
77.2800734955201 11.10491478539306
36.88234554682255 93.18569619684439
5.4767914169476795 64.17403126673777
7.3455810485586355 98.24849893110593
63.297104731840214 0.013127230357390385
3.3804474204465307 35.139463207896526
50.07401676763901 85.09603192051341
29.29618155473741 62.76016795053464
57.31646669299736 80.83303434168133
73.61273747952949 16.259891439174513
0.002166489523658388 71.65615568842122
96.30916512951005 83.8505320989414
75.93873579941591 80.26715160046191
7.987015618609117 58.296261099361345
40.128487690639005 24.364974979262243
7.346324607511356 13.20004142555009
2.85328617853734 63.38632047363225
14.97441228293649 56.58750390190903
16.504633977808012 58.38753970133366
72.29376945491175 14.275293793284916
97.37610687136555 59.200843572970285
42.84276447446169 8.928539248696332
86.15125396730485 72.35394696578774
40.67711900872879 83.18297984907142
45.0532800334817 52.32709248568531
39.665376881581196 34.18367368842783
4.071001088291737 66.02043156593157
85.8222931726285 24.871542826393334
45.193018613739575 19.095372115260712
87.89100748730907 14.74591847885428
73.02018630817332 14.14741014005908
59.20693354058586 12.139165081896996
38.538534948282766 79.68134031688444
63.34207748450535 85.41434280278389
69.44462118454963 67.99794708110369
43.35778064787984 11.239832314623522
52.3261029823778 48.31796819517314
96.52778420311877 2.4888051897298147
89.26339368230522 46.36462079524929
10.897549640308501 30.237327767564402
43.826411286082035 60.383212054239756
75.12200568794401 67.0227615999257
56.166520596396396 27.049066125971
15.899917246846007 25.983613785231686
14.886345552780933 42.523351252065545
48.61285635726429 1.9398165608603968
77.95914075951923 65.0760090306765
50.692886702078454 96.71123390897269
59.54563534053273 8.396130830468296
25.332995483264387 66.86817685216097
76.62230830466925 66.91311892400381
21.76969925763409 29.70935876145783
33.9131275829727 74.2645988995966
95.9958380638953 71.39216060938539
21.289533187752717 46.94016303975801
83.17196454099407 61.59719792321287
28.146258370987464 98.3412844379044
29.663190218861757 95.92840247084492
39.306721419923754 25.70707454587349
74.59439659112086 92.1544555335218
37.559430783442004 86.87379613331694
34.160695061161896 21.128450317568326
19.264471435495945 75.39713710604873
72.77040875321377 94.07358545810997
43.4654106765848 4.080239066341651
49.5596400948414 81.638427565079
56.85371608240306 21.727871880548864
82.53012284635516 15.158532311735218
55.22432879161663 56.52022549429533
37.970868010009085 40.599042322330945
82.17657611473253 12.95244412774631
58.075969896808054 59.77887483248353
81.75118948639934 56.85835947771556
19.374984927941384 93.97137904348854
8.492364068724967 61.92164291010065
63.95639057334317 40.35539392453573
90.02908131901125 41.00597286959643
81.5926817189378 90.4784873285226
75.8091956218982 39.06487631709522
9.933808206195604 95.49298028746371
42.410781109149845 48.8208801990955
55.10768346191695 32.26312613080492
71.86327978872254 61.16870325698357
29.404538812483484 35.66847845358934
73.62815397805782 1.345707883033198
39.87993409154487 21.28836990904499
91.44553086244605 13.722098638786617
98.48915197772116 96.52310277978961
96.9103076377508 0.9641001874156729
68.37681330630053 79.48780149731923
81.57404480187773 68.06408049849243
75.30112637690543 7.475778583095238
35.38201447085321 36.57860250401092
45.980225394386544 66.7714543843615
77.88967684765208 9.603624654207177
95.6333098661689 92.18305049898657
93.88803052309365 64.07166064750794
37.58125092152134 9.641068508509276
64.71837284543018 14.56076743611041
44.177034878676636 56.918754692366235
79.82860034438698 70.67976331320108
73.63889548521286 82.6763768698718
26.81277271549315 78.21117742359
0.5497078018640411 98.74420927002816
23.40884621124506 99.18066226391416
93.55778496538495 38.50861655130829
28.421109022441517 88.9762766140107
6.341783129468559 16.926824773122906
30.544815496251942 16.71041620205125
91.23264395580533 55.345117889786586
13.466226725241558 40.863371699053545
37.80483124794108 71.74038942393081
34.65246988433386 99.13267445958513
75.33826856123795 86.62372511857666
95.752794612909 90.70802000981863
99.73703853973736 4.248821672646885
4.118725928227807 42.66967137780928
60.44836185693532 25.548162918760443
78.99338978619626 56.7694663025184
76.26308191934433 85.6819761791756
8.687092552271203 96.98945739996306
81.3501767628047 59.34284746729619
65.1452181542025 63.40314339424362
40.22251892275299 25.501785549033617
96.44627100344225 80.7682036681629
29.559851240197467 1.1467358829171603
9.845849843028953 88.70358653888718
47.56878356854837 45.20915021894355
92.91217813386471 62.11721768097935
96.18921239846564 21.323311306181083
42.73144095105129 36.53253768030721
14.834128797885803 99.0023696834794
53.408261004483336 74.65023990991455
18.718928128926372 0.08254887260681354
67.02973581195859 96.2864252816995
56.20830777889658 35.143909663535524
50.707071871657014 95.83439853340363
26.20493860690427 95.89679375718838
26.84451640658647 4.2962021826397745
53.77810907709085 39.367002360790934
51.56387061583988 37.30179361724073
53.335484453365275 6.573523442973439
68.32830470607198 3.4530951155682277
78.83554415278172 44.77123123789234
23.78902105965005 11.825607147143579
19.259173266922858 30.48779817030812
72.86614417545894 80.66651435080475
72.98906367374138 69.85587148934388
99.34359515990853 16.00392117617766
77.63504190300016 60.72273853700872
78.62404912338268 80.78553269196463
50.319231427400844 59.92405310557453
3.1264399885459815 18.208711153630873
77.23036082971552 90.99665261405413
60.2093906558567 22.563715486027004
38.14366003150786 49.77064014338507
62.61817062643694 59.45306396301291
82.82470145630603 51.65149196092531
38.316104942138395 0.9495765558688141
74.30431810028846 36.78576878266912
45.06890676270117 5.349216438053905
28.761433344403066 60.90208281777919
25.606443731148197 1.1805431032986036
55.71463750256882 86.05566655362692
94.73884071647848 2.0021628562661653
80.36988792301878 41.26667596299318
44.551055717227904 49.08792393756522
94.49433886274241 61.58346873397594
24.915343459655716 82.16896957234532
71.12740623818104 60.15190751293294
6.08382040435248 14.920303187155993
41.92952505158861 69.85308978183426
51.27184111967612 43.69904015806901
14.472433032620302 69.65405263895855
96.315916519387 45.02386641284707
15.342363440727746 52.74695247115222
4.001840648803379 77.51268257191693
49.83492661723146 90.81915734829266
64.35952794409204 75.71045148976722
58.79711777387377 29.137045821390338
47.018235276954215 9.470171045544639
75.63986553925498 10.048646501487934
90.21319306252936 96.5882954781826
28.539112121515164 90.50275020136164
41.31520869765131 18.321218864344303
35.33369793612281 24.698874307236917
72.90499898112446 93.25802653305227
16.490517049217456 96.00199075774071
21.339615668418364 32.88885974248874
17.421162574548454 65.37678581689524
20.767652559220483 72.91794955196463
11.361524555560386 46.25880926689195
73.51009524646476 17.655182047076213
79.74302924636541 38.7102128041968
77.47937247714182 77.94572356799878
72.04234747373096 27.26946398991349
40.49562791612357 41.94717424189442
14.600510176611225 79.3442005695143
60.222971239886306 96.88011437317687
68.30707352507736 11.825700301550036
76.23437213454898 91.32037337211648
78.55861902340442 19.240789578566396
1.3017028515059037 7.380390760896994
20.736494756070567 75.56208055804686
13.32199908859405 37.9380517238626
72.06452054928226 0.21117458130416322
27.19747885765502 92.14159243202349
31.125908204869024 70.75477033032516
66.39816499893752 44.98021014358965
35.006028590137696 49.47522013369401
32.59526270982024 36.47190180245787
89.45238579874632 67.20140075958629
10.683496539256677 82.94369104123786
75.82332725653346 49.186566142317375
69.93243057171705 82.11338744466832
67.31807410829494 78.78242473425819
24.654152362433678 65.61147757596164
96.8596947570533 61.60458158467252
31.723553312973195 49.637289969111094
58.807836693612856 76.28834840438297
71.26931794528502 44.06402618103159
95.39823578811574 55.56120103348214
13.38032201334135 27.46539406581836
80.43529086863126 97.57641072725698
57.26185211508549 87.65324200442383
90.17030313672439 58.555959862722254
23.450989310922267 75.759128495984
39.3799971939598 38.129872813028406
14.220663308722514 27.191147611230825
45.861008027879045 23.354461196583763
29.382865603554865 22.392612566316362
27.44670712749595 79.73872791194192
90.71841130115905 66.32897588846019
87.38123611537574 57.739286215461284
82.47525108885763 18.135683269024327
73.6108892497485 30.243807566987634
79.47640587327263 5.659078189981637
83.99564757472092 73.8560915691811
60.07796910668346 75.0795414015186
52.921117349085456 11.555340535478342
93.20315496737354 84.64774250664063
96.56203794120427 1.295521133515698
90.80522259163143 2.9836874430331783
54.73937695808415 3.8318443250634826
21.88419029840133 46.10040132383189
39.708145514947724 7.855628240354995
34.13168242730556 72.2597060461469
65.58534692357455 32.18662913549098
3.2154516140761924 2.6806513719007885
89.12270946879346 43.78740783311842
96.23635307298308 62.06624142002543
66.82306256656679 76.91055309755735
88.84340963034069 18.52576329291815
55.62394154350541 79.05018821214195
89.46878924555935 46.89479121873937
33.11382825283341 44.715253275467845
87.07190090785718 94.9739912400836
50.30427056434339 38.25131028260569
50.390897883649934 75.62141565950297
92.41547194033701 55.25259914501758
49.971239784508455 67.51787705372536
67.35918724534528 19.245374455046115
68.58573096691579 34.23201044236013
29.433649054762824 33.557588621937654
50.298434948030035 3.5603281963870304
26.3252431962945 46.283374910040706
31.08775446418981 36.40622896312766
45.18041135114943 3.5489149987248836
97.81637320813329 6.030301425206675
27.916021408215496 52.16959396470657
16.62378733716533 22.41386169396685
61.90084157626495 94.42659633937983
43.05714933988656 47.2003701754135
94.26979712530239 59.25200115949549
63.43250656189602 65.16030025399982
6.999613041821229 9.382747997466689
91.92650800558731 16.030072857483656
81.6603809181697 14.311958689211313
75.78634284874825 2.0279773471821305
27.18703049234019 64.12388665477796
32.97268134669717 63.996864282342926
52.81338996443732 20.986825017915812
43.55164213914934 13.867705390112572
45.88117436772401 32.38754282052702
56.6003675124272 25.13814765647129
88.62989791123204 58.02880537186326
88.59079685531587 13.671677054736975
