843
45.33553439009916 99.29748060651777
72.47628515668109 43.67187460710576
82.26966309165724 58.46524181873293
62.45322990242123 11.909567749697858
98.84557852544913 90.886385602929
70.3976996475041 1.135087793796452
96.446560249003 79.21822389898755
59.241210534397645 58.95315278489808
55.4119973839884 37.014433959288326
41.37426727356291 56.486267061374015
46.8500118122697 28.624957615467938
87.7453241483563 61.994471445152385
45.68101464116295 4.486686918001626
30.422209518352062 94.9813524908589
13.6170172582744 22.012088020168374
80.90103569730486 36.343133843059924
67.4408718705919 98.64108633795638
16.266770491065184 22.590575679851987
5.517098970988432 2.6931949980416925
60.87474101564513 40.126667167193695
81.32285385546055 72.1679173943033
48.00535664285702 45.61054850126768
27.545086416674657 58.07077561092957
72.38534674064437 21.374484275459395
40.16152802502663 6.750986924076418
19.221766680977524 86.72453119475034
24.775363167128617 77.18518971403687
84.38257206640729 30.258600889797172
97.60733852353248 28.779473094932374
80.09515555349476 63.65789525328223
17.137632432917894 78.3763754516412
51.540059871419416 57.619237823479764
1.703156038659781 90.55256840933936
0.8844978245138191 42.90831033014302
39.32040095795916 66.38148094264648
77.7336689906566 64.96295268776413
34.378152333295574 84.79463584359658
99.47552195014467 80.0269311831315
88.07527211472252 68.94282013584004
69.22321436854185 35.82256560305468
54.37725288048464 86.78271545370383
92.77127740790884 64.93534421613167
9.339316819717446 67.08620832796898
66.57910787365896 70.57617046414533
54.624377251072744 89.68002865187762
79.37310077180759 45.587924508972996
21.670468034293766 68.38728625706008
79.05045561894588 81.44480056952354
66.63596329481305 86.39050013171921
39.26239701624549 88.23368809502364
87.35711916750822 25.14970445393725
66.88841978428745 10.981967103193025
90.59736554671393 41.34781822523049
77.38549149387434 48.51719188739909
21.924493760040775 67.24840980589207
14.75233037002469 68.00701574228853
59.31979082019668 46.800238848690675
41.53649656387039 19.81387817708361
22.226952430091572 72.90561630967036
93.65241387385534 71.56192963049901
40.14241584108005 85.84994345323545
65.87238789759604 66.54700614951406
14.275533876997615 28.34189295725994
2.636889267106901 27.57887983074293
92.53056190560196 38.497369952072304
47.1171750845349 73.17553753420854
85.04491629960492 30.197678131810346
75.81278141247405 12.97231331046892
45.35495927404296 68.14223029417656
32.502317172842645 80.29157933393915
10.566297344028197 94.38824455708871
81.16536104642236 91.06986810494706
51.63321655840334 86.89529406557638
82.72739860107751 20.290764328004364
60.14262138744796 52.454944823437685
62.03853270456317 15.553327225957137
78.08747080460181 12.363324099587148
85.4362897450358 16.30215547065641
95.17411018744187 99.0700499300713
26.913492820003494 62.29381986947544
44.48283479091375 53.182564823110624
72.82703763059514 43.078130926029466
81.33438865416014 22.304535429192875
19.238709777358665 83.44809761609756
58.12268475511073 70.53174680424169
11.773542223483025 34.903107723811935
75.83000256523998 68.99632188284104
80.40470583252717 14.082527230442743
53.50514900697997 86.11966706844568
28.010639770541466 88.91073371769103
48.90114746059545 62.06229825160903
59.124995774030054 11.947900942047596
31.60785418852309 3.1845242247769967
17.226655805120927 50.109786651660215
87.08643366405498 54.285030616520224
54.19962775582331 24.967443579995894
68.66066416218405 69.29123453001907
24.760406159479643 1.7717445910210738
41.22663976662789 62.726603266980796
30.497072808514925 43.18307633420003
44.27631291184406 88.1740476143982
31.640338612448993 49.77910840470854
59.33083843251264 69.16595346188453
43.44653706477697 39.874799132059515
48.69145890482823 35.94756808982878
85.87478346135045 96.60595807944632
7.13008604409251 7.55586308879872
58.0674688112073 68.8557162302632
22.85075211659786 29.836879301395193
84.35087684825982 72.2634883779412
23.94189307660961 27.112392757292426
12.291951102999565 97.92188565433351
81.31439830932842 57.59112015514247
54.06095909719533 32.17165913159125
45.64026489056181 21.67348641037018
40.011936153970716 75.27019877588667
36.882719616787085 54.512346336287706
8.748332144607673 28.93852453044855
44.0317880900568 57.18214471339863
36.3486638182664 89.7509326552428
14.448284470837958 12.970500631754744
84.26506143556041 24.331829068895118
32.62329083756011 76.80488322169958
83.45307646920828 2.6000449439064433
35.101165496216424 67.50000107781113
43.949339413720686 90.83130988687553
26.54046657683793 99.04999921235839
87.75172571385616 76.10978399791853
85.9298301978357 8.059173494276672
5.068283133010942 37.92539281997595
95.52656929630828 88.56651635942214
77.73234660664372 81.80146617547476
3.764485341841328 60.64707710903694
73.65596965175872 54.519030183379314
82.98411722913382 91.09452056110877
56.2541883271446 18.230340756743857
44.399869275809934 24.116487735505267
35.35173215398998 38.83228235490562
29.048683385117013 73.3049216124529
13.96917048871008 20.029700769295864
31.299060388407774 6.674737947383013
95.78498618140078 87.78051869287452
33.15739219268474 17.09331677582456
36.32864630424596 39.924328924891796
66.29410321328008 68.45931894730192
89.26355952100066 73.66336566954476
8.481436784669361 53.587023128771705
90.2704097386715 60.999143629615936
20.821406986342584 63.94404415822517
40.69975455704245 64.30125302930915
32.623822804223664 3.464427775352752
94.13209433070851 24.1123873103395
49.63694012580287 21.54823409605424
54.0646227712919 76.06321398662386
54.89451060064117 35.35172653722158
75.35559609036808 18.072903731631595
65.36856465024881 10.90686212031885
4.705192151509541 74.6041271516373
84.91688165636174 14.874665628673844
70.08495749300869 10.116564910197667
50.07719931270126 44.32366758801168
55.066353816705224 15.387494274663926
89.5423979845235 34.298428909925896
65.0320867529112 94.89943013891184
37.65084920609391 47.614563561695945
12.909163924883703 71.61642149873404
58.16872748040019 31.93649594051947
6.158519934180273 52.48296606846322
37.25826593724142 45.018346927561716
6.947131681310292 73.11464095243694
55.549604823743415 30.87148591607235
65.84915232241835 24.048641840257503
62.05174311153261 70.75987316275892
34.46828265723517 72.45927034850101
25.935083665883585 55.002493939911226
66.75399670620374 24.87462528957465
84.24608352343571 63.60688859792132
61.855101956628744 32.010973386212996
70.50426238430725 63.871906121033874
90.89927681289971 35.07268772796889
65.200270479949 80.83671727954143
49.72201674224671 52.41817211994517
45.48266031819181 70.886757008825
86.95986482504009 27.539700588327275
53.444975225081556 91.69189856738258
69.56137794520447 82.65101701195432
25.109593379224336 45.38343661483528
35.49120550062423 68.03367900318803
57.608252565650695 40.11139663864749
20.87509878647711 79.04649062090955
98.70907453978045 19.11180796064984
74.15611020265939 49.63109948558322
14.055261467472546 97.8059422088795
30.068168904381498 85.04954979396851
84.86676740866753 95.30935313410264
38.14920010741163 35.271509471308825
21.71271391694627 97.47215145216059
81.08893789418242 39.09669740468068
23.987552434540106 15.09038195025294
73.04025060738851 1.125282854145493
58.44217501150941 58.383434585513214
77.48431796509838 67.24726376972718
96.88207925002388 33.662393106120334
74.16650538505392 11.788593793796343
57.20596977962066 37.399539374327205
98.40217279552081 32.8480608503761
95.88933041056316 45.14821256277924
96.39515419570975 41.32186935085331
13.186162319828487 45.73274397173842
42.96312825091854 44.81708669860901
13.32356667043494 76.25852278196011
95.29403433733256 71.29651451849863
8.801126757370781 70.94249294451743
14.842330856729857 12.382548465252574
28.15957521087228 9.10132170996768
9.152133519491713 36.52618931138031
73.46564345947942 69.84667203166295
61.68375967474853 66.45714928265052
26.546574467775674 79.91018624114834
23.84681533146109 43.597129929544174
37.85370513522063 50.895415111466505
92.86127942866837 71.75701846588392
21.544943166524888 8.100533213929328
84.57407069872059 74.13952747198425
88.71774511682047 17.16588708328861
60.505568351494865 22.474813531843008
15.157139957116216 61.62082351633303
41.373487608380636 61.38167686894492
68.70480621791648 27.98799906178192
68.67386280214704 87.13902148248349
13.781380527625409 87.28717002150447
8.503137077140877 40.10313788850757
67.38961794610692 85.82719379799798
5.899109263704405 14.69056485793515
41.569307271328505 34.32170638470956
68.368460775923 19.674526751207
0.15908003054223574 61.80166193032862
46.794495685206115 94.12114586621611
52.990167340633434 42.27041014439652
43.178366339157215 63.34234788119847
96.57126941821632 42.62582772905517
61.299731884916156 83.10004754178976
35.221855626741046 87.70774774309352
92.56329502809095 87.94875127775948
18.47584269842788 15.407507121455533
82.5952952670067 93.38369643329104
98.13925576012775 88.5569124147618
47.07668973810808 60.24953705773609
54.84417925543175 74.67378512469955
61.296631663318536 78.35142572808114
29.918937565614712 5.737813812850645
11.205817425791464 96.66724078581565
74.35392653808374 55.75592069370132
38.349501419011375 67.3732416167627
92.39678199318638 70.11607487836305
92.2138033664467 49.33577769799097
17.01725028785401 88.78805766793147
47.59986279337893 67.63093039743316
0.9231799064659985 46.34164598820729
37.039781848203646 16.910821642067585
22.76554606161787 58.03212679585011
12.760748354875396 3.2550153393360093
14.240852505188961 96.22268583367558
98.11159640444228 49.87072613969246
34.42938092548853 59.19875895382547
16.171445895410454 23.481962702271552
24.595554281074882 36.42764606767487
87.85721590995928 67.42845578960697
1.6537577293011085 25.501358503118364
49.205798982941694 24.612213283758766
43.68951620107041 66.10378303869375
26.978610455212625 57.477656610213366
16.91846308365794 78.35785686029625
23.819761470244817 49.18917634301271
32.892511450169 61.25846757803598
54.333299004843774 71.47996336765983
97.19609992665829 6.754133511641314
43.66440870216799 12.74829264023154
22.205941982507515 48.33981788828824
13.109799019557776 93.82673313525106
53.97927268473756 78.28329793557303
53.57566830330076 94.61634282443583
4.678594922225033 88.79694572682419
68.93373932841286 73.97429609645181
3.991872926207851 8.580725073513396
67.16560389269512 47.38351309126182
50.185119426592614 86.30573612777506
96.02875118867989 70.42357800378025
4.825737306290745 40.66534001039804
41.903084247260345 67.90037727217513
95.07963055279687 87.49699979367354
28.50284717163153 25.342510643857995
8.716840120874592 65.59594574093272
55.55220515182936 8.26534588796325
52.75150098331951 32.17097462025581
66.38605468777732 31.04344145672776
38.52299866895598 7.484484170193384
15.630773744883609 46.38995000292751
77.13397680860852 19.384724386917572
92.63746472396632 83.50889711858923
31.891609139798447 63.11011246981708
11.145199772049574 84.92280390669147
92.44265848273798 6.350614529428055
5.9343422754170705 19.22036534178212
52.4149827625929 12.246562677095218
24.869719816191548 29.370386068488653
15.926071509913198 46.05047485020292
34.60929838618883 51.818692160233205
35.72630415677831 23.12126480486184
57.95030264579481 35.56873588603315
17.60332987008616 52.73107145390248
81.03639198136477 40.598653761580294
98.04939394024514 5.431118992146134
37.62589495968911 79.65300276950423
73.49906096616485 55.978440558413645
11.880935148657912 57.389355872290125
46.61369137913647 96.31566390346867
64.38388741469309 4.863282111656375
44.486877194460405 91.79803248279896
86.15153516733706 21.33607379361049
80.1366175238983 45.79921457694223
50.66065836027658 93.11628446255935
4.9924193355850965 13.908628623161533
91.90793992652453 47.68680248638431
78.12579541102595 95.6005051147806
47.922470465437684 82.64364583415167
52.70678011406994 41.74967409883234
3.4995280640810145 67.0513223593716
16.180021892881967 20.052449550198514
27.307014106976702 92.6225071294157
26.37068555217571 8.241735344442336
27.116380536285767 41.60343910338084
4.598573715304822 52.84841540635929
51.84352644865713 0.7491442877341492
82.08355879323223 82.76295750089024
69.49168977730066 53.86969341761908
10.26192262979193 24.21193145146767
89.291678642655 44.93115430286784
14.263720646142563 90.12731718134458
26.213248599924853 15.678203853250295
31.26340292328549 49.374943363672465
10.395842291963053 46.01300164605021
46.73240604248258 28.468288717061697
25.5967809962378 26.3294606926627
21.511887659474883 14.467446818987174
6.325835783007994 0.9007904395756272
9.870376226072185 54.148587102411284
41.77790064418797 69.07913390922116
46.76712970951233 19.846347584392042
10.658112054374092 75.03306828634145
1.6100684451757163 72.37021972021037
28.11345798454825 95.75738951470491
70.52574923772387 60.04793692823355
61.19092121079094 66.22899509878594
32.368419051326725 27.843645072407675
25.5019636360184 98.84143748713073
31.065266600750352 54.88123656009118
89.93864861032546 95.80768545950936
75.50964460822159 41.86285246052327
75.27560647479126 91.56211546032725
88.76887175776315 18.19443706726259
43.61533149238894 35.20890495289108
9.874065133256371 52.206741357493
28.083834049637012 13.469018793380483
54.69066412543555 21.92385337318832
99.41180398394881 82.35641264677501
3.4818702591530193 9.818982476544624
89.77493120389458 96.07935151639731
25.455722863569974 66.2239073356411
86.06193596347546 16.99954750161059
78.11727537577305 89.1387269725472
57.671220845203365 55.25019186915977
50.55614827948908 5.149373032658177
44.39689536431658 17.411179678873133
74.59130507100227 71.21514754774138
33.95420879143954 59.49894053610616
6.515725036567943 59.4971586434243
4.666694949339867 40.98925932944568
87.37822021120972 88.7535772256822
32.75658630182796 55.7249156947416
35.25244447399372 5.35397478600318
94.68164955241976 58.97792030937416
79.3113337615043 36.311214222906955
70.90461149286685 22.932194049865906
3.7053440686210637 12.773390619885461
70.01453212967597 90.08109175187508
13.928718689504016 35.29075550801497
52.65843733976748 90.60937603365798
56.55678702020597 1.92050075769149
15.294397063590637 97.47381446956483
52.87092038875127 14.731888571804374
28.893351119939148 58.68885354314285
66.9351928831554 54.41623363718647
36.94961765928132 11.249358407582887
41.9692581128675 18.10448687561611
31.375630386618436 27.44465386058653
35.03718246477471 69.65682502040168
21.96490739625122 31.954770274471844
78.9337530422468 40.19509410772736
64.0808070020672 46.935938416203015
11.261256926238028 7.650915696282623
12.924322903645646 63.50226541767526
66.04544097099182 48.490318401777735
19.016814819092033 3.8523953935929667
4.665662219359268 79.35622196998004
33.65185128274082 61.010258870570944
63.136285702630026 31.543156308629637
55.247925257666765 45.60209749892562
52.49688149077025 20.70287127416289
25.10437626329496 96.55614235697708
27.339117380437873 82.22331713245427
13.963733115101086 32.830918368870265
54.62335386765413 81.9108419602697
80.2963118440562 26.08475341342111
6.817649967659367 34.045944240089746
31.614518236517753 27.94236319665986
82.14398323474353 1.516859150545602
54.864552746634075 44.48993689163099
98.86266657059362 34.159952491993
41.85050707346091 76.66692869167643
40.7475246472796 40.39285166701496
22.02934173724893 4.796570684536816
14.560015254666581 25.67950597778974
34.407446136753784 24.00566022701599
74.91828666333676 54.683826029149344
11.065642807318088 86.75893826509558
99.3649651207856 13.195040295084015
93.84303470173292 47.317107492083025
30.960700677331555 36.62227098559132
47.26302156390457 20.0902401733425
1.6505711899042597 64.14842745105138
37.07649725370224 10.415834118290002
21.65439550104179 51.00231258055972
42.116595007322665 44.95251981288696
11.150051024106144 92.92873247906815
26.11959741577494 56.97487333606027
97.5375892663042 45.52740325613278
47.66967110825539 58.34080852099699
41.4014124734273 68.40590268825176
27.831469513957096 2.463343008813268
44.676967176725455 27.904985947684825
17.993946629742396 47.16371072475574
86.45264347376317 2.0074224663161555
38.395579207115674 92.21495726322723
4.9444616206007925 37.35728632990431
66.16774328182919 55.00004225482347
18.36193044494805 22.329942154787187
10.169146809996532 30.33800669543172
48.08009754335825 23.338187140450916
7.684283965657157 20.93366425158156
74.61188104459758 55.70417215156782
18.72169731924096 77.84230764315605
66.41048926287245 90.00796951562315
22.60088312625378 1.420674910613129
78.31226961698863 69.93434321712732
68.60592898167403 33.62034216802664
81.19401725676404 21.82077352929759
70.14915881938691 84.67772882435195
36.86068182815988 37.60882278419474
30.948262488486144 86.70568459143813
76.49126184312269 62.889614143321936
10.532895372359208 55.57132107949203
40.10778468982183 95.71238186316778
40.337173343901554 7.380656736596858
97.74663787252757 39.056110525708284
57.385954921171766 81.65659171608314
54.674928971427526 14.437365836299632
30.31988348292004 66.20216040188981
61.12872895705388 89.84599493108841
99.05363722101282 24.17406949404597
66.27942055195203 40.81528490992924
13.879143740664313 43.29431524587891
99.06727094746317 76.36495808399586
40.34201079642421 74.89623492416544
4.7712212498766 9.330749102847236
81.196530576304 72.25963273426804
17.28651977210656 56.78133893562679
83.01697506270824 68.79622880604344
5.343573631432685 1.2408064970022226
3.565510107408487 26.410782811439493
22.997555331744646 36.64168567085515
34.45952776056698 13.587256415457038
81.11816847166955 23.447215825992764
50.40062585350435 31.42895096602476
45.70778716562744 11.522361368133872
47.580434405486095 82.93206732687956
19.899685719544856 23.166343423703406
23.647610904901516 85.0517824616834
97.16885792913708 36.2558855723348
63.30150461992784 91.02320524650645
95.83244705418969 90.73880740717793
8.052256981909679 75.91526543389871
60.853684164947495 78.25135296233435
47.23228770343455 91.90917629658989
23.051572662070107 33.01082961349934
48.1174056103771 93.31749833361329
39.8387679145773 94.28436686173444
95.27467066401553 78.80638762549852
11.256263311207071 97.4826983482625
29.58071831949264 92.46809350831714
53.22510129246679 38.17622816744704
14.874686481973253 30.727189028332635
99.36891073180301 39.62998115114765
17.77284050258956 39.17205819708095
77.10393424401697 67.61962542575174
72.87264196395769 15.208194278486376
79.37902545397027 42.97105476257759
44.172738736197815 17.109042850749812
83.39739921527699 95.15987424404064
96.97771879837163 60.614164380447974
85.2786589218045 52.831189598766926
80.60811363738553 25.07136832152349
68.251035345406 95.28079526422314
91.4959492411356 69.08367035110577
69.36573301134865 72.19705854649831
7.85769732457161 95.52533550008954
97.46773065972089 52.22721059772187
4.378462653792347 32.212303270432216
86.46190119171776 71.08470128273152
75.44330184917636 79.94089095993974
32.9426636574344 6.94680758692
51.27014171869142 71.75930608606798
91.7591353500752 47.427798552758425
88.56734065526142 13.618476210426245
9.951830207871492 59.50654497097692
56.837051649667 76.13764546589226
94.2660610117832 97.08874895387464
2.7001338514054285 69.15840930131225
93.46281001898097 72.06080422520255
18.3637412920321 0.2936714692861053
18.644277682370493 58.048320614109386
99.18236680218546 3.9232500836932305
60.35707030299739 96.79481210411453
91.85959646562812 8.090962150507286
33.81301965931962 33.872922248620576
9.551235135994773 56.287593447393505
31.94485249874922 36.01491940499696
84.48816627481281 79.82936776669966
57.227590859493695 87.46523705340785
89.55854964581808 46.37787473438038
32.29255963276917 13.197405528082607
82.06455987589474 16.641319150084943
39.011680723633255 59.65279893808258
67.54878319130864 28.55705833251291
73.20667320967034 38.79695608105439
38.53217509197866 90.32666885601982
24.17115623177475 46.805856528606796
20.526867921743865 35.40893554482989
67.16159259406794 36.27418109500219
68.94995946923824 58.908953506329745
27.625080276840876 81.24233690446727
51.33663974691471 48.36177845536989
78.87214919185374 29.994885719446163
33.51462091449127 41.91563406063528
33.18635285492384 97.02605935422054
96.93988886587266 48.88945916488877
65.97360043125735 79.61572118496397
27.145639987137137 26.57433692941682
71.83557788033306 47.887157303363125
92.9421051354818 11.96302672578129
54.34350570338202 19.176474122614195
43.61510509725519 21.248587720561872
2.902480430366383 25.60668954580163
21.645249001929145 73.24109157155846
34.28175338062489 59.9040699507324
23.438947890223695 4.872430949029782
36.33261424584605 61.38003370739351
89.30363136302148 44.12282011029942
18.884058702151098 41.25015940079905
66.3065330271823 96.06795964857187
99.06354808486772 26.10942344043894
46.149296769950695 28.180951643856034
13.005373318829495 47.28033343450366
59.401989985804406 65.95064363805369
67.7563786077285 58.627588491304806
17.560755116058413 13.33752010912901
35.29339393413595 2.2884498602612102
46.62427893772314 96.8196891545915
27.083257811269025 75.52451202158642
92.04830184927802 24.64877766833752
46.03172620149603 25.920879354945026
91.84737292353591 32.70857727944946
75.51349325048797 96.35196455805874
32.65577847328706 47.64429133583046
58.272136580898405 87.08239621692616
46.87227837524958 61.71371452756777
49.80846854771106 78.74767351067838
42.72768541506713 42.110997794546265
60.0934135185334 89.38920339640461
47.429013819611484 52.29944368078231
63.93102594660086 66.06707399602058
19.780296649695494 27.78246389535347
54.19117341682812 41.13232001024849
35.783617008138 3.4971675553350234
26.131916570541247 23.24594781813
40.9694118997383 82.36252025399084
38.07641262016037 69.90879559512146
23.77643295152486 2.9847511024334583
99.10112251319764 64.56207417568669
90.62943883233562 50.38595513507119
25.701165885569743 50.65905391231777
30.87461836682097 92.86463824475678
22.74199617337126 63.04076782749494
51.45449660613176 48.75391146241681
9.232002850115528 7.602360468000946
18.08016369920422 16.065876268402846
32.44177189674539 0.4612073858645038
43.36066039133052 54.66338302555792
77.80539837232648 57.571781353925836
46.70286300468809 47.14204106274329
4.633574884226899 29.1135829431879
18.90510772368851 86.6612802400139
40.85160913658134 83.84084979046
71.49846028169492 32.24405407214503
86.62375500781394 66.57323156957408
12.438336768080694 1.8375042008400455
24.921449504537097 59.12825912383718
28.21889633184608 13.867024987709586
57.98346124425113 27.485704879698236
31.984228434284702 64.31691203321044
15.897638490007203 37.08116059484995
53.28244377564766 70.42986437041823
88.60410181437612 31.96553309772464
81.09115809648645 43.23372587534615
62.93437626419058 18.608260963225476
1.2253042344603116 45.49111246422726
85.9773863531054 86.01806788134442
58.332222777947585 5.158321846187031
59.431617284227215 87.60644125853646
47.34548039126294 98.85796601862073
27.700150698660764 28.30303693076206
69.06078772604954 6.739182357038775
25.001293934398394 65.39299375093543
69.58490216763414 3.0089245165986545
80.97281047250388 18.88988321415702
49.501059396779965 51.54988973289905
86.47131868646932 73.18177030640213
77.17611474987973 79.87570330996702
38.91536279082117 49.02055692149659
54.492515708849474 9.150654433681105
4.277128317579826 72.54802168264595
72.07059663586513 4.173113678392159
44.978320377310474 56.8222496144604
21.044778308606926 25.070582768783567
61.29900457020568 13.016684169114622
88.07055965405836 35.85230283229964
63.09552927357341 28.901203604005776
84.82366700788546 97.11581247021769
11.518924674303687 74.24291933678278
69.60394980050305 13.52404292895798
16.31401823933265 20.305683495365855
67.64046953371995 60.736102558936345
27.786725358232133 83.07571708620765
55.9876031620013 89.44835023706148
12.941183858540873 74.12111713060311
49.557628782582086 17.908309809841192
78.44140435606062 66.61444176039768
79.57271496260216 77.22863677911872
10.326393180332893 3.276242737286039
2.7994995429022507 30.88496603823462
57.43167617613897 34.90682772188188
74.86162444821238 29.017227615624996
30.48215285773145 87.15337562072179
70.35278530180035 16.82763033408452
37.603138042465055 70.33421779741097
94.88704137340379 90.06852639622657
59.431835303768686 35.628577138049046
14.416878511178021 58.681200604834814
54.787900834195256 31.189635722259233
66.19292593414606 44.22614719769423
46.32151302181453 97.57673138107131
65.5721967292963 73.0507781407268
58.14265022983385 83.15869699649883
91.9469412397881 92.18195685483218
15.793211038203491 81.02869653777188
39.00449253252552 97.11547951648706
20.8946854873011 24.956134131873952
42.94957572339263 19.15438075574801
42.46700557260773 10.828138024944522
7.0072840130380065 87.8794862797913
25.298550534899455 83.29237309304935
51.56638331909937 44.6662467399481
73.3923464114962 87.86467096472046
77.4421295265314 5.507208487171244
68.97277999037868 37.21936051041386
14.471193169611196 91.3789488020673
62.660576480726945 10.386735410354698
13.531501534043123 29.78422596744874
66.12433586695326 70.03766578962501
72.4173854497213 4.34067533253677
44.687514055822874 50.72074095639343
59.88260124135649 43.8874725622059
69.65464845481623 82.97989862538532
59.75548444039397 29.946566345139424
63.89508116649121 99.50530563565914
45.375141501020856 45.445863288951216
59.53208560186031 78.98616261265784
54.59158101681507 43.38244679820548
70.3369776428967 18.57283645931018
64.43147184600241 47.56682575779118
64.03714177657636 98.66970992545583
49.303224825382394 1.2237306302333995
78.40414852356153 39.97366288368834
2.46211364319332 61.39330706340409
51.98163531714922 63.042170182860225
36.59038481557815 44.86693005845137
44.98913384798985 55.59395073518878
50.25951854518572 5.94006772457597
3.3496445459247015 69.58421380505933
78.10818109391762 98.94554117198443
21.73844711944809 36.92052980749481
16.716662880943332 26.961605993628158
57.23757288098218 87.6192109996535
77.94360145585843 9.579286171963696
95.64758913908668 23.85878793010212
54.861330379143006 64.42402956815096
34.89095479325574 91.06591610281967
19.802803602375405 31.077117325851646
94.45914390850164 82.17533612793328
90.54896621821135 45.287747914960995
21.97296663755548 1.1078589458583865
26.50540041396432 75.10935251579627
96.84263275749797 72.61973478953031
9.380107926614812 83.27545983158117
13.17353932476638 6.246962102530196
13.876730288634953 51.81262508757363
24.208145308177333 31.838906179230552
61.130698241095835 55.38767589706003
33.87916984601082 70.38099625993631
90.09925833853568 90.94965356496495
97.82298165673998 15.11247981547621
33.196101724976224 62.29331293090146
51.43171425038591 17.55365046375642
5.850338936113564 53.86011754064215
2.729133803748063 12.417319541118221
79.418493809046 14.360334359238758
80.33851367922574 91.7912072347686
49.076030090753406 18.305402099845757
20.426501443331592 72.76966056381056
80.74956701933189 73.6326717822601
79.62301554192923 61.95809710553435
69.66434162980441 88.36280177705015
25.237614763858062 4.097846946680672
16.597357528956092 80.29043817951822
98.85506447006463 28.8214944600499
46.6141941352791 73.8199443359292
63.12645759779836 46.05393545867521
49.48533985649986 22.403191620285646
18.150844784337327 62.175757358951586
32.447823665917596 71.62162898111696
6.721205482277071 35.06264064675838
36.01943244598216 67.41329633089904
31.608543028877133 35.680979503944855
84.52195919250963 22.92849039116249
35.24820338822271 64.06257265626209
74.93000942628925 62.50734430183243
38.811839753480314 7.779034624055647
77.99990654028292 28.497135101420533
9.459440485584702 32.745157974073514
25.659798533099355 40.52583463629459
8.86278805376788 22.337054802816645
9.070477803141097 50.07606880850206
86.34848599828632 39.723294686739976
67.78575109329658 93.89661111941481
36.997046179417204 47.98630939664159
25.116169125739074 59.66003137281511
30.133795740245983 55.77609005292238
89.38040485781707 84.19236834180049
5.174246985722575 52.2323942288919
53.69388225030413 33.72296553148249
8.37252066625589 19.19653265507365
25.388672879804254 88.71217791782257
37.003454104909764 16.43191866452711
93.01222992561269 10.226933893531221
60.46127915403283 10.835144178846058
38.99052903120649 69.87680803860017
13.074512814677874 38.662782693727394
69.54471595982157 84.23165012532208
38.409403702004866 36.01350643247818
84.09784380862497 95.29026543509735
32.69936554953985 60.70766970993502
77.60235907442299 52.15518313687411
36.523507863086614 5.620396423777452
11.76273384051225 60.18617861581341
65.3579882933693 39.166620544093576
39.510749366350815 4.1535896024493475
34.70189988851463 72.95530530994002
44.900777991644325 49.096865025242906
40.61711563323874 36.00108801646969
41.66357887315938 31.77638356124778
36.77868887336001 8.274182305398547
45.43149814922113 61.42690105090624
57.189373367798346 16.56006785388349
84.51006526890797 83.25225833159853
30.648172636801128 28.152907978437913
89.23536270934915 55.12037048214105
67.90503193987553 37.57364311966541
22.257166807261086 85.73231030158999
64.31193952228863 15.739387085074307
41.2190703787343 73.84051237090736
54.8176773709409 64.86851946541786
26.886796524313883 17.899217405700206
66.06759548229077 21.725253973866586
8.599880640127589 35.5859825888671
14.79348124550215 3.4611560599726587
44.30769782450872 54.22952035671747
45.48185418169452 0.6342077517993983
34.46687530169945 87.99818162642495
93.94314687869202 71.21722033302747
51.10226712685326 50.915685120514475
78.61329900609596 28.227234291172575
85.53865726387347 80.48269687878826
64.28075539309887 90.80353046843999
4.5161258117262015 12.788083876656298
78.49051090827884 61.5799715194994
14.82515591796636 94.98531740703979
5.461810586950023 32.363013997456555
26.02878961890337 35.74473859734357
64.09527506366514 14.374231987107066
21.54696534905135 49.83230530673997
62.581199385921096 86.15390462385446
83.07191805907813 6.751626068014471
37.56116945946055 66.08118915510354
99.57324129383322 52.180939523670645
14.564446230008453 60.44730840441316
18.936002037379616 95.8424058934723
56.876663480026146 82.23863662204398
22.067469271868966 38.93122550305462
59.23580969251112 86.75873606848097
85.53546204793612 47.400796796854024
29.77885442264614 33.03770830909508
98.30937080974603 77.52058778915656
17.254146738633757 77.95020951830276
96.57655938077345 4.821323235539243
31.251597274276964 98.38446694841907
16.854964834498265 89.61007475097317
7.12042602438403 4.1068518859410315
4.293011188595697 22.68938456325743
93.61022094873974 26.48426060655903
27.090289441668634 77.24419181622486
90.83364640661276 53.88012222600611
95.00055466420157 31.097390625068723
48.813896101877006 67.34197942192348
