830
39.793802031247694 21.701371329635645
86.82879852350237 39.58991828198318
93.31129165972227 9.973546864495663
50.96397473906848 59.00500195736274
24.25267573743396 19.878583992897024
53.32849306742881 28.627635153454555
36.72610118866688 68.54578554197259
42.55715001835508 8.03727683492732
65.92890068709346 81.79733677112317
12.999072495869113 65.74430231105536
82.17894522639138 88.1554675795377
5.153324025047357 71.93770393214632
55.45569761316605 87.74221824114159
15.92827450669214 55.39944956411691
89.63499941370611 70.11323398938755
75.86559614422956 68.29159556033684
52.578764141712355 0.5144448602980245
7.00486941339693 97.59921247498951
82.81308025700712 65.02154037982308
44.69025553732604 95.16175677296636
67.27024615601435 20.64412605774222
38.419364467580195 62.72449618128102
64.36641776815163 60.997360586429295
23.37571379736516 29.004236204179335
43.89850319594234 88.05362246333426
52.989341544827994 37.96823268047327
56.23036720151475 18.768535254340478
61.09753369274762 33.16643736208687
47.98820404578154 66.29763295336161
7.861441375161915 40.16765579691255
61.3262236143966 64.20901096796995
80.94120019654969 22.200192407539976
72.29198906788598 64.21818684709721
86.82142737078922 15.913768413759676
41.61522908089865 76.3320764174609
87.52932680069637 66.64311254865297
23.72663813408833 13.43821777477764
60.77770237719348 2.752384897564353
14.869400596910133 46.59780021104638
2.559753330900827 62.203000384574395
95.53364962522107 93.90039541387478
83.09461868907854 46.73832796315234
34.92936735820309 97.06582085259467
9.31131894381304 79.77109944966881
81.96946252025629 2.7399823408761903
27.605479030770187 88.42011509430151
21.119697244147552 80.91642805862104
71.89100132097879 4.2409629994822335
6.976285379760228 97.78730217881008
33.814353614287384 5.836333424314533
91.41446998229877 1.3559772720502794
30.16925321154288 58.98290215699584
9.784269315707661 76.1138483093904
55.72733021470483 76.63482584500125
97.14250357732391 99.07321544526275
15.046490056531548 55.085869717023925
51.78361135241487 35.3999475575626
34.279053008752754 73.32939835844566
75.44700278672822 24.15824969370878
2.2778408010831863 22.799226568848063
3.823831621494622 77.93571962650203
95.58591505960882 90.2228003320681
38.68658946038018 27.53495474644472
84.53117335070219 74.87363851442328
83.17047469012 87.34457763802077
68.04128655459391 81.61408624501489
90.36388523032174 20.284687704612793
52.80246240249754 34.37756216589525
44.09044893992077 60.80331223185228
11.846407215389277 81.67922948878736
9.773024976545363 63.0996789910477
87.31000545027176 61.027662408080595
37.220735109034294 50.33597519810675
77.97179274234173 65.33675658862042
78.83307474477009 87.612808736322
65.3187827026777 64.1207609481763
83.32823081304153 15.215180306423925
70.587086885989 50.7843350492177
23.625305611313863 73.72328866018016
55.82101351264603 67.36155181958145
23.64056613042682 92.65514976001535
49.07917269606191 71.12312076956276
24.331991245771157 81.52560841731528
7.005506183580678 88.60130690363764
85.67695702331145 83.79723324440356
36.93446918231861 70.98518681366026
87.98385334534063 56.40481194610023
24.16928464366668 96.17874478970386
36.39216032329819 22.956878166660687
44.82416804007235 80.43781297389482
66.49529934925299 77.46082447382375
35.993781171666384 36.20629876392398
37.613793120155094 0.6542636009937652
62.68043631839411 9.134772596605911
73.65158306073963 91.68272699684613
62.80603476226801 55.795959953465044
76.78722295738794 81.34575143005188
33.59095699014498 37.047872052902996
7.454018572420162 37.97484236419133
64.95371796352173 85.20018433169147
60.17695622069284 14.987871713912282
17.984852650741466 23.55669337093268
65.04769319393667 69.9235545275621
16.585199876357535 21.81203345948276
37.78107365357787 86.11614178869725
53.83609085758929 4.790435062771648
4.627402734511287 71.93392577955305
7.836106318933867 63.315306832156736
40.435753411309236 84.71186287568166
3.6974105807227042 31.598133893158575
82.73297851618307 93.84322124233844
96.70067319822705 31.242675397888142
38.81746286537376 50.06117119864467
17.971286297097855 5.137644093748694
99.5664105777816 87.74216961553573
69.48327801208674 4.5110465372213415
89.60253115145332 89.2072178194332
37.70765609202713 26.69291262440551
94.342845103984 81.91604124095089
33.11490715606643 53.65083146419627
84.58208127232817 73.89249884781098
16.80382636050006 58.302243177359315
19.245040494518683 26.459015562395894
64.19469090410111 80.15178394947309
84.37730500834252 33.48686919731734
63.30647569994389 1.6012499969996763
77.72067538328477 42.29894160158896
48.063427867018106 85.25950118922661
65.60476683160445 47.69522537916446
48.8009677216894 70.58237344590492
16.140522793397338 3.974081223254322
29.674319950354423 1.9861393320649845
48.23754758816228 4.982670447942872
58.50119634256856 88.23033022981856
20.639625155465712 13.113469546330558
95.1971143941945 69.23365908543114
39.186068586886606 28.58906846947423
5.302427306682889 23.80240595840578
63.3704762521918 13.674525444015462
57.509233493116405 37.33080921987116
23.192030494054585 11.658966860407139
10.863511443890317 47.942263811463526
14.755914217574107 58.63540161271066
54.25493312253915 97.19713400342599
68.98501910509307 54.200206830343426
81.34914115607117 45.96073249134207
20.04041560659937 73.92987231618214
5.441476299940284 47.48585876517984
99.95626732406518 54.33891883704408
67.10599830770134 76.69683132426283
29.401732312237062 7.4080766774739075
48.37068023820647 79.9582026529353
66.45609503853306 42.124985884597834
95.42222244979808 45.44802714438245
33.68323194225894 73.02363026475753
63.15003763957235 64.70418607478715
9.46940355143876 9.371856049270521
30.17375811862325 50.26590845573327
35.878137943499354 59.094315042576454
85.65762500049068 80.10312241079302
41.67389905201657 20.067847289425856
44.577857845612556 56.55115456400585
25.920987512083784 46.59871291478155
51.42538516491837 31.314384134590266
51.48690318298396 57.00144740951942
90.39855445239105 93.15475904760522
97.25205617581207 73.86461841848869
50.492076872116506 33.60403690811692
73.64168329403111 84.14393842692468
83.6833751707837 54.65970651057247
10.138661687432881 52.411824687219
62.34473535788621 3.2888098929804044
84.59495274462834 5.622380246271219
84.89905439755915 35.43018126103029
12.07891903295929 35.39745987650671
63.17414149105227 40.931876049518415
14.026092936626933 22.485045593993526
45.59553260901933 13.658664991297409
43.13142010122224 19.57347402068197
83.99988690256951 91.28148292319099
77.47923857675856 0.8665398662255241
34.477477366764155 83.34749102388503
87.36568010390494 88.20906389198161
16.8533293828246 17.005080484761425
44.531312761644045 64.41816581465548
21.19760592035046 20.60024699732609
65.40406247669799 88.95171189354804
27.014726776178534 24.851289861415694
41.238572692335964 33.704319697085374
76.37020555950423 22.135938542304977
44.993793076656466 83.76468734586649
22.872782142306903 46.66695093097925
33.47107028868657 31.736144509723594
78.55408634005887 32.43913792540866
76.4044236081071 92.59230902361755
28.97737009360466 87.43236437057496
60.7340197866313 38.476462041907475
68.62667724049588 8.29729947695702
81.76997180218984 7.256893764257944
98.44718334572897 16.643124855387235
30.343799607890986 21.437567825064928
8.823923031494996 42.77121379547616
25.8413620472701 31.85523103006098
67.72534781699035 8.411891793251147
40.18594402455997 17.095029529091654
88.36833497169602 33.15627517484333
13.907485554194675 22.148451904034005
75.36876504469517 2.546480634789261
57.84609944352758 87.20852445885161
11.840520759390882 2.3046904021936876
60.76157615144188 41.86125574236132
43.89635711112854 26.344385482103895
16.081103216138672 3.466710092825509
15.958872534952395 81.80105638810076
8.600510485567781 3.537310267850291
65.80908993104579 99.94628043750033
70.0976103478996 82.50139439260157
39.16139028083311 40.8316774464908
80.32283269467946 36.92498275214824
30.769318660542456 19.718659238276327
76.17034672964989 77.21945542361193
71.57825014165022 33.529001724917364
77.72892911583182 96.20614188517638
70.83921423779105 46.16322542671819
25.064649386069927 13.395500891499745
49.470996336479686 89.87598328514346
36.43214203385683 75.35807963463095
76.51893946203475 23.29792258946761
6.37213349848198 12.46831822573241
76.05384989903179 26.85781043028077
38.918844365201586 98.12241962314943
53.529555547398175 26.68011372044171
72.47054972315776 44.985178827771335
19.034675269407387 74.57227486051656
2.500961584033079 90.52203210248456
29.526641613147408 52.425513459333054
82.60377686247755 44.78481502473131
50.571706633464885 0.009059540431610724
37.058962619498004 18.19347936878586
72.6374908525229 6.5952020345137585
79.82518452411418 59.79699992692885
0.6661150271604854 88.23172904763152
26.910095757974084 2.2431551447090747
67.23228593424938 92.42298028923805
71.2638757929713 35.237950241702734
86.33917702238082 89.688996875768
46.30502516053554 77.27164657640083
38.07454019064876 52.91645449477518
59.81458608614951 32.42685902738873
18.86061828395571 0.726188115422588
55.78719464429413 93.99808306209157
76.4348489884114 59.81790393405281
38.081542667295075 49.75579020481964
52.813430082264624 19.990377020113836
42.48794468937 20.61543417643157
47.99239461920652 7.0374526757618465
16.720695449906188 22.797196470636294
26.475662964611747 44.15125320708631
54.41384323637867 14.435966593841677
62.00144248750969 90.70840057736874
86.3839763446264 61.80440124626075
0.24425333977107222 99.30127614750234
95.98875140967593 18.224758538719755
62.41430966031629 87.71040505899087
91.36284972412966 3.8229713888718875
30.22933941736681 46.354363318982806
66.30804207174671 46.01451989706202
50.894456948739375 60.8272422941344
62.91165655507102 21.515191936497757
47.86563490459557 42.86113535951196
5.2854355108112205 29.149129750810264
89.78023249193099 23.54738968903152
99.18364422448708 38.58464499653573
98.05153167604102 31.44319915319944
75.28861557022822 20.561020326381296
98.71953506644627 33.08812114171512
79.09798658137422 56.36234472759385
96.91569174218351 52.51496521485289
37.67548342287259 38.144632162799006
84.3020045269367 47.83611336630378
89.22657582532905 48.79439003680989
79.22001294604436 72.85604736399632
20.716280487407534 35.098569443867824
90.97150283670682 46.38714478804893
62.40516320406929 53.93726502820946
80.60874691669278 94.6195305723636
61.53651050962843 3.6572407953861075
55.252639776779944 61.918165654922674
6.7392194633096985 27.246277458307787
43.12957988637983 55.652877844261305
2.036312981077182 78.64225095606506
11.364890415187979 18.58760637869604
74.99570018061542 37.082516911307174
6.906149006139362 80.12291650141943
20.210647632179203 77.2160873950802
58.81501525046414 14.642509993344122
26.622735749491223 23.431432196254864
17.402369574523256 62.45713045788571
34.748505448305 68.33666573148759
10.34817006372133 83.17345824154695
8.69145071197348 64.99059963231781
55.44580466821786 35.72891913238042
28.811106495489526 93.4214588309394
0.6408806827178481 71.10086179997688
33.87737336896659 87.76284642169159
37.64097640209542 50.73826524867445
93.28961711052189 12.599924930544537
1.552028451119447 13.04153599940282
16.01426388598788 78.19317091482979
62.53206940061442 39.986243115071844
16.05294790068261 74.68231970205974
29.49612040304066 97.55105344055828
43.548118698768825 30.908432968262357
89.05742810557894 36.94315697763003
77.40275354716798 39.286260499171966
42.818792536241304 32.985275327805006
18.364358345737042 0.3900078333617718
66.78754112452933 58.89359555255606
33.792697911812695 99.4030098820491
24.146357319324462 8.160393018363088
79.92387663505849 72.7949258505394
40.22456252913228 37.97037946682351
5.3179308880018645 29.122599593830103
79.88484680753928 19.90286609338613
73.3736557065804 14.99874727574042
55.569175608233614 60.721756012621256
91.47124834266815 60.6346004499104
41.02421543673627 33.26635041364708
85.89336354657475 37.84505972922689
98.82993317906717 48.70315056128428
15.339828394981126 81.01254310782636
99.93028546116432 59.84547449561718
27.265506048952425 36.51101073219819
34.147830206798744 70.62257074086602
75.60121529383984 63.39550113134032
33.6349683532585 12.10185350625661
82.05659174631558 27.3720848881549
9.684338631076471 60.77955109350609
45.20452670486635 74.43467270863388
38.40425895171651 95.09225240437895
73.58405014919698 2.356910634415721
36.9465162646045 76.44969572183312
8.066515196498559 65.51711567035827
53.92748118024579 23.106907858747473
21.6697263470773 54.31402869305312
67.89127371816527 88.6954810300905
65.59164067541334 4.394177477326144
75.90320915312302 89.09366250102418
58.69936215704713 69.98164391215411
7.124479302230801 39.07615252640518
74.04480224411346 67.45341235905045
74.85019402997469 84.73048648616158
83.52663989144718 13.918283517593611
10.358688555866147 9.907621040971303
96.18386287130384 26.508436392937597
29.844325014973517 40.24340207856068
98.05799543876498 7.568398732607696
20.748504281957292 8.278736275962872
80.10442140422465 98.12542774187061
53.760676872821264 15.434334292585216
87.84753304241902 11.781891225376274
17.645785084232045 12.566716274974766
20.97161048667372 53.90416964339151
33.52124089109023 41.82439800057304
81.90341265429944 62.65032187476627
86.37850400688333 16.30151445048704
22.715910948248375 4.922614201409425
66.83898542096073 72.81605814102356
41.533595403424584 22.359549123452172
23.296515629523473 48.49392528807438
72.04016176938345 86.6630639101974
27.717364964949077 49.90653960513109
28.580776928341333 81.11233402823035
57.3707213432287 31.08180472090455
43.54724381829874 72.1476237011521
11.289126384084048 13.317314151444048
80.2264178431854 14.4623425366614
61.75235040504853 78.61213237700962
40.15547763996491 20.343307913598718
92.4770578970234 33.93000844843556
0.396444823911557 30.465297885159536
87.74475387007338 17.019683267085107
51.960905586183735 87.5832478809395
44.45482398840487 19.420853148784467
25.451991584321465 5.873230652915328
21.40214976548841 14.678380699273319
15.429609350769379 15.098859598241143
89.31910606074305 20.981069942095985
52.85980313045777 98.97870555072343
73.0218875576925 46.268867690541995
69.72540790644408 20.427998179406003
15.43967153402238 25.844696862959825
64.82590354439162 43.5507752030489
4.646619881875025 46.288628909333816
49.323789582423615 27.12977461930064
96.45816070986763 35.73348764066908
17.507056528023668 30.96499202261128
34.25407066821185 56.50754777438862
58.856730951988666 58.48734059944785
60.049411690834845 35.659039829964534
26.493111725390627 30.492922824959344
57.320585430213846 58.33988728753945
53.31777623585863 11.335035184597153
34.23168063246018 93.1114852255753
14.018223792414286 50.680408191771285
77.64065987778179 22.91886120447051
18.243240558194195 4.065548759595671
2.3085103792979123 75.22755300630789
86.1749713159649 15.415886113032663
86.15085805234737 84.9572492417603
18.43242592287072 84.0014791810033
99.27827713278599 0.06394667253004638
84.11190140664164 37.02922999237385
45.06375331849534 77.04980744162951
61.772913255687854 94.91150504858817
11.400097777537944 40.58936383675309
78.22873156072848 46.30791136393343
44.23883264065185 71.9851605766207
85.41126751504565 55.58863449881376
27.189150388101922 20.053911126805524
36.31762279812539 63.621147713213745
77.69816514701269 58.22006899051444
54.2807966319925 94.940396862125
24.032073739287284 41.943559410723154
17.92708863670176 33.019854246561955
83.65763004386719 73.88227275930423
39.65620768530598 73.41320451706554
89.3618630251928 94.80792260623055
81.19576887837128 94.92003567942692
74.18149531720009 60.828820248999534
78.71622649711468 5.5456128674501
53.55552736988124 35.19377484870464
60.71406904885255 70.54802520472802
34.233179606998355 44.77163562591046
68.87085438483297 51.09751946731106
51.31329366339554 9.755461245798303
33.81954242968387 75.25779489756297
54.107544122883944 18.729484428480504
5.033263411383205 36.17484692681779
30.903026073546936 1.684220645963952
91.08357994352825 25.851255140605957
2.3316015257082046 31.240629072005753
80.85377454927216 94.36607346931005
82.41439772720994 67.19175979940222
18.66423708698176 28.887052961943194
89.631614409709 38.94987868983798
28.867790339218825 59.206711635893264
15.571444648831944 52.48362701786721
18.00054448641849 99.81354983618827
71.62016864987959 40.91626005427379
14.40458435628953 30.275682393131685
36.01548252623812 18.75482618086456
76.46361679225122 96.77290166650963
72.28386777084054 85.93182488695508
88.08844319478249 29.813623483536
96.65193321068624 90.82565464748201
2.3796681191385116 8.689870017513135
63.340163034922426 67.65387014252116
55.46321412737139 38.9904070631153
51.839434672048476 54.44563545872235
81.55530824739698 40.92436555574457
1.6446451035454723 16.449964331333277
49.461239984229486 38.494625279246044
44.45263021415398 88.29377631461583
27.392892901023814 91.91466499045418
33.95372733479009 63.65578335869103
16.81521415361096 27.802212842729844
69.32496393839426 40.42630051987862
72.36524616875727 43.47070273349478
82.43527198107043 94.57938317743326
79.66862414297529 47.80366933498187
5.184198914991766 70.59778356869008
74.56139139085822 48.33198435414047
56.547877463490536 98.66171607099774
20.666268686312584 59.32610363923012
67.32341910950198 57.44111928576016
70.0697774256769 10.533224247548977
9.722079254166028 28.567981181043066
49.576678224609104 15.271187747361425
67.50879234467702 35.68903559933834
53.051484647774785 40.3526730607033
32.6968456616743 60.08301626738171
12.3430540863939 50.03166009984962
52.12953876592291 35.31583312226495
41.20684474112185 76.1977222124882
52.713009187644886 29.22082449003468
0.906697156188474 59.91135630660387
77.43559686529414 31.29551820959746
76.80592909927718 80.9049410613399
49.849591579481256 29.3288470571231
70.30148397508538 57.72300007925503
74.52578644661551 60.81584933532792
49.612570705676674 73.12891182845568
12.926397611274465 15.403229174921496
80.92307575210799 2.3828627049665374
17.53883604573637 10.020650776238371
32.73730765573168 80.4424438515792
96.25611835708742 91.57075464906137
76.81833804117359 23.727049449956837
13.834290659842852 69.44696668871538
17.998364963843073 65.43927002446004
55.84683772257293 31.85556998555731
58.82602482981757 36.06380348093967
88.45180770449768 93.7797690470576
91.77878278872717 74.34991736732931
23.418808831808356 14.739878640948223
90.62251460492618 22.619648310554897
62.821879584021914 96.2663014299364
24.934377766993453 21.433919221568942
25.398853046325765 6.943187455033328
9.27022209703715 81.36638553616493
43.83376477940079 17.708093845409657
46.538889764355716 93.30755409755108
48.763484596884865 7.025169523227071
7.409558622644541 34.59951343091016
68.79847908379095 13.859552921170593
22.400284003389416 52.17616675969341
66.43723516965133 36.29020872772796
14.22589321514236 20.327851674672715
92.10434686466827 7.334776690625199
96.09060598943357 10.340567721105886
24.669334908849205 12.232486186620218
23.12387176748121 19.93379049637215
68.6475205911877 24.69128762643271
18.900149722031433 65.70117394277905
38.19684463020572 58.24064923594482
90.37636388974704 32.18928976076961
88.30488426462898 74.69502685436218
86.48938190368878 61.61879070234699
39.52864799650957 18.83854972114377
32.19610933741212 23.475988544178694
38.7850977717237 55.7324605809262
59.97838422636204 12.188821380628202
3.4857808741565632 19.43491716645661
60.62042446095789 30.421443989297558
87.30885415695067 37.088494560685284
18.676270847598563 58.7437618369445
56.36000556105678 4.953583782272886
3.9968117759063504 80.98226182539163
90.89510825505798 75.84099316241239
95.95654255298003 34.14952546898793
58.641323849147106 7.074644435392752
91.25436408257694 81.91734666413556
94.69964836858364 49.900068900569316
84.26920681620742 68.60395142889672
11.28424312214209 45.19111370268812
52.202160637135854 55.94253575462359
85.45152865174668 38.9347216546504
33.98039745607061 90.26489474712453
68.54033174032743 67.29837169703261
20.533026613894567 39.02423714722505
63.73045425666163 65.18477479526469
80.83700307198254 93.30906058687364
6.283767370260174 21.70772121746597
69.7472966986764 98.12071573610316
77.5701741630787 90.73719168578647
21.418751025211847 45.99181502447356
56.410415497461784 52.07241359902356
42.563319291122546 24.558136725330026
5.295880959709487 70.55124831448241
66.50994634562625 30.556076041118672
53.335305061817486 12.381982621625188
5.211718733394877 34.48874429683186
47.063310070812314 98.30225430907899
81.46498351920607 27.543093710121102
17.633903451128486 26.584555209087625
62.34004623405484 41.29417068889344
98.27395735031314 44.237205814842284
46.76206876446917 84.51167923065472
19.00527873199376 42.09159391953972
31.249372537107078 57.248813367771255
39.40000452976468 10.342081986940055
77.47902958658985 84.82125281983276
94.74783448990384 20.844081829408644
16.64706217947588 56.27671504001638
45.25759395695671 75.31877592106987
15.23711603794007 34.852446473215295
86.72383937738357 76.93134871296053
16.82296773848058 49.94353381841824
96.47311862410918 26.62268504107239
57.857986805196134 49.93694452850013
91.48862382635564 27.779162533946046
72.12639081736963 40.36786927628471
64.36962399587229 44.676135435060736
5.250770379031755 33.32030586918173
33.42663573091858 27.19605059283482
29.027515822964634 11.7881409409478
36.01400447068836 29.629841633165444
18.562522508338176 5.135762131059984
8.512080980290083 70.3482724930493
11.193489498851639 62.867841921584834
13.252184077948215 98.03089617537985
75.01448973046053 57.242428245535194
9.480805448430186 85.26974205253183
60.055761591764636 32.5869746357404
21.026839304541177 98.48158137286211
60.993420674025344 59.3692152083223
46.145165185284284 29.384514853958176
66.60654254984556 7.654604121248088
66.76289750071608 33.342424072297604
69.92205805674138 10.487500973409869
21.316869663952343 56.38038142652424
34.61588324534341 29.245751187339696
96.53191378773252 17.423183532199317
63.770720263212034 5.371114219683704
28.492716056430144 96.35948499648117
5.009668012287094 6.736202117756851
19.710905656449285 82.26110588685516
38.48758899794561 77.7401757497663
69.61665687310173 44.98613058792469
39.12694627896014 8.302255323606023
81.832093028967 37.75444156496926
44.182668982368455 24.36043767047775
11.021267665560174 7.537494089788577
21.416591078347334 28.08871632223644
10.419288922159254 77.48737240539933
29.449910299432236 90.62706579939083
49.14035333313698 99.90447649503638
96.42773801820674 9.744803836164905
2.401407964066582 31.886645417873417
80.63509168134001 29.288505213884232
90.28946501060922 83.47367812309898
81.6557842558757 59.99931291498164
93.04192653423459 96.5942711201041
80.36589699305779 64.23053939959044
27.115133279165672 61.90552637940569
28.432160767428204 38.11729534550034
90.69234834266395 99.63384073451638
5.118985095748596 98.67346504115929
56.42770717397326 35.00460970815846
60.68307323108698 16.213009812045765
80.04174074792498 42.135457844550615
16.653344820758186 86.02671075773819
98.19569949834772 78.11542380064182
30.657029446728945 59.62597727672453
74.07607064081296 19.165632508828146
26.802646942229337 39.26925742167728
45.56353404742847 74.72109474823316
40.08919462581139 86.93034658415654
64.62635507435104 32.84064975866519
77.87916001981863 40.56180013093319
34.211090856594105 72.89809848711528
5.598951071871083 39.16036966316349
15.309567050114726 7.083431439756871
57.8334546785912 41.196280549408
14.419422240309865 59.35352900573535
52.758956996819904 19.805343190023784
83.02533001873228 21.83417595162622
70.79576996516073 19.18749507210238
44.01627423411434 75.98011374807028
90.12821941945339 54.02131612967741
16.3880816493312 20.209572630330275
88.0919619110968 63.282516931567656
2.025632060548832 88.838731971602
94.02477002520405 69.87168226016024
7.233347950174296 75.77769830951844
97.2347309335477 8.878650229754292
81.0240249495105 81.04241886229593
37.130383886319066 65.64902339978353
36.318907728608565 2.499421994218576
78.5165596642081 52.19431063781177
17.482371092568417 59.60239817409041
10.333880691537123 94.77386218864564
75.28203023801967 40.462294340435804
15.840422238663255 58.17036284968796
73.59647523652175 15.966992241276245
37.38024264610972 22.471348444659846
97.16203690975034 46.88755262288849
92.56128909349923 86.0661734363409
50.46412082253163 44.16828938179298
57.103474497922356 14.075796210797154
23.506327247318758 63.70592083570088
83.06815451725774 98.67331005973196
84.50852160098862 94.69775704956838
5.497042975643174 37.02201291666268
82.61228695207171 83.80769564327848
7.823438667562888 25.26662669309392
48.677672477645395 60.01623365951369
76.97609487480443 81.17684404630702
20.588072110452128 41.37729956602237
54.7521027038513 30.957117091548668
13.81987070462124 69.82516455060033
24.256995806223692 57.63901759781345
99.02292622384134 39.81201776394645
69.7341403127541 18.513784647702536
67.08040598547703 97.85063891915041
49.06805679735299 34.14278841138295
32.97999507136379 16.591274178560568
96.39142749525087 48.35213290266326
25.090898052292378 80.57440510450695
93.26327864690538 6.79219774439267
27.22605031044596 39.21799736451608
49.55184906782216 46.78637099506292
35.55486161569252 31.73132017237288
48.8315655923337 52.92474028616094
9.250498226771175 33.09657254569588
83.09181009148323 1.641376723402277
4.429031601188149 80.6750472510786
68.83123832381169 88.40236102881077
64.07515083630182 53.68169328018677
34.992342260536255 44.47795201374177
84.31540303759499 61.859161729766996
47.35820395623217 94.21902629405162
95.45378926714334 52.97912223453986
30.988140235007688 90.5858466114508
20.831098186408525 59.17754412828654
23.04528451386182 95.17366065458455
19.368904374284213 20.596788549368416
55.22240811150769 54.45500144494749
28.510172459049866 90.16253774995772
89.77805666605349 18.340370790631333
16.146964918005402 69.26457308342745
66.40791639943411 85.8041654872736
58.62290355163745 97.73718163370056
67.22884224763033 62.356302387099916
26.76530486433486 94.56462577517567
41.4452079803685 1.5589812996032681
3.1916458186432295 82.03038275171143
34.10657608794763 79.97894216029783
76.97208709605763 22.20349517015503
71.43657359942716 46.86012292065841
19.421367365984754 47.621221624549136
4.867807830526772 2.8451344870758066
86.56707133395429 15.055127583720484
74.73834317924242 69.29220199844372
30.61453225805565 87.62809757227376
67.1618688709687 48.37335452172978
16.9634324757437 19.7520535491293
28.283303380791626 11.259452581026485
72.50192896476526 58.8641147957692
37.159748213914725 50.75950842541157
28.083016190664555 8.528273795764651
52.911409494575814 60.78745512884911
17.908002785666334 72.96458669981745
16.40756149104192 68.37953980187251
58.88835358818583 86.2919746645686
40.24912838451239 61.68651410881376
33.72562695551397 57.616206685934216
22.96031239941779 90.41262238833767
60.55780985428162 12.125425285487857
18.198595990888556 53.093476933083416
73.03182935538699 23.323219227088423
83.4029684618624 51.021954370070276
96.49062483254018 72.6954083702395
42.12277471072714 31.518725227835564
2.372434257716427 5.894302029450705
34.418192161922434 84.35356912282055
82.15438650321161 90.52882647765334
75.77900824028862 5.910071289673513
30.01421454292594 6.156614029780583
0.09978552325502488 59.765044911557005
90.47476462493164 23.296685887076542
87.59620144551236 71.77712519545952
82.32335212210602 84.07310106958573
61.79674345637485 3.566792181565792
9.915058729783466 1.6376283143892834
60.148250823471095 5.215682523540066
85.32657403393826 79.97221641233524
8.514883000121365 96.12730243067135
88.28091642207748 98.77696141303957
27.887425438033564 39.349683337720954
74.27502483967409 94.24011507593582
20.636179495367546 74.99692472951705
82.11215988087837 19.901745132874083
81.73968822878163 14.158514735577299
4.061291833416714 22.461531042596082
35.38912973632152 98.20409463340998
52.4173279985471 50.57749814900099
28.058744403669756 48.245419079565806
20.766698578322085 49.234254213866905
0.011097689384198528 6.780796130895494
94.28890304480916 32.797706963327876
14.113391776861562 15.048766540061875
28.778337877940395 52.34450400306674
8.217285408231312 30.995428290157367
81.06021431158258 24.80040584246126
5.658435535925054 37.212519080593545
73.9654494272951 60.142211369615325
30.16610161332188 73.92044793243043
18.14354187484586 49.38699479746009
97.79602155886249 82.72055118335282
58.21948141551066 78.49580214504526
49.66355263420946 43.477506745413606
84.90474159213635 91.95622946519295
26.75137362438942 77.58591345734263
27.073730807165685 30.18699723348439
63.49823125795058 77.53314375632979
9.497494248866555 79.51364578115226
28.61399476269183 79.95157888709488
72.26177992528478 48.35903388319822
33.930494804214675 70.59211416346398
36.817297843305376 16.875252343566782
26.51300558307016 1.9379724414904986
50.13875795245097 34.25315145492046
87.97684949136611 38.3012207424871
83.84696274452557 25.13090137872761
65.10199114423335 75.63555749941828
18.53858105773618 72.20951006744323
18.224115268798812 68.73134837587334
69.10304670833037 15.953513114425743
77.45717869496906 13.568224843443556
49.00700420097065 64.64366952545187
16.523007734525986 94.44837541362475
21.22880913259252 42.57340396285171
56.296278667912915 28.318924388637047
65.46667486833758 33.45053335205384
38.79252225086404 51.4648931365031
35.12829771146207 49.72175442333512
37.113977061405215 78.87156262558247
16.968989048643824 61.24531347915726
61.69812987188743 55.48229482957603
44.59838180473055 9.252315606202044
98.35183043086158 84.54883529453768
85.76583832845216 13.49004502725185
29.803763649608705 34.052175180014586
31.961081548421298 77.90761393091071
74.15408595725108 88.49369346604398
58.69034473642948 50.583708475979705
76.8825976112343 42.47728536899265
54.86228731140251 52.477250847326175
0.5197351222198776 77.17954632245063
55.92215866762632 46.69898813500858
96.81965405111501 28.295325899413694
98.56363631190129 81.08715096088021
68.62068025640606 89.9759034857692
65.98693163420396 56.2873574753481
4.02128764797901 27.461249132682276
4.6623472198285665 53.43820880055078
51.24740903005838 10.717251746895428
35.59597659408804 32.693254317098486
