985
59.60350272430942 74.8253859537352
73.16800156814816 95.42998474105941
15.582969584362516 71.19439063299363
83.21242352233766 52.905174192817206
54.81026652995309 53.04332112173466
51.90644594996652 81.124382248431
76.89305472905491 28.916983435627785
46.76894009625108 61.86037099360272
76.50237187310238 18.62130831698544
70.43181609326874 4.317875739048505
60.75519626176696 64.10237224329248
54.27177298346826 21.608417039462957
76.35355704139147 94.94279135040344
78.03663937666549 59.286662465446774
63.31329788917937 83.84521146320108
70.18930294575718 50.87909275749024
46.83523911726905 79.16448680970795
65.9370205687621 37.18271805221494
5.694195036652328 21.483678469770815
35.55448761149663 60.644184281206606
46.297472932559735 23.488604475120056
89.64862007982269 32.21327887494056
47.67073384295814 66.69347936225853
82.65465565968314 59.45659905881321
63.005943187060446 80.52887165324762
96.82181617759335 58.052034584460785
34.183975732465946 23.617292372341403
98.13260297025359 53.45729544814583
23.846716132067513 95.53041251686898
82.67731603229524 58.16779287269224
2.9009192749382073 33.5780662892003
71.32858965146221 9.642449161204436
37.53306285365301 62.43328231476436
93.38896768498847 38.2996253051448
43.405449225698455 65.08112230175624
21.793837537320158 67.51874090790515
60.477956778007126 83.36351884468776
71.97405824880573 97.09888636160564
25.579802579087552 58.50127665014914
39.13608659044014 67.11924466003269
90.33066426630441 2.821146061276847
10.677517992922681 32.90761914586684
51.65863928029084 63.37249089178637
20.630134347293062 83.79227012897456
31.916172089791374 24.507635150275377
48.68569956967288 20.88673313596896
72.37342502868341 8.24524372348744
7.804858959387717 41.54281789969588
86.54986966142927 84.0085419104528
51.26098204391797 59.025992768966894
69.3629847649127 70.0820742591484
32.871631098688184 78.2019764534963
46.285190411305436 0.08311011456534345
39.16494105371432 84.37489986502894
35.19993087936586 71.74566292003377
6.126090891562375 30.54054130722781
6.4285931662904305 37.70322252825762
99.72572160025501 29.976142878077937
22.620137570872956 53.08612397775914
65.57251981814741 80.75085592282575
68.25813444284748 29.96444876067841
64.41211445231991 53.62784614676662
68.5570264622183 20.330077270420375
36.92244131784226 72.58670652735137
90.06048861625179 82.25624650359788
32.66849179600495 37.75511111061732
51.579243571447805 90.47980470275535
79.915764267227 28.530119808130795
92.3713732791583 55.05662674307948
98.66143039852648 13.799501977182304
73.53463711891739 80.5295414940581
58.973797702347305 15.847748451507416
95.76782748620879 8.053599899361764
39.33981202561585 57.04813239444056
99.20517734120367 46.24691172589244
94.48273047556036 76.10453356786734
45.224848313826904 19.732011579723117
79.2457441635964 89.45780143747292
95.13198830429677 32.3860398605009
31.57226992188058 10.618431728736578
75.98445663375321 19.19324438263541
20.10721492255024 11.074079867927766
26.68981073084362 62.13806140399468
21.799884762115184 42.32605391950155
29.333908124018514 59.831173927015676
47.88076181693089 96.53043273108402
32.15327215327963 73.80595101349604
81.12599076786294 98.21327479879058
30.566851802306736 91.76364481127582
46.32458054180981 36.856031653125896
15.071481044826673 19.655526528113032
36.97410462179952 14.147620736466527
3.8739586587413277 24.210832597679833
18.92512024781784 40.51328542841398
23.026570271416304 94.76510064986803
33.1195285551073 90.42152586897878
61.41622683559768 67.37162807613707
75.8263789332303 35.329885330500545
67.06580088918432 25.466974573526137
82.7765961931638 10.88712499129616
27.074656656058682 12.71248748569046
0.57981608808364 22.416255333976707
46.18145967341174 9.36903936243475
33.96460347263862 46.12903086783693
14.989527597199004 39.32586537708098
39.44356501532642 93.3940442051215
3.0064890265041 77.54574862136757
34.825139709204564 88.92256505994408
36.35416825743468 53.17503304369355
13.924320843428294 96.84203143854317
18.395128247284397 48.886149416220704
19.24728357677926 75.13969713522339
3.8822052189032563 41.38234595777699
17.240369557313706 32.58532287219109
17.440169616625877 66.47615820317571
50.7777903146851 84.69608293072868
92.95129115959885 53.2478786489345
4.281266060481315 82.30439964938527
46.090032149441896 22.963682259581475
34.97137389111632 84.57109246583278
9.654424828798348 89.32071743103675
67.27058160177263 25.392341151392127
6.333392689967354 2.2620462003497877
55.4002573634783 40.6623544596348
13.502605180081762 45.738383443203205
11.75098961906368 45.287940543396076
60.42259896236938 0.4553299272751721
10.145149302486022 26.530829259050282
52.13458939225415 46.618202022027276
60.42402184526752 41.455065409813685
81.40185758802194 23.883328065443166
85.30834824793338 85.86151351890081
63.97722283825765 88.09655684990426
15.244985647392628 84.85310284217893
93.71205724572191 13.045261663059538
33.239046003823944 5.635969085373171
83.32109315513854 70.95015846827073
42.92903439136585 78.67905912370581
10.865518251067996 45.44689086316617
55.2258673610442 90.13854601242899
56.0528235983882 11.14527198857892
26.626505911937915 96.86709628632396
45.397150858980204 27.85771369922666
93.24995448856001 72.50719937849419
56.89630310804955 16.185814069960045
49.846680354446335 76.60927131821894
40.51997698054303 42.395265355859756
96.7689281250446 30.91071262424062
38.33051687941838 68.98354884512923
45.98970294325198 11.91213068359932
61.7264671586276 99.19522769901761
40.65001494848779 82.90268385667265
45.827093130173836 29.369154865472403
55.358324815644814 53.51687208300048
18.106745482950082 60.03385139788728
95.20546287343626 89.50018859574654
34.35978059107586 9.797403242484048
21.201359169601407 30.89106350439946
67.93205328717957 7.722880875053817
39.64912444156686 2.4963031929286728
27.823637894285504 88.83766370145577
15.712453315971885 28.040627737382096
2.989168115290186 65.31387240340926
89.10772189593142 28.61895300465589
82.87389753669041 23.644362731545144
74.97255852708123 63.49728995998084
20.5274562080776 23.482323207356014
11.077734071307798 34.45024281770719
58.375402929392884 51.0520689305951
3.325907073228984 83.60601088786511
8.38350480973762 8.85455565873009
15.223455086056381 26.374556986598307
1.339869612573097 15.440961753805816
65.3079113151861 40.09212672292557
73.35216715753359 34.7716569818855
7.871263075869306 94.22560207413827
75.84417947701021 50.665274192187745
47.728822406247915 62.68736264727921
50.62346894688454 12.685157113911904
62.315574750696925 53.3041938516988
67.58926866852177 3.8537579162558067
62.831942124447295 56.56557272766035
95.58026210113029 98.77606842698441
62.951211846041275 91.52804779874091
99.95387825244154 18.940069603515187
83.86965179616409 10.713824868945999
24.329050353654658 1.933151959549917
80.4277665666598 16.288483866217096
30.685378014826505 28.777754763861594
78.55005311738563 87.1474812813764
95.46900355239949 11.548417298100278
4.770423781233635 28.015534647288266
66.22031879521666 20.12389923774642
32.210176581177585 80.61150544612057
51.30879944383049 81.01334385913806
88.21271723115177 10.10398444257341
9.526450043466738 21.449931330662142
48.75122062082372 74.22685994961998
23.950728124517106 82.88716722893002
70.65484945903137 46.26350500772677
28.567212183558755 25.170948625597156
74.23909094740182 92.51292049153028
50.0926577753059 26.74810903436485
21.17603593769648 25.637123569338407
87.3274832464388 83.02713659768669
97.06364211569006 19.159896211121186
28.923347606587235 27.68581850630375
62.1499947317973 61.276507094070034
90.35338628629407 92.48640772020605
25.9389957187934 89.41058309193069
31.462228524819903 77.50037985949567
80.00946759829203 15.380398706978582
2.1392017765583637 7.449114089922992
78.51352331802929 92.77257822735912
44.496834387476845 29.402408773920076
36.928516738773396 66.93104809065514
25.670159382920033 13.75965390822027
65.29576478425076 52.63330416260952
89.44928096642788 91.06932601832284
19.287762157104492 81.19442557018759
90.7364732424614 25.110906202139873
50.26769494342209 86.5680481606145
96.30104732280245 63.93663861951334
47.618910139094254 44.85371508460494
56.06183864137785 48.39178880755093
61.40516612385617 62.23270227954776
14.9116415675976 92.8375824521633
28.92523781040408 97.56448216702161
70.47743754998457 42.89017876251175
39.57651705096736 38.3363120714888
0.8883592248523198 8.270657724180076
41.4498862799107 72.7630096926755
30.538874120732007 8.058750072410447
46.208952945028614 63.61197529690931
95.99501587710184 60.082511384229356
57.309654316414814 26.13063093725393
76.24919673751884 80.60956914395337
13.467363461027137 23.646518564428842
17.972495504738195 24.19015777626474
12.924603754398333 34.38593794598722
76.17236064802404 39.16785286770218
65.73986870009169 3.051091269895845
7.877038898414101 65.83576814488764
0.711872479554132 65.37655238811907
93.62720772728524 39.09513934059995
98.85072624265791 61.96899133535002
63.81799197625576 82.0855089757714
28.759716548244217 68.77846378167747
12.473541704231106 65.85182750145952
81.98072516898776 78.98692196178736
78.19843456914678 9.004309246761133
21.469741302826684 41.701939610197016
62.853703486972755 65.05548579128832
45.54841159124165 12.182597647168524
12.071093561164181 93.53733210980083
81.20014442119341 12.113769475586455
74.51598690800738 75.47996626320929
75.13228879480374 79.87011611888005
43.007750668591385 89.90177016179746
47.87607720096273 86.3920354743424
73.1574160849377 3.1043061346794354
33.021429513387226 28.159174910540543
87.44346907644093 64.1524498939083
89.06025414519438 31.27169811522291
49.10447505717905 26.732361216865886
38.88569085518695 56.30640296392689
37.69285312168561 54.73039837335178
36.55170402030035 19.3443694298978
48.0066113817225 70.14956175371476
87.55043443833817 54.85493045481395
29.69709551628875 63.833890559509
5.216828912887372 82.31246063773436
8.378833916899797 0.29722528796903847
94.26349789846415 4.414915190082791
83.89261453228931 1.5432135671843206
43.96221296012344 63.13181430971034
2.860138443496496 13.80793662607801
59.666070769736265 79.54267460431598
35.47478667965689 81.33395042615503
58.367816042289675 3.7901419144009685
19.14342905390519 15.453605821067185
87.12471918952804 56.72920733593908
35.59567721523064 25.818144862178073
58.168320817237685 7.518427793233739
63.09722582707621 68.94027261140997
38.04286768853543 17.075349372605064
75.0612535167076 22.710746093290023
20.8203866869775 91.95457763250435
89.11328100806757 85.11581289169405
73.2320509106663 52.519654762940526
76.63342992333669 22.518642348356565
97.94892326908897 92.29438071461304
18.653645210350668 86.39717396962166
20.7154347066821 39.52753813301637
99.94038877522426 68.93882441247511
85.03281528769173 1.3503489787716427
93.15450120955853 39.62285326537259
75.86952825749216 40.6814719296958
54.96320387684903 15.358691082813236
1.2382853348381628 13.533537831507248
54.36858439202017 44.77689038097367
43.76300572147693 84.25044083479503
11.934621714092565 3.9990507326522318
28.77385364683568 96.54398023812686
21.311638854093296 24.5227939555146
31.572142661094805 1.0889657249306572
96.41240614375121 77.81615871665592
22.919237724273057 59.350894250444185
12.286610471706826 33.91006290031618
55.281271726380574 73.9449369728233
20.474196340965335 96.3079721628332
36.39805926343621 63.33775937946713
68.4437215171431 21.891223432744468
6.326906384920239 64.66894919903385
22.83434861227346 62.59316258097309
53.03402963040001 31.58738427377149
19.772913827156135 3.238908966354548
77.79096434794154 29.905183936709335
26.515260172576948 31.535746844755796
93.00904042333123 27.858849590313206
75.47667610514206 58.96799265219117
80.20225494183192 99.49497523373746
34.65388328163249 67.86186185475671
96.43488546253042 32.04478533020764
33.975412916677975 98.28420774930099
83.97408315762522 70.383992389324
22.727519949161014 6.111349289982082
11.258115977983984 30.24866719623417
21.288655835747182 53.54196752187027
7.870994524191355 5.228877148328848
83.90593263500317 65.14677823754681
49.047539430333586 8.114972514895546
91.64150286067087 11.931819549248623
96.72928730069901 22.290360041060175
99.26838993803254 26.676774229610235
88.93080082185882 32.35567454636896
35.49788294324493 44.69454033168169
31.539782945061123 57.16519278000403
72.7834023416259 25.045518686567647
31.272264478830902 82.55886167691351
98.68040928961366 60.318090911828925
60.355998113204556 29.04733466906323
30.720343730319357 18.821279033896833
88.83850571674905 47.03575668464164
24.21161091579839 65.02174602875078
76.22561042787827 83.59719823212625
84.92766296718654 51.6067353854195
83.80956003582439 85.85539359851632
7.460466255507415 57.86912725220008
72.0324657123369 87.21469456551276
2.2184835431796834 6.854847540506914
95.17344069535302 99.74497392422742
58.24099503931174 8.52121295690157
98.145358836141 98.18282678996883
21.084453972699922 93.33537395035825
60.620350518247626 94.93070587981929
50.11124377154456 9.696148095635548
4.334448171207505 49.505328482727215
75.91275873313435 74.27083552687019
57.15042495719079 64.20263854304532
97.41126093175588 51.90774555074756
83.57302715942808 91.20393470981763
86.15617418613972 71.18927655292211
21.29808309904607 2.563970584425912
92.86986591876804 89.21626803171581
36.349028755751625 90.6989228723816
6.981505810649901 95.16496879039687
65.32937330719034 52.77993572052084
21.676267027380913 47.09396024886079
45.35556109789207 52.51288705859395
69.90578588641134 43.63697105461763
38.69461940116731 57.3208897574086
34.7568741066449 77.38371718343862
35.66732687759641 34.32686350957154
34.46093145515429 21.643775824410493
55.920903068941094 52.52638328424951
69.37013797778732 91.9119351194979
80.6819948320547 45.07671033025195
50.13238434427869 38.62425660528864
39.47124176630397 72.40483737882546
97.87734338791772 12.977062394658855
41.575201124427394 87.9144147856654
2.575204576942003 53.247194293292665
53.51375401007227 21.0056308511521
22.541527840897857 8.6353863141867
24.27695230686806 41.08950335743145
4.893950925595347 78.44243099079709
86.77560406350688 68.94371802304995
48.67159528566327 46.214421341511844
85.29177366279934 23.614990263479086
95.60425765363263 68.34428438600786
87.88985353872107 96.69408140289396
27.36082410753723 82.12239162540827
0.7065827226206967 56.35821939099996
15.590793653920654 87.84279758755714
68.54268165411929 78.4932900998554
50.38628930105212 22.47246754789097
86.94189039253749 51.049205019786825
53.75434643294837 90.19359078268563
38.17500666627619 93.95737964374283
38.7706239096688 43.51440888830107
73.30126745520779 54.406074659708295
95.07476820001499 95.5162212732457
35.740022026950754 81.30532344499842
41.73794939627137 53.3853589508396
62.513554606553626 82.180125700633
47.06645470481556 49.97727947153816
69.68774011440514 70.75813850858253
59.0446640484685 72.08808129941671
58.787011783467214 87.872224001808
1.4362138890205989 25.87500463376352
29.74956729781195 83.74954743589853
45.58015498770863 5.806630486227227
83.97908282461914 34.74470612805286
59.23888064301702 8.178409146058407
73.39522494451901 76.92211222156023
32.35495300326091 6.696762683275869
16.576190437977857 55.40452436317527
99.2233154823817 16.847652172029328
20.604219731964303 13.65072214828622
70.58980948726021 39.08085525912656
26.09067232965937 70.63804271362842
30.766699187067115 84.90651353624293
47.52025143113035 4.582878189732298
68.40932306564711 41.24968061332767
8.902591696368612 97.51958187983708
40.192084629964874 34.37847105624756
99.50661259284288 41.27861950367251
0.7183792743321815 9.298971754694495
67.73056287097177 3.93259276738972
48.14375638426364 22.3400137922509
83.63643975567645 42.028463421110615
31.84412642624884 89.35225034684228
31.060144798460854 37.74248733040205
48.01010510304777 78.78887898914051
71.57644069109301 27.27138237135903
7.7585175457360105 77.68492556388472
21.82141923438823 26.739586846259556
63.637568531906716 15.558678571908235
59.7467110953906 36.64225712519592
66.88112911604249 42.08650495407935
93.06260579139949 56.51957544931955
19.12790496375618 79.63809452485413
95.25019558435162 86.69366342611517
97.31978023394329 47.45745610645985
36.90055064210662 54.364243372409845
77.93159926166109 21.83533178175705
71.39846837141073 33.586411566129584
34.11792917263181 30.421401139380897
80.47240593957979 68.10481650175072
35.168490024234686 79.31277485513904
90.20210648071686 93.5027711187213
98.5973306101666 1.9121198079581347
52.216590756211424 7.518074358715299
62.593777827117634 33.55032888623377
64.92316206342936 91.22423589003336
82.94255301487833 8.930885532978605
64.96626225435728 66.65669732831478
67.86108268726827 4.220348523118123
88.9754291416496 18.687133988751526
46.60040848605496 49.60959740891238
34.925752686189504 39.52679416423448
83.67029380792303 82.37859077728999
47.125240467355326 13.506312106398155
60.10413848400924 35.73391441362445
73.85392294810225 45.31813851321158
0.3818941564379008 28.41303594620017
9.625645834376028 8.381575085483107
52.95014603686009 18.926206986471104
69.3980850551945 24.133179913490864
92.3637595258348 59.7803954821968
72.78458987319979 91.7131922412906
74.60368387061256 37.92953381530242
91.3718492034871 81.76097724559503
22.51084222540676 40.53074707486505
38.251442995163586 8.290853676054667
69.21232210848571 25.972658941986015
16.305357959945297 82.64560278564987
88.90010973026051 0.07875226997805518
37.842985365503345 45.64683365943376
33.38727402838404 44.654959126548896
35.35902259526924 49.7689446181363
84.96277535909172 53.74754139490708
86.90552531075927 76.8478063618927
8.927826991174637 12.721545454324746
37.39598262042213 86.8677926357853
23.505684725010212 40.63349350805857
56.63297865357296 86.71560871322373
6.098186989606724 58.169091077606595
6.144317062166493 85.51234625223859
45.08629781662674 9.122432574984817
65.53082276984534 15.088947263033226
10.864546368729355 33.585688343057875
94.15405442732698 59.31615558417559
87.28429446394826 60.53043911827777
4.352705324978256 67.71642442292797
62.54299630461681 91.48734781980976
45.46511252687838 16.17214127236657
60.01139593057605 62.02219832719542
49.6262388300604 22.532166568975764
99.34531800094565 60.354447052137964
27.715564766995314 23.096879211783396
75.19832769412018 18.159442644602287
30.805220296668523 54.718623223075255
85.22340320119021 64.30272726178342
34.85053514408877 70.71829773719344
76.12002815704724 27.926362059689737
65.69907941601781 84.40304944443156
51.05886482543291 6.580300918666082
34.07538432607809 14.280795342925945
47.85904944504785 67.53609092193305
8.30000369351005 22.40393974520788
52.97897820793067 49.987060948230365
0.6310629125884315 24.362242076937424
31.629907281247014 45.22539798692136
84.8708114531181 38.62487572940859
55.49648286474233 7.4199413171405215
63.52445569128695 36.276991192181995
62.8848978042959 24.901961390205386
99.20705133178056 28.13892352970553
22.571519003370856 78.45917870288066
7.691542078538105 7.627461114244238
41.368804493389035 35.37484850255903
15.001569620185018 89.66008445279506
61.772371939616 24.273769277421366
66.45705418228174 69.32564334347406
2.299452970857463 48.6018843115697
96.27245326126106 4.077829840431368
6.627865948769784 51.678929248247485
70.65639032243682 93.06081109618142
69.87148886563594 83.80504320637202
45.2860449456952 4.931382561617436
4.220174618256667 38.35585513839421
42.698904359527766 86.50554816401011
84.9197457997312 35.840844541004856
67.26990173100737 92.24134753652564
98.16208061920558 98.60368894182578
88.29903812988356 35.33975915185251
70.59828939308461 55.55580661996052
21.211859388569763 66.69987773462924
40.25072380193958 79.36333594436104
97.89378500496578 88.41433003280194
86.21156130322206 22.92894094609368
48.29658362880238 82.57366101686318
61.90588989471084 51.03105146842641
0.5668223425985386 62.261063947752085
97.21883453074929 81.22550702815174
66.80058176076994 83.14087079062908
8.552163303477089 38.236273922034194
18.388651769509202 76.57650099555364
41.83384705660656 31.44632793863985
84.6270749904912 55.71073345490453
21.637788454924355 88.46682434613389
9.16289174335464 60.972050426312265
14.723007127144461 77.0735303992263
51.61381222381928 39.17163562550613
52.61463273855248 6.402535364620199
73.25016479900238 86.66359404051217
49.8883063293709 82.03467927467739
24.297563103249963 0.7360081062349755
32.01741210010697 86.57015792572864
18.31475786081872 40.17761559130065
56.425917633260035 92.67032256346555
56.67240839479773 97.1990159109967
79.42016115599431 77.97684469319094
57.473889013550625 87.45854856954548
48.552862083830064 82.0918306013972
40.647435650257314 98.38830601940985
25.395856496191005 82.05830511233565
54.95115433397577 16.968850954225868
67.85243470826713 4.471026885989615
65.21378775927968 85.41508146758837
84.32106134959731 5.604433384153962
36.26290776318448 6.079482491340205
72.70502403705508 7.05503942990685
20.878366011695004 19.985304670067162
2.4437193460011275 86.25617829809732
24.481710527362466 75.37693925500962
47.932546498296134 49.015663126343334
91.57291274742319 53.150988582874334
43.088979478500875 4.675463987748795
62.2752442912529 76.23730466902113
89.11489248462559 56.2515898466735
77.7714425287952 98.66042547767555
58.38069688866202 68.12018028089034
19.286411859721852 18.54455082616696
20.191798632786284 81.03286214998829
13.942982492943411 66.01832901875008
59.864507286504974 34.94301911380846
99.92573269599399 38.30444445016479
97.56060189372425 34.2022172192205
83.73856288519215 75.59032939991442
15.20721383116479 8.06290283250448
53.978628985675414 47.81728333894903
83.18207339483676 23.295203768858176
52.808292284414605 52.64243775129965
85.35697677628883 39.159698516711515
35.58183542790454 16.82010721336734
25.149652082442987 43.02547346273481
87.5209540329985 79.7849119291835
63.27233033107594 96.54302578846902
66.06389400314615 92.0790343869768
53.956381014349496 37.72900117911281
2.21999246393606 7.603422560691964
70.73868153923813 5.634988671491259
90.12142220083655 39.39675399984262
7.036356182034931 21.96790229990986
34.013308692413844 87.2280223627477
1.3516223268489114 42.54635785120537
96.7639170549274 61.865373901397945
36.09060705866336 70.67693049908918
31.269837632837284 56.062292333261624
46.10651633194023 16.79685928598652
87.5797436194586 99.7485648078531
83.67083141939553 11.14340324927463
74.68745809605821 78.83197549799048
10.307933297921878 80.29958019119087
44.89324830184967 28.36169473354072
93.47733535685087 42.0966875699369
67.12327213759409 97.47747314772396
21.46836490930115 94.016388564045
59.588707679448916 24.012326224639622
69.94074310719593 42.15253568694571
8.725016267479512 73.47233597155754
4.531406969265827 75.22410733471465
13.13470796292715 60.13055364162575
44.47106836611988 23.880480411054084
16.20186525441977 47.39150301171876
73.42259938776274 20.846739416047555
96.05617813844066 30.709614858950886
41.95160063722706 12.891773640815064
26.769763694239423 75.13655735079644
5.15847666381749 44.78131298154507
58.07707697754459 62.026850721237714
50.130695072107855 90.94424070337796
91.04483111857996 51.70525448042416
53.16060999898076 14.427484558085169
7.31576869959053 34.599655899136515
55.736001212944444 90.36030392268958
18.842703635094605 95.24027737449369
36.886594250404414 51.952377002735595
88.00923414418342 45.0143737170592
75.03954077158647 72.13248899051842
76.07695727645195 99.34495676279244
10.03605729785364 14.88277780237468
97.22389798171666 28.079319126855708
0.2762788166786101 66.48556037468552
85.28327917240885 5.383404401935721
62.80523374448862 47.500025733017594
39.05155124187544 50.4021451668273
79.7931712931447 9.343665217007668
93.55028137304416 89.86293107184406
70.02907870276543 98.6166439257568
64.19925854621953 34.13205154103947
76.6691961317296 37.12350397118318
43.335821126137745 11.040876247173559
27.389713371706257 59.30559752971786
58.95564560774267 95.72256757255714
8.128719113106397 29.20785730989509
7.947595884979952 50.621887854706394
37.92549137838813 40.89866350202359
79.46620072800488 73.61514642561285
72.24914932787297 47.43279554885705
12.31607755332228 6.24628239344327
86.95387341406709 72.8860754368582
89.53639912740024 37.57743761198606
93.80118674215346 94.0716848361808
25.577856666153696 0.5786817719381943
10.684723239680437 62.517259385760426
90.52408064752824 91.07933901488559
43.94399412882889 99.23881712361727
68.51459967001051 3.197607718705142
80.15545551562116 82.96022643990405
36.78864234949649 95.0523505614723
30.141078577866153 41.59798799492626
26.74986698546823 28.510883629471895
48.257398999894974 66.32422208225364
24.969414729474448 4.098394596858124
10.736502525641479 14.39228958180484
91.06863361622035 78.60112534654036
58.67647809865875 22.05161481279384
75.19988173398315 20.149463996050432
12.350728722047988 16.725223539324606
70.90634187836416 73.9563708527212
16.991797372057928 62.3264042014244
20.633017262046582 31.391917051722128
48.60367468644405 8.224117280425624
75.44777357204862 26.358166114407876
33.38591685438713 42.92029094890326
50.778485402288865 0.9463319912321633
7.608462906068347 9.151400759548533
27.606149315726135 10.224127840646702
39.38730908163418 94.35551978415995
32.019134924068894 46.71737401972709
83.01721431810579 3.285832716888615
23.49029521779339 98.4003590930129
24.442159725930455 34.71526052824968
67.87120674768799 14.791816938722013
22.231832111951768 17.63552563371541
72.61053279411725 97.2576601823909
92.5822234586826 58.729903576384665
25.59611254357642 93.8695437825832
93.70684491140612 55.897598048427135
25.427841670232787 65.3244054153428
32.287883512964065 13.747436904005328
25.887521447663488 81.28646697140498
46.93360018993693 56.09238817942788
77.0968624096391 34.9824601325612
69.35294800033877 71.27799370329697
77.31641549176686 90.47553995212289
49.54169396470358 85.89680267938832
87.56514757446132 27.62749512189675
68.9017797044674 87.72245370192431
92.28209970398493 92.75654937375589
41.36224473394332 89.46428645119427
50.88223389262956 62.804953420972524
69.51307392269474 48.99335741414521
64.05754015526192 45.141470093373904
17.706199690872502 3.3590680476850987
75.75181736515765 70.04256392501198
65.07667411792632 58.63068071424835
13.053261808205308 69.9026929338391
86.33130746170758 18.38057230876171
35.498752215890136 17.182175463179593
65.45352704381817 44.53147042085186
36.20499628259648 63.78375548710227
34.69751061583561 56.30847758370913
75.20349051174863 91.8984424503883
57.791418726878995 10.900903516679728
72.24080756335512 6.2492941601684056
99.13016368038626 23.991768738340536
72.46703534640264 97.43984743343378
24.997647406093183 0.7558915268520483
43.53058623618428 86.32997817088994
36.60505347308447 94.64172050343768
6.182410257375426 67.25143545558146
48.904196496116526 9.816032112834927
62.120172560373575 12.927982172770191
82.56729271211555 58.214799134569915
9.46321306095711 86.82449485002952
70.48820737315417 76.2964245187451
33.841580061850486 78.81501213246509
70.18547109109284 31.754620159939094
35.80085497749521 3.5669432860503614
93.41510731663406 94.79714788438051
19.884489344463418 40.42523363655942
53.259433419069616 22.070348470741408
1.5071470579956725 83.7712134014837
30.068931449252545 37.89057655053245
68.50854852397156 37.26085440378631
17.09261457122978 80.13721654840687
75.2524919751118 99.8361863303838
30.558558195517605 47.74080926828933
60.31854203783967 37.76436816302151
27.225895423973345 50.438560350113434
5.240900558530203 86.31622025422587
64.47034247756945 7.049800046518618
22.29389052694821 17.750845394028325
0.8802089667898083 79.38056288456252
4.393797002119415 64.39483484444818
50.20304164653382 73.33907834475856
79.43873104133374 89.85713132005009
85.49152380633494 5.496843527354745
85.81350158296286 94.48682948021514
99.79456950212428 14.229349534224145
29.49135379965666 82.30476579215119
37.441090703415405 2.6067477952426366
65.22331409584285 24.55222161214259
68.1264302512844 83.05228482806257
43.257720737906254 91.84529260723095
39.939506713927955 57.2064922665969
74.27493492589333 53.58281000025392
38.684426305608675 3.233168570191547
41.24596489805455 53.72840618362835
26.28704204404153 64.17366074074621
22.952368739616823 75.147312526638
53.12121989637306 78.60740303819556
16.65980742231238 94.26239844161532
54.34072858704888 47.273497890268764
0.8747179898002666 21.90881275165357
25.1548118472786 12.913190257366914
58.56813118038263 64.24790947041326
83.80990570848039 59.15272286100666
72.4376953800669 57.688982289338185
59.666049559312086 35.395968112653875
38.748133872767866 93.08134052999849
89.58938154095478 80.75935304075405
12.889390958927049 3.088296767416676
4.9593541589457395 48.82721243509872
34.99491655367122 22.196346073994643
25.427892390157115 97.99028627171849
2.1479543743438967 4.191550881023898
96.24494688341753 81.02765414170094
11.349964232010368 18.365991871504185
41.38835826440959 61.5114456127768
54.357465355059084 0.10465962982346699
25.532559453572436 80.85111059169236
23.387628642742463 81.91134417407845
90.53694216489541 20.55272933531156
94.334173544597 99.66155666606302
7.493900072821679 9.038015329797489
81.82096705178256 87.3013257668538
60.41607350922399 70.96021464164046
38.46796036660005 11.055096446229662
71.35158804505788 99.38162564814219
25.56835003899547 22.434138851328168
9.153595363973599 22.37776395311141
39.35752901802822 36.39658238927298
35.25143549472977 99.10883538235205
76.42105272639557 56.649523997690125
4.53084526478067 12.904327250737124
81.17711748772365 15.904569283353688
99.23530057499079 14.438709090242652
72.68012722709587 87.88164568278151
7.773442698370547 37.74547570137949
47.21093595596293 18.615148097666324
8.240090980157277 26.308989173851348
40.698301252996515 34.044967422276414
69.51992182200826 50.53583612611315
38.64866537108023 7.612291858215093
77.1230913476942 5.4418731127830355
40.6682375060004 23.59989494256931
17.559555829240846 81.0852567806716
76.22212248306649 43.14341613280113
23.567622885237714 31.98307970462705
34.40626311313923 94.55381898567148
58.363218822359265 41.39160266516517
7.64402216136304 98.89614708855855
12.293773893863836 64.6895324257704
7.786897718076258 54.77339826163208
56.51758946452941 38.625031615497626
60.97041603630207 87.77212425663073
2.932206765378864 13.38674632189376
84.7494285436717 48.82323426644444
44.08244708699633 60.79395945674124
38.00074230863197 76.2589004488229
6.042452242611606 24.3013587756421
85.71572922441224 35.58214836913949
43.835540181406884 76.28918707357117
1.4404276257790394 53.03398167231852
81.24892323052342 5.491091538393855
61.80619069497343 8.54551687799181
34.226268627742975 13.500184850255481
17.505078077256286 47.62637450180488
28.360480078483864 4.146224495571349
73.86037562235684 20.76184193012218
4.584207424355624 36.92009385800501
57.54086506318623 82.66287999014014
22.03593945699759 56.91014840154393
0.2317003210756896 53.909153509057006
36.49220799488225 78.40238034740142
92.42376502570772 93.20707487186502
11.751089916854863 33.38682298583162
43.35889508187676 96.5184254063807
64.61355754657873 75.03352581560588
91.31306730480146 89.61598156811675
35.34129842897621 89.44588485135192
43.18568510428607 83.42067733940495
40.48478531805099 42.45014892542257
78.88105960062956 22.348031152660198
34.341311788099404 56.804672652987286
37.72340509266989 6.386562580596711
6.921577383571476 34.43930441383011
38.79927731748841 69.0671652307675
90.53093771263809 1.0477877828954263
96.40064213887982 77.72424151052483
8.106709218762653 57.799143698792946
82.49935454121739 55.28726491727055
92.65034219758304 89.32344962354156
31.548934552911454 92.7478110561155
51.62178337727883 56.29352973243529
94.93540500492603 53.04496280529115
6.654042250972103 44.27100871135822
75.16397685803258 94.09525056309872
82.05862730306863 73.51311088623608
44.081053601275435 9.614919677292
24.205495358036 87.37401976933768
81.8910440353031 47.956579294107804
95.86342665752518 24.663297969165974
97.40902314233271 58.59877274135615
23.56252192440008 28.517532469477402
79.0055868201183 33.46523268537462
21.802685031079918 6.82156090895919
97.6003292231308 34.02541506816522
43.1660065578228 48.639493352605875
46.982131329446744 99.23316535455284
25.38726644767868 22.2324485398551
24.80271817015477 97.59502604529926
50.85409849098739 15.699007844843216
67.66292917206927 66.9735775344007
35.46287802609702 63.101691265699046
93.95655480251735 64.62454798765404
89.09885168356458 1.7356812924701703
37.76022581847239 9.257838145168385
45.21881559431499 92.23423722693585
94.43477948466857 29.57399298749348
6.29568931109481 88.56645231840275
37.58721605579001 72.43553606650804
58.35535579312353 14.517614722280037
33.7109098978539 97.23381370667738
29.477485268895876 97.98679202045417
27.674784473246028 61.10345992268768
94.92590935833076 82.77707275794053
35.88673908685689 76.52332850679038
42.72059599008454 39.497238782511076
53.63501811047515 17.711220806208516
39.26704154735451 8.911555843933371
7.012090181697761 57.27971287140322
96.23463392378278 5.325165431236767
74.22326040761533 32.420110044402286
2.096483550396222 8.051190854841451
30.71437158162623 95.30182508159596
78.39945874540436 42.30975803730966
69.11408171919155 60.87399912174234
26.25730594685226 21.226867572418595
73.12960736977081 30.800988587825973
44.68369568552395 65.38205632244673
11.113756027444033 29.928629850724764
76.38103620907451 49.33099369696215
55.385453827741 95.11790323467255
79.67576389655956 11.19772499825914
60.758563638400375 60.82241815063488
73.60230541577702 3.2069472273498434
65.808440576158 78.33347455144654
63.79534688247387 2.9264233499841197
87.68504964216102 60.35787028702847
97.76743545712289 83.47122224141691
26.104288855810143 44.016640565013645
56.891239456834676 25.569800401735144
52.37720027923585 48.13979848500484
91.38856456854538 0.28059144988450413
32.30819955288167 17.576613397456107
44.14657059863264 30.671497836479144
42.17258404508537 36.14556576782215
73.23888215729035 90.76571751223739
63.294043611071174 90.43939880982586
93.95050417533932 17.384628363916686
22.59781804531238 86.97549363044446
78.82132394571019 62.08434105133199
8.144371157212504 20.158493750806084
28.82001517179499 34.90923300426321
66.86323472682163 28.282219404866314
57.981169488396766 46.952856012426736
97.93413675454111 84.70633560307807
56.474842461081664 93.21184222898617
2.2858234333746785 66.58284149227335
76.88573134784313 59.669381971556746
83.64721006646106 91.47025127589686
23.178530211921544 12.565905098034813
92.89110841883888 54.38773972057975
68.92421515327196 93.82025860787935
66.55699507067796 85.40041586922509
31.900685905135973 30.44143061684379
71.47901017861015 31.03909648189731
6.6907648960061845 13.145164836833445
20.409448029751765 67.59144251211755
61.43634144926472 6.819959958596778
32.468694171467895 52.94833716317973
75.18515534224473 81.39897004072584
18.678629793696857 14.882038268474773
10.229510525480134 21.935999286449093
19.081768405188292 89.33909961921454
48.93002078857845 52.118930570583146
85.19403349528231 65.8537664563475
86.35041005799373 18.83552879044612
0.6533241236929443 70.914800848891
89.59858794163124 1.3562608730649073
0.04746166365212634 13.103157695445223
34.26693080830816 30.05297502320097
1.8350817499543703 97.84121774348242
9.383039940785952 91.45607405337137
77.73955247156536 91.9973194069038
16.433269193057043 6.395284106398891
30.190364230178147 49.283193982780205
75.61821870829824 65.37645655039695
12.526018923553284 90.08445389354398
9.519347150785052 21.64162776455827
90.31698890634809 15.74642399177627
94.86031131643784 72.00110207399362
39.784232696980546 14.172468124595705
61.66673240990892 27.44798439261309
42.95123051172786 7.051314841928413
92.00454596371142 97.91563054465212
34.772025081595736 33.59913056185654
20.210670090425253 69.1614210855913
