922
34.16195382161933 9.651274809314126
37.07768116818983 70.1676691360596
14.27414715993237 5.6308784081066765
17.612016135192153 63.84094073286213
95.8574559957904 28.627883695169064
74.2482558097255 61.283669025208965
63.734868635361565 75.66815130302889
14.868029424553175 25.063831063034137
46.3602132023075 23.60668425135356
30.183070944207646 19.227524696099728
73.87816400916596 84.21107881410973
0.8803597598750268 26.00414081166479
67.30516856091928 14.880225030280968
5.12559971877935 4.920415680164458
91.83631038498619 58.97399528048661
11.013489944628807 28.111644101466748
34.484229879974116 45.90945571203042
30.41396652151568 9.135532573422934
37.212094269620735 49.80160173240016
55.96016597489574 9.43330158777307
3.1551864628976634 62.46177105414894
64.53588722484047 29.94263265995418
52.478740914445964 96.70301904800928
82.32945984090736 37.66549090934279
4.003886340077322 14.45020558322353
61.93900806949604 91.20978741888692
26.337588652425225 15.330295408766826
71.50163952744994 41.69984732848436
30.39189305196728 47.95726994224832
58.82556644743988 99.93818352463238
37.44006896903481 46.48041540886565
88.65533964014335 58.89557872315919
31.449319914605066 45.97773606947291
71.30552914369098 50.97179519942091
89.05463478842506 36.409027299347365
45.271660373285386 77.7557260660688
9.523763917738403 64.94596849603059
32.65753345571157 57.04607251438656
59.975562188528954 39.24885923773831
13.818060141015032 27.805280032212465
0.26256104969896166 32.70572010779299
5.36442128504433 24.85782108269088
50.1585886054683 29.742337972316324
84.40007318309372 58.1691422328771
90.5383956198341 89.69448553068851
2.3141174009346566 92.73408384371115
22.717843247762083 80.41687867360034
0.3657380206816274 90.55148854851971
64.44964697498298 32.510451227836214
16.227473068100938 38.649766143776
34.3437799018785 71.5690022845917
85.32150971302096 63.655898871151194
81.16460612739942 68.44338178171247
21.29948367602005 65.71797216068127
24.39483191913393 66.7589122348944
58.624848979452295 29.43739609582099
30.045582078620114 5.469381104813009
56.01410001419341 67.21107520091579
7.066368651016353 38.273739702693675
80.7663501160224 8.49099753249034
53.60421225659165 15.690629336345886
11.27270262690817 18.309167718476317
45.81536424676409 69.73773330322594
25.49678758974664 24.66296778245348
81.65128065396343 97.98806497874037
65.84662585639505 8.9868621670675
89.48894584904104 98.82466839968004
76.14124921009152 5.5173574163643995
40.97119274612272 34.88914489298228
75.8183999808972 12.28019461434161
68.58120075105121 18.875061989169573
68.88030775456183 71.43951925270886
33.29873229658755 72.87646585706277
75.23755076726061 45.19629928235064
45.76085368504592 12.678699117377413
41.76414162132062 50.893352941446366
4.467065210905396 54.63057818787625
70.0053033802152 60.362251647884236
63.81495398008625 35.93276368873042
62.683987014779966 53.54332878526975
25.021201599839483 73.30396205175074
91.98222614877662 35.217423590528476
80.81368936539559 20.412312995244186
52.973997567422096 42.08732172615378
96.01953251043204 0.4913199087756559
43.22236293946483 14.688212255584965
4.5410448666440395 67.24986733136294
35.132239913056594 58.30069681522881
89.91229731796503 27.820992150947543
77.75557444140206 10.46749535140984
59.22925718770008 4.762319402648318
58.127865716898256 48.03740278007157
69.17076046496898 80.48822254643636
23.00954494698685 14.83442825176885
77.10988608892907 97.4064556293959
29.616223982937807 27.50475360989246
79.26222775680418 18.078257048720737
76.09185196019709 73.26016585752411
17.87352514699858 22.040127044293932
64.32655360892873 32.125376429790556
24.389128710830565 11.645893224273474
95.30027413796014 89.05302395046131
92.17681360044098 48.21587219545804
89.61709228160576 50.683683307649765
33.72877115974705 68.2759740469252
90.96418240882453 81.63831897069008
2.3506504608087564 29.38125258043135
8.639356439639045 31.68295264053256
79.28173079065992 59.18414113428946
45.5220231152278 67.80099381142065
74.5620664063089 80.72913589300661
68.82838721672636 30.900333206675214
69.72913760973938 13.740334567436152
20.997330792851088 7.9585405463121095
68.66024002581715 3.7064823170219974
72.11620778101285 9.443192406413614
49.79329225771932 8.32948737277498
6.180313254271108 36.6146667750495
62.59339490688735 77.65033792143728
57.49989387962218 59.21579786296597
18.15432319847118 52.65938592370972
30.609343075997753 45.079078160747244
88.88736933717443 47.47516924160997
97.91652015454024 2.1438127243557092
51.210633837289166 22.354616117036684
71.96132042010365 40.540994855585765
35.09439991129698 74.20865527303097
40.28761358752318 34.34096584638764
91.81640952986098 6.205451151132535
98.19593863311124 75.4140505245956
51.76646786390159 84.3340603479133
48.99964810278453 85.10752965367638
38.8526307189617 18.149030728656435
75.7656134181827 82.46712286580731
68.96623045084336 74.87782630222945
55.54591107998341 77.54753327009823
27.537258417130616 63.739407315255605
40.233144759025365 38.845038902479004
71.1980507846276 10.518687058060404
96.52023206146639 29.498265682430734
67.26305771320065 59.68584341644706
67.58258158351875 58.52729369239099
52.79324943354736 15.643208746242788
28.616996041763766 68.37767466404965
43.68459260399805 15.687704863934782
25.625057226346726 3.4151977961219715
46.18155472461266 69.66808640708277
77.66146409830336 38.452450049620104
30.960882526026644 41.57033511838105
72.56023439960198 75.36529880067519
63.31460936825051 40.10963938079316
9.645287666609281 4.743495649163831
31.152591504415295 44.02729359111791
81.81275942405092 99.0979230502715
89.41701443620711 93.21070606459514
96.41513873904626 75.16737925279065
97.45541381195515 3.3974511042328293
11.62477488758854 68.73995148091514
8.652010916595287 15.953326332248462
88.72106461636321 61.32066132802934
46.12391443294568 78.48446716955726
63.21696732376165 35.45359516319796
33.643102979466555 57.720278633840984
18.615959472160636 68.56608897817667
70.82435401204367 65.92451248934294
11.576298295392595 10.980097941877565
87.2512693312704 75.13690375386494
37.60039408061443 62.92100162438642
19.48555026569054 64.42362552101672
63.71742481985697 31.59237874741503
88.50769934128206 3.9091476795465985
45.25263763770787 19.772697764355307
68.97561592138969 59.97400079347959
85.004911721241 58.1090759103376
21.713714583252596 41.374669986054776
3.5774055325363596 74.68709223490816
48.21812144994516 38.050547763574315
4.191075860184201 8.789257495526904
8.900715855477493 46.003408332397925
5.58301053906275 24.892100961342432
33.782317763090276 6.2223631742280405
86.4986261071466 12.117541342777805
51.98599602205286 15.125036954357096
16.71944464233284 12.8558319224936
37.48909224045559 83.27996809899119
31.076301138831486 77.77934619674447
13.434661139523485 64.8647072104202
47.648409626236756 61.674272580692744
96.34811556110586 93.5517274004082
65.99207741688102 99.4857747697829
93.83353556706686 64.14583793674832
70.18209364584328 41.170481029483966
2.409402245884329 72.35156133516745
97.2010073369077 68.12145848655997
97.90469849368363 32.309581351864324
5.815308070092994 59.207989850433705
84.35061195693137 22.743694368285595
36.50061628679491 50.18043495928308
33.686952473306675 96.15125035639468
1.7077574541928486 62.225648260535074
87.67881802031248 37.03675188187242
94.82811638577101 20.642377125057166
59.260781889393975 36.0233422327774
68.34110883795489 84.24471473578356
32.380319588254004 52.6981301814634
15.090795464464101 34.55056977178841
67.66694824646451 39.120634324197766
98.52208883444521 8.976526596197388
34.52680303729545 28.777577183243032
72.46682125283124 30.500969676670643
20.45254352587228 8.834184519791732
15.253073569853315 35.86421317534638
49.41530362819692 18.78413862595537
75.1584706863827 20.887127727591338
51.012183551725535 55.23058642119586
96.38168353802867 40.430772737840016
82.08667891406554 34.63446668315462
35.84074737908064 33.244332152829195
32.260835569962396 67.46886525869459
99.6702489601483 25.46323991022946
30.942178086317018 75.35802297831209
20.246004693108056 39.59229559213539
22.968891943520966 88.07934639878982
86.88187022989936 23.087800528094395
32.25623057906047 45.42496406696468
18.294823347854226 51.29879144646129
68.45637355381987 75.46490598800939
97.7424025955229 25.671728713348852
18.044510593428733 95.33820886327065
52.80952923689741 99.60676435048087
26.50577799005136 49.27100785560178
77.60511843883616 44.290230703677224
21.715015398562244 41.96789700591433
95.85022897084892 80.93333497127625
59.50429253700913 48.44515855001126
4.244080205326284 60.593885985114916
29.042969776088377 21.10765360208652
62.16249515236384 50.84224569794043
28.153232738359403 78.59129249413725
34.094077740773464 34.487531330235676
58.24798542263764 4.647312527528147
14.365302555762637 61.359092735264774
68.55987058179477 94.06680800736994
3.2279259169257446 1.606947281754345
78.526162590475 62.86110406904386
47.156366678301694 13.221418866384626
38.63888815913096 9.52493472317365
23.2443345089534 71.36642142556624
31.77671155313684 6.117606330390535
15.531350701199242 4.0857887719341175
76.48190855328862 22.015005146672028
10.60854879323766 62.27879350598451
51.970461163444504 60.69607664136382
3.154165427005262 10.415478093259834
42.279268962412054 57.534540857171756
98.24998120251317 99.5135699058923
18.20613113899966 67.98875060971821
9.584643672593696 99.9129608142378
73.79856999538383 29.245301953238624
98.46895267867151 79.4670931224511
32.10546265350111 62.01067416274507
27.88895867650676 28.50233346266281
95.50678074669476 79.70674384088008
46.457959444814854 75.36055598529654
11.099707197555976 92.61817957495549
13.205555171347584 47.23723590103478
56.0156800498103 52.12506547056934
89.2679811802496 72.03202514457978
21.569161899050616 5.923683762868482
98.17179128703427 17.073787080459457
65.58191905189732 19.00953179904534
54.07653885618758 96.81159712153325
15.041464555616768 61.387317464083715
70.38143593515318 97.70316083677535
26.98963963568034 5.497598526942626
46.30927692248792 52.29684502933808
47.37357339171906 2.0061101482209187
85.37508790974451 64.31422095665388
84.12462041215974 22.086011535536286
90.87554850484145 85.26045011821473
8.596601533772407 63.71025161714584
82.22626818960252 84.41369882118907
78.41438555825279 95.79670449686523
36.88232026126042 62.12744648123013
87.00222467885342 19.087830962774355
14.870014207094673 57.94144952541507
16.164877763141327 38.19353504091306
99.22724253267336 78.6762243915658
17.730020138659775 8.421075520562527
85.05305557391982 30.812668414944856
35.58188720145567 84.6060024320437
99.08905847580834 16.47052350497432
79.40510953823299 13.788878636521185
75.77506961479968 3.123690671152235
98.94796262498406 72.37781928214281
47.844618115298054 6.315715686317535
24.453136781636175 21.298217359604255
42.2143918302619 29.92730049113488
80.55591792082974 70.92719438213533
3.3279135513324065 19.925660573805725
11.068329646656206 91.2231032210286
59.09804128792646 39.17076712945572
0.3926415663538574 85.95641206432308
87.43470426377971 78.72110124574793
68.97790460771503 71.08867257178278
57.772959064281245 12.56789722313787
80.6969214002275 13.885126128192715
46.32317201542083 28.4325550056284
61.84796063059993 96.33746873082171
18.876670681343168 50.830122344164096
61.48686503000107 68.08257545511657
31.090571979146674 63.99669956637424
17.228784255827488 37.361047268671555
87.55906543185507 46.05023710538671
26.872512669629955 7.464189454179593
39.46742696644597 28.58927102771296
43.82094361220072 98.21632178051152
31.608744627148678 75.52899479153645
89.41007928867978 83.83159793587245
54.86037661858912 63.462963230987455
63.945458536692215 17.61800824458951
59.567450218639415 76.4288109155831
66.41905725644598 91.65709191347277
78.89708802178387 11.749813162184264
64.60421923414975 12.489808257804459
78.11573494382944 47.78547496206876
12.37231205133783 55.1214369748507
19.567132512158704 8.238399991641332
25.78432619134634 72.57451819421743
59.28581029244201 10.671840709182812
24.9311886830209 79.255609816931
34.72763068333492 48.98085631361882
51.76136890913614 17.18027302683316
40.74822114898529 12.051822844822924
17.14559695657677 38.85675082298672
47.444827840897254 68.97881725397284
89.86083229592947 11.387282171392643
10.653467490883806 84.06015236595744
62.20914783983504 29.995171640397633
13.872227198396336 85.05766171201333
22.488855757145064 10.785915186824491
68.19805532669244 76.58062486941158
5.212287192571097 55.50204307327816
81.70198609197983 83.6257996788482
41.891950225289335 22.903916774502775
76.13690747895932 71.10777404928896
73.32534103624143 59.820877026550235
53.643539710968135 4.9294239978417975
0.07050062869508045 95.02457620805039
45.47085304022578 43.35428148778278
8.773929863693386 40.29966703514609
55.0146866853847 97.31094613736022
96.60419177492578 68.44130645162213
19.14524984127526 87.07895552219588
48.84389686455379 27.445471514647622
41.21028946553732 45.2836064551931
21.705166152767852 83.08904511729584
12.507997797768422 7.230937692574891
67.4742895962164 63.530990792284506
0.49154293280843087 19.414573065029494
95.68965195959038 58.273254057798916
75.63864530583594 95.53866976831917
11.561517346100114 92.81819335584474
61.29454519301031 25.29578443420767
56.63815354166284 69.44957056003928
27.3446751234813 26.736398486652035
7.10449106522576 91.84449854445536
7.606098059788414 23.66419552377811
16.451594863412865 12.740690547718769
91.6766398282569 13.339796780225221
41.52969045765133 87.26884715959386
73.06075182358916 89.0101556910623
84.20616131254526 22.1567006045839
6.498254956810678 81.2574933875588
54.05546571650214 86.99538292088876
21.07561743037175 96.28779924415753
41.489330213407385 21.996176928541665
11.4079296155161 45.65435289960895
30.384552976210657 57.19858096187177
15.565157685000164 77.05551499167379
36.4779972125558 55.156170094547655
94.86291691264633 21.584326343370797
52.16999714815469 76.00793290433197
19.57249903300732 33.5617782197434
63.1228344140528 65.33033252927768
30.25048188593512 31.865981702166902
9.00829660861402 70.75023168266597
40.334033496454126 23.8350370202664
43.852334028189965 78.47771751195627
19.343872305049015 80.69565000030079
85.54556472272819 19.0067210286325
13.477345042203781 40.262556556988784
56.30208977416662 13.33062986676643
43.46605797758576 79.04038993959037
41.99151836992871 73.06224396416262
91.57651518379623 77.57670573144455
5.9701458876118885 11.711788385588385
51.67359591863806 30.454973204393852
90.4383563027798 69.91633737842825
57.955888840940716 90.35187917394077
65.09036035221197 80.57543384317347
31.626219973067325 37.37234686353096
67.80696501117288 27.349557991841266
37.79994147710192 88.56195341308964
31.347955368897416 15.443940457772365
75.89039992120398 15.727190651553036
85.11445192489867 1.4980321954182862
83.43526831096575 8.325777894762554
67.61917199620515 41.43296269201804
84.1619135810425 45.55079983632918
19.91866212704102 55.27604993624659
48.0356002644998 91.13746096409628
20.984188975577723 98.37182039353758
94.67106272801831 31.478308796355936
55.34783948849488 63.62147767853331
46.44617921064773 56.04501117549353
81.65119867479265 32.89073553268924
30.328893516840438 73.25693700664397
78.72603876835342 92.7203303643389
40.70331719776566 11.79912893694417
6.509278133324803 30.85292442461405
79.68742036138478 94.76101972290289
49.82024699362684 20.72644270450682
40.20737016558628 97.11903172314874
26.382143842583794 50.81233656657157
92.0067858356764 68.98865162692796
26.691029216923045 62.87715316943282
70.9536694139146 77.66743023889383
53.05846872596911 57.784990506889045
31.501692835413053 29.54285611784988
91.1680754077605 55.99321229326003
62.27890241029268 67.40135864316149
43.97297128268016 20.385234352535274
75.64968790930851 35.3881279894297
97.728776388493 31.341614663059136
83.90892717456174 21.184202464402002
97.31212303915694 43.56187452846372
80.37682758767164 1.4696238105493031
24.915762424839894 31.701856042220967
76.92356309611999 17.4177385186023
74.01205462880782 81.99251575764279
74.6172164825473 58.80895026345803
23.486426477707333 48.05403013008234
21.006009421925587 10.033731019648762
65.81445135373846 95.93315995135535
2.3902466014389723 73.94050593827214
43.72127239149226 54.67887514660815
38.549248783597555 45.201067394727325
47.59097455764076 99.72839608296302
6.516368717469289 57.50341597554798
96.76455490733449 14.652822232360984
43.92681242852353 28.78906581832561
93.55685920130844 18.21815532472747
96.21184698573893 99.88762128688248
57.61054868680864 48.093245459021816
40.42457065521652 80.66882820261223
73.41126806550665 42.901420722741825
41.01822313408654 5.424362588846455
5.761668903394379 9.296732052624257
23.11072054862845 8.649428820603976
22.93721621961233 21.07792895129834
7.578378148195942 64.14630747665281
95.78909296666887 71.73868182134105
37.99214257909876 23.60351029309059
24.124800243105284 71.10636486125885
27.572553678713085 50.04243036397399
48.00906041859855 0.5241149300606929
5.521423866073238 97.44587429004761
25.014663800508284 62.38393619058649
35.167374531014104 2.4363757816778797
63.233437710769216 52.63267097512028
63.68558658723068 19.768860834778778
83.17737414027987 8.62312819372011
22.370795716701032 39.889586584307935
53.593449088215415 87.59730000969395
12.800357853900179 85.55530026419905
61.59151570589759 65.12123642447268
41.14670981348484 26.07412354111831
4.776205635885189 4.9952040919282625
85.48604187098196 19.416770572879237
19.909642234426038 47.490719766322556
58.64740851522123 17.05236194185734
98.1047676139244 90.18223122631035
6.283754310912704 0.024433610950969076
49.27267199910226 82.4687716491897
11.87716997556426 2.8849747667061387
78.11382107022689 61.50245860763782
40.60421470270575 42.82143995838542
57.35085097958334 87.79106988731698
32.308664372860676 69.11507798776891
57.14794822513133 35.96787817594338
53.67569680194857 48.39423397155406
92.02615440426905 70.21232842562466
50.50703952881055 8.682252582373096
93.67629851606972 99.1066838202661
43.781328827787945 9.698755101611134
89.33276495170675 21.422680748419655
82.37723533439734 51.04489769644754
90.20284548677104 31.72699664023665
20.21230164507658 84.54079782677961
3.887790416500825 79.95189032072624
5.84294387813491 96.47412992873463
76.71747953280342 10.502423344607625
81.44023760616525 29.614409481285332
48.06883887938081 27.29326935170524
90.40375076401995 54.560882713659566
7.479104189345909 88.12001518722117
16.93677630061712 0.8984865037784728
19.69243987582705 30.096717721578216
81.4352518956654 84.31277570201914
72.97049533910078 52.2107054019118
66.58480411796212 65.21593603626185
62.819773583441474 93.85765056943953
62.87426678125443 90.4023789851573
92.25459099645352 92.96867626036843
55.913654642275986 84.50972122281325
53.80314806649578 0.5183342733374285
88.65080162173894 34.36642865344296
60.317424126208095 82.0617889220569
66.85208671113656 61.29970046521552
91.66580709944468 93.82171831488024
74.72194502355907 38.0247624610836
68.16026095927842 92.23295710316735
20.93096143123445 6.886856477977443
99.90042485680587 12.842547612028232
86.1713382247779 32.90845580885032
98.60896872772202 64.50209474874036
18.915890159033953 60.302024411832534
55.969834238345406 48.82366794943634
36.59784778559975 26.716276550394134
54.877828466529735 67.57171185807832
32.506085742991594 50.231139884477585
70.5578078011743 18.089698592915717
33.19506440777632 46.369650474287404
95.2416979541514 8.663402226672057
73.72854250753274 10.609282590102175
35.56661374910056 64.78542394746046
30.74242887303872 10.853476560166776
89.77681495741412 0.3973834312391955
64.96950254843567 21.253603680416443
20.367626180192577 14.851135266788463
24.26377411048457 16.18485130004451
74.22784737524073 29.782015612183834
1.4726831516119532 76.66457605290667
47.910422171524736 34.558742728442645
14.829004944812919 29.448119909493798
3.523534004768747 90.08979888483768
7.285116636724043 15.506841517190074
40.94979649202698 98.5148941012452
37.256862888549456 16.777276400593166
99.08587983099902 90.93234711864304
69.43420860445943 44.70904139451163
95.62524094119647 89.04796882068403
39.31342057169922 78.07214581449745
90.26020420664011 45.79971219956413
79.4267382315525 3.110038614615207
83.17827459959659 19.77419232912565
48.289660074858034 99.08390977844044
42.352251358502315 95.37928728182881
60.09883241556516 19.764294199666853
75.02025314959727 73.01024150119277
64.63157885224821 16.98325969761981
52.84302370576833 28.9841018207157
34.78323220432855 95.78794806172472
91.53226693219317 97.9691147247757
20.092475111724674 74.11175634329773
72.6710013593981 92.40486178002422
79.8001728188651 74.30273781026693
83.28861697201857 96.04149724204201
58.372854921914566 73.56212435115069
85.13468352286212 2.5471468221276328
32.80534918427861 53.71013749507516
46.0959000846074 7.206410238957329
85.57436342447858 95.74748682619702
70.58968310993336 52.24118488682401
72.2823074533311 8.878304853608142
63.07714149716789 40.080760069234145
43.43925830565352 7.4061259851581855
70.61537372004506 56.30100427051228
65.75146500484007 68.68348982193369
56.123411681664194 78.88847831830807
33.62556419633827 0.9542509529766319
74.13476581631261 21.087101274212717
68.2595949987164 98.55287015019135
55.42826999182508 48.556173691491864
66.01516275883007 48.63031635337901
76.3436575860318 27.497049899953264
2.6814463171510594 13.997047704971187
6.827678401965609 26.531234412354145
0.6905199019996422 36.87402975511767
25.146788980610058 17.695899890132495
32.69370218506733 47.78179919342166
97.35451126712834 3.946154492281251
7.514042335046989 81.2864935238646
71.8077619974434 38.69411273801779
38.37135107184039 26.022311650292473
22.056045113208135 23.87208298237633
5.775378659201702 59.23932169299915
52.26038561436819 74.3566455771571
98.65962987715807 65.40200045213913
92.46889304745778 68.33011754037923
90.54379943989856 22.711937336024302
90.3173170978334 98.91268719989948
52.440743741444265 11.70457334721885
51.46312883726025 73.97894798965773
63.914948926956114 96.55784768537204
5.708810528239705 33.39293073702184
73.78117390178897 86.41598680105008
20.485309429319976 6.396788662307085
3.9827953855320453 44.71613065705087
85.42991072193713 64.25783988612085
67.40386328135804 82.09066010933948
89.32882515557262 15.225403482189536
80.06828423481717 46.14316885693195
2.5697767973914987 56.24062199950086
67.06494556597109 74.41603648325919
57.34493625535199 13.013264279445346
7.162523675388455 39.289477123872885
47.447345394326746 52.7234875914007
23.05237684498299 70.92174168873933
40.80064114046714 92.15288722170777
14.22920261479652 15.899208750827231
68.84985210898272 88.69908056096729
20.99710783175235 9.500212658859574
17.571009184838204 23.2163941811267
5.751966535351771 84.08135747997252
51.571914394395094 63.694022557766296
92.13531076680611 18.352922204711007
78.27907746946362 32.411938540245856
2.1614901150121213 84.3171321217113
8.583570380676752 90.56612928627197
72.29436507935205 57.00589109624639
0.3031388804077939 14.597078890734705
72.03614267155788 50.1217525143933
45.19832604635056 81.20604705902454
36.83799046026104 91.55275813544235
96.68247962998308 29.443955215674478
15.216349375982574 5.266648360382198
61.318740039516186 18.41909461688437
98.69933865329801 12.345014990994107
19.33092416214217 25.75125787643828
9.082509828078756 47.55545915917677
88.50023160491574 19.489804758861496
23.506301959218177 38.10923818704186
28.393170520269152 35.00300109413427
14.093412212643642 47.62310520729469
0.6429643374839977 41.782711244333356
84.08752217289263 29.029732422280496
2.9320017328260395 27.26666509772675
68.83880757502142 14.874157055581028
52.81124915326353 1.1174734934760178
61.19545629311279 73.38018855457373
29.881417873500492 32.66725297546845
42.11688685219019 29.53648624319608
59.143107255460926 22.013977802577255
57.36925923054327 47.01733339361842
73.6836027854047 91.20104747820587
47.170351489301 24.052056807158053
76.47826552787372 68.97285483583966
0.4385015059919062 44.81498960799853
61.77003084814354 21.325888278190874
62.695362642457184 58.4578284041632
78.7599142806764 10.903416443104542
99.51768079432135 15.245027246742938
18.856662722595065 51.636424578023096
49.67782266229776 12.162188580697531
91.02363727918035 56.43224135674377
93.77405752805217 11.21390855044384
67.98281674299777 10.512116949887595
81.54065610855929 36.483213465122674
70.41508025658071 63.58562640420304
1.8694956948703156 76.13156848233724
92.47921681623711 38.105914434941766
75.4468872929866 63.482992570413586
58.08011341968798 63.25689782802273
7.542443091602291 67.85273039343552
76.89918600380922 93.83789169162776
89.44840229395031 95.76970085060981
78.40391402514703 9.651107336347508
30.726954947450203 40.911081965516324
96.25068679967752 19.311007547376178
53.875762047890596 63.05998110006781
80.47444328876085 7.408978395541165
3.0151117434284003 50.16558592684327
28.278301543568695 30.28172281381417
97.58655743978792 87.4911222299741
35.41300358635306 24.808408375260793
39.1649711366979 53.757716083927384
90.15052073759942 50.28297481367462
29.908332644272427 67.00642271484907
75.86555482254444 95.88212860737738
49.91210459609484 87.76505755138
99.15193901055804 75.8077794476955
78.82746120334674 51.93904254074082
22.391534695166904 80.59645947392772
73.34524105153741 61.16363733673542
49.20742198540991 24.70301937581424
27.82559338058349 44.03107881314675
51.176103757697774 27.772953535527932
20.995665539675244 24.490660101297344
84.3380144609601 43.960284476681075
78.19225981773792 81.12478869927597
46.77025534364772 54.408443383725235
51.0951681380987 4.293328439046817
35.670391303719796 28.56104392550828
80.30750350076781 33.62427076815268
21.18250401166881 13.205872068023828
70.72921931004456 5.924140949904599
94.06036927691049 76.49783367421487
47.073134726451784 2.466745748117538
18.409107719220298 7.212908482861124
15.276651178193868 19.26731418132057
37.80229624395558 84.33402159171406
41.1977986315987 23.70292484257567
67.48682621511222 5.873213083682749
70.16750200876167 14.252021743978982
3.4885521916362405 97.17973016757992
26.394697730733775 30.38731388978445
0.1718510300884657 37.87112408520682
81.346072534973 42.14206505183083
28.405043720601675 63.03015961548935
73.78171519016672 46.3560708530952
61.45993058351687 21.525995583388667
36.171506785278396 9.638821050246559
19.072030725172052 19.198784342979813
63.67192102827948 88.98047150527285
86.74507441700821 34.39532073787886
39.4158556367694 24.675905712703738
54.09891212270467 62.87062666078099
83.31786847832151 1.4210944665009384
24.54385485094801 75.44155825595234
52.663452016023996 97.77962553538484
49.85861503293233 75.82906772504259
18.943934474188538 0.7233095325784311
32.33484176370859 17.29290562488184
69.85618184550108 65.33706411212222
9.982185065965954 57.45230134128312
17.8886886739964 63.03850767179103
54.68135356449812 77.67594984017953
67.8894994286486 35.33944411749649
8.557633223094651 44.30713615791233
78.29774174021526 28.038678564133136
70.30277704884503 79.05068664231592
10.293100760337936 10.767892553286284
65.28553978671955 68.28825159409081
48.12693310276004 27.142494111456926
57.741144207045004 88.13039761461316
22.51683560829293 89.62032890037115
44.14591743084857 57.75070036176714
23.995118088663215 36.399924390315284
59.25498471122563 68.72430997137782
71.14227037983258 46.9430204795707
40.525210918779855 82.54367056926839
11.813586098830264 97.64145435084703
61.537981638581975 19.270389567769563
70.11750788092542 93.78825616689349
4.354846095058196 81.77246727696277
90.17643148046281 57.19432255938205
50.70782495641453 2.84606875218264
97.30497820093626 58.67827274936216
97.71740320462887 36.220646529338794
62.2417579465524 10.615527078798337
39.686757803900974 78.70997020713763
2.186031684925238 83.26107775969969
44.06486376031139 99.89747838306646
82.54685871284347 24.89806118646063
0.4833804957004362 92.40221273718979
21.24072196062341 46.86786404201803
59.52224947237357 12.381376038664982
71.83771069346709 52.87203345090559
41.68145889894588 5.201641088067732
41.649050925462085 7.2607904423506175
50.73379310510479 11.676570977332624
80.5934591609608 38.244624366928434
12.006439716446938 28.06335678246521
18.463762885418088 9.096079884172037
94.14157414801552 85.95621565935238
1.2410987848680333 86.05400820035986
28.534414950806706 86.78135278765457
64.03458736309705 42.88575002788405
18.556209385877832 69.16245112219201
15.650674930080433 21.009736445832484
9.398867872254002 24.36370364365151
25.24661862226454 81.54665662237296
6.707558650680356 50.58463819991691
62.26508355004039 62.50719630543185
66.41884160179389 2.623452289425432
19.4339622410582 35.733649382939184
29.76265134394527 45.14694002905456
32.196347501742316 55.76546080671553
6.535373468754868 13.512988981006679
14.868472651805087 48.31353399303434
78.48454496549681 90.88675183861393
34.384904093709146 98.98291889994249
97.62186712690104 62.735164725754665
17.861666091965255 0.7054965804108249
73.1560916119049 38.02536005003936
63.00259277811544 58.441031368154114
91.62456801175192 33.281955058067794
3.857939895014262 96.51902206993796
3.942609491679716 74.79017600831995
22.725348193361818 4.148328925663913
84.68705077951833 93.35727970101271
27.06656996686465 55.739717413600744
22.928068010058354 36.23728790486482
25.73328485380717 60.76254808512608
56.23667868381725 65.45355279549983
21.675802189795558 29.253482907233284
24.568406991815117 61.04458256682969
9.666691031425522 60.758819744242984
18.199871219949515 15.855513298726699
76.84733866854945 40.45260235160898
99.71073677699012 1.7080521911394198
93.12485290594424 87.38433844202
9.328289068846352 16.418952413729816
61.74047235540143 40.65528132299696
80.051672288436 22.61175333304648
10.673087959748894 78.26328456855872
5.135750486780122 65.87520678502105
30.097566070993587 99.34489358287117
55.15625023742267 68.77555934096092
26.44375589987732 98.58937204285574
49.86964458028148 18.093173657186902
23.96505901627064 97.19552633700249
24.262927542522217 71.4364781189553
40.537000487885834 99.27950694794187
29.21090405068182 58.30115340296484
99.56784924532101 14.00808078507998
56.43516061649637 24.176025884288343
95.69713455550037 59.10991258736304
12.786649046757791 67.55737896176511
53.22434532768433 51.37360828212558
53.04542135655339 60.39279388608049
37.81093207662354 22.72209618191743
2.5004035556960513 24.79931665241393
79.42739232536921 48.446990671621116
14.41050671280556 95.60996249278851
63.94605074481895 17.41308523213716
7.9544225401736774 94.51814052726236
77.21144403681927 57.822424993342295
90.76826741518916 26.42079863507456
42.747386790248065 76.67079777035947
6.8880602073480794 83.42088714489422
47.44699657756034 37.882554248706576
49.174616007626156 94.4639781953559
11.391118489540508 81.46489953880385
17.242161239337705 87.19799269609942
75.52811670455398 0.6916425935884707
21.45372780423068 46.663713834627394
6.565248909382227 31.300288343538874
66.47209841779649 19.358489238789332
98.21167791075278 37.07522859818301
71.70123469915883 69.44800340109286
23.73913076320484 66.11710951218063
91.8797396748807 69.59180621264917
64.84509682037452 19.35193486495811
62.442976330376496 65.40810266026472
85.19232566249451 21.299648703080475
97.66952931989678 23.07916659847792
3.5960726509718266 62.8640130781718
54.37745491654603 80.81460577633544
23.113849447133884 61.976051583385306
19.047932973553106 61.69707256003635
80.06454614006181 97.40356291235368
50.12045337608262 73.076706547915
97.33221815660501 26.922076910233873
83.48330758198179 87.8984321538258
38.38791515757131 38.85765113422474
41.43458360378956 86.97350491931202
10.093085670860468 44.39483124360976
48.91004724989251 82.74201260989406
33.53043425073692 17.720926635544608
20.945468990436964 11.479248764272787
37.50819284023608 69.0201899464047
43.64937717680114 99.44521730073272
7.393266216042472 69.68696385986347
37.87072682434732 74.68862582044339
77.82418533990145 4.601265517899822
3.9298397209718283 51.298584875679424
73.65658655053704 34.16835539547212
48.1284435122177 96.48765378516705
7.24174209414058 76.34565704015967
78.20840584532802 79.47019138916404
28.17820165532182 84.83119946171863
6.593420485923596 81.40816995621223
44.395283384819585 2.6836199811131944
20.89155052114472 48.9890911893228
31.136190029635625 11.286639553460242
42.70441502363187 69.1059739016198
78.26568920905392 7.254788154861225
78.5695019258584 74.19288279261212
52.260624197450475 22.60866391475681
21.23588981031711 52.123341115018754
88.41206393617004 10.930362807206318
20.732170593137532 64.15195226594535
35.705192928601 47.71332756049733
80.2321220093446 85.74991800833254
36.87567218611889 20.1892617185891
95.3399310424228 3.1218905878903302
30.179404846887113 18.99034742357848
37.88894513099841 36.17572668429526
29.321300581824882 0.5607619341054582
94.40128837841219 58.64807836192478
19.49899857915386 35.6340390236349
10.065554178353464 98.84762180059725
31.112997387024066 75.93852065577636
38.24849878527938 44.14975928649039
53.386080784717535 71.59196562560085
62.70402398043875 15.333836413233847
49.4912889002734 6.060616169839883
94.87720471247277 22.040496711768686
20.38025412245059 66.97782455953202
39.37615902808347 42.701199042348314
63.9330890570695 84.52398066906429
47.61061274437556 35.02271409436776
33.49772060127978 57.39766893953105
69.18116421763816 51.507436148133266
2.026993049599879 36.40400654745256
67.68505930637448 19.522512715478758
60.13174174991372 81.67969706867848
25.645469624577355 75.235441018855
84.245189734268 64.82780306960701
