949
26.817912232178852 8.840514533891719
88.79756644475808 36.783624711510576
25.255754462050017 12.491518861585515
29.248088378989014 76.75282303028021
4.688867857506763 33.60298470531989
7.627520700740842 21.54350990537982
29.747937558404182 41.650544100228934
81.27739917620632 12.469617906205643
49.63822654660969 4.25598510575087
99.66940779323934 59.20084618720034
48.849590869834145 92.89338376095488
59.173819474072516 85.11877046367154
74.31415012407862 34.03947281337116
84.6958435016162 87.17082596881863
29.783125995500047 53.630453410247156
49.944053116442944 33.178190666982154
85.79334144436064 16.558583744034937
74.75841031557276 24.26162550072415
67.31332812581286 95.94160156925929
49.194656787144666 9.222415874784605
13.144706439265585 73.95737726086941
51.52496910541775 3.4720679417991174
66.70883524929219 46.42739576008641
35.006667512025345 83.60411431286519
40.43363156647385 9.297710074425469
31.34057928769638 26.983634837825
77.30952728039094 60.97766176889483
21.44606843416782 94.55174133317146
79.2267244080471 7.045376316962915
12.941743499840207 76.0721302645623
70.25848193065885 75.67121629940743
36.00606818346339 71.22154858470174
68.45071489241342 45.69539299828733
26.685546023466234 39.36227694872163
59.640734568570295 26.713735429155772
85.40627439353338 10.966337955649285
29.700163037646597 3.357473351906426
5.9248934749186795 80.41720503727159
35.91710565681162 81.92884873247259
84.43973565015779 89.41103757919878
0.30704284656833947 41.51439154173809
68.29834575718931 14.273282873395377
8.670459527498542 85.37717249590911
19.74123094577299 54.14517772640516
66.27805903972856 62.07581790863676
47.514089575216666 17.767235574927685
16.622751012861425 0.4636222545591928
78.35494183283713 0.08270435593517034
80.17926699607797 54.18680475412317
46.394116127434614 96.17605901264223
9.979252309954745 73.12665024872663
11.989643624746527 50.56727026303266
55.02495721762269 61.36499851176701
29.220441056258384 36.18281754983623
1.0531429151701799 79.8974789569332
77.86206493329166 84.80527946313816
60.52798939409926 88.97782159384305
0.9631662436871524 88.4525436738473
78.7202171419909 74.07896966378604
41.21322630805322 82.74457993376954
4.681022144303826 30.64445045279821
27.858930157086135 45.09932816695591
7.567708824758512 46.835251180046065
89.90931819863039 56.64849698065766
17.703241501976784 59.66046208453128
86.58127983889912 95.8440781442221
40.746638221394974 42.49494084615388
79.70928265757661 45.6029939234432
27.03463094844265 96.63774743028343
21.693238638736258 33.77935824446914
7.7929757291672725 2.1820120520584463
6.289685079464913 30.15066237252765
69.9580812205938 87.26718084006569
24.923030111316812 88.86133966489065
84.97804887422171 74.15098198636755
57.39599976592903 35.07850475137088
69.09661380602365 45.49208279948075
97.91613486381146 92.03085577670367
78.05772278934238 59.22931669510155
51.83464200632163 56.859866484895136
3.142242743028023 26.318926553082367
75.96604233846217 69.3384947093283
38.75053399607982 75.44023559247927
78.01238015708148 47.927173717546324
61.89147902303633 89.87035801880647
95.59771513700932 14.706999739569993
27.01995988551501 83.53875250127717
53.193957176640936 87.7832016787393
91.25348704334709 95.41836369095093
81.59847065655124 52.56955477174062
27.470308061067815 15.847147061731793
83.03655380216568 76.13171562008743
96.35510323661894 5.16816775133252
4.354399188005931 91.53268243013997
27.469303217042572 97.95724073781707
68.1110370105537 58.80721042958649
43.96831561400519 33.88202320456014
52.0165206559332 91.57693041712153
19.397455152457997 62.03097890651891
30.684932880805782 90.85935984831073
41.287211431952564 8.362162687164787
35.34898514638719 63.57210467665998
84.44168634607304 53.98885765342965
36.83735836640959 13.705159407774959
55.79684196815672 86.58330332395727
44.24324450816483 83.75562255759024
16.687501663583483 47.0698106672377
60.67150132850718 81.42661630307947
16.336547311804182 86.18973223538036
74.06463054025815 64.6260334367225
81.7901281322885 56.41373126237104
58.413854011726876 16.9111304863664
76.14927315003035 27.947808972819487
40.307310917521335 97.07154182774354
54.77889922625325 13.614054582832825
11.125186735266668 47.410656526306724
48.459300451555976 17.267930352180784
31.08973692412563 13.447574077826252
88.05507957127186 61.46808860839159
49.686614563485 47.35999832055268
6.1479886466330065 44.43610839602587
21.760571396743433 53.856045700561964
0.7171857598824771 66.31262595465907
5.02990406209971 97.36227684018365
9.317309913960825 0.5213117688365299
32.21167673037311 53.9836354332197
58.9964140523135 73.15889396138215
29.55312447857206 36.559340508500625
60.719243594921956 12.33553298776191
77.18048581057113 49.85225175412582
22.149142648246745 80.8823647002859
63.61559598841473 13.450691396271864
45.592087891038865 9.241699707765116
40.46459807072967 47.67512795956805
37.19718778890885 13.007552588133397
33.11174776799138 13.668567218647542
62.64638757143519 11.492996925917232
50.85746778272562 3.3316407259149083
73.3221925956044 39.69414788709287
21.548628831400528 4.093727708291528
87.32935777196636 2.6636489519304973
38.11076451302233 4.690161152578831
96.9368319780507 33.345272097334956
87.91287718334186 12.13666128238694
67.94006045665502 90.06114732692939
72.7520436954363 34.693861638849334
19.442597626551482 71.366004792974
67.51959983595083 70.45330550106247
99.07397178021931 58.363333317638435
82.80895326060887 85.82011494759597
64.36073530403591 5.158942304588066
13.41678589930324 73.95696734486518
63.16908970313611 64.344198241949
45.81754231340851 23.26553787734207
80.17724408951271 82.6086020411532
8.437321163850587 0.7576274068231581
58.21953611120067 37.42358164258046
8.248981979656678 6.497237875343687
41.613534447784275 60.83351213543979
39.082582496610584 40.46854821134549
80.67008474371488 65.37485868084255
32.22747634558186 4.745542065989183
47.73607403183626 0.08996813974492257
32.698607470465404 35.40365905298085
8.669293007092149 66.47628597647862
49.578846585919386 44.3683605722057
76.43753415843292 70.43935285123533
60.70041641109712 71.7544102060666
16.53607226617355 11.072382116904478
72.95694186337917 89.97124021713435
57.92529686132014 79.65488566190639
17.951261358206448 86.67892786297543
79.65660455511866 64.11222148531476
8.51318003716841 75.35758479904835
93.82679511070363 96.75000415652502
59.85286944886769 21.819592011041124
78.96418291296894 59.954518075788165
63.77465262107733 36.869613031700844
83.38639282417111 18.2286810048921
88.63898289021948 64.47669505321414
19.109217885199183 95.14580573356388
18.112661690590404 65.01963906037585
45.97345573544297 67.25413402642076
8.101478383011063 8.54358911846922
95.80735626698275 9.70446842792626
95.96406865135722 59.58988438982541
86.90054460378518 46.701026773916176
25.199605493879673 1.272465021126401
64.53159698682937 69.8878184740274
92.30620900808559 4.546065293643753
54.80821042073052 12.05992113216261
8.893977355052352 46.8037787276178
42.56353537079824 30.46168592212366
92.06868206170263 50.53560126934161
88.55611607304532 74.33908180758499
68.49001837918418 41.58295507452196
36.00235286536214 47.55869117577277
11.946415464006188 10.525306709571735
68.22711957106719 85.31600951259522
26.033190004355134 77.37452427722023
8.220203590025498 30.794356879256014
8.862501030913661 23.800863904237957
74.54688206009764 8.882680415402
3.710514177148627 77.83275057607757
84.4541725427098 52.63819689359528
56.47351617153564 73.6149346545829
25.696774570994663 93.18564613582708
54.25686981669679 53.959505754917956
33.75930811314627 63.73242825321053
50.94129754687857 53.10444342894618
54.973725517139414 67.06982787806854
83.60144904206348 64.3423408991124
24.197904132840996 71.09138737248128
72.27271833986606 6.056211834040548
61.50983801013291 48.29377119747475
88.4802052329783 97.5720369124321
92.5451698944834 47.475912669635726
99.06192648756583 86.32861901594868
86.94223495698358 44.2782068526571
47.318900682303735 10.390605982554145
93.2841669500737 3.4015691279046245
83.67993514066951 30.033912963081587
13.839484314631855 51.66020389542149
49.076739279318446 16.948820658506214
52.98627997380439 72.95800026106136
40.9153240765204 81.01478125541625
10.978951913986679 91.55058182966528
52.83304137165862 32.99827493310057
47.733537223808675 25.404649465686845
21.914038829056725 26.477116837197457
83.89186606548417 55.222926150010295
58.297417990712205 80.13988130867804
8.133685148438586 30.723204583324204
34.542488314994344 13.696458823984203
15.168552727710683 54.27163087593835
93.0691424633402 45.95640892236925
78.26395145252981 94.35584768710073
47.7445051291327 51.74862694737531
95.12311921501384 30.993263898266655
11.901950965683328 39.96221248364768
52.69751791780594 28.156723355414726
28.033654499507744 88.82083555025756
74.6280264186261 35.60173679918797
87.27156287923566 73.22581725243337
54.424245673955284 25.98302777330335
85.07092247175139 66.06825168504567
62.46686493347621 80.08284133282264
1.4055218216909582 43.30262019742004
69.92641870573921 25.697747909153346
94.08862452169946 65.60610324491375
14.37791988683058 45.59745746537084
16.02589282325266 58.73698984587102
66.28070690539909 78.76653129292347
18.616382596386273 57.0641072559075
68.76522202605037 22.05902906127566
25.40894726941918 61.601194151863716
26.025201930081977 7.881012819851863
38.100063680084304 39.41811583728159
3.1308246872900014 99.49055565875908
39.566795938954726 59.02709267248133
87.90329303339813 97.62509745163052
20.01143026539125 81.51070215287116
85.76275512640242 20.620093949427385
56.1162395201862 49.78603930855219
80.51324547505581 30.695895903328108
41.35649760574132 27.014053553728846
89.76142745730729 78.3251095058156
72.07012042250349 4.256726271062838
92.41057648296133 7.0865489094314675
4.07955765201693 69.52453270535979
28.58618353160951 83.99929537026837
45.25031552504502 13.33880006857946
63.74268550796893 81.52166242842097
15.206761826905868 31.94624850421228
99.5930881556929 48.86844645920386
75.37784441653346 12.7716756596024
21.620613939719835 39.09005321742589
40.91070254969067 64.62813396321768
96.70944153379743 73.60595152703236
18.141379390306223 93.77489775855365
3.1555220195962463 29.99465804267558
47.171304161238815 31.368427119840636
42.37462116302532 44.96399718811147
82.32164487657845 76.71124262595951
9.443703809272929 95.59332718817663
18.123678142834486 37.50524453803349
41.409073240782526 3.5201197175826815
47.49985677553886 42.52786643671138
92.74842555710427 88.0755598878198
25.285650858333387 83.13760002642279
19.799496980887298 16.876454711618482
90.2776623698181 2.0919719876411724
26.683726799735773 1.266405613890409
21.81926332175057 50.65492654167839
64.14148666355355 27.422564224211364
69.35013407805178 65.85951061755736
14.121482565599974 78.33655549591683
20.223877897335296 53.49680373268655
43.43422945458146 21.09262279976567
8.394661946184046 65.28916721936619
77.01943537912669 32.41644544505813
30.449497070678422 20.730460946584582
8.800195868774207 46.41399561712984
18.492681993657744 9.246875263557664
61.15789207863197 93.49730066703361
72.52387926045188 8.325432016947287
24.25105363940341 46.55396586742361
34.42275544229862 74.1169798722877
55.96765276171024 8.269724950169833
98.10685117758516 36.909056673553565
67.51844092779184 55.57983443843169
42.034831249815106 93.185832408078
11.044660502410864 36.88287629823752
51.10827373891203 89.60528223162211
87.8635567709383 88.76738064139494
19.3608737439793 96.83826653008302
54.31424922885321 47.492297506214385
32.6601783870332 80.06674889120778
65.3631748217821 62.305187259176876
94.89076896846194 79.35244140377121
74.81529477118863 80.95597553962705
4.591186882155773 66.37800550083088
65.62085569025783 4.9644622364759305
66.99570506182447 61.388745340337195
51.866371020293634 96.15039244647527
9.129787703773184 63.96570512131121
44.46768693983141 22.35154109152492
4.248152080941825 96.96762791357858
82.95946391995084 17.113857368525707
84.44993075677247 61.375315486523164
25.69015564987972 5.882274253095288
12.077680969369197 29.35779007267727
1.1945703724672185 98.44108571955269
75.06812619859782 87.00704197044486
98.44607892976747 11.583551108831735
51.30595109849625 12.923317103234744
4.882345984750847 14.012403694599751
32.98368699401993 6.742553312444787
6.068661958120525 60.902870236516385
97.64455239323618 56.5082812102604
15.106895409897236 23.001332116595552
30.386843962141086 12.06554574137655
48.471098600864494 53.75110349698867
47.186887553049964 9.068750978211648
65.40913728744951 65.87904212031972
52.41530982172071 58.44622941423637
46.531379699218036 67.73268751680337
59.639927788322964 15.646471609126532
92.30298059665049 10.700796626134835
20.077858895493648 65.2418632346712
26.92391568932777 12.562316211628232
48.46198439640179 64.42670220081156
19.13272326916622 85.56968787271565
14.206260833952644 49.554782408001245
48.96871093097099 3.9654641928161816
99.40180125791598 62.95249121247891
15.32967926982277 80.64486055215914
31.03004954986066 73.10221164130944
27.16526656049717 93.62404748750882
12.132812099795053 88.99745508488606
57.892596268024256 38.10382054791789
33.81651487297598 57.08259224539047
62.16223869896662 82.30872127312495
72.32816168110598 56.181389714632246
1.885429517655568 9.254183565871333
97.6745586159856 19.870094010413986
61.43840888326502 81.06460501014098
86.77430888339286 32.146666155567374
16.51761928306629 88.59060260572613
48.84509056501992 34.350936523586874
19.85763916058445 59.07728694377078
29.391607671837683 84.63948911079805
14.892585493531152 25.008861119701987
58.22631959353014 89.61027100822776
35.63432737154662 44.44698247302917
85.04333603489464 18.064855872993522
17.755923380903194 79.99945610789818
90.16859016437041 58.2844695206178
13.467081326219343 65.24897125622735
92.62893934363171 40.34720581728835
96.350159157349 17.041477684177774
99.92135522241301 47.887961397729974
49.01946800458765 53.166466536607736
50.68280833083567 35.57528162494103
39.130007684673544 62.71850671399689
56.43900922448065 16.295693621336206
52.31540051967545 1.8709708385893364
20.175246928434774 45.74622379368422
61.43823771169473 33.59408569586335
66.43584967357093 90.17032796669285
9.52322287709817 83.83802534204168
46.55792626111088 88.85381335314368
9.683034514003019 82.62076570685738
59.24568072287789 27.519555218800196
22.026040632798637 24.42343749508481
81.2183960760901 19.788722282444038
80.80589615434528 96.11775746113747
53.01626035803086 1.5620934089866978
17.303251863420332 71.87528718341589
43.934773998609536 24.354520772857
37.24769726157176 21.142996718238305
31.242696230563627 67.94050010003699
94.6785406961218 89.79101982814714
49.70983010802815 37.171231010768835
65.7570501274263 66.86127329935783
78.93674121711545 48.80521487946279
94.11513492765054 42.65478347059122
79.39392968763731 63.93136564993808
70.01409904032863 58.1088061791925
58.871265793935365 55.683227867207094
70.54611803967626 28.661874741334813
99.48206649142195 10.610836641445964
96.42969184913794 47.265689778095485
79.20046578684004 10.964903589995744
70.83415325034464 43.80688720277265
65.19734251640955 98.0254779862752
86.63183237007365 71.82000148047602
91.83676783101117 83.77608944095688
3.2282290740292874 38.21589022236622
83.14916100967834 67.55307487065274
98.65875181995767 93.71147553684968
74.62740206843233 38.47541311576238
12.352287734259548 62.077867020602426
21.379547557984125 7.971198826100778
63.5696029749516 42.58242149777773
53.99735045796131 52.91233386934184
79.53778391576901 42.632150401267744
20.4049861319467 3.632937983229867
66.04369586037855 39.00098009918319
78.13982107904323 63.494192333431634
53.65684167427951 58.07709943547788
19.118152325191684 74.91400624773348
7.290439927833936 20.445901186770488
36.25463316330803 22.33320496671268
55.14357238821047 84.47850266131556
35.48748762341566 56.05597944673426
56.55861761076567 31.828140387238825
20.604983006348697 95.38008420700902
25.12891087446797 33.24925348518294
77.31610846483385 40.77910472262734
27.305643121223433 95.48793191184276
94.09160982825995 88.11945790379558
56.37247191117597 12.922663793826283
83.97512862835842 79.27168905461188
20.696561961089166 59.2963440492812
28.654826375887353 28.253548043305145
2.8848365363875916 20.134437625762345
74.77235748031147 69.54801787672974
5.676099594284089 94.8115887802476
75.61775458982648 54.16267847461079
35.63934115809828 10.722609749393131
59.9037269958242 87.72126120568612
28.6183437645656 90.56070052063698
46.45815255389175 93.27581393162791
81.42329355454726 79.3267501261053
32.94904096949644 96.4313195727103
80.32541659570857 81.08443699462504
66.52658722407702 58.218691577300675
28.041925736319318 47.28615565596698
67.41000791207888 59.007178852107614
87.18060602256209 9.380460925311818
60.90197646464905 93.68465759202542
32.11312952461313 65.46553612179228
78.57772334775342 17.695258960086456
16.95919616454552 34.16851274623758
18.071153880577118 88.07298413594525
29.607010691978164 11.785113283621518
2.903848812187526 95.23839700526852
34.62586296802647 33.37000663620431
66.1561038161511 24.06822770724122
38.054566180280084 46.53932841666081
82.00264503346412 68.74207646746092
74.8012115373957 19.579263006268853
3.5379668721094104 62.52057300325603
83.85002480477543 78.02546831930198
2.5127459111769057 33.47885900141202
39.801143710675206 80.30705974143584
22.181271309396134 53.38217134394762
10.783559142620103 44.46053993867983
39.55221284349767 63.928764758102474
88.81520892196322 27.611607003575887
38.57052796524174 11.679170263019156
29.582818827358526 81.85700828240195
33.37529215794135 92.30258501786189
22.359031086980295 67.03435972912621
65.61336297960581 86.2502897218666
60.4120519886118 62.99169400995963
51.95239842170055 28.20915316442205
10.543738468473428 77.07826028769227
56.1854690932954 17.41067757292032
26.722058521831883 3.5126117002392987
32.13752469013962 77.24632943631931
25.18241851529576 16.634740153382353
4.85525763804594 54.63950807866658
45.94746729676381 80.78602261068801
55.7867129962385 71.65850658084881
61.652422435695655 94.79710495522497
99.93074527317032 36.850315747568416
74.43391113389433 51.64672516593377
35.152747690183475 94.0275811360052
92.50366321620989 72.76058075548465
39.40071049035665 37.41348769329902
69.87570866094298 23.67704524774735
5.316441761051493 17.572350951267836
35.05160521090167 7.870833451015324
12.936807057491272 20.26758776367339
14.053820956729934 12.113829693597399
93.10632394864572 9.975841970506561
51.47976602103172 62.371562255241585
1.1384885172744053 78.01343988039986
50.685290168910136 90.36024975789476
84.39532671514262 46.42113916749414
44.23221716523113 67.48298415189483
26.346033940468438 84.78179813769792
73.57130262788547 1.8154465482292603
24.416540400221287 75.4592002054564
42.884040746537536 94.4608733691748
97.63292929922171 73.36724423799805
53.75400274274109 83.5938654256737
45.80078561878166 74.26516999643124
92.30064412488453 36.65138493197206
48.22787801488476 93.71271456629144
91.07261696843416 98.94999553058128
77.85279400909351 2.397435274698956
7.263952567406829 87.66740373223881
27.564757489948665 54.555340268080876
46.000156627615084 38.060585834170055
89.34742958158544 42.85226216098326
31.871397836791072 80.7367528264643
93.72813516437975 82.56461690074487
63.04380921679758 74.70794133471192
74.92272144548318 34.85506410753965
61.08607824558351 83.08219592748554
21.607541219559668 26.951055466465977
16.40797068646449 74.19580389937852
77.64037720128658 63.007522316792866
12.095347088018805 47.89624442612342
6.196051041800477 96.12844606917315
83.74917244249613 25.451192515708776
62.529395790531716 34.98457778555151
83.04559351412964 68.82264283249306
59.59092063282216 62.04704454346327
53.48344055678649 82.21365025155359
53.29870312672649 0.6873996570828322
24.69209885531799 84.53655022053071
72.05998652858287 37.1253448199188
69.43105651672306 96.72890867342849
67.8200599191247 43.61739575093421
32.980549787690435 33.92218069346601
80.00373112986333 4.463232366034564
69.62454937672811 74.32231647779534
50.530826581114255 45.454514905055156
54.116711198311194 50.883400958976964
33.217633188902575 15.132682996699941
77.2247550974366 37.982654509912535
43.87175735754669 35.51241496440618
39.62576403938998 63.71222882557763
18.199962343276898 25.66128521470472
87.203597022686 49.212864207056526
88.07254534393215 66.22624940730877
16.0031494819026 70.71109118434129
4.302853372771609 15.86162725253255
24.256074262605743 20.22940252791152
54.54368444898421 62.06361117370709
29.91401674448805 21.569691268269175
16.133259085377492 71.3043966352842
48.04309605549501 60.624250687413536
79.10973201761216 20.406350649116966
38.34346949723507 75.74431808483033
52.34790959681605 18.83475976312119
66.91128255042752 75.79119843680937
45.13816206630095 69.26709426351042
77.00217943410401 30.131211225861286
66.98459070267198 98.63652363202802
91.4890362631846 11.338609901702746
40.16667460547154 43.98413467168426
36.10152558856552 25.003553996947936
98.84115588884025 58.8033327853166
51.51262942690447 23.75784557853785
15.272564902717411 71.64215866485675
44.41208777902619 33.798046220358266
86.81644842334438 5.325645152023261
15.53254409327659 20.211018549428594
72.51289291163499 75.07788884139512
39.719065313435706 40.613566235301256
20.180883822625574 99.22854527013551
53.64041726797437 83.58753905452684
65.22656761817579 40.113451391440904
12.754252957088552 15.132525434271093
43.50360681120725 68.4302566303171
58.094034543553086 2.105207401674991
88.44921068251548 44.895720971262975
84.48654391160639 10.270128196560545
10.973741250042924 43.73431248397972
67.53316641851958 79.99748789104217
13.718202369537092 89.46084834050653
88.31262117584747 83.91044791257222
84.001406183745 36.39647033531042
88.4464487240632 84.54919586502653
82.63388820979496 95.57502328621834
99.6146224320872 61.14161353131756
89.2170714014569 35.65756342731288
56.811316902882446 28.419908051399744
16.78389717120251 28.319982120769648
54.04589053352347 68.55932706399192
16.695536688617185 9.252138352962824
9.94762623512181 78.40080678952307
1.4767715214937915 22.810439964747133
34.35269313840313 85.41305498804167
12.227342810194141 48.996631532462644
77.88038836138952 1.5225207502602922
53.77302866404883 19.165781034693197
59.07161295554217 51.18151284215132
98.37575401310735 61.62184222992917
19.04808237297787 15.659684407703068
15.927542834113561 95.37651289449606
95.74776580534639 45.67968093334386
43.699592332558126 57.89227623616162
68.37177714671982 80.95763169235354
65.41203469298742 86.57879153043307
76.10729295725481 51.40019643262453
45.05917098147282 85.41637838582608
81.6393106487522 58.68073481418008
80.59188887962982 94.92925220878506
45.25138720090063 74.57665366756339
12.441151064830757 61.45765234905426
76.77933816739429 47.78320911099828
37.70944602254778 64.32715758798956
70.30693385014366 90.328512874994
50.97977353034299 61.694518196167635
86.24073271791022 44.08530201585226
24.804017621488583 61.43305686866041
8.936165705049138 15.257917797211217
64.98406880314074 80.66209272579654
87.47604218587446 9.315164067237147
82.69566721307817 92.01025190980802
3.65248451856639 56.563358727939914
60.988491532341506 9.138656848300963
67.9267276574543 40.9291777868555
72.43971833325199 73.92464874509027
97.43535694923871 52.27272328576803
88.7912215771961 81.76318845134311
9.067678534809097 0.7351262105486311
64.38816557347849 99.87913274420144
32.56867960453176 61.63479444503085
64.35597063421304 69.98999887176684
97.47868269187624 89.34783175326628
73.72635758134051 25.29221699404529
78.63421323900302 92.56956657080708
68.24094909086502 75.89705659772575
65.85373862881697 88.11198347071195
34.925086813854975 53.765531517574495
55.47725451535438 62.68556203072598
67.69884169919635 56.101031380874375
83.9962540758034 47.79395511837189
48.46662560623594 52.39691899663919
75.88819262461706 90.54290018775467
36.6087084627959 32.71383469146634
64.56687776216063 86.06200652812154
33.47079216315921 21.953606864671315
74.00854099924214 40.47049654937482
58.406074274777495 84.15373461919002
40.403917855701934 38.386196965921556
16.40010005988688 8.25863208608234
12.209749293960204 97.0110205898509
12.13581730963802 93.491574829476
98.76193106943857 97.92035909564632
70.37101985259808 38.44064014131655
10.318483157881708 88.28257756677355
72.99249561245581 89.48227379389786
48.81643151141726 70.96928364531352
87.74889728663769 31.177922150324587
37.46652762090241 58.732641114447524
57.544626910455776 32.28292446955998
94.58476609310786 5.076388468395809
72.14951065271458 66.25270985786283
67.66283035021743 56.807382147103404
96.63210453591036 23.435155203933398
30.684951854018173 53.56468278427852
55.90275019552311 46.81161378709462
81.58999056540449 87.49667468482716
31.57098879250364 88.75629093927317
31.751692110522566 1.1810513023132518
33.28858836333186 41.87976431159866
68.26119747197001 16.16117555526354
19.53619864096422 98.86471920146694
27.58932434849123 82.8136530381305
2.0102806454301403 3.3253943083766724
2.000463948723641 1.08070889815437
9.321856221293034 59.2407129866338
84.32280735271054 51.377980572185336
21.371145052486273 58.60878026207489
70.04585999740581 60.331247403568746
68.43195930279991 6.190739205151541
37.797359178469804 4.798726452312662
40.35927602317134 91.02061727514678
72.69302421715092 73.99635077541333
68.6949219697954 91.68460616787782
26.310110297412116 41.965780182461266
14.906333636406167 18.6370390076395
48.939220098983114 97.4108740051286
57.83181694345287 42.23550773408893
82.66361498163346 68.32533047288226
30.560326926729786 3.108650379341993
28.60982328377064 78.44400813923704
60.52418435922284 94.25349981127823
69.10835528341421 46.587401914424184
40.03265915801209 70.63405519439705
62.71938709337208 95.84702025571121
0.05845498449731368 48.774757559121504
15.029108801491574 65.26625007610886
1.1920439877999622 97.70380763051234
3.280764922261248 56.399894510075086
59.25536691874995 22.157247218567854
89.66615551590684 24.07649545395243
36.526384530570056 24.368721144977524
33.51337248562527 14.111871370442163
91.36443744299223 89.43033676493839
65.95434199465619 42.275582603307235
57.34868904403703 82.45274913757487
73.61186659196936 54.71351397080749
92.09866426279618 68.40556405821904
14.790104201661713 28.705135535209426
6.481699414563369 0.4597146743444913
5.920600326508496 18.18806449331175
16.064863991677882 27.59886903505785
75.48790685787198 30.51758554015952
12.001627201093957 32.18777229650412
62.57433936607369 43.629257305223014
98.9512805234812 60.114134618741645
28.80167382034351 62.7096221343201
69.78939233508915 37.1436563392882
40.86677735044177 62.859823034719795
46.246193941731676 17.82735698546999
10.030377978927929 84.65729280065763
91.11515890629396 69.20791315219556
25.537677424318726 4.723613675831473
98.70790346987678 82.64421766900197
78.69579976706818 23.64632794184296
23.319550492007966 81.86887574114536
3.3390352550784597 92.03698163158201
10.025304285711167 16.752374065232633
38.74754942361008 59.264540207412274
80.48768487516487 88.65708798525631
66.09729096806582 54.22558661724742
58.74221716318644 81.49755222566128
64.66434670569315 98.94440580837104
47.55233868484863 45.182793956270096
37.46787673105657 13.009607036293202
19.11417194019367 18.81706650873136
75.89798461598667 34.52790282010423
30.97647737562802 26.458002578452977
53.466215134282265 77.81515474971758
89.53729599190933 63.96014611517007
81.41029071352676 16.160858865436555
57.706885398430295 46.44262343434734
98.81167134994212 3.104168537754748
44.40034044149231 38.93602494735858
69.92562943474108 7.5451014946900425
67.24143188483323 5.0383148559900786
2.6073433934291845 83.17510726046346
72.47235086371795 68.79663862531001
15.013561306994227 68.94584500127735
53.011592254563546 84.61265175658805
69.10043770478363 86.50484130990327
50.650466790149316 24.09447183593143
65.72603374108819 49.82858304508011
77.77673890960584 57.28243492094316
30.267985993257717 96.62410944130076
93.81841460626731 98.56941219985276
9.619274922704069 58.67177303365118
0.9070281141266401 67.56132151359985
42.12424220334709 46.500803377719876
68.87508327475618 90.11005952047499
11.948738120915237 57.08729044870625
55.38828162202487 12.824322049219283
48.27458284699342 35.56400919657429
1.9899268916458879 86.47492527491323
26.616302258662273 90.05536049340446
25.430778394580777 72.40641667903218
82.0748571308255 81.01327469215457
89.93736908602125 61.37351838255691
77.28007265361137 61.908819890172964
94.45707859921536 10.954571648853372
64.89019276204304 28.154475667195968
14.542398959433955 79.06077344113407
17.939125901303232 51.6056743929685
66.83152530280799 75.76723340925949
31.75257375711251 34.690457028936905
33.12413008004207 0.7335137634901678
6.476657859683055 11.132842983205926
52.96480729839237 31.647114349716375
32.16459725950638 45.68278335244342
50.73023891382665 92.24015548588868
37.61418047454402 61.23361589586751
50.296827461713136 29.358417231801724
53.626346052944406 59.65901068206899
43.20671694982102 27.01559649847054
13.172129047908921 70.28409774195565
39.79655128523451 77.20701234612773
99.46192460996218 92.2148830505205
71.39625075902146 4.886087399304662
72.84268624185611 4.113029157471493
84.03349639075113 93.5275551063064
73.65669764844253 78.6331737511079
33.50959461657425 65.90517595366236
38.13499716082741 48.09979710705258
5.68033185417669 97.10492689666857
51.14638399967652 27.34524778793088
78.05683612775763 86.57271393776304
22.076551032441017 4.775105415195135
7.996603075342568 39.65959940775944
40.50275895209049 50.43185846694188
24.888215072703424 13.490173970320097
58.18685508438233 61.60159760207776
97.31652759290014 6.877227440861066
57.31684835934896 64.69416025046539
50.799635246029226 66.60924574873964
34.10117882639866 74.07565734162554
23.316405267280437 67.66471467639205
56.50611035666525 47.9222583440957
42.002722945059354 79.23626223376456
39.26537994850609 19.92660057300384
87.31352908008549 45.91437902280291
78.93232311067693 49.695118798462744
59.10428750159704 65.72051500117459
19.50438201265393 26.480909890896786
70.08422062022622 67.88483352235033
98.56269568300701 27.558688599216485
49.05352933260494 58.12667774540156
77.65563434011898 22.935718456258336
44.83935118157545 43.83802630224242
26.962666436082493 16.531175139586974
43.29369030946467 24.90677335149024
22.91795892703188 56.32805771169107
35.28586952725529 88.12228868187249
43.16572330759612 8.972467189008315
29.131745667705367 92.40932128968062
7.720475492079215 45.23268848209969
90.46586363669346 59.10929924783924
66.86826469734724 42.97104580096167
19.289350960474128 14.062618078147239
44.805863533427825 60.17862819327213
67.44853424723051 13.975438494119885
16.336713499403366 62.64055316471274
26.37449742418516 48.64340220472258
4.258506530879835 35.19360401584998
26.235138836441074 85.15823532440983
1.2648933933103401 94.12964136707376
9.03021255166725 91.2095308942206
18.258325433311164 92.04470531484846
70.64470682869413 48.661854274678106
6.954187631090891 82.14831161810315
61.42901544407089 61.03838736152502
18.852999983791086 44.607207942240244
0.32627996159665384 52.269324771635674
89.39880521191719 67.21630707335927
86.05730135991672 7.755591386076022
13.51494904213717 96.72162712392165
18.65388354098406 92.94691622320995
42.929965462732035 5.742846858666962
45.520764649037574 5.262209676147222
66.16545144446164 17.912014082604877
33.73633870126606 8.311249238363839
17.35093847491347 72.82142492751808
15.79906811066547 77.64145521659529
99.35224867308463 58.264544292659416
65.87632298611656 7.664747233731095
66.66605304772474 18.346191734720197
39.55264416283612 23.90630263752429
76.85915563077612 53.57989147261314
41.86455695606003 1.900442407014058
63.450915979252876 98.7380720179307
75.16711591977268 81.48552184235061
33.185409714715 33.15377515624638
7.110092764176946 25.79428307507926
94.36681603152205 60.008933250213545
81.02988848482529 79.26958492383538
69.05697403590825 22.206788206028282
92.11745987712628 49.559980339927
62.475489253518866 92.44099994737209
53.623152599625925 45.09863723407081
33.29431479587039 21.23453359203792
94.23797385577367 48.051881128253235
89.29679289485411 23.373279909989808
60.314406259488216 20.538024281513522
85.33642772568685 84.89852207622481
9.773068605315805 52.931701089056546
89.91235522332408 78.36295442543002
16.315896821539113 61.2089016057531
99.73286503507427 51.378867749306856
64.91386989113906 36.29144904256882
36.8101487498092 96.22450169061737
32.63731059221523 85.57295168419834
1.4330383631071641 33.49989544738414
59.30053582681782 5.268678501406554
57.5540568909929 19.46826929062092
70.67261101554531 59.21442445394799
14.31762326508057 37.48082975419804
7.423448682211287 96.24523944089917
90.39269013280756 96.47639621977777
93.73063369162968 74.93909358982845
60.16297494861958 84.87286981680646
63.76897172876763 94.6601422896207
44.82301719958747 2.538760955453634
9.918936300911641 79.3845730929376
10.465898163827593 64.94607421479657
77.933598991379 4.743527340480458
28.28722567637616 97.10810520187123
22.19161730728809 7.479685274854542
67.17437271501727 80.49534123331192
36.19229700794554 40.50139114342137
84.1058035170142 19.606474227103043
1.1809128109230738 71.54070793989389
40.952362490027426 48.746906386340896
57.36118497875536 5.451948094272319
30.307021846164737 69.75720303916964
3.575935992226087 61.194606948186824
19.087322323129563 75.6871260851883
41.416440838444935 53.99857231373043
22.181907970895864 64.29030801650968
28.468379170162795 98.8619629234677
17.121227038453767 69.37128682702335
19.701289379889698 61.24064066690984
70.21573671406988 62.19215090419469
17.361075105911205 33.00278374216481
94.5932569026797 20.249901980622354
73.50793471437001 91.44910447595962
82.25114806296662 73.9028296860426
90.08398137823004 67.80342666559073
94.47055741796022 38.71790002812278
56.97037918664588 3.4500035575950605
81.62048173278718 5.918662122796525
99.05879540700788 16.733475547672683
9.670676478426222 5.6821818557961095
41.222923640573214 33.913442597515086
96.77094271895285 7.615090216645415
15.868502460806988 55.79313664292128
51.009026426095005 31.07632353002694
62.26319340599659 19.041009078944505
42.74318745985132 77.79683129582317
9.266176762056698 19.59042155463172
20.642712978191934 90.74232580207958
91.10310380277195 60.29730921455771
21.416080233471078 47.95733255269329
38.76533788816418 90.5879571855228
32.23645903766765 55.105016711581236
49.83230411655377 82.40598148050749
49.85440542187115 49.34615284734949
