991
26.646984094215888 53.24599651780863
23.79967638197067 47.00737833732633
66.726760560687 37.30270027650155
1.3737342596208513 82.65264694807831
14.022311200463411 43.47195108129578
44.294831021815504 93.11636410101963
78.22763373309442 56.751054281320165
81.763951076843 40.3942657536799
46.82472013603517 64.5469057056122
87.5253589472375 16.67052674148436
83.05098962025711 38.11814492424016
97.57160619561584 75.99709650503006
80.25523261533384 16.056507322792836
77.66978089515099 16.230494120963503
47.48641747766733 87.96279074702092
70.82213825602413 79.23190418504097
0.8050532215044703 29.912981785584147
27.243178208420915 33.02942358505799
24.751338044714842 94.18707673146673
87.21257606099948 40.01777325642796
19.210704565835268 98.14016312118926
68.62973999537326 38.7610072408411
61.68180162326613 10.378926964111812
12.022079942983776 3.364376269451197
40.25734593031445 58.114852573638856
58.12905449661763 49.58284710197856
73.5774867786718 86.77239998466621
71.13920051180814 58.02743582039898
43.39343002668793 16.833234460565905
25.507434034331634 93.98657679706679
88.38235651558102 89.69606259608145
4.623453569263825 40.19390705854355
62.20533493604014 24.54838159354197
93.45645086850539 30.830479877447527
43.013351167401524 63.582296887912335
4.94411421394787 82.84048151791784
56.26380005717571 12.573182365339154
32.36358190971973 38.594324741113304
93.89468637830622 50.671436920737534
87.62134660895296 61.72425548623865
53.61935593720912 22.51747401052634
95.13886846417259 22.680325139293977
94.28923407131819 54.707539441274164
41.25945842042449 72.42320532270762
79.67122194485911 51.20808608243475
33.08420983314607 9.04235849747812
36.80914260944109 8.125227685144331
86.57931513248849 3.2184865627194026
90.20717038621342 69.45667331293139
26.985040630242818 43.84664174561428
43.72825966516945 62.851002785820874
92.33109748982066 61.67242137700208
30.802649398484416 10.309260635508421
53.47941759371382 21.61178412376842
80.24071714132306 6.592878217335507
36.20274075448121 76.07615244743207
78.23370646901718 69.50257425882072
67.46067174016433 38.37314905058652
24.311986189278812 86.26093986531323
0.5116309625411097 55.70133450139546
9.376769948844743 3.0981181076475517
23.756090365118098 50.65104939558536
93.85743759425843 51.21199007212234
86.48847428711115 98.06493348224748
60.19940608075517 13.017581819097156
24.700662529074247 21.235800716140986
50.449518154246974 23.545859693516967
82.69503821425064 85.71682884146871
34.55131048557284 12.844624483781796
92.41803576690059 57.37781433913105
99.3252755899644 82.12288493312235
70.71662002377344 6.954683831757746
43.313207824318866 58.26857790295414
11.729230370677135 22.89486180247802
3.6892948641786716 92.76862868116795
68.96780024966979 47.388584837378446
45.2689777014304 9.52393225822733
74.76575977955251 94.8145976159185
59.69279328108367 34.6529234219797
56.69197050914189 59.550869896934266
13.447732209256547 16.020646946950347
89.49497402514228 28.28037247547193
15.703135131201506 78.88550123776461
32.41905281466604 92.58277942204502
41.13523572071362 69.65112805397376
98.01304630490928 81.63886322763572
43.98339496326392 77.45853069464233
91.38548604243182 18.72820589801305
90.11964856915033 65.04687926801475
59.722854909273295 16.518695903053537
78.78098160954853 70.8438161359393
41.89869203404092 32.80035878161796
24.285600812855414 52.205463892320225
2.541962604140824 83.95945912387636
68.70266782040495 80.45834415168427
11.579366261184077 4.316997912539533
11.957276086799462 27.551909836967916
94.49834494445453 36.57245589920155
53.507039682043825 0.9785783330029774
57.37258291331535 10.573555344692288
29.72172096078649 85.3654606509356
90.95144686595626 27.999063889700825
29.82900560485968 92.71511510958294
38.41069709715427 95.26587450628114
85.4366056508933 83.42333580855235
51.44107332147757 89.59863074922619
52.124689793402126 98.97661491153801
23.47526491571147 43.72854340156983
33.47613804767813 76.90640146367718
52.768152131418134 59.43607317443208
34.29478211316558 88.8160010688921
42.09633213008151 72.96180363954569
40.42689815416469 72.54279300520922
99.75279470478762 30.674272711619633
72.98338459673472 81.67800835998494
5.722691760172205 27.391799476352062
91.73581230672116 83.3160875195068
46.22650314119219 95.00097966498684
57.12838031971822 7.497816797174883
78.36379791205523 61.56812529736677
53.5974664562068 65.08735302575236
50.32226066170797 2.7157540019838833
32.00761847318141 33.95077744776329
43.822521112402605 50.14774178044973
18.085704992897668 40.55898402130281
15.415712543728954 48.97337741006087
67.4090015591483 22.491337821727786
39.820344841517176 15.79346323066283
23.315698365250668 24.819953811732233
44.48511096945739 6.708001830168997
38.51370366665835 92.58537386149762
63.140696259886894 45.96334061014695
82.91252118954448 15.442508631146023
13.416770707388636 86.1334479303756
69.13545063310205 59.5638202700261
61.43429473695612 21.542317866815896
65.44674047147741 15.000394122049808
53.16776719961482 86.5252969730882
29.14492833733453 8.321991436950505
0.08846751768681882 29.14042204641458
65.85877638678217 85.3280237030458
48.33602912865462 68.17915509891449
18.139625733749952 56.463077171415236
57.114236617823785 91.45195828437302
53.03526895878783 71.38519607731328
96.2047026001505 61.20301013533156
81.26648105822373 48.72541827864293
92.35893832393491 56.74358571225325
77.65414073838892 2.4551207589101343
31.06749472460676 96.28199345733074
16.392466762173907 2.101294034681711
72.06139002549044 6.285615128319777
4.979292519635415 54.53346224790998
78.20797842147888 88.62888865426993
50.62338018884027 99.92218142893257
71.04060378252672 2.0623082165191597
74.70082821902794 72.31638276100753
93.90120986677135 69.35472496154539
65.27505246817012 93.32284402765274
41.22944605672673 42.76921331613228
51.38378655282789 84.4943181956136
24.41495902125883 21.494498065639554
29.762159134538514 96.94702643491885
21.469631923079824 27.882739077931472
68.26580016947165 23.3819629814627
77.15952357188051 13.905029793215473
99.01449843101786 21.55830553618604
49.883449916224755 43.4894164640091
75.44214925615422 87.66374459366146
29.99871871019504 39.29365045342414
58.84680915131252 58.200928692049395
8.866917274729147 0.3864536638633731
10.82097747722045 87.46182116125857
23.948913717297195 15.783921688162806
84.75007062294597 50.65033670549397
5.749114371319408 91.86264506930709
67.32684495499672 97.86978954916604
72.20707281772067 65.5384976762304
92.15312924229822 56.49425639131426
66.85278870281306 76.47882289206751
34.511812371278985 71.9115157689319
27.495846944610168 23.400697446074858
78.53033189639088 88.91724101795032
15.350097824544552 41.91548091584155
33.10433286654494 95.35688820163755
26.09100608619923 43.210701458517406
97.23377335684785 94.10834457052431
30.726719432857873 21.37362002364024
96.4702854607764 19.922036868162564
7.814596110317851 38.08825831240627
32.48235118518701 71.8840897333707
39.49345301606378 79.25868001421492
85.15333718817847 1.7386858394982552
66.19344818314305 95.6561278814613
5.804751934929242 43.33830944664516
93.8271538739391 11.894618100441834
17.507728900120178 10.150727889090305
63.263546214696 74.43627547566007
61.81846244884608 23.620996580209884
83.7294889701937 54.34411111202591
66.79017064830502 80.23113095732683
82.2164816753189 92.40903571527312
2.6511481906245637 68.36389753889144
12.391518139269042 85.97315754252061
11.229287593370108 16.13917110097859
5.3478522893907865 55.15123648236665
35.28829947858305 22.368101542487217
4.56290755221036 10.82965764904512
22.53618067374621 5.21328211850377
6.646616521771187 63.64319952529836
80.00052972388588 12.86260885521041
98.91206935369934 79.9418581455137
75.35769298841903 21.60805915943056
95.00864469541082 33.85572875517057
9.38936749698721 55.5088669211093
62.304625538728985 64.68693759737421
38.25070996765548 26.84863495925418
78.33095048999688 72.8134852846208
89.35584784087924 85.21010218340635
26.2709008152064 22.032755612092547
42.63251702180746 4.734486279544392
64.016652120352 78.7603468278813
84.54257136719808 48.34643277663409
0.7208518990903356 71.07934504466769
53.48429620796609 39.418542429434964
49.55690102602337 32.303254453218855
65.01639238148472 15.68302830736682
47.376459360981215 43.571328373532566
7.387341324134756 78.93993185712476
88.18028252358167 82.67135520216927
3.0916133064762708 99.6776032216388
5.382590911676299 86.33746403400079
34.266482573343396 9.18842752885558
58.54205810576973 55.08146760219454
19.27510333397201 75.03234658674121
44.80273718544841 75.86634689771901
82.29272188611458 1.3311898729144067
86.88435384830639 18.241621161802655
33.104247268053996 50.75376590507098
99.60881205552408 48.744461143192844
65.7342689320907 20.640805529054973
59.64421883495156 60.07123889468182
13.371678216513171 96.84620459533862
48.55968520629591 5.885593719573223
62.96068090252852 33.14819152496792
49.614848926789016 49.02442840808866
77.83852906690333 55.14841610152108
72.96197320933557 19.056540975560566
96.14011128572149 98.73215713684456
97.63114754788765 62.733488980774524
77.15037961128242 6.740620575685153
91.42211099050725 62.8912645334124
14.046092320102765 17.494090498602898
66.11432030578683 54.6349515401958
54.542550634470324 67.78162538248225
73.34328669914186 47.197389862664906
84.49062814124525 27.11668533167537
17.36828226430589 41.98763899723077
28.751772717941293 36.81582039674295
55.92674241397434 39.723087776287414
48.609962760390246 86.96597205675668
79.81047573221748 46.249049456503535
62.56901930628158 35.06415405023602
2.2513760163480945 76.72639047218533
60.957881615570194 18.118039249223415
23.05868864364804 8.575122041628191
90.5286861728319 7.777920024033769
9.746810676709682 53.93371967211761
0.5927847524526686 93.53614950429919
81.39291036997001 11.702806704513158
24.56412102841434 83.91183167618802
31.440784360165186 34.36728113482026
25.260848946448167 26.953818230358063
23.73133304281594 92.47516349492192
6.445964905457169 6.796926171699491
89.85302208719546 87.35738535346067
40.360135845156066 18.925582587896717
47.29685204247017 31.376675905337027
90.75158631978137 29.468856374462927
79.71557018959194 97.18681796548353
26.504520396013152 47.19839540496189
6.528425964061668 78.64385206977447
59.11459990908702 24.922451215949305
90.5628467788056 35.683663630889164
83.75255569909325 99.18287230657157
73.66675305722158 77.1079201180632
25.515110731129198 26.936743715466605
53.58009260446286 66.81572588977325
58.317787536041045 28.179629127047534
53.77163076449259 55.69474162257182
49.331461864379236 19.72110977004009
44.02953731511411 12.146002988715153
68.73456607191861 23.104336091365173
54.23052480039172 84.13778265577274
83.15853268430526 17.280758350706215
20.45926105561431 53.89311049411386
20.530519092440947 67.43930463067798
89.08654805084612 92.64790996835582
71.22603793228033 94.13741060989575
36.995821196058124 70.60774278260989
38.18753194098093 42.50671108502585
35.24598269361861 90.45884845738335
40.656850669728506 0.7807510245264493
57.326419608556435 47.43780050699205
87.92312753016868 83.90743314970649
69.70026584488089 20.73620195821405
96.23529721147952 99.0623782635587
11.909185967131819 4.9910745254077575
47.562584398383045 14.710948421843884
20.259844146167094 21.703165330351638
54.850028964207695 94.35247751457901
7.6111016202115245 38.66688452999041
67.18366870744899 52.317692037564946
85.74762228869064 73.09730784348095
53.92596585943266 18.414804815272213
69.54290590679018 98.15478336198092
11.911731153805361 75.62804921741171
62.272214682004346 57.63453068879984
46.72881443086094 41.985545776727406
11.862888335874311 50.0865685538624
22.75313932570309 30.460934369923677
21.141969172783583 65.72070677132024
60.84927434068241 28.583674959676763
1.9658797186374866 98.99898570980335
56.33696686719677 78.68713640023797
96.3875985072588 54.4435365257854
89.33091415832729 84.81134155734846
92.17273865703078 47.03491194685782
42.36187967321986 14.700090740266802
57.37183268965308 92.45532763682755
18.343480617904095 38.170978258241874
43.821565056973455 9.35242501711613
13.007723249894054 47.72025569173509
53.90222854473008 73.88608839807756
46.78302107508212 18.1540515177825
77.17758487688879 12.390760465020033
21.122002023180396 90.06549937782876
18.198063057416668 20.819456435447936
61.45421306992196 84.16154019994909
14.048200405798362 69.64212625203912
63.784061323579344 1.7879489903783075
30.888644486045138 26.546239548562745
32.85969120543285 72.28738956886797
65.57574961070428 11.913548936831686
77.49043903949084 58.50413263658139
41.7017581772647 48.33470344446932
64.77929773014482 49.33538156317419
99.1930212735771 38.17543231085006
85.34130242532444 1.8907112319669572
37.33013240292855 4.394678886097825
82.96173014200946 29.77677087636106
11.21319134986919 50.58579096702375
69.45936963792064 42.00837898259483
14.759594106795394 40.58217385317852
97.16881280146913 13.213249699037288
13.535155993412074 93.60453791922266
97.63262621479763 88.19271154494359
20.236560475990075 36.422384513925245
85.61695293447166 79.5082466676115
15.360913355705508 47.48405630858558
38.67248251118621 24.473300350275697
92.59619272264419 30.077624966481974
21.409490019902698 87.69890767159832
94.46662526678085 32.82056065036157
35.52981259618333 37.17745655123037
73.83650815536252 38.56323747022685
33.2783074714033 95.78494942487845
81.14983584224348 67.54384997614117
70.26639082261377 12.296109743618855
33.33262035981214 53.31390332229273
65.66577142040856 81.7082653202534
17.573232416659025 34.448406292714765
11.50413608686841 32.34820754076032
52.56915994680921 38.416294997118406
93.88320570685458 13.340376857025882
80.1385030978156 28.50586201738423
76.47712577800867 59.833360623060116
85.31976787959692 85.7547040421654
75.4015823088917 51.8423060044956
13.11206126666995 67.91839988906709
84.36787011743488 6.16670008095892
97.64292703968536 36.785943556568704
53.24829475366934 2.3577639150002327
56.3073688688585 54.42013700008903
28.101686650004275 85.40310451006286
72.26122690471071 43.18976564646013
64.42935619203848 73.53222477863652
27.632905193695557 46.88863085114618
25.88061829644932 53.14769589828708
19.104453033748857 82.0778196422691
21.327315263687897 30.212421923146383
1.2012884947082636 68.07893223318587
28.51660952394073 53.423976137471406
88.99106341351123 34.59934147615348
14.90845352580038 12.917606184198227
3.9191598798253513 83.02352678415026
2.5041092138118115 88.49702434922723
37.999778994098456 99.1884275831334
83.77376680372637 47.17598572158167
23.38898578843278 25.833459391198645
81.40321405605019 1.118376522931197
64.7112734353131 95.14017720221165
49.39211141472531 86.36773909159177
22.020634612461343 89.27507706831275
11.205568763513785 98.39842979228389
27.803292139705395 86.48839160574656
15.458936926053223 78.70253102012947
59.94271214408483 51.0388445712302
63.09873995193639 14.19167142959834
36.697549500296255 79.29656954749015
70.54185611081677 60.98239663830537
85.80764170537934 13.45645997463658
60.01583942679181 0.825367867220661
86.60759070323127 46.052505871113524
54.750767692395875 65.98258367402813
15.655823274284275 95.04330467730414
76.55810133531385 43.642533405274555
10.01296234367982 77.62079037038572
30.92824467755313 2.5747291166327457
90.58907808327515 44.85866862267896
68.10732287345989 21.73353968957983
29.20367033949557 55.470908934477926
74.96873753386043 81.36525440246585
90.07953126332916 34.90132486729674
78.7784219390852 53.456121499448436
48.071060000615695 28.870938303555604
3.9989947959706784 31.774071524407265
49.53186002885046 84.50090666185602
48.20599667195402 65.28084767989229
89.75070319947825 90.38839993617214
28.576464988445206 13.560920245837027
52.55052642439748 29.528219694162328
64.57662488805305 60.39585319670903
8.526049022373183 4.332503418378641
15.451903871931115 94.30466537698734
2.6080766505569564 42.26819006770227
61.559743965813375 97.8226388089686
40.75522076613646 12.759120021366732
89.3944735136272 98.1009096031933
27.350449374344876 10.307760679695066
19.525302548019496 92.98462125580089
0.317926051118278 47.918500487510876
87.2783863073971 3.6070734774305113
66.0983275809007 2.2590416092182264
55.56120057646594 65.25993086770293
91.2702468630538 35.41004693074067
43.88238523694028 48.676690028404465
71.4386866311094 27.62287819383783
81.29454149839258 68.92975107616545
45.41842095017825 13.50799019537412
81.20150653058847 48.855929120441246
85.23755622813279 93.89327402550194
87.46366755263146 92.50789890183395
85.55725085780522 78.28937945577651
76.79719937744991 57.72111671251115
55.853353771928816 28.134807737805147
67.50488810185922 8.797356240702348
46.35918694974419 84.09325110612664
69.16640649166168 47.36120569277426
20.959002236684743 46.99246138996377
95.06556544134249 16.57645300815548
79.57739731064831 27.376217423349424
45.89173076124332 54.26803779360727
63.749954688549 73.95301178203142
98.52013357651087 48.96604413117228
90.30123148791544 93.70918449738473
18.50288530829749 48.012300443799084
28.638941453674672 71.63196916502407
65.89447125658204 37.86651165446876
32.49361092216253 71.13489631986086
80.97785115088254 69.91898023072588
71.27109459578149 75.76764878173644
4.3617000459690525 68.4336153047592
38.430594772770895 29.224879539156145
0.2084689241446558 69.50622327753264
28.03602832679425 74.37496286018698
92.73094316063676 15.229040933491667
1.6547681987952756 99.81994018529427
11.016943112202405 1.086403779580647
1.6137309779374776 33.0881251583174
77.46201424177043 61.40321033054295
2.2170484237060695 6.982525224570269
76.13211589837901 61.4429053129762
8.809107380886605 83.74482584398163
73.3862284289638 55.08140401358435
4.838668386868983 2.071333505468609
51.31842399239829 6.1557138439349846
54.37224984011987 38.1007617476639
28.138492788416226 87.55604647067399
4.173305386481485 54.071190033234295
78.01196029574349 49.593301933266446
5.574196797362285 65.28409463960972
52.44366107248648 57.60504722618705
89.64765738018261 36.922611381402106
59.60793122051239 27.088727854596474
63.33018867863417 93.01607544920152
59.923948397375604 55.791991242995685
65.32815010639716 12.767248773026196
45.61997436365566 48.610880616856356
53.760870234487534 83.40646541172815
3.288484904073652 68.17425809725405
16.484888472023595 68.19467728370999
88.28880687511234 98.9340408650878
88.71183032785326 83.44187302964541
63.870236575146 57.913997720981655
4.033071080232798 42.98122126900717
78.63872591748039 4.869299945270578
44.492511001763766 72.18816226420631
51.64531382431126 89.37890531601603
91.70365765184685 38.78725620884096
68.70528444274684 74.06554432870814
92.59534372244758 83.46802458412853
32.40140042150872 74.76318003624027
15.471195625829903 47.30815400026106
9.145487154601174 12.51520803221765
33.74439993210528 24.097962285099538
54.50067740843223 24.98215316361634
47.544909416252544 86.37997554720627
66.59769010379952 56.40919109162239
56.821959176531635 88.68838897912177
38.28887262676446 24.01712643385363
18.333659485487598 34.549073311162424
90.15074785629093 32.563787098183404
17.373026449805295 69.07921917571588
93.77499123459161 24.740888828239193
50.97585207585998 38.08261525783239
17.38772371052374 61.86002802442301
42.97124644469344 9.944778179355684
27.3263132635429 96.35500475218781
0.46573655412013304 70.66926893318917
13.281679728709584 73.05618377100392
67.5767414445599 76.63111000038495
18.220744897220087 33.4884382517305
7.798103478696494 13.868507467497949
96.27685020810077 76.54650425484594
53.159861479137675 99.02843822163517
35.712321067858134 66.54232469098689
38.139160055502245 1.961934081114447
12.884126632191872 18.34934585759972
5.402581793325956 98.13679604442214
24.432665953434253 51.57847199938147
57.483033891437984 7.209138047127073
40.5348360801781 92.8160312278887
78.702039495928 1.9029942944295497
14.140565649125136 33.06805698073698
68.80554030908175 62.649462243150545
72.68601989741268 25.30522191427389
41.10029862310483 30.467006050958346
97.01387854386047 82.42291446359751
11.63837776977854 22.783531768816378
75.62406109074567 51.552627117122874
82.85856088504832 19.9421728103902
79.19902838333923 27.892935888546745
34.86420858176241 40.59808441445013
51.865700822465485 67.02179090557816
91.85553356016891 67.96376032670246
73.33333342149834 60.6092383698503
8.47755494176312 20.76821357719063
65.52527083520401 45.804844159861545
20.510818138114605 55.31410913093371
23.246154698653175 9.009960301589448
45.87159829303003 14.870107387679898
55.325291265927014 5.335171974509844
63.008725752230156 99.40713775360966
85.55328360395491 79.7571912691924
29.904131764584317 86.63936352239782
52.028569073482714 59.65173366320875
17.422950702765196 25.380712078798517
3.310384854732118 99.96502531800385
35.14774167624714 21.35143077160555
28.297496611152752 19.62920939905389
88.70504146980441 5.891960817679065
56.80772217739987 53.99533826281891
30.451349231779368 59.616292904036264
21.899000568787063 40.39151522359183
44.47523254037464 59.07501423469029
3.8438240474433782 81.49795922610647
93.5911490658307 75.67371803769552
80.21790582562186 60.24284055731302
41.505732895602335 3.7930417703058494
50.0027121555635 52.98960597474303
24.980887850676638 23.39851761159617
11.152899933910165 28.898394930134362
35.99728412927209 94.51922816097692
57.59823115146413 16.93676698301736
16.941191371796705 93.16407484377129
6.200868091874511 60.319378016113745
19.310191170555512 13.177151736662351
91.96401721238458 69.37119599193433
94.61704823728743 5.559362405473212
52.07952419831708 81.28358897000884
77.78814249440101 96.15167477598082
98.10354346555627 78.75695339129642
75.31824395454942 81.74759715218687
27.616568673116106 35.36871976576281
89.66269762734916 92.47534829402716
84.56299786841547 10.809684824042199
74.40916688222671 75.12184707108554
55.73183694922677 54.89141859078816
68.51171460694526 81.83866206535187
36.59028903701198 1.7249883642157293
85.09224633818833 18.108202780742854
74.61352198886618 95.03211515546987
47.53218519602642 92.94756252742417
96.17758598075731 29.16052116585054
57.96110089555704 61.12031718107575
56.14096091951779 33.10561515251401
12.884914195820752 88.99316310883447
21.84078497383758 78.52017411676833
17.779230140104296 17.32195318964146
91.46264411217972 28.015469889185063
46.93053906842031 30.295891757625192
52.0947718173842 7.614121054325185
52.6733845921742 90.5969623391433
77.13283098966589 94.39299869948603
18.93087299073177 21.38189798459632
71.32915671600018 62.15712699605568
43.73962752843574 60.812380957953984
20.10163373311713 96.74344793078022
74.4822681911723 65.60525582064348
82.39919188833018 46.28807855259092
43.059563058745475 80.14361796482666
91.91462852615118 10.218958026147472
70.72959082096934 14.913736066246164
10.430236643182278 31.72815411238149
10.961818236404097 83.05248093582901
29.58708641070844 17.032349194769104
57.39841295038156 45.912975154531665
88.43830530203381 7.718670584883746
39.90717036088357 39.563312268870675
56.01776972788927 32.24418059104981
3.3348068854427426 39.43260895773347
78.9412869206243 68.29221393134553
17.432090362374343 6.417282080059117
67.27798930023211 27.726239666363096
69.80594088099326 88.63951914169185
11.185506770213493 61.09854809378158
66.51316543651677 86.12001909025084
40.500345522475754 75.04896711039038
81.84017260635088 92.32565116019575
23.018368427284496 90.01736929552885
96.18514549047755 42.71681870866756
64.9682936449627 72.68928491996606
0.5491464895801212 6.866688126930853
2.705930702369219 39.4687256261693
84.92899608620549 72.29498316557846
41.09483035205231 52.03650741843497
38.6922160307823 46.53917344760421
74.69877947425361 9.356131781153953
98.96131743383407 55.18216852345267
15.583854423585752 90.02829427844406
14.397378207873956 2.0215866231254043
34.74290051666233 7.100152209476929
1.9250630475462271 84.77396927795597
76.83893276944617 76.44225681653495
31.668059486227417 23.51178746474124
71.73873566403043 3.240929569355222
4.768475445905618 98.31960654626266
86.19929630837053 59.174209074750216
70.09622588405034 86.37129000374118
89.03527973286809 16.239314589495546
51.17487623365407 57.631599943919824
45.13188452765407 97.62422087623945
18.355286393001148 38.720939791781625
6.264501423543878 71.34903632515902
95.05669098540069 63.27717402412433
60.52061367939072 46.43915653454034
15.617601816319748 64.0621522191844
86.43422078952547 88.77281239994662
40.28956579364195 10.819530782288677
10.423064982059238 77.89548720866213
69.56193525571696 46.00884062299998
36.391605496568644 10.456199935325106
14.422810698107401 26.47436251707308
5.9999127704227995 49.520579649955025
47.183332475134456 7.111333969308098
90.84393516060565 60.30982313907801
56.63352525571821 47.86531817623255
46.013641025895836 76.60080794048056
78.65908123446386 21.19241988613705
49.41093860815548 4.045812197417575
93.78827979402725 79.11094940349749
93.36138228694907 86.20283704232872
64.17072490681987 7.490163587060805
45.655095438759034 62.67863692200824
4.886615390532178 0.9687508931698119
90.21881655870934 52.79326618026017
62.04427414282543 83.04457247731011
38.102639875898944 77.09192886431244
13.227961126599364 86.02661749929935
68.16255879321682 77.68438248229066
57.590245329235366 97.05278402968113
20.62308860573546 22.24457779474658
34.28957602064385 57.7208914762037
83.40995784494957 76.0760066698335
28.378063285794987 69.71197247038285
88.62585122664859 28.25469321090455
32.00266828277396 58.213952873692534
79.78987276840513 0.3539739405954645
79.77208184716939 31.99971791977313
29.652677787836367 31.785871132130538
2.291436288752935 6.135377871599812
82.46164768727633 29.0585131852368
54.90168788447923 45.29308751589811
51.09975576117931 24.87041587067116
69.67947008880618 39.31090514082555
89.23624475154679 42.304105033951735
49.25152704967116 91.5595900444458
32.29856709238824 96.03648213112635
53.72729258012357 7.141818177800285
7.585748047870744 46.874962801682166
7.57780582532498 2.9201826914538986
41.50428478975571 97.11317548059725
85.51650042781792 81.22638099521103
68.76904685199113 91.35746884669467
37.724512853857085 41.06851984710629
40.982942981343676 33.13891896632506
22.16484256992245 13.144375036280632
44.07564771398328 47.35002728398047
64.31158635790723 45.9807539499466
47.580981861463755 4.745978241589355
24.873920851535914 0.4655617343118368
49.026155327455086 74.04297740632116
48.89245209499982 28.05212762425999
24.4775611881916 35.176845717073626
34.34910359331307 12.922277795137472
90.81041955604933 37.55667825661184
96.99647226133852 27.71480593456791
6.736212151876897 10.994006927893807
26.852268402611777 22.032848652983915
80.41044715891546 2.664157931111799
84.6029838294264 53.55192145824875
89.6736814616236 75.58484773547389
61.434986892177065 75.9849784342522
99.72890426653017 41.65708066436857
94.81933881627302 78.71776543511693
95.87896783857916 81.85446586734939
88.00128644418103 10.781463170247962
77.80909901201349 32.03537700038185
37.62911918826766 70.38970675423118
93.7193108641319 78.54925867957483
86.68025596715859 7.8657352633910165
96.67534020875806 81.89087575752113
3.1541122643365505 16.979222422729855
76.04636597052188 29.309886991040944
11.290002102678853 30.875290213180172
99.33628006027557 46.13727021991374
81.78667098048481 82.19566037951552
21.548344440561607 67.90484452684237
64.38212498748935 22.353322640544203
65.71049024241361 77.18698000061839
45.38222286587141 67.06155103280994
4.204849023082069 87.51265673185834
88.22391521948462 61.44807588274206
10.662925952092085 18.052745713573426
27.055667052779388 10.064803331334627
64.6896614824493 60.70273646081126
97.90047558866706 57.20918322150565
39.98415254502118 63.9359539169823
91.43685315440453 34.04082804431805
72.45448884950247 66.90784261194135
75.95471409308846 16.298216546840617
46.20124599287825 67.27982177974823
24.459398927724063 80.75050134213319
22.65202064681113 9.49603860776559
16.736168121289275 76.87007443270689
48.77609144261093 34.45947502575337
23.066767245057086 94.99471076818465
47.90043483138259 2.7559031148915114
90.49810293483442 86.05132816475357
47.58920705257442 35.324082279222424
81.9115602897963 69.74991131522282
36.356943403395604 53.832057304964906
0.7876598241630006 25.914264911648253
86.50626716306238 85.02383342885265
61.91947897518989 90.46288059001517
20.32079294659622 7.3110846872219915
28.107832807970155 72.23043888033673
46.72236855393061 46.086301341314396
82.28550905453379 18.75267620819473
33.04424030908947 44.133576979717404
20.67541960743089 47.2240861049009
53.11874525715808 21.768070464651355
44.49140564714743 78.82188304610602
33.67243035186846 2.647023902603607
4.435548320960281 92.20053035641813
8.32054130389489 19.400491624330783
72.42138104757665 24.628630488732938
20.384575304906605 31.527827260579166
10.056404027263689 77.38911976533187
62.212763775336185 39.4426023111672
9.481368804684752 81.3604562055375
85.51149026989646 16.112163120798574
60.79029474410444 33.89059115838576
84.98690492209775 45.63697272720434
29.118777353765424 80.15460409543886
54.650744079262466 76.32551379897684
19.15412990983637 38.292356413018815
91.21376132387779 9.772733886807483
93.738432218041 40.41796941672485
87.41788664623937 48.436950054049724
69.85703299741894 0.01950687964002995
70.27320415783326 15.073851370170676
63.16160661004261 98.4130861630316
82.84021649744938 35.66495614481112
3.451599078310652 37.49271073964546
72.50625503312398 72.71410317560618
68.70568116506938 18.249948233543122
86.84278969585124 82.77688177690172
35.09797745208113 62.16649475607922
63.31480719335399 86.06157193730817
16.25013784069442 1.0721937160942274
25.234634744204264 4.807510841822804
79.16284008058852 9.283883476936406
20.859019457758244 15.1073046351763
92.71628109425929 55.84135097107745
2.483659479647682 59.67844129134321
4.273368108158115 90.5267325471635
93.17659738170096 56.97839638759825
69.13751735913777 70.88969082861318
15.011159902349135 83.87709772999791
87.52108425146375 43.417860218227965
16.04533343398291 70.4672383630079
87.86233817442184 92.26780169033142
76.319715738446 19.653669869489566
74.59426158491591 56.2987487216189
30.666834774965558 51.06001495071428
77.7147821060854 85.32727557718283
97.63914076973647 67.28180295577096
8.087984262732405 50.05855698344407
74.22299265120178 18.64019017153975
46.38130675798838 48.80567091344788
96.85751086855294 67.49302657632389
0.14108085789205083 88.57744679330509
79.83805346077044 35.82784625325096
50.21791534244593 5.9563914791581185
14.182652157401797 90.42012734356295
7.242717133925957 7.2358543167517
45.2092734333674 42.63709518049158
85.35741319390837 19.257540064614588
12.5785156807385 97.02849597737313
93.5003690115871 5.857309664918442
90.23738105537792 60.98406902711645
75.43485790193529 17.920633306497447
23.504338297072145 8.806843823324906
22.22830924860225 33.12165351537995
17.502313244707658 61.72504646293101
93.21671008847322 73.7836451875987
85.18384971571939 88.09504778316358
92.9692145959197 94.04415390460808
28.442158592648383 29.491857288066292
60.61926297352919 6.270622517823632
72.97873981081425 62.68497896089244
93.36081201064721 42.574616330178515
12.454011504875307 56.327499405916235
41.72734748964714 73.97040244987141
93.55355654924995 87.52973436514557
47.07324735316121 51.608764091605764
50.320287624462246 11.698338706773104
17.400028257895162 67.45806417411683
89.15183429371102 13.901692502327801
36.776909835848585 63.13687572441998
8.895132413682894 35.40932409789803
33.67484780820941 3.99865904797998
55.81762063626559 51.390720775438005
80.20735982250461 85.79173342004755
2.9250086051023083 52.602225398654376
25.06994310134292 49.16152588888557
89.84573235335381 80.79514158001365
93.06268777553262 59.33561924053392
69.7803703743922 73.90736625674307
49.628868606295406 72.01204864215705
76.77150736615678 48.16812951035938
87.3673953779051 19.59010909333675
13.607085840769695 15.498150982518755
12.325499254551865 38.49484447384145
38.090664822681106 56.6543577392831
94.45116289699492 85.47605695218851
29.84772085862064 1.3568220603591308
34.09243632015745 81.08955909622577
3.052149070803789 48.24771422406361
62.92426952202684 61.39635774141037
9.533864981004747 0.7611655439459186
46.172209698220335 27.25782035607507
24.387679043797807 56.21516966165395
23.516814349436387 45.39959383667045
33.94949079882147 59.784860031618095
80.71870966876416 21.409309481090055
1.8512349752925705 16.45367257535566
10.599943120557365 60.14317982388266
27.321012372592158 13.541615260108685
80.71333323633125 67.63989537153651
29.319566106478245 25.916312815180287
3.2808135588524023 54.80792706356886
95.20986595096453 7.486064923468794
20.959920079078742 92.29284819057457
82.29141007463343 91.0182675929276
87.05558262679718 57.166338473116994
7.004811804312583 5.824523879739263
78.34584944360353 25.906425772989206
51.599464536882 24.15618112517851
1.2509531754197556 88.08919164261374
28.780506021861505 9.899569365651494
96.20403188955217 98.5119142676575
24.319647945495316 86.58559168164656
50.55679955047459 25.76069707839367
45.91191398684265 26.347222690845562
30.03296441678468 57.102212693172625
70.4446219499676 68.25759008882342
20.28059200735237 17.1955774968496
17.714977408532118 60.56527737955084
38.43722491262396 21.57785044633679
55.91639123614011 74.55584071952171
85.29433168848624 48.132224302835795
71.81711986556002 25.93513755417477
2.0852655423499122 79.07184582014234
49.86910884627355 28.372031858546897
17.084633135348238 53.58667336649092
83.13231094081199 3.0067470312577615
66.50604025775463 61.28810060141016
17.209611933388803 78.80076825722517
1.2964198935488835 9.212138618792887
58.30718506430497 11.832968465230476
57.41201630472737 41.12956227412204
32.77517369360029 34.29944735131934
29.51827810924801 52.378960723919036
5.788780514347969 45.0716566572169
6.827141322070296 76.99014412666976
94.06319159919909 30.391183897670192
76.38090555997215 4.338154647117854
7.034807712275071 95.06276380678884
13.296009355785754 92.49870305376196
57.09317016207379 36.27610607311126
50.133433455296775 24.66604560673803
43.06724077901318 62.0217364509495
3.172193418017144 41.84535963153393
91.5904324831584 47.84269405421915
87.38236753242666 74.95029957441724
34.51573003236618 76.82595942721525
3.743287328746525 89.2654561551343
36.390550122581466 67.84861784085113
14.450357785288093 49.25925076737177
69.53959652090587 77.23301755827838
38.2128249298913 96.46185134173312
17.63755218401293 45.030881146240745
56.740188788251025 90.94850931477511
89.18997027637344 23.521784232475863
86.67850614083554 53.379149422147066
47.74597143898725 85.41227228638093
43.095626688775305 6.581716466467635
35.12930228625471 81.03884837576103
35.75463309281586 15.55070224948274
55.313768212097315 56.2345723714588
3.621226886392148 2.7435796517368605
21.69933202979091 72.06919472431107
59.03947707678772 35.47822050152867
27.2735328952469 93.6205363126003
93.85927991552646 31.255209841713004
39.454816296997684 87.13870027871738
22.533774643752402 18.20512451328967
92.64157110611352 16.138039596727104
26.70847285688891 49.268699038207444
45.88718928125325 23.872606243834728
32.62337078726719 33.18270569506351
61.90789955387469 23.291761235307362
38.009796351423184 68.86310159265179
11.28693664095567 73.3403391547928
55.67920359468707 63.686462833261125
4.944268410755992 18.681545438819203
99.65951101405521 96.59688070992112
63.08390352835836 97.43958439919402
51.06392717041871 73.80555212888804
14.882484882985414 42.78973788932061
93.29352817352516 53.29689611251879
85.5723893938169 58.90920154483344
8.913943035294613 70.37181498483423
99.2187399477633 17.216456174765803
47.23175237609764 53.37715501026301
1.167090644744928 70.79496732087033
53.30207404954132 25.42658251311024
99.23842295453737 70.34796395797454
19.21120760191134 9.243107533414607
75.6443133836495 84.05955533424365
43.228713815648476 87.33286159044947
8.312496720286466 12.199112428930226
81.69328357555433 95.43252119016543
34.992314707205416 26.665731134402282
52.055572311799715 10.08424424147696
50.06072832711966 78.38260310759327
65.02471701643013 92.25612914431986
40.54004074444821 54.19315952739166
