921
8.711332172303987 37.867092127501046
22.94317259779981 62.269057917255466
34.88128632336171 50.12301499104341
49.59842613507648 82.51029280274457
86.81187672132614 26.537647861674373
64.001813188517 97.19882926346213
6.607098455990501 55.154831221414334
55.243703004709786 84.71865385412461
7.59988417462899 28.101519034435196
14.263010372725105 84.12718898079922
32.523162842088574 16.63498746928965
31.708389100153088 78.60479336941644
62.15558009528159 74.65306250344437
38.30458599724197 91.36708998586388
59.56995376931813 55.2482406243645
43.93828390886267 73.56709802548458
34.8812134901373 91.38860305094633
74.10876487619208 99.26998428313603
33.884839393860325 83.39889054433016
64.80606977612399 32.95502851310271
97.06636885021874 17.94902341432604
83.88737306791168 36.15805293352712
26.312226030699748 22.207534029776976
45.11008647339094 47.35295457864142
30.084865502050818 87.57295872341324
19.06241643179407 10.709713787329312
75.75891909205018 28.63707847269947
42.614375475333745 52.43891872075341
91.15283188820644 48.11341120990752
49.87527214931138 77.88610998634128
84.96449940927731 54.705270568103316
83.81431151148927 10.09547770467616
45.292457154542774 20.908251086651575
49.03450701878219 78.470572226705
35.236421984291574 12.88399163621612
56.02777661705254 11.717726600958445
94.65594714841956 74.61855687646272
17.42667979158201 48.699432853953354
90.65808156779094 58.347191823065195
14.036545285438262 29.28901298287271
3.5141401837029074 1.164356445409065
0.02104202078712092 18.747975232075365
21.571896023213476 35.92734452227538
2.374581949619492 75.2468539350914
8.956844647302809 74.58902199111984
53.665084985309505 33.20992666911654
64.25648626755867 18.88760527022786
19.190739526864665 13.836749586933927
27.315992092093722 5.822763332705816
39.25030707266662 2.2264901308118423
27.358717882905516 98.18434408851664
27.63946757317235 35.49890706799596
99.65725283520214 81.59337591634814
57.770622686443176 48.03274366596331
81.30977078566816 69.80562426954624
33.162020466939246 12.862341850171344
66.63952016536724 51.828800365716475
44.272766380283166 88.17525068339813
60.392829216004294 89.13250085156335
12.568349876417994 29.009032168152636
78.80934384736172 61.23988264323387
62.353941833531536 33.9956781923293
62.750599939402676 90.6112803378214
54.32255128608836 34.77225343516379
14.755388056966002 16.737240664946174
48.28836561886713 92.55752594465906
52.92078303312686 37.3728233450715
36.7002922692603 70.62027394002875
78.46116873439706 10.119352178116614
85.59890140341962 12.928632846928323
56.6242444857308 86.17320836662394
96.13136503804547 1.329109621175173
20.386677099532836 63.99205705090277
71.27920562250902 36.25213152594766
40.10592504157564 85.70535971872138
93.20770475691155 95.58587840336489
42.002702252994396 48.525946041059
14.261461163115952 4.829262319690752
93.73288073923001 68.77549137107601
46.87905064254005 95.442599860144
10.337684334943454 63.54399245833305
66.59944354150073 72.17033024622468
31.764432881655967 81.53778049956038
67.19311586644943 79.54789976162235
75.01290004647207 70.2919344597215
77.29308109445753 49.09235719594489
3.8737532440991096 82.8351574826172
24.950066333845744 2.7339733001276456
19.951659727518344 90.15842650194573
92.713168936309 23.616552846494375
81.3128132583784 47.403512497665
44.552223856441294 73.12795726667493
71.3512260826785 6.852937189161567
85.8036228866964 89.05465384821606
18.499751531392572 82.79586687367183
1.6489453013459054 5.100604915878682
26.17800621510169 71.84195310287757
15.914864933486228 87.69417129972722
53.389124739777635 15.274094273947625
98.02046708870347 46.76834974583183
54.280528387748284 4.883411380612202
78.16136698791455 48.424947500171974
68.14266897085905 47.702246485096886
47.02170920908283 3.5437414579362336
14.471978539499176 8.705838412214407
86.62084839372135 75.96226953832034
31.03294616255439 62.16452283351046
17.341245684687213 2.899326703693339
7.877498549010619 94.1578796566838
20.00080490052374 88.80671876214359
64.93821221731608 72.74222738018953
1.8635887563128506 65.92008624626202
95.96237949920533 59.4949485060393
47.5381284772499 9.51677006867061
60.15936126706642 37.009512500890274
65.61577331545243 99.78149915331038
86.4013430018327 30.00719388241102
28.28219508861637 21.865271784589
3.6193229851627873 2.6168365560668927
59.69263826318475 21.82670254928418
58.74427716287215 71.02057603852208
15.125627731267832 50.89483841037043
80.96971498780746 48.114678862129026
37.711427901311914 25.146565034695236
91.21468799153644 11.028258018175663
29.491852219133573 42.98513107562821
83.42196400299943 6.5273150455761435
22.83877097289987 31.90022661587413
41.83347430413037 43.36964422487358
98.20481424995984 51.247517098687226
75.51392872457015 77.02194573749782
84.90976572590391 13.741166352242839
54.01841283019295 71.94451297187153
75.32041677669007 93.77695086273673
6.6555402595187 26.662901579973564
32.77204701456051 85.24499326185746
53.661152453872255 80.68468385322568
5.194711338590974 44.78812306719008
78.24096416353903 45.481463845977935
98.83816412205533 55.3872038535947
57.69478435309947 10.083350935778224
78.43562119121475 76.30711189036259
14.695268660709004 65.38926550295996
11.102927856525003 85.97416778805945
1.6438914348613665 89.5633810805492
1.2278678766653561 28.820970905686004
34.15956097072981 88.9826472584586
30.67392298526599 77.56527505621963
18.020806911496877 81.63399054018512
40.577239156811906 59.947608749755446
38.93973268976725 65.78813074710837
69.59352308730101 51.60634387943704
68.11289200777175 95.01512053896354
51.70962089640443 55.57476214716721
32.94073965576262 47.34043912550909
7.000088150770822 69.81769089945932
62.30921796174255 62.16589619837389
31.435252450733454 30.932352104400874
81.71892823728916 71.49600534636919
68.26303629304824 55.35964933445806
15.840815002886167 91.3902497161271
53.11068746116342 39.314714735016
95.4992664300494 79.55147618254591
81.25671116045862 96.59059548850718
3.491454485604173 98.08576686543375
95.92288303737118 39.4447383536175
73.74710122737955 38.133790357936014
93.62146051214776 88.21229084809727
83.45932067021306 73.42595562612514
16.52794617004171 4.295050898586306
63.465513588983214 24.973002237829366
42.06438511631021 73.4826032736707
8.984461663343534 26.589678811206085
40.0505600510847 90.79661662412894
23.885879910053664 85.15373918633999
12.437544433512226 27.347893773364095
16.988379624904194 82.18447096684962
2.7154322241368822 19.543591743132403
62.2211545223187 30.09159938300271
30.57924106026908 11.410244866952235
95.36966841511514 91.41926582159368
89.29165520952981 98.23676162797058
42.452690576911465 61.81610122813767
17.499635677608516 60.155656310906814
36.82000613070876 43.90099421617932
9.230042318695396 69.35036333984658
75.84514764406123 28.561818835610797
73.00309195489724 63.39551446622751
27.687724117844446 60.84419383772581
9.115873241579742 27.6379049442127
55.1107577033943 79.20432481568098
72.51497985706722 53.07873785640653
64.69628681020963 38.562214545116255
1.58666110211797 99.90496969089394
86.93356968248256 91.87621099510984
61.23249132181222 66.43949377761275
67.85497804648041 60.828848770576094
58.95468417360418 36.910280551840245
46.158167875809895 24.740643466996104
65.92656338114867 23.596610717078537
90.95113163129595 20.068123322264476
48.568127784716765 56.90115276409845
37.165826168197405 24.482775722278994
60.76318803182082 71.34418850299625
81.42165808230948 59.450135421402585
94.3007144478311 80.9526825298755
98.99767297606363 53.9681183723293
49.374692856650206 61.411392717579986
75.36370611279492 16.30349412118921
69.19898547382557 35.07161853355662
7.1521626205183875 67.97279263848503
11.932401556241224 51.93527380076773
13.83007251914885 88.41589171994302
69.83608576435145 77.9803285964758
74.53997101500116 14.07918592249564
50.565734509197526 39.78010602029952
53.25974887773016 22.269746502747235
36.11309572329123 32.82185802761429
88.58560160291911 24.42606783745809
51.49743722407675 1.197506056345654
58.84927648635928 14.86512119108382
27.60331989063124 55.83287767160109
34.56707720731713 1.0613164925509233
16.260959556354106 55.67296987339295
16.032514603800006 52.66741365310299
72.012897090915 18.924120012068148
11.785209929020379 26.84534735390336
17.31778456615266 55.86036428788239
29.89505098381583 49.75769327189363
60.785544207104905 30.047820881707587
49.73178839155601 59.36021025708775
59.85716817998469 84.6091176123731
7.0459755925663226 57.0116236637783
33.34090429935813 59.44581964568213
67.85515378095774 75.67632298689998
33.005314128790495 97.69805253549146
24.568038079380162 80.08907634006165
99.5638591473424 5.172834124174319
54.71674396239483 51.91324622803073
90.843234429614 25.949654971391734
35.22941883241412 39.678293666983755
14.060375066947174 28.623911937164024
51.15194250080448 26.953299948433152
14.452284609435406 24.798641086795637
81.58825100387944 24.698742041955548
41.8784945386625 68.57507456406188
13.093322308979328 77.42608334291077
29.6521919820244 34.27998851318793
78.44455244676288 38.443327561183885
24.66570477753195 93.62254108466655
50.206402296638444 27.61676546722721
51.9992368096456 46.21109419476069
42.49636546360031 5.779009460856422
41.95452038470252 47.694775102720186
1.6353509990549853 15.76268959927345
54.469665069858245 25.488811992698523
11.819498572001109 57.302345526542965
17.952682689691322 87.22712901732366
81.02623907673997 39.134444506483604
6.577744306940769 32.7080971905738
14.415536129473116 72.6000712688464
45.4398233532701 92.35023156533681
41.72546104246718 21.180996828182142
94.63406068094777 45.645399726845056
68.39871381605619 99.2359108850949
3.5989320457149865 6.716987494709736
22.26543845626442 14.0088545272539
8.806703307953335 99.07291524891545
89.10051795373897 46.09282623499937
64.62155691341268 13.012327152929426
19.230923326581294 14.358259970970789
80.14059298984247 38.908711880877256
2.1127063830090442 33.86005134776785
32.29798409387629 58.6443622263838
80.64579910751284 11.807201906883302
93.94925683988279 20.026692648281607
90.1933020028174 25.182341856942102
25.27999175182233 99.06873262037597
36.05562393241796 0.8116847899963364
83.74748416433584 78.76226146295649
39.22726301956527 95.35146084548862
32.46235306090597 75.5658253752834
49.49001541097827 47.94036764037857
29.349021670442266 29.54156412599095
96.30165179881493 16.356338787188875
95.66662440072126 53.59416911274817
55.79362850746728 28.03674339031573
40.16071252501355 52.13014049554048
74.61735847878572 67.98439422307314
41.37694135636897 66.37744161019695
65.94894569809387 86.1488627735487
30.832365089566803 5.488091704438647
1.0140412208955785 14.033473742531044
67.8693439380157 12.347105769952705
80.38161646758932 15.390835234963685
48.685087316802 7.015898682445165
42.54210802076608 24.303633100790336
96.14866008135905 31.97975938433364
84.64874815391173 59.52866664701484
60.88687310740602 69.51796527281482
50.96715991646984 50.015355667162765
23.12821740181683 20.97855205608713
53.24310385000823 15.769132677648944
10.238934041027258 36.21813255584888
23.142704966841908 64.2345538556224
80.71995837084425 87.43949622216262
78.57717265318179 50.57520466987672
92.00840600427124 89.73845203961292
84.11054041925367 60.62634525959515
95.76081428445029 99.63601478459996
8.92761032658862 28.027544846590736
86.2255679230081 41.045997175271864
16.620586944926263 50.19709560271761
23.245857774184564 81.98369365411119
71.8583720482889 98.34902734733342
48.23140904150224 55.178136053824836
38.952194724768 99.7544485302761
7.99005334336087 90.21248457999053
89.85512362796868 93.85308877589608
34.80112269733808 47.02759063895304
48.0603710917126 65.90777438189899
80.74062885566272 27.055202595291185
31.330243902340193 34.350279706374785
20.792796833750906 30.317154456894755
28.800499335752562 35.19173356228884
11.516564794128781 40.339449509383144
95.64464310168843 32.11358511810815
81.73758662494637 88.6367142882621
94.32614169655706 0.15423195446639948
55.70757039845859 92.18365231616835
53.67104269648466 77.53317888647699
62.700791186799755 32.30407589573954
61.864724903061855 67.05858281245827
68.55585268621729 27.63966296829684
52.02755401920251 3.9677801806453417
61.176122244751355 92.21651613391545
93.95958023619177 10.835492564538306
74.76406220432527 8.771175809867026
36.88562048566417 39.887344717925465
73.73804380890783 93.91950084709654
6.273636288151019 50.46779344264063
63.55919362347422 40.688086796297625
82.49696905457657 6.664113867767485
18.31548379181781 70.97493759068634
64.67259777384659 96.33204294050294
65.45163087040329 33.74028431819865
90.05827419052159 17.438936197753996
18.47498965980555 81.12590803309342
59.33605179198253 41.97075123825847
62.11513139704432 96.68501370127682
42.43776637323349 44.3857330811253
56.151665247912675 15.099414299717285
36.80944110356248 25.858741368512938
75.17435297506238 30.661664177545767
49.82233830040066 6.67319622689474
45.159199206090385 63.86048608888388
92.68424606218865 18.21750382676116
43.958371456177034 82.33635642842955
47.08225030119123 45.68406870048472
7.2477849843608055 99.79401722759356
47.179175434166375 0.20039089590254688
25.655629524474577 25.69447266154371
57.90521688175355 68.02783476400545
25.876919675737888 16.275989655834444
22.2842341487004 75.18501642569022
60.518914602162496 23.25467706550376
80.35546419999322 81.93120933670725
11.104517647267087 85.37320500287963
75.70528855578058 70.34350630229513
72.71123982852542 21.616156356425055
55.63979161632283 60.370177318105
31.20813457550684 63.573866032796204
87.08620797622996 63.90632575880024
62.21906860914233 89.15085997957205
38.71925745516973 55.72457294215171
2.041783376012596 24.825249014801376
94.29351944301337 47.224954502639434
5.643592234575568 63.871059529302165
73.15606381822079 33.11144721917647
90.0040007777114 41.34474070897255
6.44291536506878 0.06423279366090107
56.85731423431499 63.3235686384313
93.23137938551628 27.33718998757072
90.09894436337257 57.73145221374409
17.48336326227853 48.524669413239316
22.43034663954524 35.128321023323636
50.169054023260614 66.4178500450154
63.55736402177518 23.694402797646152
70.99219587505313 27.635840942166922
23.82206432911069 16.3609818114409
28.592382867684552 69.8256266040596
43.03677760635243 57.89777349713473
10.439980744562982 58.192688498551725
79.18019797085528 98.52145375620627
52.33908318971021 65.4438741987713
96.38011203277539 58.16951456623246
92.7931208609374 56.63984073435452
11.456346263360405 88.24225816698853
19.633309588816704 45.68441338000674
58.65484395224724 71.66372570481697
15.113363238818145 64.69179914751011
70.5671002845089 68.07043108216202
65.23557822274377 26.57038676153627
90.19828525684879 30.339916275858002
5.0925951134865866 45.346107142544646
66.00172784202172 89.51205885530872
31.548206350538955 50.59847530273759
85.18756932118963 35.94630991377274
54.88496773614896 64.11945718673314
30.563946298559674 67.34246379601124
82.84761306422944 86.6322434647661
82.53934169091701 90.04006012088648
76.79703568415253 21.046530963187028
59.22948108062324 27.89699212081849
86.52655834013039 66.61064084145907
76.95005257822147 22.93329326081004
33.71539276382261 55.36556953881874
47.784987109423525 70.90237954852316
24.368651649632522 7.678468982345965
82.88389014224218 97.81105390748542
33.013329669656365 23.775694240719393
45.76843756547008 16.93453239507381
78.81174240342287 22.55203517199684
65.22697268544565 34.90140723970961
78.05020447089768 62.45301199997728
52.168272179559004 36.185268744438446
81.45181707588951 14.507801377839957
67.14115286766344 40.326808683755836
66.60263931632502 19.789069446514397
18.68785026436841 23.347971643330446
62.56085709269203 37.40631429469886
48.13507182054014 86.46253719761886
38.75104200647655 22.70845628395953
31.382790573950516 77.14339566057372
72.18568722770125 4.31730664055946
0.733868471626753 81.94606141873227
93.14267938349025 17.48607532421652
85.37589708305427 28.54536013020964
88.15004032942461 46.926500295856364
85.48506336963429 20.70731200739665
42.70564952430976 23.60844990895784
54.32141844881059 42.78450404800013
10.347044453501441 14.51830364056751
98.40378309130593 34.72757370135776
84.47238629129096 68.55337979594856
62.10106974671169 45.772496252476024
64.83288858340387 85.64890535984738
17.91863317109782 22.619571726984987
23.704819056736927 37.2803874607738
80.23509003054042 86.52219190173561
85.2564153915457 39.362699910684675
10.758422228792686 10.031376409012616
72.6263478869006 60.4504484625124
77.11207672059518 76.15431300690912
78.84055144313639 47.387382823711256
54.054992975608876 29.15578995440177
28.623096872460106 96.36444901691331
78.47891968517247 59.567839197193585
1.4761931051890609 24.0043955229011
54.081243371027234 82.40023367838441
62.217840150731774 5.396898383312532
48.265084211184664 53.630153376055446
6.171170047268138 83.95603549311488
84.2037521689068 47.77850265731757
77.56960701181282 62.18491806512326
92.56012187919207 72.82871994977191
46.962859016268766 30.666831710649245
85.90810004322925 25.778126501388954
86.25176457160599 53.85767210195929
27.195072705037592 6.488784110622947
47.79738402374585 14.831467527595631
16.790958855722373 23.28300803304296
63.97675981129275 67.55782397599282
81.71435058189182 13.254623916037445
28.455643149507214 79.92950362925093
96.04134152494822 49.226993565224305
8.659544760489945 96.50500766375154
13.672827567573066 70.90866711795702
18.19335774952806 81.8565406755154
37.33867558360448 50.26282984656615
46.9705103478559 78.85396987843461
77.87910495073976 35.61087960438605
96.4405715058781 29.572208291583202
68.80340959771728 13.153055815446146
68.72118509548267 63.451902739493725
57.03850134507725 5.127766774890796
98.53575313944859 26.541202244955887
21.527823903281508 3.986639907002887
0.03260556866853115 45.65190488196434
57.292643665858336 84.14875043815466
86.23212603880518 34.45452267643482
92.8584684381318 52.853064103967284
6.2253095604344555 76.75487887737637
15.876680095451167 64.91693463992887
37.60967455863516 39.29989079149595
18.941476616451524 29.54208197546222
96.39955861588214 70.67092524217847
56.44070052070883 62.52925085727193
40.85374171837446 77.45446325423195
23.081719334161676 0.21542574985267127
70.98423098179148 34.11263678890351
9.258549044583642 45.10767903028506
41.034544139256134 5.633327620847107
29.445086318207746 35.80755540813239
91.71786369306113 7.504121536826847
53.899058866656006 98.90701832632676
30.85080434848637 18.581206603435206
9.524189552322959 96.21266326930744
89.52356809783682 93.1680473600526
19.248895389764296 82.81842792913582
65.48294386541585 98.84996794671659
90.84390468926512 76.93239651989818
45.463205752868305 74.5187869899596
97.61644920617515 58.34145006057096
34.510957237978424 69.00166341052204
48.76748796306205 8.75797889406077
2.796474450311437 6.443812845506624
87.54333637450605 76.82964940740644
4.752966536626834 70.79604779642985
14.469910427949461 10.34075211608717
41.12890362740259 49.13047098650088
95.30001228303126 41.854582547953065
64.00595491073176 67.66067949104688
59.20769224236092 98.70715409910818
65.75906939418878 28.41864570615754
50.36188237334104 85.93109300855929
3.2232514188080263 2.010327418208535
81.61985081608036 35.42160589499422
37.950786968017546 5.053022421737207
72.93227996227844 10.993461624062784
24.377252780909544 53.757092120439545
19.20134315523827 44.57202906816061
58.9623163798036 25.362283002135545
40.98542405097868 78.69738295661925
34.89889862268426 50.57076045830479
83.07756001090306 77.29659199705893
13.384212784640347 19.971882156704634
26.703508604837246 19.988511456231496
56.86797975555521 5.977726633721847
69.51283948388964 30.202372166524892
94.71122764386108 71.36677837121947
0.3208583909348639 88.15862726092648
1.2854443917978298 87.84231362477352
75.51869382134787 17.079781490729996
30.77783645386806 82.43522013768246
63.731163376180476 77.66071700633482
77.92642683201531 19.900986186344426
12.957935925028618 41.433834539118145
96.89865958416088 27.384033123311823
22.44043241139818 50.343621247015044
64.28711196233758 71.64107199775775
60.47871454825032 4.71734426713033
84.76427268919718 99.5319668220494
15.057904665477196 67.22340450834567
92.75817755754686 47.320821615937646
20.174170119990432 79.23669118372923
66.71943027239811 25.304595414334084
89.33055554220213 75.95700073158048
0.6084217613574361 30.05724734561579
69.84692508156245 29.75167748380253
63.77798873504992 34.81878028123574
71.59274176891174 12.415212014920895
70.80085307599322 64.64050853555898
70.99233702574566 2.9981314394320613
70.71924907134797 83.74340571184388
24.009184673729067 86.18289208279845
12.089128747515797 8.507547427691431
70.93146001676716 53.83481680913713
17.202628672292917 29.56704329648924
41.805761970380715 12.470838063368571
23.181936631944687 63.619761394337694
49.01647006810451 35.220215321158946
98.40794544039353 36.44944316260618
0.9774038605585456 87.44859322779686
61.674988605275956 53.93439434590766
68.85910490122795 92.2847808378613
0.6326300692187092 41.452120140631635
73.28588735622048 81.60433243684918
82.79601743530021 5.417166603124823
28.769579856857842 77.86416605274324
59.188726875010744 79.18236709989914
41.83100812350352 43.19429407898481
15.431806325206132 78.32115931667636
74.74536303787922 27.709666086015794
69.47279789052851 48.187635586496924
46.39630691041824 39.709073669713476
14.993877620980145 92.08507885429997
19.80463210063054 25.23991278634272
56.5654872460334 35.64886003997535
61.50011019251943 97.70190937299397
54.71914413045806 65.895581840985
66.87821932925252 79.94993386079385
51.35862601778886 10.632943468219846
58.702488662702166 43.89057503937609
22.12420231253025 20.556502893063712
66.67300743545482 72.60982459330454
1.740489943300494 13.124789539012905
97.0978257532601 77.63508406250868
35.38816829024969 44.02370194344415
66.36414424374266 50.74945736228131
36.30723450059198 71.45802138136756
91.71194262888294 64.65023615755197
27.323553721609496 64.22361665897189
54.128749971262536 93.26701404360243
41.42222867259087 18.474553487780064
59.14228766320275 5.473621148584429
44.11561948649495 71.7008203551145
66.10457111241968 46.94318537292298
41.58924730779538 25.362122104420248
56.77877607790951 86.16672417963784
77.90011514789637 68.5253518564149
52.54499870797651 46.15756536938176
9.655342756048102 66.03230215113884
15.87109932877353 59.22146127380555
27.805835715651828 89.38265469535449
16.079156545447006 14.308975408736313
66.93156545946476 1.3919909876379588
2.1378834815841907 63.1812161770508
36.08986897395281 68.70980194979512
30.82991339705159 46.260625111606046
30.75513356511178 78.84725145296862
90.21641496252522 66.00245837203525
47.57572341714306 32.232470020624284
75.32020711508704 79.75903406538745
89.92234945847399 40.293242670761984
67.35463760400926 86.78089100879843
74.10228589689274 92.95393972012356
43.92375991507706 91.11681253158187
92.93772316809627 18.159885235742223
78.62840595522525 25.81773039925066
99.59796963137421 57.22333767666441
5.279436498584467 28.950689087056602
8.563684181751952 62.66770273424901
74.5021662621084 61.20022793625769
33.187628595353814 35.1319543268877
20.74072956373164 54.02689554295665
25.744179746084082 11.094536038100067
82.45176457480576 58.00380833074604
35.90445396469397 3.2176097102816326
8.974922351778925 50.79871733460657
43.799444231774466 90.56788766215634
82.76609277702399 96.45145324384707
52.469883165356876 48.79449462822216
42.11276217161818 67.43460851124186
75.56430938963712 32.22609106770066
6.215287489080978 37.321933403443786
64.35940928201404 54.94670452029921
72.80670742076107 90.77625635800905
72.90880705370519 56.21748989770862
59.40867894439672 10.39343450278979
59.43267482152663 75.10171113352975
14.193604596761967 32.761797034375014
30.870776420669365 33.69378426207413
44.5616346925644 75.56212928151533
76.80052676866758 54.3315045120362
65.50666816383209 83.18049637189998
23.40109784279839 8.470984921157266
68.85730175030942 88.0462890928051
41.62473166438638 37.77366769811684
76.76791111520211 35.21263896117145
23.47065809202995 54.92302970748888
23.645019539790013 75.601230215377
52.21890442963618 36.895668315455566
25.03772325619089 11.204532328384364
19.192741917648103 36.2208956242684
94.50258094139978 18.0860092554725
94.3806298222429 31.736720243269524
6.621227144963859 72.76057087666322
49.01195481181288 40.60926621319193
49.939827048589635 22.346042898202267
31.48910354857698 37.99656553804294
40.85520196458522 34.82737033657877
98.95812864504069 88.30506454756339
20.829958053962894 33.35660243864942
80.41039911237078 16.782406425760442
95.27770601271224 72.96717051102816
83.72888166198398 84.68117378282989
88.01681287271872 3.4462202392549823
53.50926076257747 6.89797577762683
72.03461472221062 54.289816895069606
82.6125489043698 92.02520161756314
73.84739015401219 71.9322378554916
48.17549192409204 94.70687396425774
6.935901109521991 58.3993797186139
49.51057998364223 15.436235220748406
89.23255366098137 49.154839407507644
52.05054443516271 41.68629392876859
0.229478265441041 25.885304206801273
99.75768717401934 42.507268755036996
95.33724517820072 55.172007953633226
96.19382171583166 80.76234528746471
39.69447037760394 12.986449118990285
34.0064314214954 71.87896005740957
71.54576230995298 27.829405653251328
83.56721215027576 71.31568187310128
45.954800704328626 17.49664666820905
78.55301232679469 5.539724281756985
61.30724627057557 37.64150535021383
21.56690295140158 83.53737306024873
25.418424479698864 53.5828040395043
64.95814772237844 48.565954315807616
11.646917028892778 88.78863137630103
41.285696995533705 85.45626300171524
29.232257093094272 39.426254932388424
58.65952751005974 63.199512679563504
80.94825603992824 82.36440728473323
26.78869438942678 7.2090701411472
40.03885721757096 78.7522768213886
41.94404950919206 70.43511524969614
27.753326052557604 45.903169784663476
94.11543734789133 1.4742333914154027
33.90874175700064 33.09605014813074
78.50489079380762 22.064968473811998
74.86193529980685 47.86977883406692
88.88913042495918 97.2900860251116
46.31000497680906 45.63525676236847
33.00649853956824 41.713351491485895
40.5345185271904 93.0691199936573
43.841017246432266 59.32665761132515
84.91350053376317 95.33368209199357
5.376662215431416 31.265927109201463
33.599225582847225 87.8440955307991
71.15199056933238 71.12348939820077
32.60103137034772 17.230255135778005
67.94672956825801 2.787987037488737
91.64900590048869 71.70122478368813
14.420596813572317 55.570706224975844
54.817720546146944 82.33072119267938
6.202215545957723 27.886558927310823
67.49082517514361 24.614689972543545
31.282475916553754 11.889225125787839
51.09510589693696 87.62291480437464
61.27823410942575 54.4726689241809
56.426088137630735 52.306834285174254
59.67248291055537 19.69873731294307
74.54288939461439 96.23931072060535
27.837103827401886 8.618291099630271
3.32834181782361 57.65624482707911
98.04882067138817 26.238365541974485
18.21084335313753 29.798704960578192
0.372815241964497 57.78445702417167
33.220891038143506 44.15930533195451
44.637262131838284 60.19024457685952
13.310836564935203 72.60811235519536
1.0925619067466474 48.34622516768734
19.00274110019372 73.10455959561011
82.61867014713276 74.64601157889119
21.570325268687164 89.6145209333175
88.91386215164403 49.0860597879203
90.89283195354912 48.01480371235131
46.830164250126614 30.67279363382589
9.945621601307074 64.27248880722264
80.83429049294226 23.55287784210962
43.136269794424244 21.245385830798657
51.769167750803156 40.46492700423045
51.436078768628015 56.53763034407794
92.60833104236504 82.21145261037258
9.285404337385694 67.1865529604197
67.19315449434094 16.286593266518977
40.151473831925934 98.63664743612169
98.94349429606606 60.66435460785987
29.657381420486484 29.153538873903763
36.85101261837983 70.71136975787124
31.234561412990082 24.361694953055803
61.50561770679733 56.624000475139205
80.28746037246867 19.266915085923475
53.223109330147146 96.89296422388611
36.34367634171426 94.86339586163614
10.463853263059997 88.11809021679771
45.04969616699898 93.0840858502524
49.76729062796208 19.250941156660982
59.99216495421387 19.99569936548651
46.86686402463849 59.371652656665574
13.851062389903356 17.38150662071447
9.285347222826267 2.095332626390578
68.7745807716921 3.400928815053972
94.83208870309284 30.418594545815246
21.743150753770024 88.32688313663391
12.904751612713717 47.796131762372
67.49625426159481 32.59821777713535
53.77900401325408 4.984100276331871
77.91567197796702 52.04867537403961
50.55878402845083 71.56561717983678
5.824292973430811 78.59983115179007
18.28583024984104 18.296125291292476
30.497775126123894 78.88540268755725
79.95670529009712 22.498976556230087
61.540123158094076 84.75013494026594
59.980888068082486 12.681843245883739
13.972878407268418 88.1851271929135
64.53027627913298 97.62189016572754
0.7000234962478924 22.135948855424516
76.90847266440686 8.691075395287374
25.351790149977028 99.05809050318229
55.15240508298432 88.53518794608185
51.03857548516263 5.4439640576125825
73.91086864199868 64.13276592160547
98.2221857123245 46.89495899294638
16.097353325688236 83.43037808677481
58.55263453937082 40.57039183548991
81.28346857027422 95.53529413844738
8.158979247475706 51.9800562248622
97.82735288717085 85.39168803627688
37.95473987859751 26.342012392597614
48.690551136333184 76.17972368559873
60.19454738771523 44.62013932523439
70.61604690440565 8.47487075231339
18.653303877152727 40.79418852980018
89.52599935307457 79.34561225149572
57.67583205259671 29.652119953372903
28.23320929974643 93.56639598245803
45.45089009562281 27.103183820487896
77.3320679452967 94.66577211033027
80.93715610890307 84.69119863114756
27.511719012167603 84.18857523864239
16.63557067287479 98.93121342665054
44.7509989827641 93.91446019528836
46.881657610893946 47.06484719111913
45.458227660767335 15.951037544537783
19.495905525962186 30.270735497101832
97.45423403541578 73.31938669166315
58.51397117865006 28.589820189124225
40.90214357182423 45.31131911003815
83.4090318481451 87.93914973608594
25.386554134240825 3.2269314775876357
82.90216996345886 44.741200055777895
42.98867107148262 90.0617383153693
29.305342829397784 34.7937380956144
59.33969911046516 10.37159807238961
76.78563008008037 76.29875310509289
63.53729155647937 11.87166853629138
97.71023727598195 91.10988445083551
66.94811742393183 68.43537630671433
95.69911089099521 80.22301201329677
94.99970011080818 10.10224036413332
41.261304455698856 9.31837849003968
47.820061701401194 17.49403197046079
53.362722323875666 75.60352502694336
64.7129179410862 3.365155150747867
36.69525729132015 36.91883630292282
16.46813105734862 34.37122055295071
47.40806921911739 87.8508450039536
39.03534085865063 73.95652966933235
51.81158817294508 78.37034883776583
47.32924631955993 80.87920951932162
76.60951289625912 72.35878935510517
49.1645972603459 34.06698224558239
63.68309360457049 56.240054417113186
10.861550196744341 26.725911532018998
14.572425782059362 73.87559084554663
43.22719646393315 0.26725360966467493
43.6256065788337 35.342523119858285
48.69029805215279 39.568189513456545
24.75407522961498 40.228809528331865
85.52025040634771 63.246508340887864
35.0245433224115 3.943350040014415
2.0673125811964232 2.105474696236709
14.917727713254504 60.09765836110246
18.39331994591984 81.34059195778171
46.30240722652197 33.77070863843329
94.05911842456192 52.15309608365958
23.70941888698229 93.74025237930528
0.009035437104865096 20.923945665344025
94.12148857612675 43.77404262235994
97.83900357441358 82.51589764422434
45.72883743519937 13.695935956221184
34.59642986120672 85.42586008187214
69.49597134237561 59.25508865332798
67.54612307728573 31.629145354578803
11.038116751557093 33.987090281384965
99.22905742335602 19.27780493732708
22.05355080852639 76.04763474401865
78.50811443151211 84.07566895137414
44.81525675386129 19.600606858515334
85.38704992357064 46.192026311663206
26.657790762925305 84.66942440494051
29.198866887352793 35.078215442228114
73.13214921759756 48.48444507003623
33.57359572050693 78.6903660969369
86.54005107056146 0.7977768851219702
23.792900132832283 16.404022541628827
94.02097719920675 50.55315936574504
38.59489997747726 2.9367389736815186
40.428575919598956 61.407682629774385
71.30179058404894 49.43959087912063
30.236331490954093 39.93720157151661
90.47550931646126 1.764459100697524
77.28634571277654 3.312334726012478
32.72847555763293 71.64568773360283
66.93413099808966 98.67121833361368
63.822943382100824 25.800718622802087
55.472933721601066 31.7873921847156
80.50751760447625 70.9660876810694
80.15982218413403 98.66946043902693
0.7320566767476611 55.65046209964372
53.242750022231256 78.38869008931763
28.88567692930736 23.381059471054755
81.87195428320892 86.70563631960123
15.794272685349064 37.36552578667277
39.952361162710304 27.412246108694283
35.33763259712328 16.521325288708034
65.0816403951529 71.22866041809743
63.496969079696285 94.56508678531519
78.64026759295692 25.384770940435452
59.069758703499275 39.55363728611172
15.332900019291662 16.664560105852033
72.7978494073373 84.83063771546425
54.250748798253056 38.23954709876772
52.82055226898707 7.705379562919723
85.90217770337654 55.56604112063347
17.33734575196054 44.38103100651245
50.61595073877534 36.84206088500627
87.76644919238015 70.24401706023563
7.236350270058212 77.41868626811642
88.48570984077101 95.18791501885664
27.26064368415374 12.375008524364272
26.408750179403707 60.914061100556495
82.2901080892644 14.07122703878374
29.644967480908 86.77030758579043
99.7909644848627 39.77453751722595
88.95558194081656 44.752994261544366
