913
88.3186229860863 66.68872312471838
78.38842080412776 91.50071249187351
81.9281580878735 80.97250874338863
55.515061709963106 59.76530406038052
23.069980702197913 28.751182295068677
97.81715130102191 55.09687452235029
16.291282010175035 15.50020051944525
77.38239167380698 19.32894045700492
38.18793679841066 84.74802286160622
30.348618614140875 57.31689592245426
61.74355827495715 2.7736643104986247
22.978359732531473 13.89429723539929
17.096677601704314 5.122238227197718
26.882173821401 66.72704235375735
84.64025499574105 77.9125514130841
99.86813698289086 61.637018874617496
63.91655416546433 36.270815392458665
95.96833562562244 36.308362851528784
87.0874668362012 58.746094172291265
89.07515506186505 68.33984274511586
46.66103275891879 5.381106045784422
23.845993401952892 28.770859319449926
23.17873042517393 43.96750645927804
43.74445619413223 86.06586351400529
56.83275268472313 16.218487040725027
8.930967682352831 28.062735811581817
48.34587304589131 81.86447588146775
87.32393534823369 60.075282339451384
48.29518263134456 68.08990495484234
63.88355906128079 60.56074985705704
68.98623745235362 77.8412336048732
35.5503576509533 68.84099194852972
92.09275218225505 44.40111479902096
48.93735175768401 7.323023455655509
84.11260451370197 76.22343322801025
15.85903252303018 51.20319096841448
26.731308217943383 9.427363119641996
43.95129755290513 49.0565465281546
70.31464332626355 75.61972605379079
77.59055424826207 16.931534315041617
82.61614351513174 15.196809961692736
21.465590120827827 22.923826792930647
27.922950907959276 24.889763624594284
28.648557569646393 76.18804539395991
21.767800238272763 97.90171857247863
79.96818348372081 45.33550804728594
24.793391075333414 6.8906828758912635
74.07029283857486 13.004824626487343
75.25901625841041 87.36876788543957
14.629286194099066 46.76227154140848
90.09229801410366 81.97702503130965
58.831908973852656 16.240931333165165
0.19882878842265583 5.6033147902841085
29.034382660330294 28.95690718582201
33.862304793733465 86.74271136012278
99.89564183062336 91.20890582670557
63.500004716557825 42.91034323957296
95.73678254027843 24.363979965646166
27.55192387940477 38.79949241933848
21.222269515179704 48.55692666635927
13.894334141362075 28.776853533393965
39.41218556791017 78.48325862756198
55.57984413999585 75.49678349918165
82.21975532079946 40.79718669070469
42.95766689412959 28.5573779983634
61.81391449213434 56.233472190808655
18.75435350996173 80.84403922772637
77.05046947680295 70.69546784868538
58.860505036520586 81.16798670152467
77.80229845972528 4.852959534181689
45.341258656853256 9.163171962691996
70.67859319532641 88.62575293565855
53.491938388107265 76.99274186411138
63.04864464973424 11.229032745308153
48.33163326141302 55.10727686032582
69.02884738183718 88.15432733793446
15.734128523830393 96.88503126928522
36.39932870685735 9.233868697268644
19.32386763301316 91.96107350714536
52.28248299475734 68.11469291010673
27.964921481676708 90.74943135599686
95.91407608675856 35.39617140613923
52.5645891561969 66.46174822239384
79.17361041076967 40.97914108469038
21.873656480182856 20.367010675323215
68.16897850007851 98.53144192783854
14.934323661126381 87.374489802514
68.17652083595138 8.021763914807345
78.9574601084553 85.84964687757814
39.46705573719189 22.181927109724974
67.45066338005833 66.47945344741683
53.057944784987576 78.35684538278842
62.9503707839284 25.613178460512987
21.854253879981066 87.79463661361619
37.44669898128409 73.53762628034148
68.26428582618382 59.443125394634144
52.21502324439241 32.79352190333583
83.30069169808667 7.835285128057268
86.67073417784005 50.30002655547099
97.25942652567913 31.631393888144487
63.020277699375804 71.64616604541247
57.4581064202671 72.73466233084469
72.21522747728613 58.66162210783866
31.352783419591844 65.10225421424173
11.572234041179975 19.846197370247186
25.768383916863847 32.431201386995625
73.2489153608213 53.28684818261566
0.5521606125163614 27.959891948659667
23.20832392285007 70.91078241149947
13.763219144449613 65.86154205457842
83.7693307046422 52.65390225022612
28.75454662198955 89.07826757424755
18.46991316331699 39.191218157192466
81.95470451749786 97.06772637182867
66.89504211944643 49.819970419750646
8.904640604532666 33.82763755435846
96.00442587158342 67.96904363084538
8.859312197947954 44.90936994049798
49.40924641217622 97.91622034678329
45.34654590840162 9.45485715068659
87.86729930152283 11.902477309402105
95.05519648038397 51.54903014051377
53.36684518834892 86.82172424943731
41.9113570757152 8.676797867352048
6.526690541645818 95.16251257089468
97.73759391580424 98.9624337979943
62.8336604962861 13.632996304619216
65.8099695823033 64.46378127918807
12.71914513849579 49.21199077709052
85.33257516438931 38.108864919599924
5.858974612906942 2.3743397092872986
39.41867769541043 55.60256976257766
58.873563601401926 92.92305041839785
60.966424787807526 77.73326201601385
75.79823659898815 88.72645816515899
13.575306825676192 0.8387803692461171
53.20022590646174 18.828952286563283
90.74514313207027 0.6437409182159515
52.37989277809413 54.75233263523822
5.2561345448386305 67.2513150652965
66.69001906835096 31.26487685449294
49.407212724831396 75.39838282553774
2.3663200667402795 67.08583787990958
24.99083505761647 1.0394016630166258
99.56055067162758 99.83812141042911
22.71310590625554 92.30254570666526
41.52924561881872 6.7082314480486405
2.803395700701683 57.82526684564068
48.35429686900503 42.050192345927094
53.171758923880915 68.90208998453055
30.558711251222892 18.292844667340113
97.93757807679985 21.870999289537085
38.4556914340178 29.958580562626846
67.96142425885634 52.98432450209177
17.867682415438946 49.12826838149261
44.549323546916995 22.094473944220717
43.285481237457354 7.910345258418127
95.45724297839914 13.452422328810442
71.56598690870722 30.421151530239865
49.81471919646467 31.777275965530027
12.584347754479552 74.88859550714228
76.20573698856823 7.341374568916937
43.08047571516066 98.94403597307213
93.21794335793847 12.830585679493666
36.9753528735835 37.97294884696615
46.71846141781156 57.337812883047924
89.03884483710378 7.382075163117053
22.74940858493142 50.98114247368225
42.39685569852571 18.765171210098288
30.46817758160254 61.80564494759577
69.99046936334763 72.54941557055768
45.77218880608547 84.98673313127476
52.13642413861468 90.37712280629873
87.67316081557608 37.395352190829875
5.936253170671102 96.43181306425782
76.10785787758013 90.71596321298607
33.51399126653121 12.626644303026314
92.65147541372588 56.5141278864161
11.269112265925962 75.7966857290882
80.14013100051581 95.94026888189971
30.42290175211557 23.085785715013074
77.98417821229354 92.16000185889528
9.260913264280667 35.16314527520472
12.575436647202064 81.27459874271915
13.146606041356046 17.10788421304221
6.119989332291187 16.72665558833054
59.27478307481997 28.53346699297683
81.77268440085467 46.161762779863935
82.44288595848252 55.810743786292726
93.21069500675769 57.04460703805238
99.51034270820055 28.80454394560742
71.80984284366052 13.85560924478697
8.283207027605366 84.47289852920922
52.3411739891556 69.4676971526718
12.037862127227328 69.53424975725704
78.91800851489754 89.13617586227687
90.40406751679858 63.53647807639257
20.812852638555658 80.05803695845552
81.85290198690541 60.46784504979438
86.94893570940437 20.052664691407617
48.42109946275273 79.52336275314646
96.04259867273804 96.09822189933519
34.26241158540084 32.36032260737386
19.75526622081175 94.30979112186536
32.783201669918526 76.84409530123337
86.7400154641596 28.892032944132072
58.994254633380464 61.02630779376366
92.44500992846939 91.94850945239239
1.4520377784278615 45.99498359758344
69.99927454427343 67.50972063612542
72.6617037125875 10.5737962463196
15.96493716578653 2.1176604288059675
56.93546541658172 68.1801158313396
74.9314493148927 49.89705643346321
42.579283178032 21.821500566882058
72.68839656788089 83.43652704600485
81.19579782255619 19.346595449187443
89.21864578695809 79.80654152569245
20.90975412021373 44.08107154548057
30.511753029956523 64.32365960580742
83.2976119642716 47.66480477184404
72.97635445112616 38.69252487679393
12.850612670318961 80.63667959037927
74.91232211099698 35.64956531547621
96.88744573588315 52.00254057404562
14.14311857739471 26.62860963723144
93.74018174538213 81.03014605803047
30.878564465342397 57.730624309006195
9.652889084856596 10.953849233026158
19.853032628759472 81.28624458848611
8.821952619603069 69.0640006582395
88.44473019790652 71.46523004106436
16.541800823747533 25.998549239740942
22.623678420547723 28.548365297404022
6.575851601981341 2.0469351512534373
97.99944131785603 10.664910455770904
45.994802077072364 90.12009600427386
69.4281537330096 25.750335401490343
13.061196851792756 48.621392566213764
22.871907720992425 26.03503113817409
73.05171883755234 57.48847341000302
84.34184481745571 23.494120846289434
36.27935227330793 17.678028120589072
28.09433787890937 4.595980528379339
40.006722084573866 77.3907164899435
84.22951302967367 14.829681324775946
51.14396937323566 18.918393064023785
18.504416673388448 82.76344901890207
13.406367098272476 43.6703258652152
49.95581672847237 7.16832687396376
45.43523742765087 69.32442838957141
65.3924150008721 49.34994148489594
12.638046779075252 47.3936483844152
97.80886359552953 84.25583216473859
63.664410710460686 36.25001976339484
86.34125669946798 98.53203260082144
73.57385702800676 91.86373130071777
82.4143793264238 16.765422558774212
51.32053011834675 74.601161874345
81.40745638321417 38.722236905169105
9.211452938958631 98.43755906234065
38.18733383722328 55.299042462456924
31.775580608429355 35.73229089031219
94.34853885091826 33.47571080508086
31.548864723258863 87.36590146352346
73.25720491404198 27.305263096992427
73.66466295125107 60.38022015238925
58.03201366525458 35.82368145220073
15.40271846331509 14.603969806698958
73.42598558885317 36.322697591534755
9.8021799815459 60.3073000217204
33.752386276379276 19.150553958098072
55.68870761748001 18.382207901189386
59.36431168626585 53.1470183935563
86.26187441993322 84.67409406213464
11.86471867249198 87.13397009744634
49.543742947327985 13.956417364750296
30.313156511148996 73.95805404437661
24.731647058408036 79.41413913726304
63.971483939101695 36.14476044654076
50.37949311399933 60.34994156910884
1.594833550344954 11.1079260773563
86.74978337691799 5.69755008181021
33.96243907464731 23.7381580588782
91.70559595584467 23.401140458818027
16.984715087143833 8.96703694382367
55.60632561365899 70.71402566593333
44.68138010269095 11.41404223797159
49.55413446804457 22.67192580347054
86.30518227540985 29.255270368360474
23.095799634516055 44.66104816839484
0.03145774177528704 93.3158259848542
1.0776624348541874 68.2157594747132
0.5967723539760494 95.7574434499356
92.20887261173596 80.44761545887312
91.26901095885202 11.825051903514394
60.67690913621242 4.716051922488251
51.224879741499166 39.83991414936197
3.294086149785558 72.35077285970789
53.86643101737745 15.393781114309203
96.09098113469128 86.75031651493468
85.52538158367828 49.42590612361365
15.330970865455008 53.348735309370596
39.785742376265034 38.701726982893334
55.741534536643776 0.36284383344941107
27.448623944692297 65.05884142753756
58.914130728277556 39.531300484531016
27.001300818157038 75.7174759736052
68.16546530172971 90.64608427363
88.14975808605047 40.22871509653173
51.29083427406774 67.59385381128517
18.62509893550659 61.398035929654746
64.23131447941088 76.96630347047636
45.13251562328292 88.64169558611273
1.9277181960615675 91.51110175368011
72.6818460729595 33.11385956984579
81.16778767487651 75.05130809657489
88.01086243419785 52.916072828869375
77.21446383492722 75.86134988692757
6.429574598493126 53.92544941284889
11.322949093826374 82.05808593116573
85.80534751291125 2.132874545571284
26.358392286445042 37.559931051898545
16.91701043590004 16.25395941911183
83.78976568452819 1.336147843125579
40.07548923768811 34.40460706816783
7.173544274910448 40.62812516612057
66.30776351517102 36.60327728652545
98.00545423699602 89.19785932020244
71.3213313530715 30.76133601528398
11.911958518820565 59.43425560092075
20.904515479827356 16.565337526753442
17.21040147553976 65.26980275180469
53.74212007080488 87.750834751891
60.83047499058046 35.71530177232462
20.085225769023484 60.09801393955075
7.5226952303196315 68.84493500297336
56.5371488021795 2.269957277775836
31.239992362836976 50.46974973462417
32.78679813420289 92.77745367148376
93.68819157415327 26.029149430444043
39.308910768232266 69.75867297390592
63.02884265557069 82.50314235252623
32.72247495240457 79.47707454933362
88.06336717530328 88.26423808057227
11.438084486108412 51.035302900000424
46.015674901311264 39.46563089386035
16.791196437455667 72.31646947004177
17.538711609582958 86.01957011283787
60.20399311505936 91.67575676424545
32.309333976933964 70.69218864243145
32.695377897010005 60.24115123326004
32.4161766153345 48.23073262340309
4.996625712785418 57.0236517777968
80.34643601439932 18.820101706672332
90.02010000897394 1.2243968228599522
4.813803156895624 54.237202634507156
61.710631615318036 74.0238749303388
17.110864981615382 0.28835316123145827
7.330202609040059 19.11042185111652
17.476853227912958 18.263662046526786
8.359012874604932 20.280158386748393
34.12758698721 80.77645153042417
13.00911701528723 63.99668535947017
39.49861474517886 70.2681379191656
32.384378475703016 37.12103310201667
88.88303457231711 52.39745000932173
23.467535570158347 36.80873866838497
43.964625814229905 12.660961611663534
59.38359080020583 38.2861785282914
59.229925840373035 56.26916972064152
32.59109914200058 36.76870272762002
95.7273377919844 3.010730853741228
35.49728086060773 90.4576814543948
82.91003301743251 39.67023134238139
71.17800127152846 50.78578382981357
1.28177550069406 19.245425824014063
0.7628456022480856 19.905839171941054
6.676971196603065 6.54184817696234
75.97281019219763 49.74026078567088
17.365535523171094 8.270319942962278
14.997060598056166 83.531366219647
61.603070185995264 56.67472883599298
85.8533958101732 76.76019249175394
89.10298601108876 3.426766595856212
89.42135792178382 44.77215430753974
65.9703597051217 20.530990319623356
7.231757189221266 64.05169200316881
88.24907160722563 43.34843403218018
76.48336574462282 42.53768068075159
54.5676078577735 85.97569766244399
2.1277007958318883 91.6776217736663
6.411865749813728 65.06654043053696
54.11109297605602 65.78225424506614
67.92561639915303 8.835485770695495
71.0191216715505 13.554734189287332
71.57430754474426 49.146752699089525
32.58775840284026 99.64629183043284
27.729954121947674 4.934429748454939
49.4204726573781 72.2458974122343
64.65375400599031 94.5163845023273
78.33351125980687 89.58533506782848
31.358210118106534 60.53075496234425
81.12097757726563 91.64121988308293
14.686898941442939 75.5981137288627
94.6855639645074 83.51498194265955
7.720851442959297 28.873430972877955
14.326877153707118 41.2747891825716
39.22764769022697 30.185853746339376
9.15767446883936 68.95959461516432
37.963195796920814 80.22733321297778
19.0697105563557 73.33805688460528
62.837996994819875 62.676645335403805
44.60555789370152 15.154983296737834
32.48522155663809 15.485171204792291
26.516750653752375 64.78046522270994
38.21908876566472 3.973027838344112
44.82315638627772 41.47625286622566
41.002371425982076 79.42684274116725
75.90226843956867 76.61372653485591
2.553514573267357 88.30002010135327
71.15548392488395 56.11457506450759
85.47331420473316 95.55690465969288
62.503709914931406 57.41101185653468
60.720110992546616 56.92329055383895
91.2987774677646 41.172029343788275
96.75476218045806 58.02431248509402
85.24506279681265 21.815933273769428
67.91363059321144 20.56646672951765
53.37739915333876 95.31893531654266
87.40751976301992 34.321536404206554
61.72258411461189 50.03338369714177
92.54666243188247 57.47960004702111
38.904917712758355 36.79743222486458
33.28817798879224 5.209868281530083
81.82442516239247 65.07587198126373
5.094058335605933 93.7009219701774
38.36384432151677 85.94827190305254
22.754857831131435 81.56697650465368
96.11882211866731 51.627043208114564
33.36368415515444 41.38785858624492
63.851926513367495 72.19154039821548
26.686194277621876 93.38411127684012
49.649950989255466 2.59366026636072
84.56439228087453 35.088060568738165
66.23519918846134 57.75947495322878
37.70169651628562 90.6421879217008
10.198956491373078 29.879361143163152
2.451835800842017 36.67482536284381
36.913368022000505 10.935432350253404
3.191903751604319 3.579154433806331
57.891400158312656 22.220700941484196
65.02523184571022 36.300410322525835
87.11081418776078 31.839261522753894
91.80567107960651 63.47312041589797
22.42802376145139 83.90774248372446
46.95325169605624 76.21952751990536
73.60389209562057 15.191145285297836
74.325287366368 9.964397369707456
43.451472185920615 55.431735565187054
26.748577344748814 20.27799223315211
5.119892209770283 15.135755265881734
30.81646353232178 58.58019457099915
92.23994369850048 30.39961571107487
33.960479172703664 99.83645317796224
30.510198331669713 20.074323797136607
85.7508318753056 19.68457855629494
27.3598023299096 70.61613993147074
18.239447227674855 17.264340596350912
32.95853139236201 52.08838841013006
99.6921662514998 43.3638600193836
58.631895732798476 42.03120144353759
86.76746376125112 27.5900597554951
97.73157076644227 36.58809982583726
79.63615273907627 60.7102644128983
98.21205943764886 1.8407387301170863
34.791158500973886 84.72829660497608
7.957931101291205 27.111975033000768
39.230664865606954 63.455687946326364
84.39081601635107 40.114762213677444
29.51226000021946 46.68967470390204
14.510146363748778 35.55680910861242
8.636143666566198 97.19341707984317
16.9819296444352 90.7561421996391
87.32523469795761 39.87229561686911
67.24019212052107 40.95454700314052
18.203677096359073 1.9769925765855678
49.588852279281426 33.19698819634205
77.8622030732962 0.7440330367671333
48.72339485575117 24.41104420657134
82.86456803735946 24.562466737888723
34.14686634713302 61.09165607572733
63.094419476935194 93.98680538545077
21.267569195743043 17.653606965267254
34.23994345314525 78.38823820322358
29.17315396654143 81.77038074172246
58.80992599823603 86.69176771221643
76.40760228268888 7.90237879118425
49.90760728585185 80.16131755870971
79.29449009029759 43.42011382736565
52.59151306402225 54.60770174121926
20.26014028285934 87.31213666427206
22.346523198958224 33.93260708699422
57.73102181663208 14.700099078095851
78.9918145391733 42.25600194265409
10.761964680180514 58.45168419247655
15.010911567449025 8.723770792144736
53.9426341165118 76.19546422150756
88.77645029709424 86.87001427179001
71.18910133591771 40.73640597250652
2.701626120639067 19.942183685187498
71.37162214107776 68.5919602194452
97.81411220756928 78.49324248454916
65.69171787711842 58.901207950091596
21.816052093269523 21.407176126566675
42.13668386239091 45.27703561060933
87.79314600975891 21.72078411876035
97.74832311221084 61.7330154172141
88.18887386558559 58.486598924407794
92.1615182700832 75.50528282434348
79.44003168284469 65.51912109996917
33.30429391637744 87.54596924719755
13.701095937350626 93.243580338097
86.26928517068117 86.71821929288947
42.17310636484341 17.570616519775605
96.51675846753007 87.84591138429084
0.657697574036431 26.417084295992368
99.89196813447903 84.74945527972724
66.62560556821309 41.80845560992754
65.98093806596631 26.72397285718109
6.054237779459881 94.7082119068321
41.25241789662889 72.68109578205171
98.588720999474 47.56096942307255
10.304722060011906 59.015213525789925
98.51856112882022 34.254743913651374
30.62261382125412 99.9863252801789
20.280079979323716 55.38830400424506
48.58859061279188 75.047883185355
41.80553111551859 9.655142254211658
0.18199618899136238 1.1655077522816693
97.92884537266548 54.64985513502227
27.96043532904131 53.88811100031188
46.89065426695321 23.081280184183218
14.352056475979058 25.0490310918684
67.89108805553585 45.03328836375956
71.9394165738172 31.819124632687245
3.160794571986947 35.86705109318756
46.14386937115267 86.90463258877413
29.556013602523066 10.197909485902002
18.187803510551703 96.15964949469777
37.87884309623467 64.60512230341796
74.32452840387805 67.16755088329765
21.969559496690096 4.937902969730745
68.84085560945675 74.40203339146635
40.72972805942322 76.69500889162042
19.820076393884957 77.49453976733594
94.94454725466589 40.30336172075097
9.358964783347945 88.45043592275424
0.7572904503693301 70.02896664693544
34.03263815345561 45.78948078546489
8.516727218149821 43.033852232590455
27.401799380099856 1.4431275423530954
33.56389649234905 10.84507117758492
88.51696835574839 91.88193352882837
14.2659430184933 16.928569696060293
74.48693169490369 75.21130340544421
96.5657003671523 23.494692240760063
93.87806733392374 28.800162631464556
44.53605074193809 48.04943205686158
11.057603978658094 77.55451507497281
88.10658661397962 83.9654742207624
10.122619366026232 41.961330701126975
6.271164400499652 39.14998221748613
62.06635448872987 76.30162387902226
79.53549107517173 48.2067645235961
49.23464483080927 39.03886309317509
94.6107349474418 80.22003123592131
55.067714081385624 90.70441606694108
68.5365966019679 12.052305914563776
85.68166373674856 9.287338390091271
83.05053565630438 12.734267482576623
52.49097398596564 3.5415963115454696
77.34732026175946 78.19433935823359
52.248185398395606 35.34800432069838
60.834720226010674 92.5011974176755
70.06946205724985 27.150676060210166
19.016236114962982 45.4595216789705
31.523045508676717 66.6696619860052
92.36230655790926 46.610863593189386
5.5013110576077935 61.300044585179414
76.5078923819988 70.17047624808568
91.98776497573596 20.72459635811521
21.82175407084852 11.239954078411552
97.81762282095671 58.04980105370133
44.20642966577951 75.14848783387137
13.92218299445055 49.589312968747144
98.30626828610207 77.3841589599074
55.83877637973378 36.97975418589324
57.277016133691326 92.52819794411586
68.76148180583225 98.84526559446924
12.772235952400045 35.92637709638225
49.86587703513271 64.31389682887514
67.35761132971554 46.497318950977316
61.675256012317384 22.16256129298202
15.333529325196693 13.14989836717847
54.29137482337464 59.05889780795559
33.62471385003044 45.22395531183175
32.9774351544847 82.71538478677701
53.13717415099859 88.27277249413628
90.11133263295957 93.54375679124377
56.85636403210494 9.572792650781404
55.89420195088933 49.19541621915437
65.95175239330518 51.57665467857825
97.29694225323038 6.286144289415496
26.01812482381606 92.76158012964446
23.666965739827216 48.57929774049112
33.392284759919214 66.68281351319449
6.589086047613424 58.11911873816323
50.21896548833455 99.58058617563782
14.766479422076106 87.6782796291743
59.23825416466452 52.92494015830045
21.98466449629595 78.60471436863263
21.6897463144462 73.43287468234185
48.10216180681805 90.07311753563738
95.66773965806773 93.54864724042147
68.02586944123475 26.559910922437723
79.73820669140085 59.9988277649111
41.153805017222965 68.13682965225456
55.46868228480347 8.532360226747226
59.417273241162185 87.99096232748391
10.848446163780778 90.5844547097919
30.489421188604517 35.586851137755914
48.24345765135658 22.911163830011482
23.855200215624272 60.04767292924834
78.3941245429041 0.7738134247633366
26.73052803739816 97.0787827648397
86.74618460979869 4.640846275255884
86.32464932734194 88.52685271321954
55.42287682889252 72.60537327612789
48.86911345528689 90.78719327867204
82.06820875320552 1.979184387976185
34.28785356853036 50.12776362971071
8.879673983572822 58.952523235093715
19.119321540106938 69.36037244587145
61.03362848221256 24.599686098214633
51.41460840942609 32.908719976575185
50.17201506902291 42.02124321585751
38.47078315461124 79.48418249892029
20.2228293829413 89.48692052991467
23.417010727105257 4.434323398361317
32.155733948981556 12.260618787548482
29.7827872709986 92.850558586261
88.3532683089683 31.795222591004336
75.02161648724025 22.383078072548468
30.87261209834198 61.437233794280765
47.145325684208586 87.00361519035363
81.11385036886549 87.58388631979138
66.39832004585844 88.42801351026458
60.156520493517206 68.80363849867292
50.152395083257 46.82270442025472
98.37890183087757 11.465209775922048
82.75089284074303 67.25423773121506
1.4129260789366271 1.6888561807195779
20.957851360050896 49.911974360864576
76.07314279413107 91.37036195645759
50.01819440796954 54.53713689266626
27.117470753784367 77.44964671133687
79.08708448797216 52.34361570753151
82.1162592304948 3.3240516295647726
90.5167534139156 16.660792463749008
38.49568083566547 95.59545629446885
39.73008286800831 7.438926673080393
86.2997432221269 80.24484629654013
0.40196005320146666 44.29607851274309
55.624199691160825 95.34340962657011
44.68714467836501 57.30468584156646
96.92070350546432 28.731923755180276
82.73055031209843 9.174490689296565
77.88612087147301 22.016713426053116
37.04291392809168 54.53719560058459
31.09577779439794 9.009100374559386
58.14479404550978 73.46985243484968
30.62757616392523 44.955633298439366
79.02988674588659 77.97383817586599
45.54586455077207 46.282169889567925
93.38407983199596 78.34483268193407
90.13929041899786 9.52097942800263
71.82065957858504 4.150127335802434
34.791783361820926 6.665893110074938
73.31641051619134 48.54331216666788
86.41013171295546 91.44264712896903
61.143466359811306 0.5732580311777591
23.325793484080172 90.67388563504332
94.21065883419352 56.01673364642863
85.37216013720585 55.46079282569156
38.53109224009147 97.26627288175871
65.26489613386552 3.9252546945205524
97.04382515565233 41.99987784889076
53.696457504177296 65.77025464836504
26.450775023806372 16.964523946147125
52.37176380056056 12.405638464398795
68.91539209099496 60.83229907682086
86.82213421839097 73.66597022647251
2.2129369870527493 86.68666124633691
45.68494831575022 60.002908714571156
64.43505468694066 33.553681800038206
47.76681993448306 91.49709541275519
42.80772577647246 40.82988164113236
82.2115960520001 19.295805377245458
63.99568328125061 57.17765103039852
58.72810567749751 71.6675331413111
30.698203507059684 40.02758266080876
17.688368343299143 77.80416367244733
37.71428180462373 12.97200569122382
46.63499177584214 90.18232610041824
76.93395901393238 68.14985144613908
81.46853276131782 72.40205578697912
21.789455046246744 12.380312168437523
58.936874635963854 46.86627878549088
13.094062438300968 11.031529069862234
41.88586783102751 11.95752035091876
83.08148736983316 79.52818915259809
96.12132461575095 4.8829866665599635
44.12308328271373 9.024674837717805
56.147365299549165 10.663658649381958
12.582445100326678 72.04987920291825
32.59875082649689 93.25075569781585
6.232863120704602 6.702781942253832
14.849298604856765 76.56026752311143
71.86720322182605 56.75629306561051
28.21548615122512 13.569873155919943
89.41743987780673 12.182888941771196
25.53805809154276 12.631675324956815
14.734198757635786 67.26428366075488
39.16370017054645 18.58042237147577
25.687005561005705 65.00793936450813
9.955302007574229 92.89990384086904
25.445203896676183 83.97526387125944
74.84737125377 19.817022636381765
34.040586695942125 97.31219211466163
77.62156650052493 23.60896581848645
24.641181393326285 52.1147606438449
80.39491909404845 63.736792106321126
87.39852588073123 65.44311626481722
16.062869454307382 34.762389696139664
94.2404680096381 18.665156598349764
93.98268934690789 17.185897688514352
97.3358981923814 54.67884432576879
78.78487027567603 97.38411966609031
8.28006930071754 59.72451638050092
18.77454939048825 1.6983767960087381
63.10641001546416 81.15636180379546
46.67499945975918 89.44588114753728
82.23845329889686 49.181818419877935
24.74608105364503 49.73035646483357
87.5858809411673 13.613872246382597
3.0861495183119536 39.267935604693186
89.49030608850195 39.0927653671017
65.12533646140619 71.8530730272381
99.56985257706106 86.49726022128966
76.47041866273517 85.01654901751195
75.02195997867112 8.807442925838082
21.462214431457216 95.27900169858141
99.48023580805743 12.711310051206425
45.68660360544966 77.34944385941976
95.46929452991877 71.98182711955707
27.816640464814558 22.906195682003606
67.5874941891766 21.11013435741379
54.270960021774975 58.6715775132719
80.18580505173004 72.88081329097209
71.56433648766827 47.36854111113759
48.80936721521417 65.77836779253286
62.36897251999983 85.29172159435792
70.3645672091589 43.69249191481772
18.859517576234907 68.04954665206246
54.20882103932138 86.47921773817299
20.95752251820985 1.7230325184582784
53.98298430798983 86.63397599812127
87.13554718978146 32.129921449981516
73.00541495983431 92.16014411920222
14.892247938271241 43.44420182188606
0.7812442872924041 69.60208191225556
12.282254348007182 7.892259299164694
33.10886061278725 29.767544605530084
56.42198109868358 97.44744143661465
44.94208883275122 90.83276547682341
8.196201784309288 7.901194032228309
14.374061095347868 16.36607774252714
77.17540824164851 40.20683724897965
57.80664532601034 57.50608151440234
14.421955533421126 20.416562995457976
44.108160768454155 79.53935036034001
38.112960137505205 42.9876998795617
8.692808041108135 60.28747286122967
72.88127382309328 16.156742656492362
46.895081529989405 97.912203684233
53.93466656558292 52.19214673291663
10.690890475811754 10.874701741580061
5.339964976531119 83.3882577820662
97.14918326819692 67.81134779271399
43.19498922992119 0.5062656683229583
56.429627196422786 12.011262747836437
14.701887907747702 64.90360441393594
41.0375157266724 49.41964159756071
70.88020355515226 83.90666855273068
62.330814780860834 19.894144789300405
75.18484371386312 89.3238598471996
74.82442572236201 88.4087096391227
13.782072588214444 34.18878151503435
6.430268160287811 41.20551805242755
18.50744136971563 49.85774079770451
11.259672846355107 11.515634393734175
91.59677177919086 77.54035748100073
9.723272759353186 58.27071531062871
64.7348252134514 71.05684887452422
66.18481434576042 82.22166719770055
33.04968244166273 83.06276730871322
88.57122754254935 3.4430224714133595
30.163852991490504 38.75756590486055
18.161990302223085 23.274664961678436
19.360316175372382 54.270252625383385
53.702046067912825 37.67843846809049
14.48669394997053 91.63268379111832
84.50774886338156 24.24503112887396
28.146941595650134 26.600984159648245
80.66943241468823 63.93133710000127
69.1882087179922 48.94461711516749
23.973303854553464 32.84756819130408
9.799030950227438 60.68980544459861
97.78815584276069 69.94849796714556
74.55530905995809 85.81419596561216
61.27240700059913 8.309229391365946
23.387861822892575 13.5319259671977
76.25110491957197 82.2649063478398
63.510315652574754 40.87246489063726
81.51349370726322 49.99433292480961
54.73041558291776 59.99478675801383
65.28534678803038 66.88907710657459
71.32077597383302 52.26319084689541
12.744815804581322 21.503617926462624
76.70131456988194 97.08476907011226
22.942086819597087 58.224430724543
59.559136014313694 6.176762146588333
33.57236695239417 26.247064504144614
61.51493862598173 96.35969592257847
14.892879359204835 54.160554794698946
26.659848823032682 42.351310095668694
45.057134485055315 87.22268267158533
45.670388429884035 29.55305572040746
50.44902529419628 73.14840912295166
83.99904863726519 44.93485054313622
41.03182843363739 7.49614950565789
62.423234256395865 51.873720705101746
95.1688577151547 97.10550687882497
46.36493536779488 23.505709001716713
93.94554404975247 66.79387414682687
85.89407589017054 99.56130289566968
88.38677899672456 9.508358034373677
37.190283817302294 83.96226168298178
77.76945816198068 18.136794799501743
79.76311722306836 89.76957975416653
45.99070827955287 22.969836620641203
58.112138725103826 77.88966806050793
74.99714133281407 67.51492473050948
92.97782594927287 8.13479664148148
81.46665242062323 45.56732526324243
45.741378727234796 58.20204734013953
55.18463363104716 96.89189177091939
37.247524474131936 86.78261569369639
63.633645236007794 76.03933936209455
14.599136368503363 57.88646910891993
50.59586186437647 52.36888281592812
10.289300921624866 9.541228219671115
74.37660072975082 5.933820865780137
62.42404202462117 70.36116912930991
78.41883737377235 75.54109152734486
28.37621719872513 74.15264644139666
19.735528532199844 40.8086843585651
79.95591133917588 34.26670611927739
67.84405623980744 61.51697913590814
30.46722348721984 89.9776727868582
61.40650996385196 90.86149470903746
2.5678240319253365 98.14792280899405
11.983452203057476 43.891086838785256
0.8438087174482467 20.36258614563643
75.47202121984637 78.02526324307266
62.78173353814624 62.872365177017365
4.108803772045722 46.26863261950878
29.62895551648802 78.12851967564713
22.500522831878843 62.773552733832226
35.57597331860502 2.9463791381982407
39.18913295943152 64.2780998900178
87.87329247004403 46.032940665715095
62.30826057834559 11.687921953697767
17.57405203956083 25.269563630567895
71.92007764204484 46.28937636588712
29.674864248218825 73.39387811817735
87.84983691625317 64.85886811624803
52.37959494064781 31.69722143657153
35.38116354811748 23.917867143217165
49.89855622880156 45.521050837075684
24.864373614033187 73.70283796359614
90.03788301137793 20.524019552412266
41.73902924178259 72.32397630067555
45.32643222291155 48.83390838938848
94.16134787130576 98.65726247548676
71.38216664352971 32.94520206829653
95.09399198198581 14.247839307690313
41.0468009153586 69.99625946382741
80.67546363236022 25.733470238058274
42.60789784123412 27.711672084096463
94.75163775314735 69.3594195802538
40.4687758638473 94.61579760571509
