964
19.579890664279056 23.271751826229902
22.148782738036697 93.0333402195225
82.62510700033083 26.604246901358863
11.66379254629103 76.56834930110811
83.27144906409461 79.10210473360976
63.37266402901186 8.534825168683291
52.75878246222385 9.817792136788627
46.663585727775946 79.7441738696261
79.97818196387385 51.48329195693552
83.92497265388911 55.05921515648882
37.691255755323446 27.691272661740307
70.48161579256102 60.312319254367175
20.161642418975866 43.75513101976328
76.82863761717482 59.25112453301775
56.6305608027136 5.728783727369824
50.72331284639293 3.187494845093708
47.87008398325568 39.874552171238776
43.81691153445318 64.22047827905013
81.75836774130052 62.19897297689768
45.01858358762018 89.79278688410272
49.82041917424842 72.3236364801712
19.84655595481182 92.24751016368708
19.206684538805895 71.36990961139844
28.617243715567064 84.79970466850666
99.97732687147155 41.90985591545833
46.69229222149165 63.185879151991564
52.004525164554316 58.36460020815005
15.010673932797246 56.08124109506939
90.45603501442689 39.176907515922736
97.9972072250898 63.386759193154774
77.14885011554644 83.61605333647314
31.328907456950038 57.593222598342194
79.96738491246573 89.1544052031458
47.744382060686284 52.7180118155498
14.642055848399893 44.95632595128809
48.79332897966583 17.423753886321713
73.98615292906999 71.60302105102662
94.45580331568567 41.93561116930279
60.16600771421522 59.48879612461976
26.952109466489016 63.09852342920889
35.89734921449115 34.31982297276724
41.566774678935104 88.06274793992999
12.683385626005094 21.160298396806187
46.67366538971396 87.3343260581706
84.83508761219912 50.59599571639205
95.8833286056573 23.041616074712977
62.578997679305296 26.94256113080813
21.138477895185616 51.244336796470016
99.84728496150659 36.819355639528
37.60669423017736 54.40799236123115
13.639160228512138 44.81942459684949
91.14415827144491 99.4817141225138
42.0968789344241 76.42036744594859
4.320634660486045 38.63885041857307
17.779369736110027 27.783628099189627
40.44871393719709 66.50694431465756
31.558813254738517 12.11649608374814
40.959070273094454 33.22867378489624
8.604997222486055 87.24699365902458
9.246408154092778 42.52654183582081
31.41525451709145 66.49138121937374
84.5369759872011 20.765964072206977
26.60081227625669 74.30497153845482
79.98564184354397 5.451589200868656
32.872697010918 56.917553613760084
96.32174183993287 82.91317956047783
58.585869586076846 60.54008528842012
80.94523512932192 18.01566771662334
82.3336199413636 45.534789245523
64.00162226428392 79.2090612718998
88.85672797037991 47.888448321424114
15.423072579795816 87.74325185131754
69.39052492477965 25.134806525908704
62.34575732051895 42.20800775626924
35.74267592897461 7.947516673219823
57.18968851295294 17.44630953249724
79.07191088306756 53.000602675323336
49.96471288691505 98.51906998350115
7.964395074004271 83.88811290412679
75.87973903396987 12.67167649738915
27.22872681850559 4.300972239829049
57.37702169484571 72.98097443143442
4.662070376240168 27.660730059768213
79.18223306139038 1.066136263419759
26.484346188681187 11.417477927045262
73.90776834297344 73.8243638958664
71.2406131174585 94.43918441774075
18.279840301541384 93.32616398606241
91.55819083830286 9.643180656942418
41.20576234133141 70.18950318874889
70.61245945618843 37.255949615418906
69.89263649522923 47.6414366333454
90.41871938143356 76.94598763935507
64.49591072416652 22.7235713007112
19.126786934675444 45.05058816922344
92.23803596359525 87.19101973931345
80.47340272733044 56.36658126490063
67.58792487422315 78.59608119610533
31.53421363841322 20.63904448437658
64.5131956464872 17.193221377984912
59.58150648366083 45.84604413222231
75.96178168688671 39.789873458504324
68.18130766495958 88.1550260716413
60.168117413679354 69.45424991172881
6.327159449029907 92.72309793785494
68.37995357608719 63.571284976272715
40.505142678368564 48.72088492173782
78.13531365713838 29.420527869200274
76.87956483309097 21.079405472116697
38.65428000878366 14.791555133217171
81.3748900736298 7.02720388090845
30.085200811563173 39.53493347981125
73.00072393712641 75.42171532587756
10.717952595594538 72.32917789398223
45.93912409206013 94.94568710615597
76.01060448682539 98.77627071166901
51.32133168747005 9.252916822695179
95.5115753120506 42.50262518774568
90.6771428643111 73.0347355444754
96.46303544047932 81.77827815018557
68.65887791773349 43.26575340605555
26.26826819204391 7.1200719236546135
8.219768229683567 66.76157796906669
96.34993933294187 4.007537114833603
43.17976217937074 15.515551177215304
74.00652992389384 31.128514860802813
17.88746092209155 31.08119721747299
23.486903666284896 31.919913460800643
37.77087452431006 65.55917480656302
10.897197859647145 81.71975488511808
5.877897399849308 86.24991956525243
49.016040993148536 77.69492816271391
14.444112797145348 57.298972651566274
39.84051377969049 38.8731204766966
69.52661800892936 11.644346437347474
14.550414854417282 33.61065367947958
52.74750182487885 49.352492783406944
25.38832838119901 90.58797765597338
97.04825001337554 38.54874828211361
30.30602480447517 64.39426226520087
45.27396461404176 40.618394046263916
12.938419179053806 4.9736260516700215
88.03495390595896 78.20111451180397
85.41696959096366 73.06467348586676
55.407616944540514 25.465768072510976
67.29429537772121 67.5270848435584
2.9814934826839057 36.840474079956564
76.89002783928045 33.965995709729
3.0731629550015405 60.21454215219399
88.70170409552753 45.039318424236676
43.413467660029305 94.60298210477148
5.28698814689591 55.52396572864575
78.66139107020335 47.5916632537299
82.00596870398111 72.62093533913628
84.40103903478406 87.66481629054451
60.83342933043332 12.637502403975542
18.537149553231124 9.953205662274755
32.01520527631997 43.677803609089906
9.530182898629224 68.72830542910718
2.704367481382186 63.7812878209186
7.379621268951619 38.73664314036692
3.0557006763952677 81.95661000771804
31.25458502516961 26.37360747708787
70.74444215594741 3.9516555552141286
85.88168309662163 45.71555126522892
1.681926026246816 10.65892595833564
26.387694176987853 18.188027870053823
67.37597437010453 12.819378299037687
49.94335497546134 4.1933537678317645
71.4084487847014 14.09822188704939
6.599674818050005 96.07544923207118
49.58845306688545 72.13169742942654
50.2276105721984 46.750288780271035
20.55691533933488 65.22071807498506
80.8127642449182 54.222870199279996
41.232297557923815 82.82763971948161
35.84727264161414 88.84197897430846
9.707774522660861 17.133771145955812
32.29876055080938 62.929905426862085
28.488079532296563 39.43195593883404
92.44333816411519 89.6725188396441
49.28734345035826 84.92655911605598
88.70681654703436 20.39120670611867
10.689139165475826 83.55746073805975
90.60417322464379 20.289939034926675
36.826005408329664 40.15716767160383
78.44165024012298 11.446151421807116
6.1296983345556 28.34492677302264
3.8620832978382036 4.4017483550648056
5.035824324496829 7.045597171907458
3.6888677560885874 18.554872863089635
76.14701437793204 24.665093717438012
24.850347866867562 82.05769758093557
75.80760577981277 48.952824931632996
65.84034882930312 54.17651948207681
87.5811934202579 70.2234133336227
28.172122920240984 41.98872929725243
55.89387136036164 77.92834989002064
10.121387427376538 57.25412183598713
77.96021225786795 53.425402540455835
7.545129526664118 6.882437762376292
59.44243513571558 62.72397781168093
18.285005133224264 83.31370482483283
3.25026472340898 19.420013584512795
88.48417411844245 96.91619720134617
7.409321909010247 76.03333879596585
69.26478762661826 54.90239390087011
1.7037221327817598 93.20393690710902
74.95076948607084 9.570527207320145
26.478932078476667 16.790256562800266
65.56761160915113 33.64840935290005
88.72737301771008 93.53665351550153
51.01410171667068 83.75296212789927
32.014476588038356 25.10660822000198
78.05291937964076 18.4076941405515
70.31052420195563 81.58003411231427
0.07884143753263961 52.34041365920491
22.489051110645686 23.737800088986425
34.6430404313354 11.31371216196807
51.0908083530712 12.865605801478619
71.94087842267932 21.481754383551387
6.379831300989281 56.330437446627535
22.13529179090833 12.217469973259188
94.51800430843805 85.98149897501212
59.30967762420464 51.6323332486545
65.96815257637812 1.7153952869429556
96.8367085099364 45.302635874478945
78.7252651760763 29.766474468506686
87.98881509271726 49.28424551355661
72.50275084738568 57.52069211656241
30.794314086273623 2.972366793208403
9.528668135188523 87.94388423603013
54.127549521481235 89.12338603361461
30.799549656375945 69.84738417133661
94.26354712498627 0.4697719127154776
31.91001634445381 42.00211152572122
47.9469968950047 97.19003982593436
13.396641299240963 73.2521623935807
56.22439898728563 17.425161617706863
69.05867618339035 11.980911455905375
58.49460563006234 60.65520166545858
29.801377495774496 88.20239094754425
78.28526666619597 53.175118059152524
29.925229179285928 38.23944658147743
35.44206598079126 3.036456631584361
35.65514103356537 37.00443714050734
39.1529812997225 29.690361478354422
47.37396132720912 57.604506820601145
0.8387615146771332 15.306653437043494
53.8408637397809 24.950813615723234
80.17041789532026 2.4800461941247742
75.6337753402616 83.63993982183938
45.39956331541487 74.9277410135236
38.38277233114737 52.425718057486826
41.17263168989296 3.560365554278966
39.47508589649289 76.40452147537296
45.19390835916085 69.71516863795577
30.681034397557884 1.8286060878452193
16.35790737284406 10.67544206186758
96.04272531352251 63.19365378415047
96.88420163829267 68.19299177034007
90.57174607759846 51.76505881481259
2.4085626517444725 70.42445577136452
54.04514942977079 66.21435870735023
40.371569361928685 33.35432602767339
39.698285220948705 25.00770447540681
20.907885610613075 53.996516221344415
19.563095017260846 31.920940416740894
9.610742270625538 42.446684827261926
27.068368947388286 83.71623360248796
96.97071354901723 92.47693008432351
44.210627384611776 62.94846458594592
13.280552987797211 44.35354105793583
90.89820711376024 78.38750106612503
20.433082442612804 0.6777470621337822
30.08401662311244 19.23360849762348
82.6489969169034 12.858918825866606
24.395680503619634 96.96706673561539
45.50467571987179 83.45969987563602
61.04735575948674 97.61964912074362
15.816235037390381 82.73920282310489
72.09119198749092 99.96799450187328
91.2959477082657 42.920913001814945
72.76109677368349 92.65009213231855
24.893961030749878 1.9839562981868952
78.78421210910696 61.02941800949881
66.0402162932372 15.188819621608529
56.13359101405527 63.15970236104258
92.5765291737046 60.4437494784423
83.17033331014059 7.067813174906434
72.25610283605141 43.75626404002799
4.781763167494257 62.78109357862994
10.925312007484 35.42875461277261
81.94470837854894 93.76998177738672
52.80474952602483 42.05043281232709
44.372311472375834 15.605867771306304
51.12892688599475 7.032787209303271
85.77629773668333 54.70967973606011
75.05023697013824 54.757932398911876
13.94674893563268 73.25083620060158
57.71120405630605 19.601152078340643
39.3876909954531 8.57753210621982
20.576157407660556 22.75862491927204
49.925922477146564 1.8862759944007101
16.020960949788744 82.68464808611017
93.49477852067217 46.453135820542855
92.27129411627129 63.41989741795052
69.53542122892446 44.17160496460598
50.614344710655836 58.81370345364905
73.85020627565719 79.94127790048839
60.599580883479966 79.06085783429704
26.591095467804394 64.02956538606858
52.55823196987433 80.51300857718824
92.16440379910763 71.32518797883898
92.11052979391202 48.54037998832538
27.322443784857885 7.558689982728017
91.39362248301323 55.143844989134585
27.079452003467175 97.26411669869567
99.25873105717136 70.66071422777013
87.56901635998963 6.278393369746094
21.769670274018882 43.62530256759577
51.08618021978343 71.94245231463368
69.37772592634381 18.475366017680905
65.80745389784963 58.02826681624628
84.5889373118062 34.331749692952705
9.415792749331997 35.167218859240855
63.935876400516115 67.69177713289913
13.248005810663788 28.986557647655054
45.97269550783507 38.79380939951028
91.62823063203928 12.980880967156294
57.27409814233895 24.810334021021106
86.35569299313343 36.90743332248017
14.291410674203743 84.35933032707209
45.59900058485593 36.16107183244453
23.68009247314039 19.99878655639076
74.09399928821705 24.987972621086605
43.69012432825466 19.581430944269705
72.61024880696631 41.995953393896315
2.8488944143711503 25.741355961106983
99.55488532403297 75.02702044719737
73.66880434526128 83.27555502309883
22.32759403684942 1.8614123951058104
98.14948983444874 62.95602857808469
60.37762742420597 69.88100098328938
86.07072271252305 98.92331076117438
33.20620560991267 22.61980276375465
24.33616265687735 60.943888483079256
59.67525031887586 23.43641102354983
6.354719134262643 77.21116621583982
0.9414490593910418 24.936854490729978
35.32592161368713 48.09043596405766
39.404988293217635 51.8311418185572
50.89989608957502 57.658069027451255
28.355643793455165 13.530312203495887
57.62649973569229 39.16125330582398
5.602176373872236 16.331973191649784
47.190197152749555 12.15978446061734
16.569893151858615 52.873309797428405
10.439601777104702 17.8046993154395
9.748708567283614 70.11924243519975
82.22219415119787 36.119900500009706
37.08139400586043 10.421127387185658
20.15785655264698 40.5133345992747
71.81728341243772 67.43666190808247
37.6852322648531 37.82631785346198
79.48575111546128 85.4938836200342
26.369937533807374 45.2626504282055
87.0603186089949 14.39805374917561
83.16895020246096 9.028350339230062
93.93320431898175 34.921345762850486
62.37618418090253 41.42911104234132
17.924477129640202 74.51279545299168
15.230491934326107 14.63190555958458
43.618983544089716 99.1761287124603
8.829803741665765 23.167307345011668
18.48478873775997 57.54054250241186
70.41796075948466 58.33939152084433
14.529694810565886 62.9877495871455
39.95055902718717 99.4594888858649
44.28051039241866 2.2700994276367514
61.08934706102052 59.09608518857177
34.436329362304996 65.79527918611487
8.703026576071327 44.229780603494575
20.315416193713098 3.979352020243554
0.26294620255902235 19.645782423224023
86.10223632801156 8.638840482043452
7.832353225075838 14.314287641503897
63.581351001557586 38.484018648386844
16.763278101759095 85.49127806990954
94.9249534789269 11.28480862838186
61.27187977270461 52.79721202953704
15.124523824647317 34.263013277770135
12.5598882548271 69.36074210946774
7.475411853433533 77.75458578857805
80.40211566960375 37.46754714558818
96.51702139665367 98.37844213405582
37.93146672665843 12.86255006125665
95.90305579403122 62.02615328909089
78.15051830250059 66.26115524390332
63.42722131534394 33.98067872854122
66.53844516324288 41.13689261275891
48.47856286088016 79.51144142508664
32.57986466229171 95.82971633035523
75.74654131097725 26.705643062294026
24.199320149892344 15.971432970376842
55.54690370984435 60.99930228809265
63.22423882803153 28.340458565194957
44.24026899906087 72.93630920501369
32.421771388761336 20.46968590320184
99.1290035698038 3.943836626032793
23.389230679316142 64.04611308106895
39.08396808721908 55.346992266379424
72.3104276152498 16.57013968051867
28.260643574070667 97.94013380673832
66.86314282629162 93.06644835865097
92.55764454119631 8.954228770908301
11.947749712706212 74.5927504689759
58.02163627196506 91.57875499948481
61.73256464261176 69.9792529887039
52.05833503226414 15.944520864207467
14.510499430674862 59.71895014169194
5.448797397189331 36.73831434974634
75.85974449819982 1.991920591485974
36.25757396274815 60.817318714430805
84.76577934154562 26.63595293584158
52.96910454436497 41.17411937203656
35.5553558063357 92.02813169202034
27.696262952857364 84.17580777431297
13.761574473434868 71.2443094279709
87.49453035775554 82.55755078440822
75.25793250724459 74.10267481673259
23.76631967037275 94.32401868024614
71.58181372078988 86.89024107704203
23.79269975297723 78.23854293333197
25.049079500317482 17.335920683950047
20.927198973852246 89.67121829076021
16.58021914118317 23.46018134242739
5.363115503393601 46.84479119616549
67.52247053803333 93.42630988658341
19.50754734834188 91.16807590812178
90.95041715781319 52.54231482613203
5.60802273114509 67.68052449703423
59.74572193461775 39.29457799887306
9.163095562253243 81.98534454647375
9.630013178614583 19.220135874342837
10.667487544647269 4.100757347012507
79.88535500349602 8.59710183965986
69.70048758813209 44.400411832563094
33.205979153854706 85.50820246232124
12.163428803885722 46.935636530206025
35.90917020294145 0.8272772562186503
33.94506982563541 58.62328464239146
4.991016056246 84.48113136208633
78.18878018478075 24.231507583211563
92.26884345383539 67.9284520846714
70.00110053236881 37.22519842215277
62.4824535140984 66.02090237882696
56.01054417247822 84.46068976828647
28.35071132842283 75.3422307624278
10.84470067654083 53.819698758760325
19.169326150224652 98.08757064348174
80.91940514266773 26.058461723189286
52.48311289984255 73.04671320437865
40.05068399264214 38.453396188125424
8.006600843739298 89.21472828454175
84.20217600072066 27.074374658396273
75.39231893871371 34.954992124257934
79.41638163806158 10.070115968212413
6.84335528594181 10.486193553166723
92.07854633211564 54.843602077781114
84.8484915683328 19.66428149123054
64.12194942823166 87.04572667475232
84.83850114011446 79.71868322714279
68.25040542499445 78.14853942132845
24.447761597349636 47.44486264422923
26.993177487733334 38.80003443165211
22.446101600193515 55.97253639392071
37.168782146359966 42.398680677736735
76.91694899054433 22.615480714790337
74.37859545657379 38.84373485334213
46.082751943876666 93.36247581843273
83.51784499350595 91.8224902641058
59.46996835961285 41.43555700607524
45.420584637174755 48.25504428906746
69.6496491570554 10.447200809883883
9.76347482909209 55.82696172736756
90.23199206204649 67.90682556058026
67.29762256567464 87.78914051407844
33.203378761447155 3.8996228210795847
89.87986850730775 33.499467623493764
94.35575948041088 82.36533012820621
69.641814267118 85.37251029634704
34.05925308162191 76.12606773154815
60.43480183595522 60.68753601776235
67.97491089460884 50.43002707337967
82.50014771038762 19.374975792069947
76.51567436264146 8.959130515861634
87.75827031140528 20.952965139890654
55.741696016894814 52.815857592831364
43.88397929011089 66.84100687069026
87.10033566478698 86.11546176045505
26.864474687605423 15.173741869112845
16.185626500392814 92.3800802074459
47.8416213993809 63.07194346335901
92.37775668481957 37.37119591100593
7.786516983355895 63.36557979054761
43.46535665224658 79.64852990704652
17.635329982901503 4.388884826558237
67.11496675631004 84.88592977343136
87.81527363198143 94.13985770550204
52.98382010841702 25.169300312530517
2.027838486870104 5.369132784758069
33.13602562169009 73.98515875634027
41.006303482015795 21.130141198455597
38.25938227181782 83.79065061800524
71.7007249804488 54.792799668359336
99.24742888383298 39.17932285046227
0.95717255330805 16.907916513279673
69.21557621471014 93.81870353802229
68.58729561997609 38.88317291721515
49.70843992841096 65.85718460294088
91.41840329337954 25.210545072379777
17.261837277295456 51.131429065125964
63.80132451468625 29.597438744870352
96.66298179274897 16.059923821922396
63.96485055827969 19.59015287906275
97.10843126011616 8.543180167687147
61.41066241863331 28.195558936636555
55.72922270510312 76.10562222479463
27.731069783289097 43.754955178710674
26.67361321842324 87.34734938766994
66.67132395191489 35.97891605731252
38.71069885797848 18.60087884902928
20.470905528861728 28.67231639721729
4.066442580489538 90.88478736990379
78.67700185783505 92.72675124247847
14.404087895067864 19.083014518062747
60.67797383740262 92.523931194713
45.32680192842948 15.602856930570274
99.62707577807578 32.04812520431859
13.805860499560152 95.44247592804221
33.23154877732847 97.96169208367867
79.73103718619278 69.25065584910179
79.37295123690828 85.30169945724161
42.35601038391883 33.065463814840655
97.74840742992363 72.3441400988942
73.1407291470756 4.546693205142416
96.787809048616 50.66450247969082
88.91715994221818 34.66795215829176
47.90416471063031 99.50103372241117
56.355708284283025 4.895824858789355
98.72266174640029 68.23852621185958
1.061289897845863 0.21988282129902226
16.681032717394572 28.166448274981104
95.51279291411736 18.106664053340737
33.51725112660821 15.903225204525551
88.45606759276873 56.63296654033074
28.260465243954958 78.24754672093547
23.893655745397158 39.265764925935656
81.664133072297 24.075280360824593
59.439149955803174 31.547333402255806
91.81534559526617 4.045244669089043
2.2916566329138965 38.12051113309949
47.47989721783495 9.509491501903767
46.506622837534294 92.30801292251492
39.59328271201855 86.74579978464595
65.2683836257007 85.39199836628211
34.21021505700638 78.8582262547543
71.60321174493333 21.932668511238628
31.972049648159818 15.462430898923984
3.9567652816817067 27.70578661093056
27.145593036691906 55.48827085957463
92.40526788603582 4.228925495413261
13.219174301507907 4.416708070926168
23.15691081477992 35.55013988648798
12.283954219235582 58.90103982036009
64.90016951700377 74.56324904968498
26.98751645961207 46.78720335761872
91.23573595833278 5.090324719134487
51.38125098797198 13.588264253955252
94.47602140090787 72.77360133132554
81.16860238347972 77.85738431399318
46.22821743799581 73.73983936699305
8.994812813049723 6.721984493080546
0.4932932610958063 64.575409581162
1.2224619176326224 32.34394887653293
43.43656512437587 24.021553309341215
33.66077024456009 7.670896801646354
35.80993885859415 83.66533030037463
10.837371747495917 80.04996821160614
98.14864759367296 36.48697192723228
35.39374462115858 23.885927348539006
10.893472718657426 76.17789092749564
89.96064073696924 82.57115492080712
16.1095451518957 30.718775665832577
12.787485112958418 41.7052529667155
19.254247608634756 60.331620342492506
24.906877749170974 76.2078426760716
1.3078695752775982 61.1207123347336
7.631247014919051 52.58880801524557
91.88153780379676 38.031323086574496
48.30549477848489 43.21719339024022
48.697226502896264 81.82465221994178
28.386266003125648 5.5580886307726285
89.9761536441882 92.6188175689912
22.251699333144316 99.04042120660445
22.463718161600244 82.79454436332762
31.732566997026936 34.863839401255916
19.069658124711243 67.28949757643473
47.5237052477664 89.84667903273156
79.96804139269102 21.126914480327976
36.0844165533277 80.503145768806
81.08843344295565 74.99375271105377
95.75571310264438 38.45261685417165
56.88168798403394 9.432061320120477
37.41992189076389 80.0573047206217
23.036272146545233 4.075020967209775
99.29338537271084 18.374627972727087
94.15550560029267 24.917358714289694
97.78834688169813 6.111997445333417
47.86275622523054 87.76106444338922
95.80373904369914 77.80692225433641
72.56943138576653 29.527472386643304
90.89384782008896 62.76174321889604
24.070931135461326 42.36082116324668
57.470243720774036 22.405091288751677
87.84403341675291 15.058443578772064
84.92710094614617 48.07601055566888
72.50330981674884 45.23354621609401
76.77744863786225 40.61769896078719
65.67402506746588 66.73770431004662
73.11068844507524 69.10052199593333
96.72479846636328 47.015384996792676
87.36666332661552 71.14716849852019
33.765152025271206 95.21525128691559
53.083177420913096 0.787333615119501
48.23291610196569 17.988597851103282
44.0718153337104 27.642737027874364
48.998681600040314 26.891284507659996
69.05786070114192 66.23014527639074
82.7737490900794 10.99455465375032
0.9448838217351208 74.33460131842682
74.88122138325657 92.62716359638388
11.010810426830409 22.572856537117747
21.590009351188712 9.004531858241249
15.820121605276082 12.33721651632922
4.298566575042717 75.51710939658342
39.51680703311445 19.38643007793759
94.38819834947509 70.71407536169485
7.77399286539845 24.46755264759708
89.30392904063837 48.982625073941875
62.00046458461954 33.87250254987134
62.96617198084793 65.84803923822248
87.62062088208712 14.072881041342733
27.059537732106588 89.28605484017349
49.169711584937026 71.01297957636726
37.471763026222874 90.38972781449071
34.68470046662054 44.009546858392476
37.71558396979366 21.505173187171156
8.591221269205274 94.24583990565495
39.67436668506403 79.24027804643043
37.659025609637645 31.048300192296995
52.769290110094715 91.92027371908964
81.23424429042049 22.305058331441774
43.9445009008695 72.77972466115209
63.567515648004814 87.98827039411971
18.865422313533852 55.740711394034946
24.908645224557734 71.57007748244199
25.492683243384185 7.454447607106129
8.558456547837245 63.32619397840222
69.10007503399225 61.12184702252378
43.46492525678005 64.8220403286834
14.311621697699051 43.350134456993864
86.53784315894887 30.83661660945576
92.01026220666365 7.783383190986493
74.72181304282708 75.46333857605298
48.81216017431116 40.62004474951022
1.763355664815358 23.219215291643337
44.191368778876296 61.54688129967598
48.119350158750926 33.56977417125009
21.735780489337998 66.29551001624905
45.39662464126037 86.65027138893666
29.394468014448062 50.85202520478559
30.894278695324072 94.74437323725519
68.5561926941723 52.80460547187303
80.30858463114004 63.55215569166979
2.3339262696025598 57.87116748750522
5.815758653180558 74.83965882763744
63.31945696564746 36.978130009297146
87.79161346858108 2.4874402243911464
29.098158162238917 31.040426072441107
87.56362124887683 63.18696017411639
10.666191440747907 22.894093394054526
79.63974996979282 96.8570642836116
72.34911227597807 16.003722887569772
96.99050291863365 82.65477036747266
48.083897928036436 92.2223664416537
9.263897093754581 50.785051271223644
75.49803178699042 48.64320528106026
7.886632592039932 54.44583693836085
67.96349522688625 2.585124883505241
87.28815037390358 19.228613487203404
20.37470947894112 72.31603320481585
49.96964727414368 83.36101381676596
75.55724486689526 18.849839364014187
48.83485230536183 57.01337024341584
68.77306885947198 69.47670585908527
74.03454492904892 52.57460555593998
84.05725669634221 66.77477416446133
78.91215402089419 76.91065178486592
75.18658690190017 61.51071603015371
13.713626431869908 7.38695650439759
24.95214331502391 74.71449045967032
74.11979924864083 43.11252705582566
48.02970917071345 64.3478425875045
37.132640283474785 25.89529043720563
85.47646837708403 43.7777170208967
12.398419973908393 43.594469477732765
96.25115111804905 90.42918325183045
23.561060804077762 34.53366708574478
83.71501265995579 42.321060058988216
1.1550293297843073 34.10636626623085
64.6172411193829 33.90983840807191
34.99844083665283 44.56785615609502
59.81229330018704 27.194118688556678
3.723336793993559 83.00181243472431
0.33817272537887133 28.535758160852087
88.65987298479882 86.86938913732183
47.64505399684722 54.40021524646485
91.37476258095279 2.995707709355022
85.53330584759826 34.41159157629118
19.596818641059876 12.582879349431064
32.95519888501427 6.464028516882713
91.91065554310389 8.474759510142905
73.41973134668298 99.49156885429065
66.0642316872072 28.43038103275464
77.74147528652101 97.296177373203
6.437829970628006 89.41750072924371
88.71930982412923 51.886978604052594
93.34222848704357 48.99816281913062
34.03099972353733 19.807688971025918
4.27701625991036 64.7011613875426
17.54214217609029 69.76518688728882
68.58908901617752 78.34674641979585
25.148921145758262 60.2873217248168
0.1149678660159803 36.43170072313894
26.1509365021116 93.91744070843428
10.01138841001491 43.76227224170592
80.42471736806223 77.65268449432486
86.49343035918531 22.034230861992643
74.25243212678895 30.025686278680595
91.71711259842876 14.553159146083573
93.08413190580231 23.364475726188218
9.856616082365488 21.1563928733954
52.539206269349236 44.48647872344233
36.1346650779255 67.8671202981047
87.8001374687547 5.956744801000857
92.14005297508645 1.3689003342472472
83.35895437704953 37.36722991794521
24.80559096005819 57.51736759557091
66.94757180755263 78.5515037048055
93.60394761706627 9.990399832969832
37.152266868404794 36.89996679913358
31.732294984407893 63.470179859753394
6.968651121342351 43.43883155091356
37.04824098942135 28.036411260816564
69.18845111040852 68.97848536165306
17.084040744608497 83.22746753038626
37.50134580449105 91.05717361404946
87.74543891832856 8.198199892471036
50.85193743894683 40.56120988913376
39.41579669698905 79.35572741412406
30.76706928974633 83.2793299383793
70.90548563584346 51.53976410641388
79.16719175090105 77.635425129138
93.78823600707673 81.87100346799573
10.997830865106295 41.442479954479985
33.41268333202295 47.972363809122406
79.377263905439 69.8208516060494
35.36139199334908 66.79478541051884
44.19229907666393 11.471632809693034
79.45590394610076 73.4687919515161
4.535840868782836 24.964077917853977
93.55641274490168 37.851192399828314
2.3160936335440807 72.09813439063215
1.0240571677393229 77.95510638506894
69.41725254614575 71.9286836507213
40.364702721652314 34.8494187266251
58.10900095746578 34.319521443101486
38.02890569826008 32.17933026644213
18.24811117009222 95.15060582073012
62.35577529181332 26.736340433909678
75.63830440733818 90.72696566136507
58.59806525647705 77.59802124082483
45.83254117225577 76.43534784659958
94.4616179921214 8.675896324421705
38.057562106126376 40.657640807461924
61.4518565735517 69.44185655669047
5.6296187078896605 48.84788947719302
45.366992592071945 42.93862524982281
9.959752088937023 50.25896852843292
38.793706458596965 51.421600111852094
63.609303804381724 18.9993266512256
88.36554026752972 47.98511689608117
5.161380863893661 50.901503235081805
31.193933028300037 43.90294210356204
64.22541907572106 9.26824449993907
22.991165695457195 88.03849083197291
35.64375772804086 86.30674749979524
91.72798705130056 96.05121346465351
13.050028938070668 57.63040112110136
57.75000006739693 63.102204302129216
16.511015723885837 93.02230804825678
81.18597447622554 41.126508707000674
85.82803589834913 59.68317164800949
89.84906139002463 51.499184027313504
58.728239336540234 92.45576225158855
41.17242053227771 40.274588745014384
43.90737517127275 95.27944067610527
29.446751181060947 85.60336150252589
73.75405867778433 80.31642414578488
79.47864515398095 52.587901401372896
0.5989104415339175 60.323149284731514
87.91245976291135 40.84229681995185
1.2676095875064242 71.10331324406498
24.317871547005975 36.01348539296787
36.34430488217715 95.35954230520389
5.608749275302571 53.338331697343314
78.79408880439294 16.80906022072183
86.87895152206403 99.17467231961767
62.15601452531446 8.82561056551
95.11139931072879 21.676872156919657
39.74665734445018 54.79951944267336
4.01002029279236 65.18140088695158
15.2935768493493 23.902176222684012
37.90682515160878 61.966830641886105
27.22924221692211 7.860274148089619
0.9838393990971417 80.57045584764214
13.36993855494837 65.77776037139267
98.14464723715926 11.733243257015536
96.33548724080487 20.45477158129444
90.7057288969872 86.2067280181601
32.06938719296368 29.67119403604842
10.145719665120257 5.631068096338298
75.12905879485014 3.4203527517000287
4.302843755662378 0.6238959279422307
8.298999805337736 32.790890070288114
36.21070674451962 39.64540311168086
85.2658970016071 93.24597359062648
26.769510002242157 87.79208130004396
64.93811595448786 89.27551664709203
46.50198638383639 71.20917891429413
84.85866474334664 55.660966884502905
27.168568136596082 9.867457702368432
65.81242750937618 92.36400037502833
33.1152671659831 87.51265715730365
57.41566078054786 6.526410067513877
96.41498505252156 31.875548383531015
27.50236429123255 71.07017414875703
72.8539780678465 45.4290800912789
31.553508256890016 29.482824487093406
39.09819834416272 42.33902995867824
75.057347082003 58.11829807370732
12.249219688550905 86.46340744159708
87.05230859582991 44.831105599216095
78.34964043514194 83.55293291023295
75.92330821301069 96.68983784998902
6.428710307176278 79.05801071774451
31.317903718311115 62.9795063160446
58.948107774117375 6.763823239298117
82.75175188507956 75.12500987664747
25.43784012828365 52.151562552376994
65.07217078863884 64.71882950501876
27.955612043654966 18.313360784149925
42.936820108153604 32.23446570390275
94.69362633404931 15.01980507878412
14.095209674291919 56.17836814158535
12.93925047165877 22.986474312214877
29.784734992743868 50.89809194590818
58.45323187821654 84.23945373368421
74.50346013993985 73.86149890800738
3.0572563174647516 64.71420141875018
63.2334230420023 61.21448082882962
19.072676369732854 15.027373155177026
42.09208130347947 75.97073609446562
30.668435583060727 3.4425110860406893
40.82568516252253 90.04900707065111
4.511889602511021 42.703740138000455
3.362209850879172 52.14839041405561
32.338072535504445 41.64409387878742
47.87684929633651 22.44458777340663
22.403924136772535 88.81580969184456
92.37430737151621 49.42524232432606
49.78892390800068 99.03746536867088
63.21405287489416 42.628401513829
99.0223609034698 20.722645064507937
79.39280121013577 53.526528828557964
68.5347240782864 94.18752382487254
12.526974296131066 12.543874057821247
80.42818934420649 59.067952851241635
31.52371352845973 7.991235302074406
9.294254992044927 69.99722523573546
26.07187286918915 95.39382838014846
37.22404872406501 33.99556775244965
31.58594044684232 15.668796271643359
55.96452773723174 5.3819338029964525
17.740422490693586 70.88334025034044
77.66507076441812 13.922642849783273
58.696506920881085 84.46488207097728
72.22413538657368 98.66313019869601
53.897912319021216 71.49776198009617
56.30271439560981 12.60854070762858
36.943689318123305 38.748464210867695
30.414843831535244 43.472606822675964
86.65202222737344 19.45467858624529
72.296642653998 10.824415506795216
86.25089413379735 99.6552791895128
16.79840181708816 43.52416809240223
27.90214507644948 44.55540912411847
90.80354088702248 16.800647868300288
94.25630103967102 11.30163006497118
37.81883236495551 68.54206957929202
26.70016635329112 17.664323710719675
64.17296837997296 12.849268860609142
96.1292480235437 80.20516373264398
7.059969013239997 19.081123570659642
21.933297820843556 49.16916751772238
72.4298402308252 8.772150831747139
14.09293688020583 8.486556386156675
69.44795907509132 57.186303765186786
90.24069223374688 87.60348818333779
94.75408029289942 56.969642364532945
95.69635521109461 50.6419164791703
21.77397373679819 18.591871109206725
59.89744926869174 71.26503153780457
12.022110824026822 90.68785282013008
68.86372140257525 7.526102868868145
62.49023550130312 55.39641780742799
12.076967493125201 77.34246552092979
80.33629709716111 26.389997398680375
72.88630515054291 83.3177955803753
48.52746871194864 32.117084644431046
2.109908859430354 53.80828587236917
60.5777194096986 65.16795307842685
54.331304619413324 74.61639673966414
15.587487743457872 99.11422549681133
63.24271480764118 93.082902589014
15.92383607014024 36.191759449777415
45.21301614560138 41.67324960077337
97.62822195401564 24.401649753072597
26.360325016227925 13.358590888294298
92.77078229146267 73.00154612480944
27.089995041164972 18.627457405613946
60.054727205390265 45.21683080011327
32.925732441286414 40.997362338360865
48.87901823771279 48.92075586357551
56.61529330219038 16.764775666341137
45.063701139178505 33.97740377963221
56.21529144682324 95.22512604575557
96.69431886348387 88.09728748874502
39.08242477478643 77.20923908121323
65.53983716653204 83.27384265518774
76.9869541084847 22.742160145575742
13.796882926133936 7.833968540012226
