992
58.982749992538864 82.4799583068303
94.47899558346708 41.229704013652245
57.61721676462709 90.79891106120294
35.10800273977611 54.19766769963882
59.06763885205242 50.25715784468375
15.589193469523844 81.6684970205916
2.4990435118307452 82.29659699771523
15.03897717732874 37.52391251158003
53.19507092376973 7.858062546633193
29.80086647290715 25.461480915461177
47.50765320947066 23.095560642375922
31.75745838879519 97.08245456625193
91.0318217982803 71.01902506838809
37.374735320402266 37.17752892595375
86.83413059876086 14.976036929180381
27.04860883487288 3.4265704705484623
90.34673311394828 6.83929531189219
9.051771712723921 30.79766330285044
68.28309887106583 84.04233079249518
7.709455066512028 14.077005899941785
9.728524542216743 70.3811962977157
19.077958658995207 52.55012723622235
38.80139000123985 78.82188362213087
97.01146701698798 82.45463349774296
23.152305619598067 7.015860932699846
54.208636091624726 21.075407020264038
2.336636270187742 18.26089369286065
18.900356775959416 18.37236108445812
85.49029220721643 84.90175516645742
68.15273828208109 90.72479997013193
15.706103546317296 39.78648480810254
77.386712252474 72.88686669174896
0.2855740921112515 17.111021650212678
11.321129753565828 36.6027692527258
71.99226400211876 63.15850821809011
36.97100067773613 25.223629177167638
8.441164318513671 7.08931061657273
32.583889965851434 30.887948975821587
71.69615702196323 41.93789979732272
83.17532820070032 50.29057462589404
59.90356388739154 48.48192517629154
25.474207181491003 61.60949587463822
50.191936526269 37.288373510501536
80.34048148987382 29.962921797274845
37.916279207139404 8.67261273616624
5.96210861647033 3.620375322237246
3.3661433329456147 65.97914364935093
37.366729476170725 30.568159192718227
40.12900790976932 95.87011367683556
47.74206205707654 90.31370979288324
68.5402352388184 13.938701327823422
34.72231522232061 95.02181180172202
52.51016586088804 69.80747591196929
88.84889439121393 23.712750455694763
46.33134542238081 72.94928630006892
74.97070646099381 51.0929976814411
64.82290379347906 79.33068844093512
3.189684778646551 31.110788885208997
90.94891435474386 77.49139885271829
94.89208602912271 18.328303935110057
88.07419448785437 21.99098973257846
72.50425542894409 62.188586431886414
56.89620641774137 50.65125550460721
48.7224469779672 39.34767175606495
93.70850388735609 12.087539293495109
37.72958164551247 54.59905592589421
10.119255082418121 64.90421100767269
81.92733193138567 12.188739447640762
97.2956144500224 27.02103393805093
60.96001994460962 60.49788966251748
79.3301376559094 0.4262368923522386
7.596465115034667 4.2516200993159226
3.2190402314724476 71.77696690280743
14.987147777394483 83.06367968212297
28.205077764915732 19.045378486927113
24.339054616067067 97.4733070804549
64.0772310911246 27.729968516325098
16.99215541454987 6.378091892950599
91.20688782864931 79.87224406629174
30.759974584840123 12.13035412207708
90.49597237304708 8.489971748273462
20.39286386736282 50.6307654065277
10.454810824011462 40.74773786608724
21.040864930992953 17.128480759004628
42.77963774386061 85.28066684064136
24.347928311612478 0.660098360449124
77.76417416169504 37.368970684618105
40.032399214574134 53.53846064549038
5.13007094240312 94.1927605007518
14.385075681858995 56.95231646985203
29.718966752530342 96.20656358436423
18.81030702770562 13.856977402812632
32.64782376694413 65.56969546375568
91.67532226539478 99.97487084191167
33.309696725340444 95.68630802996248
43.372230903425354 13.823446161907304
2.564959073588724 42.87225752061421
82.76708249592932 57.44791102792482
0.6200005824005816 90.79523062254225
48.308455999785906 65.326749999519
97.35940116220645 21.932043300381288
80.78757626107462 62.72837194554322
36.815854819462714 24.24304417529485
51.036895482007424 58.04989576043267
6.844197139640363 10.62672278938398
54.51427514840474 85.959426595162
64.68829975527622 79.8097992286911
97.33684026356109 18.978707512926864
64.34830443048563 73.40075643114673
98.23733875210252 19.584643039178516
74.70096640969444 11.958792806891406
4.95670333760766 47.8108796019653
98.30191500997672 37.51783130091118
77.92833707141517 54.25773160940803
30.54204159603057 46.940165889981344
73.04472110105831 49.06068298177387
74.21478117261799 6.62431395310109
41.82353229002863 15.759834686134944
85.31009492889605 87.82999301569996
21.074832716210768 29.29804033546818
88.41923104920261 29.69616789512407
87.82957486971804 79.97605839716138
94.62791702183398 97.94606826120985
99.56961288896495 13.474509271360514
46.81843163897985 67.80838510817514
61.432259523119534 31.687406444833943
66.72571982577631 11.665795662340306
65.79663916104089 78.70363819168918
83.66564276349659 98.35765935650927
51.359084952312884 91.88361074925878
64.36424681834224 23.846508767654264
85.1981134316819 94.43844419887161
89.95444426916112 70.44663595642196
18.756689559036843 1.6489240253076631
87.71324982565028 17.70701461963604
76.3105685542937 11.84394334734452
90.72566745336078 71.69733546364002
53.47712701897252 35.17759064996601
88.72831184304981 46.24596627674956
25.873914000339926 82.9175646336625
6.541035046326094 54.12106081155959
27.42226946036729 36.47651646175564
87.93128564606221 97.41908775320734
46.065195657885596 90.79249741351593
34.66006401591891 37.45798673413508
61.49595097378454 9.33109530199282
83.29378469886628 11.116865654183384
48.16942223371205 2.629389099241175
39.71356397563349 53.895275968478195
13.499643417168771 41.509612222293455
57.63267441722759 92.77632157590774
22.238786898026685 87.27191077740697
65.78157839597577 84.86777820079358
29.052366515688156 73.95629718741128
66.3294036479691 96.2754521243347
60.58067839064783 35.26968577943097
49.30898192957671 57.18921788398858
34.122838194852335 5.235568026117122
84.93322822178094 74.00812385543522
93.1128522518037 29.24495762989826
21.349868809925752 27.68858672864868
33.8922313600653 27.5035316258434
4.144967016713763 18.507914970905237
17.061990528141212 51.32896113207042
95.53711896141422 33.16250933618679
86.96268460361804 8.292493796627632
67.97962610577567 94.64510651134597
26.278671386376352 63.831925136249055
82.96994172275038 90.12651477667671
87.16804518190094 64.65953360885582
30.420509306742282 21.659252264870034
34.58500075206409 69.21359539978963
83.40554805067795 71.927079497587
82.18395814714341 48.820569214025035
5.206898052080078 58.37330917243532
46.192401762705494 21.58184008664984
91.96209380988587 45.79831417022656
3.7509915134424032 20.902048501514457
20.529924726727522 35.606821719906065
80.97670312389702 17.261984302449562
76.65452839500321 7.631890256703677
56.68108836000884 56.90183908035461
27.676569949844154 6.218784370746211
21.84478892707389 74.0581922638645
48.194110668331 70.2482973576606
91.32262541343485 81.85037578175408
51.30659374510341 44.266256173555995
54.382847937030576 39.16549904041224
94.31493940776986 5.363154264743875
80.03995353877812 31.769476958669728
55.334328284552626 66.50620830487097
77.69275386980325 26.833772966671386
17.974863852191547 83.81012265876497
30.54961702503117 30.853068212235215
57.436319995881725 37.50317054260063
56.60291644370371 50.86733459422243
53.44003914814708 82.25079368623949
13.83042297463315 37.51357960886546
61.265781088265534 9.987477202800143
81.82439002288963 56.686333481056884
8.7742384472417 73.7446223454364
20.80300427834144 31.466841118398236
43.958104183017745 25.668614495482444
14.801465406757563 60.15881294018172
43.49274119111614 76.35854789318391
50.035697341669206 19.692505147330287
16.73648371954487 69.09996692759555
26.51002491956782 87.99140811921873
95.04283720174705 93.70315277871542
28.114808592623074 90.8896591816745
99.96777604903167 14.86024712791194
3.709467666500521 98.05517253953045
84.99771953099257 38.65783332787266
65.11289453814435 26.173950870738917
17.92617139971473 32.98523745529588
35.06247800257746 36.5309198548771
9.418749986351727 34.34056362105596
95.9106095542569 87.95388644600405
84.23094900644982 0.9570292253519352
44.56504089819152 95.69345811570818
66.93746562210322 71.76016236940765
7.582252210080287 54.114780226685745
54.37870159150248 16.73975533608736
68.73161781762165 42.334180771222464
56.622479635009995 94.47228434310134
85.46644948351329 32.761379943352665
51.42235946902981 86.46301048481804
40.82950394854306 38.10024002510662
1.5042601715701043 97.5253190748171
80.44208353801528 15.831560865214678
12.15189453930644 79.31325797849424
57.245066934831954 52.992723822381784
52.31479135270507 71.46337965879631
96.73694409857923 71.13787779688145
88.4989595420108 64.06887053910624
96.30573117427349 35.31151026862943
76.46714779731019 84.23180436635148
52.273086582749265 56.44743455995397
1.5360341797722388 63.3222202548806
94.08600890961998 74.66448568946686
96.3482862923994 68.45890179756042
20.12633216419857 8.266887764364883
91.96004165166 99.3827099706195
47.840549465540214 89.30920754050156
22.046990473441795 70.28704104608762
85.25076441240432 24.94680979898789
49.33135808989795 38.15818992922737
40.96215850548314 68.16065332427411
27.995666158701216 21.061771329889144
59.09143925574254 28.17646615611701
47.01570591360945 30.330486704392744
58.15709662931411 8.721040691447756
12.638461021370361 10.646217550204772
16.77406936118372 2.1463678425536314
76.6826870272977 49.10473610420543
39.970803823724225 91.36255638194815
23.67338265845831 54.60144281269691
68.09284678287783 73.4638499441152
81.2706566364093 7.660822507076615
73.56092674269121 93.88759860160431
25.668417028387747 38.33868789187215
48.0830088457338 37.222924414365174
4.122340804552449 1.3530683625128437
2.9762106544622413 68.51755244452403
52.98902804925757 9.231979923808408
25.884220928897207 74.71136908675608
74.85037365255943 23.40721647226941
90.92659363784178 64.8801656460406
27.034861934291754 16.127264525985872
95.35157671592512 29.808706799858285
73.24067769193749 30.568931374605835
58.574878971734854 79.8027666865043
47.52930292497505 20.851662663746275
38.72810717552857 20.282002997119896
26.576868021063348 98.05390185915667
49.18429899860078 35.4273520420134
92.92240215522843 11.295368291981745
67.53119472328297 43.91133979079878
89.79536231282518 80.62874589704359
12.879593120426257 60.63241329560077
32.25721445200569 61.05366517139794
22.760458450783773 68.3014207956614
6.703739619977811 11.793718931098807
43.89378785410316 45.89030067582366
26.05696602792723 27.97588548600509
40.641727332330376 47.09372564994767
96.10125026609686 74.68735296086962
53.34111756346188 94.8382452921871
68.71601960925892 1.53069276031087
67.18283196294598 21.544828053573685
11.69740183527499 79.78664337138197
23.993404064468272 87.00426880400985
67.9462225498744 80.94587339241613
56.59044104298647 25.45179972353263
60.827075626862246 94.46410683425445
14.035736953915368 60.802189064541956
46.347666975523495 53.53543744498053
81.96751173337884 73.48132859292397
70.15514551772557 99.6273094209601
52.966305192648555 32.855427649908776
63.27259564486239 70.59397104853844
98.8871949686729 87.6017101462718
41.84056116392365 19.139627811350458
18.025511937180948 9.196155370298076
37.259626234576004 8.745180455612667
63.36148836013923 61.67839954549807
2.613247745246794 74.35552270955684
71.90643929539262 71.6837178549189
52.606705406945956 9.332066138444828
15.28118561449453 34.18414669997163
28.761243051948536 12.423907396222745
32.769277575287084 89.6146585668767
55.152234076129844 46.202052937549475
14.081977366976584 23.701142420818734
42.806244966029226 82.92087979309606
47.696992657576 44.50151805052881
97.17246708663059 93.26338725513114
58.624116492656164 55.35312235120426
52.95708167605473 3.9053749950290317
89.92953221861802 2.025695335403066
67.3319184628779 93.89023664237034
53.207463934789914 69.80769871905245
87.98848467795499 99.95844671105458
2.9001336868776595 64.11669440413284
3.3410651665111812 2.8487569742824848
99.82463030591379 53.494933342300556
69.62890946091498 59.10760530268977
27.953681498031624 61.406043515049525
30.923329488850328 91.80333006928377
63.70000973986847 75.62258534931395
11.757369858132094 42.36153964203403
45.442122183561374 22.744798456917735
91.89126162579939 68.24798558768916
2.536018381564753 96.03664294143323
83.28097611179555 33.684718080639634
21.417636327126367 86.93031517398177
74.54315529929552 11.863817990837667
79.71288734793931 28.282492788738146
33.7610299852972 96.6402284690338
9.763424162381117 89.57416199786098
57.723195024122354 62.94457757938985
69.2675212224792 89.84411024823785
18.450353371643647 97.70974186113285
46.60189241031555 97.43870351718384
31.50083203323366 85.52539261088252
0.5864803363389126 95.97803322310361
44.44496531802312 25.652888801557516
19.914201915427853 87.43510166596363
89.65528349868059 37.476417778528145
12.405981755645312 63.41435147514969
16.85107520486814 28.666685842420115
38.643713187843844 96.04929761457718
76.9055834889734 98.29306866140438
48.306253110451394 18.446799446053753
23.605393276181164 81.23993723002285
69.50573584722514 26.862226697179082
77.68035366535777 55.565547213763566
88.20501183736172 15.287234166686826
94.1349812897026 98.86635566654513
61.1671480759243 2.4494119235625167
51.834034707234146 33.4372584336318
60.081684568433815 99.86683956148384
68.18513170571899 43.49972730375826
90.39926190611476 68.00731444172979
58.50264391146147 23.553446589987892
79.08824661852105 0.7371082315226429
67.17788099844778 76.84185633726213
73.63903062329719 19.32627566407993
17.411515667088896 98.19634712962491
24.041099785695973 37.68771982252831
44.08273006453206 15.267531818794755
19.618365614537236 64.5410530317822
70.08308524762371 76.12301129991697
69.80834271507975 86.86820473262327
58.019585452238466 92.93316154988165
58.700436373996666 35.333590282156294
73.0207768769913 23.617088939147934
50.280254576249504 85.04808011536815
20.454716699051232 64.76581584298773
29.949043067514445 25.828807537582588
23.053513451467534 95.98205880812334
74.33960227523895 12.071561377264405
97.36636935947696 51.56040116948781
93.98041457501331 60.58461459112543
17.088806265979184 26.718886108950347
39.386807533766 97.95642274182754
91.6218223579296 45.97575428804775
33.82661938569142 27.614777135970026
51.98610392213821 70.08389246167653
85.83903982544783 5.952528182570238
65.07359231538906 67.05322872519342
22.00750792996329 2.8647747043639704
93.23178543884995 59.95796979732675
50.69580392597873 93.70172226138621
93.11321496595359 78.1683162935412
21.329438391301704 69.07154895490416
2.5395487659231164 6.508686168859057
53.18220041948896 80.23170699605507
68.89413898656734 7.437940722727299
24.567012698223078 18.395295133336308
4.611843529928383 87.29469913525112
75.63883299145662 31.981135645924542
69.80742245386764 79.41523941836637
80.28741398232421 55.65436765784235
63.57590454813964 20.77456020059386
81.93040423630714 28.250052161484962
0.1818786406862949 10.681119000438954
10.01867076729871 7.3847333444137515
99.20175311651083 34.84747918927113
16.519007966481702 57.32661414053884
83.74840383418055 55.322100037200805
77.68486509164954 50.635836535961566
16.87847727963334 34.82584481869073
86.76319163313737 42.69299621843569
6.94953247467539 29.159780414986912
83.80901250239148 84.49760355935149
88.3067429925537 41.17769701978307
99.01948590066937 58.84363963291545
49.43982072465498 8.170353717071022
64.76625471804957 71.79412784842367
60.22233707697697 36.089709312925265
75.63367771107673 34.20665047619893
53.69930877712095 16.457634724031333
89.19072799548104 26.368971122339747
45.62149350040221 14.619642663023502
24.554387717505765 64.32421285201026
17.449995221021688 89.82906136731208
32.72712405157348 41.12630808506141
99.44844052456135 66.5643625366549
58.785064888145286 41.315034587287954
4.335636038906254 77.05964070907615
35.33994310676103 71.69822520033424
0.6577852499411452 62.42685069753312
45.71777986916131 60.7596084996249
45.99748336758053 32.64822662274699
58.223034907175744 23.39274126624953
44.69764275164809 68.15300072122425
8.324102927378185 66.99163892396533
8.888819339196285 25.685880401110207
2.108106707161239 98.97092533437734
26.973842063445808 64.01429254433508
52.02897297187814 5.165175008749956
5.906752688603623 40.415665900325095
73.72873583575034 30.34321381996392
91.70573374758031 40.5418093617663
74.8956398332035 40.469021431838904
49.96613608351074 82.65503994839003
24.180178546660247 35.97655369768381
54.42736662607396 79.7886209020564
33.495698971599076 80.42140868633942
13.076780751441808 47.09806765372366
52.862040003219214 21.502452065001087
8.947686344885453 65.14241322197937
7.247147301724654 62.97466619404225
41.47568030751011 68.04956715225981
68.3819277708258 77.55250198764679
75.9060801066147 81.44546809684802
72.40591719420438 30.05964828109238
62.0103479530634 77.57595796024792
64.1062086729269 72.51162385573417
24.89095660359767 65.40044484466874
97.8173781244479 89.89931746240167
9.125715944773527 36.42418289309426
76.15523432839566 21.294358629271148
51.20986493093413 89.89872863850596
4.94774293825081 57.47015133029891
52.75537089969973 10.082161093536978
46.552286125761356 90.30482318672884
9.040266081869241 40.047224947025185
21.734831076785554 48.68406972069271
25.811299573215862 19.559305637307244
56.27043279416581 35.04726531245193
23.47925490539581 31.93975268276047
39.22210383472697 88.81054086893647
39.9951032937934 43.29821896853867
21.97447853252855 51.02854942170343
56.59955371151675 12.860968005917195
44.197923408835216 45.749130530700036
95.0350383022668 75.68581001889882
60.75069410001211 51.239382416114545
7.591071394323334 84.57381965878153
38.09355960098796 1.580515519152692
34.03652108143802 31.024520127788257
1.3323710118887 63.95655225125151
22.50350873306849 63.75308605412897
56.03579322026412 75.83119203363609
68.23359489549406 62.25340531871885
13.205678226329132 64.74411150321832
0.8018978140796773 1.9161954941879333
53.922049931321745 8.422130257790684
67.95935555820215 90.88980910922947
55.91117042266192 66.75123449518827
49.7875123240354 82.0597699953226
66.31890811688221 56.27808959551529
93.52981095801823 0.8923167899999362
81.64207322657492 90.13802896800702
24.881110680037754 16.05740856345247
64.55450585131001 40.95345373364954
52.437246880578805 7.886556806156319
67.0216241180024 58.854747842506974
88.37690804979381 0.2853002953776995
27.08666495594204 45.3870544024911
59.110404559228655 29.565654938772155
42.90104711675855 17.216129523478184
28.222718041830465 18.80410222765063
38.27295765065835 92.39689617087156
9.495823035981655 26.722965990775272
67.78949936281046 47.09514011530248
49.29913787539518 78.36783480789676
25.879172837824004 56.00078030141321
83.90071911055 14.579099303959397
70.24543554909825 53.93019620319207
73.54039670335924 72.2432456522401
28.710732040861732 60.14369460281841
94.20038381064106 35.12539571092732
21.76749442614181 70.8163539488348
79.00789340768995 89.5320844542568
67.34625005477014 49.81526666194941
7.598594947358417 59.8229265338584
16.6567645067635 72.09970091391
63.25842825064086 81.91944657120061
23.689562441104684 33.39470824815351
0.7587517816742051 45.24298938512415
36.83469875401298 75.94082905554744
67.1998436985254 15.809244658391519
97.34100941635509 34.374940950508126
76.75330842841738 13.724086425844096
60.74382829983394 99.80420774617848
90.92525454110117 62.01502750923999
60.12039559414637 8.344168541388408
51.55044145525047 35.40585787733617
81.77824928249095 72.41213591882844
34.27263431135958 41.38452966488059
74.345834207396 10.94262462738359
36.69546439396164 87.1890506559295
22.066113802728037 93.54586227886999
15.040036737772533 8.095405898385955
54.578110398573465 84.24299437218578
53.169430607705536 16.41993653314515
31.819070999677812 23.93337294403156
39.81232647586827 1.2313578333844166
34.88939612119872 18.499163662188266
71.22186911568762 96.880236573265
26.317213727428534 0.0033895561180274925
95.06052225395516 61.73628865429461
60.16774600250374 34.073941194467004
58.153543589672 75.85496683942509
15.133138889747944 28.159766751507743
46.47423826925294 84.95434204789547
58.54242249712571 69.39203340146292
39.8267108678267 0.5731341296079995
26.120767057656337 33.87538119744884
90.61976380813708 26.886216563587052
14.66299402232336 15.462101671035168
67.01115661218864 92.46192512322334
40.691243445225076 41.81882266396399
46.114433166680094 97.24486525117564
73.1923796450418 90.60057521880736
78.28267859296064 91.12049175496864
66.92665703406138 16.18465366452734
12.387838636765359 96.17617419531749
78.36816081150411 15.933903482348544
31.211289382109808 6.539634959826723
72.1716576706861 33.405463419641116
21.535720900358022 34.70623008507664
54.04979861854803 18.64947302059383
88.4189564367506 2.92378744204862
92.27156015696526 11.908299264401034
83.5090928332702 91.54977900887418
80.13664680349312 10.600364021514375
71.69150248811992 49.26871227447056
69.3810075007998 76.96047595351585
76.37192423198397 14.618934691665931
10.460288959777152 83.11967083069104
85.69326679325589 12.01768234479994
93.31288115770236 94.62381461416885
49.68856459968123 56.0574255977604
62.081349471630176 76.95854467696773
21.365629515053584 41.830349852710505
94.93566090947701 35.67215278288972
37.906905432826896 29.65379741322607
88.87006207098676 94.90171253912018
45.188738932276884 44.1643349243578
68.18670367822634 99.98381355026655
73.99994041758603 4.025121213128113
31.341653078880427 93.01548844623133
60.45657107905722 29.751589792464085
56.02505896481627 39.74503380387109
32.8140602549657 12.139730596257737
89.91885292624931 1.355559380580862
62.4306020949005 48.797097245355225
81.68757135060176 6.356878212679263
80.60179074850711 24.255589701712577
76.44827454838473 87.5020907929599
88.35542833172977 6.078657149099575
37.3083905379056 15.253569995465899
22.078581113201523 29.758478578394065
80.27055151407095 20.260426986376366
98.3305071023656 88.20761106604374
77.23612705749223 62.51438710691413
7.617707818053288 89.69329833065824
62.799919481931745 94.09558434297016
19.340503351326355 3.5536621675220426
71.11231018514962 64.53024635171177
93.92351315750386 51.351789377059276
4.365763987709014 81.30871614674756
91.83121887936014 34.08922468577661
88.32192544944184 48.336840162802794
4.867911566604843 73.04673561083858
89.53391393431785 38.37203025848957
96.22370689507781 79.34436718324136
68.55352129443656 81.45721856148207
16.839323973786936 6.715044010605176
44.608021866393 78.61267585085938
99.54725563897442 23.6297695762709
14.594479086026869 78.76365220777649
52.59132537289928 1.2100955827161974
42.85228452997054 57.074881716640434
54.590541086631106 94.45152312681834
9.852576280943804 97.62622267434718
9.693591376053167 67.47228773874585
93.63452392747872 95.36507743951714
80.12143158409573 29.87717229318928
40.93931964091661 88.7208342123811
52.65361359714361 86.06214749162991
54.714738578624775 81.24733259296387
1.7714792314563077 59.44381027179473
32.956003983672176 83.24055388807304
25.652491229668783 4.3082945994942445
36.109649005324485 95.15754178061846
15.835693526620831 19.98699096462936
96.07616400779465 34.4634397531012
40.14796244422569 73.19618190026094
79.49999153886952 68.95457610110178
20.131534099365155 74.42850616638907
1.0431624551789032 73.00883875497833
45.26036504495502 66.88884804629187
58.704503127689975 67.86388321651987
46.99977443090971 91.30179558434597
16.6712080510679 98.58619247861543
23.656723706212514 23.67505830269655
40.54652426111368 10.507963366696638
68.6956552195057 73.9192773155586
84.08594906077921 46.197164332810445
42.962080654840626 42.78150124307361
95.94832854736873 98.29178737736828
6.096240092088423 62.119093323981204
12.595737722819344 1.7915651100227525
43.54685075140247 11.357945457784623
49.11576543740033 51.62263611425188
74.297123240449 94.14657704813945
49.26879758063289 16.247527633136894
62.756030933896234 93.44308778561197
63.28975955505574 76.54444023744422
93.88585242517115 81.9728560873903
13.898530469717308 74.38455430045619
16.870083239253418 2.768660545051582
86.38781687612335 91.88309275744602
48.93444161714624 0.7818168800561964
36.76777970098897 64.47390128721457
74.622672783881 62.402896586795286
58.433846907789565 68.30331202850869
20.672058303090324 34.517007477625114
57.83907244487169 18.32306219697949
65.3906522495247 95.47127172663657
82.1021746239648 96.09620251098025
7.708613701842248 77.03577139193197
26.54415505592621 35.61854123287688
57.0541514699454 90.53578837918366
79.586621628558 88.02865575722393
43.65273128424576 39.99040690725314
10.037998526848813 40.06779181313309
70.9800305262037 17.85190453566228
75.05389226901093 1.702510240655719
61.91022762959789 94.03611955639317
63.88872573203837 17.060671208662313
62.6969325619811 91.76740066135982
17.225665000831146 25.33007863464338
4.239399257465449 19.275542181319537
32.16194121623559 89.90257566097644
1.440081716053454 65.18169451321798
15.842736686112657 50.03640455362477
89.53919357004423 78.39896421842195
29.73321453793253 48.60301065498697
57.64842136447118 54.82023540462284
4.922902753488434 72.29876441997548
82.46298108215318 56.155486543496
19.68947094014122 50.38995483269271
37.664931912405464 14.302530046676054
69.6067057586971 70.14478521837769
71.38817529698788 18.215210902524248
15.96025858985628 7.737195700574695
91.71009566502603 91.57121749356908
99.8491841892255 55.1987300513709
7.936539098989471 65.50469668236097
84.21461833589868 0.6313052023124044
53.170660297698014 66.79671972722998
58.919960142544994 70.59104007955523
11.65823927104922 19.807673201110433
28.699364052599165 16.95536441308594
2.1226019159264475 41.3798505950313
78.96033759967996 67.29750331532259
10.074898679717116 13.387676353384547
49.910291505532264 21.661705917029515
56.33675019787915 48.306200340261526
4.258440072240576 72.4174765606468
73.17434819524226 72.64403277412967
29.070388851555595 42.930456365722755
83.2785393330663 81.56854465124304
31.14431181201034 71.33946359316
24.579178039058093 67.15286124078784
17.9198211908702 85.19843624848211
89.31725035013113 46.07260624767532
81.8911563223313 18.60805455689033
96.97651094987447 99.89566237342916
74.60904023185893 39.19089923022886
67.9316568440505 7.151243498476278
57.12614754363524 36.83596570107892
41.332968791819916 8.932258894305068
15.446302466566786 66.47863690265038
76.81032366916975 72.93858695264646
47.10342244818104 0.5962218696121124
19.345759092628402 60.265124724821604
72.65885697105445 39.616803808895604
53.159840884914225 46.90742942437327
58.928745566000686 66.14285403041393
55.73681494287699 63.031208218796074
12.204704511060138 46.82582451331317
74.58335362279229 54.14744336811308
38.94815633073326 75.27866939209963
40.407892759715914 59.030928499492454
58.75805981861046 38.31063936876509
54.05069654859778 30.76084428156063
70.35200057907052 86.95701507027958
8.734728928728064 26.46429071714841
53.550193952306365 87.5905303551982
3.868949887432682 61.45728158566004
52.12922436662113 34.73380085374603
71.5586842608847 67.2837672328408
56.470020500892915 28.103061470684988
29.14429868983206 34.076852052039605
24.58643213905688 84.7984040828887
33.863518241640314 87.23355928070431
71.16503770311094 98.94776007142593
43.688509096023 85.63464126015097
33.15764652230935 46.37358972140999
54.88414446030818 64.24064803428983
44.817415571777076 68.02067606305839
66.30228450337782 80.10984460257284
24.395477319403756 84.06891509953041
35.525870263645906 47.340577626112726
25.56160240751437 29.343249985825526
31.96823766382608 77.7121848456078
52.146433947775584 46.178755036581954
62.53153908295377 41.4709986891687
8.438241639011967 80.78300144344516
78.7345593231656 5.178246239512896
35.702076534275484 29.35718930626525
35.42170968514656 70.5379627899755
32.89849836757669 67.62156395114792
88.02279437942272 52.18192230719184
49.67453375599937 64.35213772953165
51.34689448161187 53.509573921076615
95.00783037088713 88.67410964189988
40.56349858715569 14.835807972970915
38.2738809281506 88.4664835173228
59.828906305324004 47.376818997677695
51.356934701900606 59.53617726175388
19.42448978804203 97.00334139231525
53.43178723664966 25.95896529275278
52.43312729617058 89.03036809075564
58.68162129942167 6.808599183130903
67.53962147311665 76.13584272723907
96.48252633441976 70.01773273986035
59.07057011521779 45.06763868990363
2.4798310405216295 7.1401308929299745
0.7706697609616286 62.36769137347085
85.69560845464791 27.608360959614586
67.90209856061021 87.06110209176646
63.79935518129983 83.7839790462731
39.114860285021 99.34291228519238
45.076810865454235 20.228697693660436
92.93180209230103 54.5699754160477
60.802881491295715 99.09691435166333
89.55147839830961 84.92939301164964
78.80261507301533 56.5086069451443
50.82239386327723 11.980300938391963
35.56602621414465 82.53804231697633
80.64713394642347 24.755896493732777
62.00647082708116 49.2327720198054
75.08121598071284 46.311767231636935
45.65086776290194 23.32187925108935
55.14115494552849 65.14812817718007
29.245468067592885 22.600282511884796
65.875931831666 26.831648550746255
43.91687382484562 96.64238107680171
11.096902173387447 15.850841001843863
90.23118171998026 65.09680327268987
35.09102468308603 16.174756336257634
70.06802695872015 18.607601269452047
41.376994855655184 31.565370253466142
71.97743925268377 71.42650388143791
38.578285777725355 85.79874063569493
60.350448198896956 4.405847281439145
58.9643421877187 43.13067047659157
1.1945984393006759 31.4578003009389
21.878143877866652 84.04356384813576
49.00864074998014 41.34947272163745
78.93968954228326 4.247836638851732
66.48263962821721 40.70017213103674
26.567448227344272 31.14431157758727
50.92407914279382 34.067908903239044
50.524713223166394 19.88916869066418
18.807132958832216 65.25777171080107
51.05449376726535 12.193165007819184
95.7270805079019 97.52175877163536
13.671305552702007 98.24125240478098
62.29373782049332 67.8860214584835
66.42385106727541 88.28134832576119
89.26906081324866 2.5696791520877005
81.0385893642719 90.64633219568576
16.65497947167365 3.2285478287375047
60.86792995515301 19.123753090508487
43.49381223915104 51.32678791296536
31.05041824879856 86.45688273305161
8.11063296510759 88.27506333858537
66.36721085834813 39.1947825778656
45.12240193597865 28.71946754155701
4.443819548155736 93.26947267708292
6.696750500277437 9.353945662792984
40.440769959875546 6.8093965702017645
80.99659035195327 93.00009391947783
0.031510166258275074 27.729380013289727
31.116452616803482 79.13051911347374
18.380933288595703 1.47261565328477
65.99905974648263 22.560389077941288
23.26778100416609 29.96760717317306
27.59159444560807 60.96540242604752
98.25763864796103 71.98384870058722
78.32949693914159 77.35646804507952
96.71924427494127 9.661168736270708
36.587228785933476 60.613218774685095
99.99005356124003 85.74435397218349
0.9967994311540385 66.81582975466725
22.746452300259033 49.23409316836454
3.140382804477182 5.405699851795398
65.86777179486593 17.65567629536565
15.50714783805065 44.602709751638706
2.6237412170209473 26.78116383267225
46.624273116761096 82.55330776495789
19.08286407819707 79.15803075214203
38.88253208729989 40.142214525057874
46.244156773572584 59.63387652651443
97.64214981675765 28.66810598919791
62.658936423686654 32.88369006907344
55.997017470841634 4.761103351728069
10.59466949401643 12.18485517679545
54.36601775555272 67.2171310090109
24.0073803621211 71.27400016398707
25.521949496715823 74.16968250407726
72.4746417333424 56.729395174457395
8.906618809041355 63.08042301810984
31.00061356408361 20.61299615676614
86.8835969505341 44.71790985020638
29.68385653506044 0.9467168960910377
96.42302575324018 90.2012563187551
40.05112536180816 90.39752246255634
39.67201970915609 33.30147231077469
88.23592890149574 24.349736340092644
59.98703292792488 92.5993414641109
91.28580704160984 93.58031406797197
25.88726157470116 67.67744216395997
28.409411052289634 9.27405495032032
68.51492126588428 33.83449764946115
91.52734418454864 14.06396751527559
4.8843569067615 40.23891877283569
82.8792949852331 21.946172891018247
59.82572829668621 21.302669753838444
83.83597553363744 35.1843040445508
77.6365379053224 47.28388480776744
50.297413058522025 26.88129696895564
29.12377440635914 49.835828246221325
93.02360298384454 96.73535094183637
9.426209076042868 13.813270318250737
97.0257979608167 7.939375501950785
25.266307730823122 96.70784498767885
51.2287433279676 99.25219706441439
32.231290485320486 72.94855829887564
35.96186586043051 91.86917503827246
34.13794812104186 60.86500582439475
60.6864082416032 40.15784994712723
57.24108564713435 81.81707414454597
4.202673646648936 71.45407032688878
51.46530114354957 81.28320368031126
44.22736094634809 7.153906375054209
54.66146181995892 4.382767700173895
3.900732436307597 10.662338112390879
84.69171785244956 23.045952325177122
74.77887356597591 88.13841367498702
58.48141938909496 25.233536314187056
98.15588296824588 11.173800501965282
12.565649293450832 28.886381048975075
22.491323374180382 36.171500887362285
2.379539650315421 82.70669919400375
56.29748045221786 64.39459906383419
55.52265731940845 60.435830668964044
69.98385936355403 48.31624577909249
40.467716844670456 89.85629429903054
17.29475916543176 13.150046232762879
73.40530935441029 56.45048561017466
69.66635317959813 90.79318901826498
57.56236103961556 6.004453698868161
42.23420156302875 65.86900930771583
49.881986510173896 26.90811029131345
23.972058844061728 55.80897655351983
19.000396228080298 58.86784562985995
1.6896722854182977 8.802619356498532
4.787723262475496 58.15695519742224
66.02870088069375 50.678975645890525
18.43130129363253 50.12620319591937
54.75841815358813 65.0338196128973
85.42096633507911 43.03752107121292
68.60197502577957 29.856462629528803
12.336296142627923 21.37466641419641
4.882467506779653 93.92021710890688
15.825821124284612 34.792053698114
66.07304170952304 13.9076702905372
57.88071254414151 57.83958882687631
58.11697503663452 85.06555058091676
90.03786295840574 52.483801041139124
19.315306861793825 33.1734296463035
43.99596741818429 93.32492235279538
80.61787691173151 70.63342496224902
23.13244974756635 67.5676942801421
52.567110037613126 60.10255668962632
89.42287095832309 85.93325608975823
95.04611946432348 78.6954619405768
69.87966607154597 71.64184397004996
10.868878564825902 48.56057519800879
93.50642093018841 89.3325905357421
21.191236023909376 55.05586342939064
54.62940291987477 97.35097762703614
84.00183043938355 75.19131091671215
43.620046848461556 14.590916244420793
9.120557051699496 58.453283727232645
32.808550463941465 99.20935963021608
79.03024783467978 77.33038147675842
21.994076540386555 0.3082430396338154
43.129804704181026 46.9110913104711
33.32476438755979 97.31797606465497
1.8854884481590894 46.82466996278699
77.04392591393446 65.29627420627567
23.72249467160641 52.68842111118131
91.01348839212147 25.014921720552618
9.781594868056375 77.90732175927803
86.31292437273713 8.233081789142915
46.541236879698424 58.00101699103234
7.396901000726263 38.583938273569615
39.79196215741131 94.54808101739683
88.63644608255677 76.89239954406564
22.590589497332957 58.073212874382186
17.458152469148057 75.6573133350327
11.8835029632666 45.229086150295906
42.23618075627843 82.81959274921672
44.92620480986077 80.53026301540287
0.6420510045950123 49.77771635886986
7.260758269117806 47.664642625209844
83.906469202452 16.316420821611878
55.5935636418469 26.66747646370945
12.637340691271204 14.09712865321252
86.31954126133395 63.52173309692712
61.5441496563242 96.13561470353133
1.4909673976416737 66.81436013463195
29.494849345853325 43.199832106286074
10.658420784099299 12.15676331666119
78.30654394336491 52.294744245473154
99.6606629321089 57.10687976801957
58.696411789931844 19.648307029165203
90.23515140338716 12.840683807511066
80.55985219116751 66.50179277273729
13.855244009719236 16.398729109223154
50.22675585097923 68.1793698886573
76.6464197974648 4.3431498406817814
21.799423307541343 28.58502523936226
18.514451887312944 55.701563540014085
76.65582040763994 69.40811729390994
62.61444478964182 74.14696332538175
46.48991846060674 68.20199539037436
31.9324591013479 49.60067236264614
46.15855807669488 16.891832280501585
79.39201715572833 60.361182208803285
95.05533281680957 9.868166451032623
