988
70.43212873419236 13.23996818987274
47.30258630531707 83.04296912139738
9.93362847224384 86.43415897510025
76.06600406608383 94.62624375477124
19.808555812929406 82.8423541531607
62.881276671092465 20.194183753735086
74.96938435291001 74.47540484727386
92.34334464367811 2.1117922527727484
30.726877817205246 77.63812764274705
92.91359623764511 43.60634236766049
1.0055737226014605 18.249698759815345
56.96448640582163 80.56023768036509
63.60411798656739 82.98093403606894
89.25440705596338 92.66788084074498
7.207472795300818 51.73518344006288
31.211127239812942 38.12365215332394
91.36673265565676 86.20518874269295
71.79436242210748 63.82718028287256
40.73261351576066 81.21773031498505
17.372308894675193 47.17535788751871
49.05756022490281 46.07685519366309
36.530739595818964 39.30481809705204
53.117205907271526 49.95824732166258
30.4291527060508 3.221341148621637
41.41440311876258 80.48941364893649
47.25433198683011 47.73738872231156
71.00875911460282 28.19530026338889
91.67743186094806 1.6749592200575592
53.98304009485621 77.4762191196842
64.79880003869106 96.92113561113696
16.24185736152297 12.475140585757638
85.08553828455192 59.31909888297485
20.652322985923497 56.77704969695534
60.534808244052094 42.194389722504724
28.835342575234336 55.317738460521724
67.92249444673122 35.32592688544403
12.265825740054325 4.935357384675587
72.52689427328272 94.82699171474906
71.52504713498514 23.21485024823009
70.65365752764052 18.593415395246804
53.77389840996769 38.65315117151786
30.216782254446372 40.320822114827436
4.455166677668765 20.351267452906075
63.36877414517838 83.86711626116117
59.07313920212033 3.837773457797611
24.729777362888882 5.060439533945216
97.39221998159455 50.25774602796796
48.1849387232595 38.148090729076415
17.128822136088097 72.66145977269447
3.0222313563680325 65.1130794024211
51.40933686447312 84.70804563178494
18.350951795265402 9.687268890253186
60.926306668817965 33.143625088526704
2.18566997648324 79.57332975409699
42.887089701520374 75.17419370605624
77.8726816055393 22.033442839398397
86.72703359728317 56.61210389145885
77.74889020664904 77.70398290216546
56.70480666859709 34.629561778979344
99.86207199767763 60.44162132143542
86.35503196037395 42.06127830578734
58.22479647986095 82.33075914120731
43.20760698081424 38.617392214314414
30.028591434149774 97.78309654895331
25.152947906912825 89.75483946498743
69.56569015193026 20.299741276249783
53.53687621490082 94.17806919495185
2.482157423860565 23.846660357963813
41.3349739825278 23.711974799677517
40.1247327175335 41.15925964439705
68.12648017291063 78.93219053173273
25.693983543492706 89.12622540878348
0.22956322112321903 44.13866468668929
11.568546970422243 70.03315520243825
90.81462430122541 17.62873463550806
6.195967486973364 5.523996064360537
59.45166574099366 31.897443481168843
10.927824447460821 38.54260038579223
94.46208425005533 9.217398089702222
46.86502132731887 23.5366047933115
29.421472762202526 13.971858410002225
71.71195348181587 62.95432298640997
0.9145172829007397 50.47446319768819
25.299445403509914 65.2461168036635
97.06002505168257 39.94402069205629
69.76414208178385 97.37565015758271
43.888875209137026 86.3568255050573
15.17916650237402 41.31093880841461
74.73516643188292 36.11858023167197
76.64615210367897 45.03376935644534
3.85696768947692 67.52056638205254
53.092038220377866 12.036181846811022
8.295639136438304 18.105283840676844
98.95319693091018 58.58057835603887
66.1934421095545 58.543136488666605
13.322434128012839 17.06665217802158
60.19214894761974 69.7362224457783
95.94394150700224 1.2354540838383055
82.67835580540333 81.17162129994179
67.97419561327725 57.058860520756284
54.04916048757828 11.066584486673802
83.62735937980521 56.39230434303635
69.01797477340155 0.044456294700756516
72.45384336804649 99.13176508701483
64.24561578363165 33.1528391878828
68.09942153290197 22.317657221435393
95.84043727395658 4.6680089338164805
28.27444396608624 5.678506338857215
48.04219357333924 57.783915307890396
56.078074710975734 24.08339221933612
56.88537698451051 66.15246224785236
39.68797717983876 97.32423974269669
20.38657011392604 63.25881747325678
31.9502005715839 19.908778078108913
4.30898180405308 55.91648182760154
65.84853283637838 92.61935306581455
95.0252020964074 86.90638495839947
55.56492004923279 2.7582428441329965
3.1678179364102332 28.95934019479043
19.774821999410598 28.035714283889778
51.055855959536004 71.01121065420095
33.0036910478761 16.865800106263585
86.06850369894534 22.01338553503819
83.9160990928073 71.47449101546144
85.5187071232574 19.38983588337272
82.09102721251207 31.233340279795495
4.973847835800383 38.03850688258235
9.04042297156753 77.32615482117973
39.43315580843398 20.166100610797145
19.80169729871568 90.7928346960407
96.34246916417956 9.655451770741607
28.372954642537618 44.39529212130812
45.14711156929947 35.84818916607353
33.50745578219326 94.20576573426379
46.70203294300964 34.31046595630669
83.35314523434407 72.19868718684236
76.331003461195 3.724352374510864
93.5584504142419 18.972689390087915
6.438341709605433 70.79779438524196
72.25774054738031 32.444299291177906
78.65771819792633 68.1253681955647
69.08485001795033 29.355883063155662
30.310902436499497 65.18361429022647
16.66035093360079 39.332550430326705
66.71181256732393 68.84817757598887
3.749309587173899 47.129606857942996
81.0054423884279 82.96167285016665
65.9597327971868 6.089841966290555
79.9913079584353 94.82251002678768
7.769973807147923 11.997306409659936
84.60603792002784 90.44283745724805
79.4016677548827 72.83556544727068
44.84407476306668 96.44929662868297
73.41898512523238 98.93510100395197
38.55258891809898 63.77581072750237
74.57856998324222 40.59622745912988
10.897213020786323 71.12898447114743
44.99665698097771 64.6038687101173
99.44778091751374 78.69241055604209
59.199907370005945 72.65862710963209
23.339019778412474 72.29287657762985
59.06727495835567 54.525910887680084
26.748954038735306 80.9627955958073
95.90330353416665 22.636053139795887
71.56567176926497 7.922425490237773
61.28774511782738 9.384858196104783
15.074438557694537 77.73090217788732
63.56297653801059 92.13579313186641
88.36322994452296 57.97212459905151
35.924998881506674 5.330446127484123
89.8987237946377 93.13692951657289
87.01374181795728 39.51649346702908
22.52927523923135 68.05973097083144
11.52017552295459 75.26444254140947
48.73419558621818 26.339608746995356
40.19272961986471 78.22535770649232
67.96089889898208 60.429059115535125
65.29169358603644 7.157543581767046
44.96811063754137 58.87427267893263
29.04593079950447 28.411978941943584
33.618020981660045 69.33862967834352
45.27858808417212 28.682500652659883
72.15540662404042 26.848258293473037
30.33927478994566 24.13681799599655
94.32000887160952 55.66479328222035
91.99387950554711 22.322073325616053
37.22748185543692 98.32311731823985
83.91574792586218 58.01288357911905
99.8037884123248 65.81884826361132
15.147845035437623 96.06026774764665
89.28272379266015 9.917225550913312
33.4927257714122 48.73491986681394
12.703615022906579 19.29149003792141
22.797057173653556 91.23194404587474
93.09161963148618 40.83022389991342
10.526155621091139 89.23758935116959
46.461453678927334 62.87186492091704
11.941240152862386 56.947655544429274
91.1659129660819 27.84022794865918
1.098208976019166 80.88533682327905
48.38172181537204 72.72254115784513
1.8594842223589314 97.16733758252917
92.21691025153727 9.69207549455733
19.33955444826384 47.54168156481347
33.550886570816004 53.0228976505427
20.42710751506336 4.811269651660888
52.440159933589804 70.36517013955509
56.218260934383935 56.420133288336
59.03323920765504 19.31186741189418
52.38903623045259 9.565446973144997
56.50392392511735 46.76123292354363
86.83439861211987 31.198239171252506
53.944838620854455 68.72706109549398
47.028005596346944 57.64408577619478
16.3956630285096 10.962236691351812
86.08340895887122 8.320771583121743
6.588681000235852 87.70116559132136
13.974669848567455 70.95866024283042
76.68889331419658 32.6612933562935
88.27424485804265 9.198393292148321
76.90074733959503 53.67988288535472
28.963866754903002 26.41002009340897
11.871434304875272 35.85805980985691
20.283647662298044 91.68492116436649
88.22051124206162 54.709167742310925
19.610991554259062 45.32411311973649
44.762644505008865 65.55030079166583
48.888740474991366 27.60399893114396
46.87179336100876 11.355345213897616
49.612523339423035 30.754797296530533
46.772052659988795 46.88475445030581
39.49022434010819 26.245330162525438
0.8805735988944297 87.47587877996662
7.222366501170841 85.14289910777664
27.80055407926214 89.07189817098137
88.87185564425847 58.59607805820679
51.58217795014311 64.09273750817152
9.826591235709392 93.5154440159033
35.43413623961741 56.66880445190561
27.998464120905176 31.42595811738961
20.662492743647643 19.49233869971466
72.07379994353037 99.28927675978127
83.97011011185779 8.727644225560184
6.468087082376927 99.497578855603
94.24205480048981 11.179682846189076
66.95010668919967 37.75327024037358
58.57919238290982 50.62239829970475
39.315239737866236 0.7257903643973718
63.48728650675677 19.835745717107844
46.901585646331625 4.684298571200918
82.38220720249748 49.804868171297656
40.66568234563395 85.64978850430796
34.11382631299248 98.89577352391392
59.357750733232265 45.806201868672304
21.420521737923615 17.53813694396651
35.79772458099638 75.71396097310522
2.092653389978927 84.4774696744949
51.132938515037786 35.46738884641164
4.8919710355692425 78.27543930472265
65.88195860619818 92.48515672259977
53.97013132261925 53.393311634897955
0.256651902640892 76.8460372682952
86.10551026614608 55.33726738872451
92.68330488869185 7.288675370197694
17.737300146812252 20.839086926509452
79.87369914512603 11.78466008196537
13.165043123838549 35.24887645600445
17.073070192727613 52.13993342428099
16.810837512246202 84.09405749953027
25.877116228540807 52.5988916892201
64.04767176433627 83.84749533143079
53.28779307784792 46.87861445631678
23.14732822800024 16.519251078843876
8.352614101837775 67.49292320445294
38.413328720248984 90.16854141496829
11.934801587007826 66.50380009232178
94.57627619055806 74.8521988159307
15.099626239539997 58.04070730764208
57.244110771923474 51.89838358240223
45.736552126832166 75.58753328295256
58.679210596243294 35.9945364415664
78.41085353481913 82.02119303202258
59.83946476071451 6.280698913540938
77.20918203175864 27.382163450467278
33.96380566140941 0.7539833128276552
76.1486232845788 45.775339367911926
26.32985419372754 92.8960028775669
38.31364319481544 42.461873564369135
40.800613527751025 12.19968178094215
61.01566027499942 49.92366954684792
60.10078487349847 42.38298783194098
38.344581873519225 51.680356439479205
41.800308118442565 14.745548894812844
91.19937830974217 43.121030043498855
62.98555654016008 52.152467098314595
97.93166941699623 62.404578850135906
42.5694922895407 4.604806573311215
71.34938241881285 99.54060019035842
88.88925987842549 99.65670030858867
88.1431492200993 49.38092177242025
85.31060123716806 74.42731730373605
38.431882455545704 57.86636855419663
87.6368233911621 78.21161921368429
94.47849391522917 15.382271569631833
19.320584333077385 67.44005735822105
39.22091757281409 25.806680163071626
20.87343294614421 56.395932975430455
19.327223909773426 49.53993558628274
81.43047815232606 12.213178417762293
91.39169882607337 29.852013306368764
35.44995779364177 64.11045311397417
98.32956262130398 61.21507453788425
65.2668027590412 58.14758048142893
13.868677223922997 70.6081819648099
42.44506448494199 9.947599229665716
49.776382805548295 20.87604380343754
77.90609664880309 41.79867101702628
80.34446640808271 20.258115321972582
49.11111280698518 91.31607005103814
40.30712297397828 32.01110810029484
6.956502162346256 9.410069908328921
33.82756886612005 75.79272295145576
64.65890169153182 82.98950076371126
81.03184385818165 50.565095966290585
69.72320888751925 75.34623588948209
72.76122691348759 9.604554878979998
37.18647533274728 49.323607329973896
11.65605027576213 20.991214796270484
25.89519088734098 49.576919294153356
69.21741837967974 51.6250345232811
14.862609084657773 5.8683684864262675
48.006750223753656 56.59529266114009
95.0807864385849 42.582580339060584
77.86305530699495 96.3238868471406
53.41343305621344 47.18105672888492
57.11739624319221 94.49841178040997
4.7047355919368705 90.72999313924355
3.471146770022737 71.702444916449
75.22691045075676 55.79655231498505
24.441795510842546 54.54829044474913
52.562279855439385 49.50640688901365
12.82326020670369 64.36395163165894
35.72073719984298 91.74847655665013
52.983568804945705 53.34854161630312
58.62668654622498 3.587529357425079
48.13364650381771 27.9422372440552
60.671865532393845 35.97627575441915
0.2523926083406569 0.588508924646991
74.68474635019811 14.155149584914216
14.11036164230709 35.41781700216313
92.7643942525371 15.007473482759481
60.924610777953845 1.5363460050186184
61.60365153843369 44.78600655526819
17.905315762479358 91.94300998014727
31.485672304591215 24.462016252875884
70.93539135415335 15.74264408139624
54.95192473378767 37.91735707016647
89.56858537609868 48.38903328181385
16.725952614748863 90.4421230556365
62.67186567418561 96.40060874644685
50.8994051520045 52.263639399992314
4.53656316387685 1.3779526980899126
61.217824273959465 15.16600735751511
12.664216634785264 32.72209467985478
65.31355269928696 40.593979959688276
40.01861598344642 76.43353947830838
54.12037785595888 27.676286649786796
89.05734909681388 25.668223613550158
98.4596102609592 34.112979387231654
27.29122778616473 38.358626209131266
43.78729189198411 34.933307530170076
65.88216672533748 52.573115302632466
28.154311784431474 75.371522408515
76.05025024885626 32.385378829074405
96.09492807398344 55.653961994243005
95.17105202822232 2.294139942045792
71.90457510620838 64.28035405191623
28.715579478000876 81.22498634578815
12.611986338397996 65.58252174247517
51.43476398001036 26.43064432984894
96.62702733547415 82.32076309002171
94.62952618493186 27.707559311233034
56.706106017135816 5.816592978685897
68.82863120741209 4.542846551903779
31.065037583626808 21.977972407219347
38.87657770802301 53.755060768633776
13.385500974381392 32.432952217707786
1.6408452396530993 65.52182848272915
28.974380679974853 92.25586554237783
64.24555071990113 14.85218169073298
92.28174033193824 12.776425254915003
88.93884278846966 9.153067902742562
39.223884974553236 86.55332580291693
32.029784774461504 65.12120926966632
21.383041641779844 17.722938750439333
69.68858221961563 80.08603070101547
75.06768354570956 54.00427512819993
98.33391832294417 41.980140658620755
88.19883190375984 12.0942434898619
96.28150700252502 62.96563905782225
16.594847933046886 91.51983232526962
75.91932931080012 76.46640991347529
4.561102583800936 14.224415583369144
0.6682106447528091 81.75894034531626
88.29453559614208 83.37757034871372
16.549417686956915 65.81406603072038
12.470748399218866 65.5221674463431
75.31106273931711 29.640829205397267
98.53896868989847 3.975241828691123
45.40815922807512 75.31731853189676
32.15775491492834 5.390986208157955
8.214344671291506 46.58647344725977
27.07064757653329 1.0826802515883194
22.607549764150914 1.6768534345146358
79.65037986360937 88.121440283117
70.2960321781704 16.981185511553864
52.89354382951694 17.56015221725411
82.89269327362372 8.789878943660746
87.07482100001792 63.54105381820611
75.95764374031361 97.75583911986429
37.31402690788364 47.527423047962394
86.48455957361466 21.612883658689817
64.71484064889896 87.62400337376796
70.71254868563757 63.40281129206184
71.16647520299313 47.4469335157254
4.446930311722797 19.724755564854036
76.02327040457007 28.879751185208878
31.42878526775923 58.30962247729167
32.83496804664649 31.638560902085487
63.520549490004484 24.22860408410762
41.8057898035611 1.1822574591501156
90.41895687618697 50.79534822724068
61.69476655891272 75.25455761189114
33.01703474153954 60.32842611037902
86.00752972392574 93.22282032143013
99.57989729612987 53.84775861234197
24.264713532946026 87.99266574384175
14.984763886447139 29.906981375828657
50.27849695104971 77.76449780828963
86.66767868330648 89.43069755356599
6.399479354155668 96.38269649073129
56.59448816727626 78.68397822197512
51.446802909445886 56.831484544270886
84.73135686360638 83.38486013969563
67.48631989974726 11.582145109095077
56.4283873047064 50.36965703453521
23.653953992644215 12.078305781967325
89.5622431870103 82.52083009321548
9.058719910283742 54.61724937333876
30.863830325495655 98.79946908356412
89.57449156840815 63.43398617523279
75.30828175938592 80.42701787463878
24.323012794730648 22.72180849169002
86.20475496581473 1.7115081583549019
59.820176732008846 42.327106081023516
10.06324855214833 90.83903625967314
52.297226178355 66.7317352509673
66.55636510835434 84.87005848455725
14.641874434679714 10.023576117688126
32.087560832565565 82.76695470252592
35.743891585764885 99.95088785443535
48.81941423209144 63.33836471084702
37.057882096809934 32.35091245826557
14.912460826834684 4.301797021551779
21.469283311925103 32.89993467632573
2.6822681804252624 52.17962321997967
23.891663718945676 20.687672452731533
24.956495237701247 12.675126781443314
36.68362003304292 63.62337252788688
26.90883712164458 94.79953984062924
19.119168051732128 5.268927348993035
74.9323897364502 74.14350830883866
86.88521169559533 74.76559324169892
59.188937644175674 20.660879989486748
90.24506742168684 30.1285779037191
36.74264650195509 10.751801339953527
24.288506197803372 18.007165943548564
91.0033258662187 16.641263315170285
66.7304424772278 73.87099175943123
75.28592605280883 69.14858825976495
90.55892036451499 27.192764139247327
40.265179076984495 45.18831164240371
12.193820733329119 38.550353218744426
16.884003570193272 41.89088567753008
11.707434874606138 42.389043898502585
65.16803882515174 30.638013273477505
5.616973338271858 25.50099782151659
33.94620608283717 80.86924307659827
10.834872600249357 32.69773466479461
74.46399311461546 36.96715889707328
52.543180408487565 52.23864804771399
37.06777937403266 52.20175867510777
95.15538041508624 17.35154595427354
96.14677274614762 85.82852059909776
64.69719554335065 2.4907531201609268
76.88068238915223 41.659885248234744
28.432723359851863 55.991820595725805
20.75463308695653 34.78552181145932
37.670333411226174 81.2593384650469
99.30953859614553 75.63125297894679
45.09355002916422 86.91320914775777
10.59243521913742 50.3933787474306
36.33404279446274 70.89467614235338
32.70021691596548 76.20711639971397
73.96603462175328 78.2907658868451
30.134038898655735 59.83168581247722
12.686009781382324 84.48205450724515
25.256060421967973 96.97246113242322
38.4727998620945 57.100885189090356
61.82509645534011 21.28023972094767
52.125888804924216 65.91482447945467
48.180496496596625 31.025079828708723
85.40710753907842 66.26014213396442
15.40407334456778 50.805997014845175
60.65802213122268 96.15843457906857
78.17677499318849 44.43094943999164
69.01509505616494 46.84446222498624
97.40731875547635 56.55237231527226
58.46664653013346 40.48658219747473
64.96458552530935 51.30992857043763
38.780895006571534 44.701517440893056
4.3949758489693735 52.48245103152789
94.74351691795628 83.04314684908917
80.05898657579019 35.17480463261122
85.77197488234022 59.62658953642881
18.04361676990097 3.57870699306142
58.85525266266932 57.900314204914736
74.6026018794757 53.97881782408227
0.41370390800107293 13.839476308908804
35.75722216774591 17.26801336231404
6.601513499411649 50.16839114035413
89.80470545564104 45.89280864277687
37.50540188342584 82.60406948714989
93.46513169564386 54.93535264906168
55.95941375459049 33.548309663956935
96.69942238558824 37.366439867606275
26.3465002615925 53.71497771800895
36.934608037278394 98.60542643367745
78.24429701597467 19.534138432296967
92.2917261181542 84.19177127939057
35.471529905741974 19.794343096984747
60.67561514940589 29.688343452408116
77.35141805698476 44.72919778264758
75.80763368194735 57.162756377413324
90.1099517825181 52.28842643005258
56.560808899090745 24.494551731036463
60.66677735137376 75.12851990015251
47.93398818988786 95.10924577486547
6.351109611014982 96.57648859698139
2.4209369456976937 56.27424289674001
49.84085642437107 7.366920111929276
12.881140027358507 30.5952881754154
28.97964516528625 66.17898855279067
26.140212202789957 77.1555566267004
69.6253600734595 65.04764797762535
79.57073923122441 65.58254101431467
13.404085973104785 5.1517026311433405
54.56768246517463 22.868345833450533
53.97181492378831 54.580002959054184
60.66273528187375 27.997354287114952
82.92907469847329 36.47718668658083
73.27229332578642 74.87416188476487
13.654443102464576 53.515440596848585
67.97064463143171 69.89467678763296
81.636988535006 55.263055060567225
65.80354622397927 64.21429780663448
97.00802315082447 68.17625389070545
71.73307628639206 69.16748098268334
6.18649443476782 68.42266336706267
27.332109521890736 18.345120756201915
90.09266751045942 34.66619482590938
47.09491580314587 26.400836736702605
80.77206335711043 45.216709525319466
3.648678468354938 48.29989370262193
50.15594638336351 18.470251747863376
86.36862545967911 86.38371409355595
67.31037610147061 0.6024331437524344
58.78642967716107 49.78060194483589
85.08089273273521 4.433081561806185
19.180449148711777 80.4632099706001
72.13070132095955 4.99459515211692
20.388832649478417 88.67424532476886
43.09706764736105 98.31877274068971
94.67591787445801 51.575317579195456
22.527045408943415 8.66354133955809
40.10929430750245 0.7360365827533077
15.238102824766653 27.595253044785807
2.2864233624387498 85.89356667593995
98.86878373143216 2.753888666797577
99.80593060256462 3.4843911072553024
63.92605675004142 96.47870276947552
41.206061534578076 78.79943496268584
4.2860428737810485 25.58074048483934
46.694372389491775 47.27032097715731
61.54732844390877 78.61739684516009
54.53550385339649 46.555560901734495
6.069308406298168 66.15122021813504
87.58182969814573 79.13103802999429
5.073674911646275 61.034015429234
13.980896641437834 20.857193346904644
58.421946986138316 83.59733140649773
88.72077312809392 29.723779575840304
25.852972228601967 66.53024198501328
30.292294010883104 71.71283562053486
82.28717887969556 61.65556611608605
62.180331498786536 68.14056577364246
47.26819719182869 80.57590231535285
45.62975715444809 28.21291258338342
49.94729740620364 28.948613085382537
35.53711490653486 77.70514234366568
17.256534396104016 20.502962360397703
56.70147325665514 31.84303468765155
61.82513181683894 56.389396059524934
65.92127703437968 89.5237160607381
37.861583494838634 91.5228217932162
74.95602682121797 68.01333942383833
16.92127360473974 97.30184626696445
32.206898365415505 6.670260993258292
63.59940433387876 44.44155004598458
63.282060729775324 81.33932495339582
74.52079872739716 19.950243563363735
55.51744696476073 90.27402481177151
89.92939762741128 82.91273437436591
46.82205194919774 5.4555350896973165
38.59628529511057 11.09768715022903
18.250246398727388 6.101488370720054
11.875232703573213 38.36508042273299
34.89546092191731 94.75888184019462
8.529726790937264 11.18299901163734
3.3170312698117543 51.557121958645205
75.31912540901956 48.487574565602365
59.94917455686092 90.15384249321765
43.23949621615569 22.53816944851851
84.68903253179828 72.51539219326372
93.76224373708007 1.6476699115387405
9.381899327386812 26.018698958323363
85.66448362050392 46.461690603792405
65.46068673762926 32.6263454704807
9.423054429154643 62.481726281194305
59.448329458055085 17.96754750891396
92.3720175344044 78.53326002922765
92.83021000790134 41.74807127565585
0.6873870270171722 61.80008703575479
28.95368114759571 99.32736165635157
5.881293340257954 58.40565744330687
39.163187289127464 87.14353641520515
84.80662800437321 65.63802860142846
50.51192700992535 22.715214119419258
77.22962526205181 85.47633398863702
94.44110714079217 99.41435987020809
1.499450089122245 92.41107646548289
39.24273531914939 81.12358663814781
35.60600845148307 4.292845637536802
16.13146127062294 31.175807364058162
9.886169044037462 68.6482564304963
20.25749917580386 43.59863725686448
21.643273186986733 14.314409075222445
24.658295495958036 33.21708151186701
67.05434508540343 39.69925450250046
91.43734036848605 11.799089361565363
94.20632303003948 22.619013154970713
76.80222419738368 47.316094728545025
20.676301932638175 98.20496162959404
29.383408090216566 20.080242171447427
82.23337776525233 61.21924972400649
42.92729607966748 11.023079981175654
72.20770693491988 66.82065941609508
28.27570133564433 75.09752354286289
14.62996447317938 53.96513211440336
35.75982118074938 77.0509063104231
98.82942123913239 27.825910337115733
71.90910020750037 62.20929424159283
62.19347320516931 32.6127587610121
62.002458919142825 82.19846764517918
30.507102492891157 10.020658971885421
38.7150156383169 26.517802791055743
27.920020323782634 66.34461939097682
64.6105550396733 51.107537484340206
4.629793520962622 68.93840839628034
72.5380772800948 26.022057128500887
41.26297820330013 52.85076634841877
19.311187162750144 59.981722650179535
48.010237558844395 25.503125506410928
68.19269535868585 66.97192644608182
88.87276937192888 14.21395781249839
4.50024325601428 78.03189121947112
33.83923702526499 1.695149542934804
97.13663581707141 83.43343223561692
70.57477587323989 57.13747278262872
53.93033785952879 46.46339270477934
86.10530390390079 39.53509124105609
27.560825261837085 2.849396321355746
81.75367119638909 28.590837658204205
79.97375141369373 66.62130486908259
24.43071095089232 91.43691638305357
34.28555294797129 12.962948216193515
62.354856142288774 2.46160489084869
58.69882852088195 82.81462899397908
92.03809483713003 43.39694056144271
95.35329567874962 5.06561566187308
99.77200944928889 41.54207113998677
29.95628271295172 5.149440940245908
28.01226049182922 82.28637230454466
81.17156366814108 68.706099789859
21.427262491499167 26.53390079810176
84.67526782886141 41.332245431355574
9.84339161647294 98.84360226906858
49.870013255782716 85.95080609144803
71.87486959133902 79.79724503693481
88.36861546959341 3.8080798668993276
90.06275992090642 80.84319506615832
3.96183653453821 49.8756052285067
37.79244033602944 66.20781887091988
27.58826888348157 58.06034114444867
31.975465162928895 20.722608646857754
89.22082895796676 66.52146027507129
92.12397909862783 80.16407595508652
28.099381791272204 86.8928445296673
33.669721636322336 49.61816233388808
5.856147573667925 86.37238106387925
53.783654073801216 1.555802301143816
49.80305712245809 40.578462963331155
17.02087521386071 69.35650247139183
70.44521344370148 6.721387471918594
83.67541135619183 80.3278214831962
58.9096014494049 8.824384436397448
35.382785428765715 60.966384004515575
88.94104355645482 82.82282923854602
48.583762342235424 83.82157319616242
22.897699633625322 54.66329875084248
8.342528614223077 70.30158387649222
66.6845226674863 70.34113829174842
81.63215057691669 3.2677426925120767
44.24511368276459 43.24177614587491
14.704590241855076 75.86689688429887
92.45953700735764 46.795488409338844
61.58225042308821 48.00728366142912
60.27431351666477 51.291912135529074
36.57841802138656 73.37054216852566
53.16465532619992 9.310513322302993
2.228587702776008 15.115237585347863
6.1378669772659595 30.988594571356764
11.094340569291361 55.83234843320787
35.80442536206074 92.34608693105993
8.082502501024202 34.50697289015589
70.2854827196457 17.804407408204316
40.181572177727 9.181376080458204
23.500344863840382 66.47774069953114
23.866489906014266 73.52926237044885
96.23994677542031 98.98445563675328
16.652825924672555 67.49832454068311
29.072711812800122 14.178206737150978
27.763602562154798 92.84887908406874
87.35090906768528 61.12655888554619
18.27946749884407 35.85042687845815
61.7339872822119 68.4603409799897
49.881203904722746 94.06247803621926
47.95624619655774 25.887243535923243
19.829527888897758 13.866890170438417
77.88752978133252 0.7874000640629597
66.51182258245296 19.1045812372444
32.04866127244039 32.33781238379228
77.2782897126182 46.410115312953856
23.84780313204258 48.907700214106185
66.22961616626753 45.74748989440629
4.695005803960706 67.87646867214386
8.523230444512164 76.94071185851081
94.25669781909379 28.193303126867285
65.36679871782368 45.14118561860454
27.00247668816488 72.12895475619283
27.68605278651137 97.47861826244508
65.39121199474593 36.19705264551413
95.19098625246896 84.0304980903617
14.532800897553633 96.28996752882173
97.90869939384322 59.296041272982556
33.00095561612143 37.92948299025058
3.2816514054295975 73.17152792910841
56.88776011413496 86.14137242145729
52.082607575993286 3.74926387370067
87.5267855906213 19.921983870288972
75.56132108834197 61.3938681791931
7.39428698452862 86.599259329507
15.308226933876213 8.25336151688293
35.596176425891976 47.43141568759355
96.14386268734239 80.01721701794746
12.136166715766162 59.68288703411766
10.062505386402943 79.53530440819746
37.84361874435124 78.01777386615551
86.11375517766882 35.62374446788714
51.68657909467838 72.78519478372102
33.667190914607616 63.28412826233284
6.798763834873833 90.5210506837005
31.373694993350842 13.171285430508528
48.13306833106895 19.716772482990073
85.70187346705274 32.1725195013414
47.490110569584054 37.69351115094952
41.57401928826337 48.65359998834161
37.33056752433592 92.62042175690104
33.711789858005744 93.36704583744392
66.87507194276908 73.46644522930355
11.44376107937739 35.08676428992118
99.56405073939465 37.23402754988775
90.33280633398519 85.06345081805769
87.37521376585129 25.93580180325098
88.96664679787834 4.00802222711043
10.888046061555102 93.51337529548371
3.8476278225968885 2.7904928787267136
26.662223502276273 56.33953683661181
88.74492890143068 34.38051392099821
53.750786604682276 94.04694425512108
77.15769868099312 28.920558399662255
6.087781517891089 60.84401157204026
0.9312395458139111 79.20237113009726
11.319608769993506 50.41911660108563
0.5137480836556518 51.27873438214604
97.87030817829951 84.707097007629
16.921083377794222 81.01636299565456
97.07708197143192 45.866226674347445
6.086878671351304 80.49310647161182
70.48314808450961 60.17256342379703
71.76477792136761 37.59110135009244
52.122379166802524 37.02523416088533
77.31400830117198 94.7813424086438
42.70479957828793 60.349420774996474
23.308629759759857 50.265639928872496
53.56499925492428 85.95524009542565
42.83147073931908 87.18395631505979
39.59628231368697 23.42316978179887
4.348590492286187 75.18378801158792
95.97565660212469 36.55639549058266
34.1196545871823 21.185206057635455
48.227176944507214 38.42891869282112
15.802969675193157 99.54757752364594
86.81059398174789 95.27380492266772
95.3588953608992 70.23900830471474
20.70810014012252 9.706321178754285
18.62863123330678 78.84197245378259
22.221981575027705 8.81905508320463
77.58267810488177 5.3942003057024674
63.1324418424983 1.0295772791051427
41.30971933779626 27.532833302291515
60.76536461713663 26.631177685940287
66.52350021393116 14.136459630749387
80.96642923627468 98.91625985469001
4.4490219037914835 66.9953726194542
27.323765653491815 44.08592214806254
68.54040149223249 27.969106502882614
80.59550763870634 84.99106704061374
9.39130581105383 75.34230911824321
23.19558377554909 56.61750559785613
86.60593516829611 15.145701237278786
73.36436198286917 37.272135931415676
42.93364627250335 99.1541264924226
15.222707572318917 78.8612077152325
70.28524732477848 30.891954334670967
38.398983805438036 25.94759056351499
8.052128436564299 23.977241390426983
87.04543440716498 11.68219637050285
26.134309497538013 51.74684268207983
25.535396841313386 75.36855351364699
68.12244447747166 20.98634666320699
56.43873929963888 1.0732040768708484
10.47924316618879 72.25487762259498
92.10475849860163 20.644812186129403
21.794689014140765 7.36128281736007
73.23585123746035 0.6966974532106596
52.87035948955652 22.801804208901387
97.28034823094619 16.64366715112744
70.49341098512869 87.1175766297553
8.157552277266433 84.88880234790727
79.22511957690794 40.742805212543686
55.17404023535979 52.64626498797874
86.54557780718069 81.02985086574036
7.798600243285736 92.0216605437816
92.96186393443521 26.452234832701514
77.71385022694042 72.19221014658376
71.01014654760178 3.4057171565787914
77.42739576069924 48.13347495748156
28.703541420936297 40.86321373255258
93.34318403416425 66.06596311650802
19.534202545800216 74.45073957304552
47.45201454355943 36.40250703710335
86.0248005847323 96.08418192583278
88.70032305039675 24.01952116485484
51.85944273649288 15.349035238419651
35.53382827336732 31.86591485358098
88.96570800218359 26.157840697720612
42.16376934707478 19.19821103516507
94.409031265682 51.50249350513586
88.59640311230127 97.62215806174449
11.454570183890478 93.4176700011355
30.07871022843235 32.57561584594215
27.743572233775517 0.2124412066750181
4.560714479493411 79.7439895705894
17.179431967867053 57.35036653562806
54.80988288692777 33.952163591418916
3.891173188117658 40.1863574569553
87.97578378543716 82.21208835827343
91.83217096741379 80.83676002860125
33.54032003603853 58.21317947996987
74.5959663342159 16.50506991052414
95.59295197818741 93.08006925255378
1.9808810696451795 26.04637170677474
49.29773352884565 24.278799545991237
94.58251819850888 9.217917241807495
75.70602341774706 1.4624035592473938
45.48996128535329 21.58226541612126
19.78717493936456 69.6758189329023
79.966891401515 64.7424404994298
22.565635338515367 29.74382272788566
24.34044887832568 2.6124606574803644
59.02531359176195 32.23888465553437
81.8195660282429 13.700202153076468
50.55444177639609 57.058154383336856
54.44915784355523 31.39296344854403
11.53987949652786 40.04227413773071
60.0597923220483 34.83836589370311
54.93927108883554 4.2227670941533795
51.559638318214176 41.26415338824977
85.75188458300688 82.16198014906398
38.1381912333074 11.648832165938472
84.37123370659225 85.9964547788924
25.121517773430092 44.257035232517325
65.94463391940396 2.1588051885512494
19.663122688058156 16.184051656050713
97.35290800934342 54.15928893733578
69.78957908981357 12.543786913796351
61.65989623881655 95.77169205104447
59.523725764927995 26.647023843603414
72.99232356475616 31.58311875350641
36.17135756126307 28.50639504357123
96.63990007236993 39.49503558123693
33.66377295645546 51.870211712615145
53.310584499642246 62.334068998614676
82.85162396611605 70.01790456412704
0.08248119095473072 7.6503364113523205
19.252253521195072 15.62173685576157
12.85488427023983 4.938730235259126
90.40941713689588 61.67034145921374
85.25389191540069 81.78659807798654
54.536603798776795 25.67819891032852
17.067508782613515 39.49262500066207
67.13296831383047 19.12185809514313
96.71972417633482 85.67174165325278
83.11233069073663 22.54580909661186
66.62445999383615 93.82798029165927
28.206412280387706 56.14744988737057
50.80498044035904 84.16822357056836
55.09384614279792 49.97113727806456
81.18150321784864 93.0932580821056
9.199575720028808 93.98310264148496
84.28612470808126 89.7159343599195
23.997610441209883 91.05399531773239
28.633362411348028 83.03465468790769
75.08319824099148 1.7002109711932611
58.054721252153485 88.27559843230752
37.25974987372198 71.41007559269062
10.777102060740273 60.79664535535632
67.26606169396078 11.485909035316533
44.45474063665045 55.31416119203553
9.592347307557237 78.78408958530446
32.61126226006033 23.592003450885358
18.426592065167412 65.25615161486164
10.22603845641421 37.996721257442765
93.05615087688666 3.8247823745192644
76.93067201478064 54.35772948230431
23.492120985516806 30.27303460406352
18.435243224278597 13.310697132303185
82.79249508617431 14.437306365543922
1.826193433033263 34.18105485358043
22.396029842132258 20.598174369289
50.81339274665492 37.07229944835046
30.704881258042228 9.540473305181118
17.02372675292927 92.60809762838662
67.76446196553414 25.28947017376353
50.80393175102894 15.191139563664514
42.12411035328768 65.43756298177686
49.18789692034592 83.48271826968478
87.23159782477374 37.4332482203999
89.21980790718119 83.64980764032255
94.63487645100224 46.93898478999393
16.63058561830416 0.2953882747799841
41.50692757046088 15.889985545364283
5.077836263267709 34.79632542464933
80.29452319240174 68.94783311249643
13.729109487864289 33.52537057787968
23.295605100252114 35.09388517121749
31.712880737875913 75.65239746166283
