926
1.5323545089011348 47.68012155496729
99.49754182939004 60.558598906242025
22.55676425885205 57.41502252337519
97.17429505043886 87.16550161227988
27.755979721480152 75.53682355820598
47.13987157661119 57.10869932910011
46.80045144242927 95.64578657998108
57.05574627091367 76.82099799273759
56.141572058958445 12.194867009603517
44.82846459989728 80.76329793748069
98.6863144125533 83.57777714051376
49.41169702693695 54.02649320950375
30.683092850418483 91.75579243254258
23.23456555334794 60.293239173667345
74.03826026745531 8.011934483523675
50.755564819380226 42.18140953387165
97.61912381804689 31.06697356007131
78.60833810516633 9.411837829613145
23.56144414024176 53.819227353329566
4.581418368776369 8.513013261221792
75.03300881604464 42.241524866187575
38.02734867184292 89.11590136286394
53.64134150424721 39.710572760876936
92.19259202863928 34.53595790715934
3.7739936353424763 90.1074677319507
4.378154738869289 5.709573869426943
30.465413306011648 13.127023614948353
10.097538879533918 58.026721441740534
53.69947222546608 54.427762701768145
56.833162295667414 94.56477165157942
7.147375106613407 74.8634261573284
50.3159352251797 64.72499812965313
71.99143484780292 9.134066732505385
6.885158445954243 67.86403721089354
92.04483047490776 48.081404004362284
89.4653125433748 11.027496359129152
9.746360954216327 21.93370895118173
30.195375815278712 48.39907706797361
53.06517344022726 53.365804755421586
49.60942218336902 98.69373287014945
92.61321344022028 81.24958376125714
39.0934997521168 21.77819199029072
78.7554769183794 41.83445528105364
60.088718777191694 13.579182068481055
88.52586247741665 71.22449048412966
99.19142822409994 99.23525353009559
55.55035250489706 57.05773831768326
76.33399465149009 12.000599577539306
15.013592789543184 49.34640109961415
45.85621493808139 44.64779414840328
22.361509460946206 1.618516625311961
94.09327666858854 5.47260379453729
84.27581837243896 38.320633257653455
35.31792512297016 54.106620158687456
72.80923630967828 89.08248656102418
66.9534566130266 29.072478043038984
4.79950751252014 45.23221366280465
3.3000582242150744 66.24182943316536
59.113826922521376 77.07970055766057
55.032308914834246 11.738320925629807
58.197706441336614 70.60145275415375
22.05602314512367 58.524744022413635
13.781421826228824 5.288772234866201
13.837117461932113 47.50785617825971
67.23453784738116 40.43218431766813
30.350366307242894 69.14078466261842
34.254411324046295 7.347991244112051
78.94481370384642 99.1861213087565
30.82362729543755 41.37908099749712
7.7237977845552415 50.39999056925958
65.93143009193287 57.96292652893001
16.5253265989454 84.57302649142387
92.08537370569509 88.44079715717736
91.83770005099952 54.874384739420535
37.55164341749489 1.7544348688409928
13.167971076314211 30.049716204804046
34.87633121658082 0.4687665344923597
91.56728344139694 98.08375927059613
98.86327551999808 52.800085314246616
15.165140123353794 3.653842575446664
10.493502077860295 35.652214865703556
3.9470830628055564 59.382428800611066
14.507930848384444 24.05468485539517
97.64017903158472 90.01699012231667
60.70071219264717 66.08165831388948
96.1934941209597 20.709375625316863
24.929856123449767 94.7373570934908
47.7531562443096 14.809235752953565
5.41759557449687 91.45248250015172
16.796463419490472 13.497705164984664
14.571508721314308 90.39946735977212
64.17164576535318 42.85055827197144
75.48138559619198 47.274283464475666
83.74598594026415 84.21167004214489
39.16245588707948 71.11300976319015
52.60706237724692 84.56048612691795
23.19076222219779 77.84880540529677
36.55713307986509 67.4725735586774
89.57796530331481 68.65376719873389
4.31218760270935 66.07704272450772
72.78001745613805 95.07699687971281
51.68320933638103 20.670959419316446
98.37139980437041 94.85657680173361
12.66953491706876 56.9573030841002
23.9601034131265 37.10870773211169
21.093084756429704 82.99747073867837
8.248424245760411 95.06153089861506
55.26384620524748 53.2835609797977
83.44804019386271 35.935665209352464
10.635122476131166 61.47558407081346
95.5918829815305 37.60545655840114
99.51466590426328 94.97279169286247
70.414632752356 94.64425013772619
55.989554181159754 42.441677936690304
13.437485704663887 35.23667254066033
51.34478335594611 49.18560200615263
74.84488587907127 54.6976257398455
67.05940496559167 91.3724101427031
54.42065444462724 36.12993240765381
18.001907036637675 38.14776769806561
79.30644577656616 0.19841583295934218
12.868380311320749 36.49896040565596
19.45896046529436 40.32089677896139
65.30415868296532 12.793935863821492
30.089533293784243 66.72684671202153
53.424119637182656 43.8350458348045
18.84526330380836 71.24326168528606
50.03989347396779 62.12440984654015
61.84192995802651 22.55848168385368
15.58173488233463 16.992611692719862
17.63194140185531 20.519261260712472
83.52616431149161 45.61386236650316
32.05905628510588 46.551400807868525
37.39873324799184 39.842198769988016
55.342745518199145 7.193051622981061
45.46400461202238 3.07639093496922
30.081950783162124 45.306957476874054
77.3850458045523 26.223060237723484
21.81538772127103 57.79020741144457
52.34320101916274 59.64746363560774
45.28641062199764 29.67725459782784
92.08441764539693 75.95584394975342
48.79747783527235 41.940202579505424
1.1206674531823446 86.16264740017384
70.21889113515444 77.38470203997385
16.574997080998198 48.64236818820126
32.277677080375746 79.05100121212165
73.0628799345857 59.80278263046068
21.465699458299337 57.007958520517164
78.08893860864991 3.3677758868780217
43.00939721349184 69.53160692309406
21.97739229673965 3.086323215467557
75.07398743698843 44.94164868672805
4.579230712553084 46.89881275556015
76.46850442495678 85.71215813028297
41.973705096289805 94.60132608031915
0.9988324108969215 66.63505753009865
64.09601551093516 91.49986330050034
37.852357875171215 15.796704948227635
16.627143913545382 81.44255475705958
18.02950766013658 50.12689641726465
69.80037941566178 33.45545738795344
17.27788687088305 38.85380941227085
0.8002290309422788 86.972836422811
51.701669478914305 28.705588026139907
32.02864115410171 60.41397847791586
68.58612186109548 34.90993238067539
30.162343058965014 59.3168212604536
79.89887361175512 95.61411737403004
41.20083190647601 40.819486315150975
94.87164264625369 75.91060767735799
23.95015165072475 80.46284320939566
79.03456778388464 94.64446443985399
45.71167902035431 56.31356278774867
71.75337981521538 6.676265418150962
22.99539840000895 10.667052529890563
43.24447574347406 87.27225517028995
7.141577707461899 94.47512729076583
7.182533750878761 19.85286415833054
20.740246257924998 19.934940254275745
51.44993182652202 81.81175481487234
47.773394746515585 7.841187923254733
31.34847810450243 5.561127215513317
92.18745697429199 56.04339184791184
1.1925737356311306 79.06626203731214
86.56948525550212 73.5737206473148
44.635060394796156 40.15758359385627
22.670815028549484 20.106173062541878
84.01423027280292 3.0409026744031786
38.56771543141544 68.39066799357164
16.789690265807767 61.04886730736522
12.58467099029399 28.325576379850727
76.73313452920148 72.61735194052677
81.8729813406711 21.531098271363504
64.17456058508738 75.23869254660119
70.92418245873628 40.42450307434255
25.120010464958753 96.85492863795312
48.375295689217005 80.11246395394679
44.99962982749732 36.70885483056834
86.7388637522976 49.94701828819602
17.968411401065886 47.01446573573963
0.6420125784443287 8.285368118122694
9.989934219276176 93.04535472391757
5.993269331927098 26.7904128993982
41.26465190749716 21.62576644427269
86.0137163196492 99.66600327238415
87.94500127387242 73.15480196348148
23.5275375981471 28.48311376057898
46.835147331851054 46.81064177106434
63.32660323923478 70.65849944428972
45.08657940687312 54.646411782291274
96.6077265718809 32.31045954297891
50.33674194338108 30.76966135554945
67.7104802205556 48.29121348942561
77.5024305318176 15.975841267664205
42.59704375194937 85.62078896225435
93.31990737834862 10.25192718538711
79.32644562953298 3.441589781065435
26.958383561111667 89.5154576615657
74.11942679964383 17.953002151773788
3.8665890601324526 13.572595639956775
65.5891041862972 91.07516758603592
85.93035385150728 78.40918339649413
48.35753820279973 28.34730327586934
62.13094365170305 21.10616592465674
1.865281599838764 87.10398450241624
29.29783298223796 45.82403297220641
85.95526581887727 73.75180228019302
62.10595874495212 9.223537268789883
23.85544633408909 55.93509759546076
12.578739714486408 12.163996432861445
91.98538056881375 81.08492296840569
1.080616458021011 72.18356409055745
58.83330443263368 86.38052838294921
76.53949388004573 22.743590264267954
58.503644687291214 67.53329619867279
26.84395570400132 61.74150066072568
27.208554776932093 26.700080392816382
19.268092855892093 93.24327496872877
48.61954504075342 67.9569130805018
34.22710999012466 46.16563894819059
26.73126135709467 83.70893218729914
99.20537194450918 85.87334370903639
21.737631229607 94.31286354179642
20.854134954879665 10.790983904958452
28.946098847874012 18.254809562441878
71.36883869140514 40.32581630183978
32.49407366924015 88.02659214024214
35.41252045335707 24.990088166649183
72.06679432014252 10.661791323870528
79.18242158882342 93.97058771094609
85.99158236835528 94.97147687749403
6.016585403434838 36.06056540888242
24.250187564193947 70.07710448271575
6.7240137762884515 18.190581393009843
65.54337561586554 45.81334430900624
18.15950174780904 98.11924222884109
89.98594991246843 0.9444207355181033
29.327102897109945 95.63279000713995
49.59803320051049 81.59346261946675
89.42080508850458 52.331035011461026
90.89196358121853 33.129013744986715
18.13535040800972 13.369012618261367
32.97873904604762 58.10987574347579
86.68712472728238 55.13537555710523
58.173265158887865 45.940547510391575
41.32365194365624 32.44283146282867
20.903293618247144 71.18518794178004
67.67945450392044 0.5889085910830816
84.61808405782484 94.2817519589849
76.02779185070102 88.90505261649805
47.10386213887768 86.72095401487816
81.36755293810931 57.60767481730571
90.60632028590057 81.51688418646582
74.25336909028461 33.20787385058747
81.15913248775415 56.01979673571969
42.863387435503164 75.49718184744492
80.08367008058978 18.161441645740794
7.4424902574415475 77.60648339254429
93.91506690291477 63.11914480369434
35.470875563694726 46.06513752761846
88.59454929256677 46.933637506840185
8.968003504249833 26.284200750558295
70.96991525846222 38.415297822731155
26.02730232651146 76.99302436019741
25.457566481691817 52.55091596010055
47.5144377564787 54.892334960213375
21.6486737660748 71.56367487556132
18.916151519360945 87.25840350622879
50.480686609063916 40.263362545189175
67.34746624738106 47.91171042533021
68.93853714160925 0.189406895568911
29.2065104745873 30.73951422439358
72.1815245597155 77.98642143789638
9.29268156874098 91.90617560801269
65.6790341532778 90.62617995571075
5.245996983920376 9.015006088955912
83.10991840885242 64.7989734088783
34.750678017468374 37.248992383909965
92.56675116749628 8.56396463791339
32.533347922594146 72.5054582685033
91.2415576818588 16.87831181195698
2.979637908011523 36.92476302612799
63.14032765141 11.506327912920366
1.010499712011237 71.44403126960702
16.258663771821013 47.89478825514538
44.5696848685545 85.5557606181764
62.16949729778227 73.35517502566618
21.743419690501618 7.565334805269607
37.107701424861375 49.272676739502174
86.8243210406516 11.810112304737252
23.22262187145133 38.30793985054051
92.92038653769022 88.33007910421367
16.161974937613998 30.910074997951476
60.18518382828816 57.21606603249227
42.144570217220675 3.040740897765104
52.11685321965036 69.33543585711078
13.356385120660052 23.816585814962732
74.69568519047394 58.128350693252465
84.87904693470757 68.6909327072168
28.732787541273442 75.58108228771869
17.639039124404853 9.017404011764974
59.57622033207532 35.669119852892464
28.168974478460218 35.39723052460766
81.13711688436894 5.940174717406787
96.07527791416582 29.81369618017674
61.540796130646335 48.77171808841601
57.05394327434544 14.09132393261866
59.635974548299686 24.70947977391267
60.91905302256229 87.55414455646384
68.40018289988213 55.34703062698975
78.12855825505328 25.35301213297314
40.83280966353773 12.590986515142422
36.72301835963951 36.3422731608074
13.343839803932667 32.3048339906619
82.27397725503225 96.95791832499303
58.92541654558079 42.341008801566026
94.602045347828 53.765872775355284
55.27911020451991 68.72626664885075
39.33009558999968 15.610818570063067
81.23802369915263 41.13062076667461
26.434974959990186 42.32666756722858
40.586055026774616 7.97293689846168
21.663052730556387 81.10334485696723
33.14520464904186 76.33563691293865
22.18047435149595 94.02486322584697
5.407142803757603 27.608299776759004
44.07464777450826 10.757603334892597
53.56802701356791 37.89087278704785
16.49558894227148 89.54345334010377
87.16983773054608 62.22542128450247
50.83568976013332 85.93724473466621
16.921964803178145 75.0265431106285
83.23380422147467 3.4798439901122635
26.99155810699284 53.70987771865357
61.53323053676923 94.8561372569501
52.43920242237643 99.86394034426564
5.656028729512352 75.15200007317533
68.82102725170628 18.357893773460376
87.47659818042544 34.657222271955355
1.9097092296617713 96.21798953254948
42.17479011551407 42.021290559561066
10.332855055258038 16.036074396012246
23.829256419207756 70.6068762888517
13.818422289336851 9.374809775699788
38.00259251981323 57.68613809979387
0.47184036740134383 85.5512229357938
66.50058350878608 78.13127892687648
51.06438098135466 1.3283208459708984
37.36401362856837 33.89352747604579
90.47558402230953 57.351385132171764
97.58566423761408 57.289316655016954
24.314945133664846 98.99147466232284
90.34535091233015 91.57704714429185
5.919698593650891 16.6913623639916
44.068619581774904 97.74422552594346
66.48112627145403 57.53755805996713
33.57852305229964 37.828246357741016
55.04819932855965 29.37976269053244
95.62548138486675 77.43117876911663
33.97864616749757 93.6874146981411
2.4822260319512846 5.756745922130191
11.502097277929458 32.95307697699407
21.41634438402327 97.08649499183012
65.69896879779124 96.81615273986887
65.22824001910092 52.47784926479932
3.670950589237121 99.29524427956375
78.69706273706493 89.76837924222933
44.289525979904056 94.83623274830826
25.685268267551077 4.4074083457674496
76.33757066639248 92.56371211015558
34.46806493847533 62.39720226828632
2.296610505773289 87.80517727304421
95.25018926806209 39.6645680065051
25.972332933596988 89.10301638159848
33.408398738810774 46.88436449231762
76.58841650885182 61.53812329408145
5.262492240210448 8.667828547687373
8.315665966064934 74.37825540736482
78.37640421072058 28.344518060468783
83.46622294905167 7.156106690687036
40.53073332151607 26.784674120816597
44.300198696136164 13.586926123603604
97.16787629507003 68.55600566289495
38.39352618813201 71.55861684395708
15.78725369178251 51.181101208278434
35.31928684685111 62.54125979483219
87.61448445845842 74.9522159582757
35.792138925184126 65.69358200023414
77.16813345235754 92.86585518821866
14.41416361495631 56.22900555860873
29.071080462499765 86.15699405995247
21.989560228282336 53.16943801357248
77.96689072976943 8.139731143441587
60.65621313200943 98.73897139357132
89.55623093602253 34.00911729727554
99.91427770160566 92.44058525458276
14.328867901049147 63.85790187797902
47.478969347330526 44.59300146229839
73.38272216375296 94.0898144187537
31.48427713092706 91.02479853619742
40.884781536324965 24.47854834038441
94.39454276825262 54.153304222770196
43.814092156170595 94.45000838914743
51.34893010165087 93.15150893918432
45.470955727148564 50.655823387454205
26.233315313275863 27.267041685319214
56.65702829365188 76.74476276505193
22.578938819311812 67.57721043851157
97.41837266451545 19.585617479067697
69.0371615757275 31.649407884995217
45.6871358952642 2.9475681000500242
42.62099505211848 3.884390113998326
25.414013691197134 54.71660536807042
33.46753556904795 4.533105285883421
71.64635520551673 65.41220786855642
17.259230840829964 6.198181137787085
56.05544485003612 94.86902418730577
10.17724331061336 26.06670674703627
11.269814977942572 13.749307004265365
0.2875311715483275 63.116341126108225
47.64313849276375 79.52398459025231
20.902953058705766 62.85557722841675
75.72759258247618 36.894023919282546
96.75497393491268 89.09707364168271
10.603613079316709 53.390628638290906
60.12320454288395 25.055038305902688
70.83810431671742 57.771071217030254
75.79981685262808 40.06481742973995
64.80315311530471 39.81094732466926
38.956947680729684 30.495294136027518
42.097663177608716 2.8398874468390067
13.008612444978363 53.02144557253749
93.87749412922184 15.789001839870808
51.73316284132126 1.2415728600967402
61.230446066224 85.21035699352979
38.89122551931781 90.04113879048992
87.59268889062602 23.346741423482122
3.5153634474471285 18.254294086478396
81.10526080063013 97.92050769289538
94.69590021810549 47.36825454247493
72.72219243707734 96.41024956165285
77.43770365115954 85.5596761209176
64.24763036421581 63.32133756319097
33.15441361514358 70.33686501990783
37.26043708700517 66.63449130831698
45.94172353745567 7.47428102305856
77.01311312375908 44.8716417783998
95.88393937993813 0.09984467118866469
37.5726401092387 68.35704782580518
75.75334127724133 82.40009175526805
68.05476114751565 47.43273323515731
50.9924156045448 91.13421065869703
33.75765561442532 63.45862838391344
58.214145089768756 86.26874086297353
57.56883522961401 8.848073684740342
13.310869582400542 46.26576026743575
74.12043026644083 68.88174761128452
59.15737193903232 19.404976042872768
67.16580489448202 31.283266617035988
21.587159164202628 9.313776873299961
9.137337817535196 32.76770371795418
53.213662852306406 20.755416772983814
37.61359355344449 82.45899426414769
31.139205443970585 33.430367174559606
22.635114906228747 38.27074457490295
7.909717964527352 63.90719891509037
52.9168262969841 98.43599952455047
55.84733634723563 90.88779826216526
76.4629355355609 89.08160526637148
11.821497312631601 33.901666869873914
92.80400164366773 78.18141762320529
96.95887736985897 28.009823157671466
6.437359290145039 9.962630319984422
64.01945101261788 58.80063158417291
77.65027552200952 78.21354958859156
6.735785142071005 74.58427511637265
9.0491759596385 69.28539425838149
32.538512453459745 94.77937005147761
52.90011166785007 98.14493845146333
59.46554953566834 58.68390764040533
87.27212206459004 98.1539445521023
28.045710940259138 64.33784647121864
90.071283954807 13.981369194337024
84.02396501128923 96.33952541698423
31.16516439897469 84.48964768177329
77.02227152238615 98.96361854467158
98.26097214284917 93.28520409181739
63.978416161465844 2.028431966214339
26.00721358908997 95.17713520856897
46.6096342985431 43.72949270696632
13.25380742716018 29.550809347572084
55.8574820667133 19.074693485108607
66.41406078438155 9.296512798814149
92.38162197178703 87.44146473658772
36.59554870780405 26.55950841426997
33.032824138405225 14.551058927104044
48.23522195100776 52.384297308506824
10.092028356027704 21.599993291488506
14.277708247556387 16.77317762760645
4.380525202248487 88.46928699018855
12.513581188422584 62.893185702009546
15.880646984640379 28.334029965247932
68.80862596078562 34.18361857594378
92.03525844118437 71.09568479786527
18.387472327628995 95.21346491775384
13.019199688653549 94.88320232365905
14.382796567328626 64.0627826444835
34.62385999632486 57.66805834966407
60.709140030645514 74.48389196002975
92.22182243703529 63.467921300773355
80.59120815231313 75.7758275527392
28.82359514050412 68.67610298274099
71.83603403866795 72.87391912258771
69.71321507802126 60.72711506758491
55.763052019346404 14.846592798158687
93.8643594274675 49.11666683595255
47.55278091030733 39.63258855995726
26.506793760856382 68.77404553071169
52.57702963827842 24.50788121607337
78.31723071464984 72.99865225692403
46.16800311769945 48.957326717796434
25.31353227596911 17.572792066370702
7.437234197674291 41.42994262269784
63.56656445116698 23.73418281634375
61.30915150402071 77.26674599355628
1.348058558323284 70.5320029318784
65.6274865864527 35.009559971951255
34.092304732667515 40.05479480186958
78.51770009811325 84.601322893688
67.50413909834975 44.493266922784954
66.4016911690532 64.39927903452563
43.39333392315472 6.194279941828807
88.3190406854356 55.400205148594615
81.44318996302242 21.98885062333832
35.418000525692065 64.20430185124901
1.717864884666187 60.41083120889055
17.892899730696666 95.380111410416
71.91131690560383 81.11659875195257
77.36448369291608 33.933057776631145
5.140496079949608 73.87476001044575
7.52815334114133 84.81069436068451
49.10859467502784 11.941311897709983
26.54253796714118 69.76463445178173
76.58369647681418 82.92937741609632
71.04222199800247 96.16406888526167
57.245476780673684 95.89957775161116
94.3111720377369 66.85564933449471
37.879773279489825 36.622018524654024
71.23654161111257 14.230978438903596
9.874845459534509 97.206265932519
9.717293739057286 68.71344011771097
97.21598037492282 51.73153170454946
15.265319556045153 73.3892969834197
80.74158805754313 25.95660349510932
49.2961601930215 21.990508654521022
46.863879832197355 32.318374948624765
35.48863195725804 84.86489854267424
75.54414103649887 98.23299679126612
62.356788329622646 85.05317928017598
65.70489566741321 53.412426245718535
41.94229135267074 89.4802801270341
88.12085962053536 68.03630440954397
74.05346531650666 13.921828486204513
87.07360549600637 11.92185251534168
8.47384313074141 47.33075428099398
86.72550152471658 82.53340370506017
83.08163279251163 54.88870358777793
85.580034361298 24.980687766151654
95.48613828306745 65.8698929214515
25.048684568855993 43.02548616551958
81.69653079047157 22.71627152957564
71.97463900532135 93.92558353404002
79.87500856033826 26.667891038037304
9.919434870684151 53.441160501851925
28.283029374081636 71.58974700621084
7.299530379297248 91.29049235796697
84.74042690819422 77.43231889393182
91.91798067771973 13.364963321310409
46.99919116342796 72.60459537376201
65.37099439207815 48.44969797449059
63.96329714798165 56.969056967225605
87.96335824078093 99.78607479246988
22.780057400497633 47.42603489132991
3.089183097345294 41.41588195416895
21.073294266528976 67.21255955957808
8.206839672867472 58.25909662521036
70.3274137025895 85.09533969643093
90.58114110785021 98.47533873226115
60.422429480331395 53.11010274194402
61.58000606406458 79.59546924843404
29.413743601064702 51.221102677035425
89.24571446818608 12.525089377579224
20.03590831964024 86.76628986237048
11.480636587790883 40.43371824594835
2.9281385042586483 52.299777709526055
20.2365071851762 44.19286263740864
84.49434847557433 87.6548283398522
70.91021868480016 64.0503121189374
1.4824342232298782 66.62014169037325
29.825921284830713 19.13158968755132
35.1339031278766 47.58882135150363
8.871382496952563 27.21415631098869
22.483030333511987 60.10119816918629
39.159524056171136 61.926051013574536
24.41473413697821 4.776779559303934
37.06492528966856 94.97441418987795
49.4113675334938 89.57043321048765
79.50451248878224 2.5608245711220556
84.51385277707517 69.43727833388152
6.7967331400083815 82.9217818887814
6.743452526917759 23.568579697231762
19.798540312407386 57.79130582080647
3.945626647832501 26.52999709762235
51.05929647531203 86.41306815140244
86.99242334714974 10.609093912092204
14.937718906991515 37.88589973856994
68.06262140852304 78.15244123586513
77.63384739245016 38.30126869730259
85.29875822482536 82.31610580800167
29.60148128371367 66.85551821609106
48.06918045048629 2.450105363234112
74.44268645249016 14.206278698624908
67.1589835542643 31.734931095514618
3.6065373609195372 7.928631931230045
98.39012365413353 73.09097521921493
34.62712220639863 58.302965077475555
19.92724012916477 56.42898515290127
25.2907819597164 8.029006977819686
48.563928308119216 87.50613406058847
70.92537772893324 81.66819625185946
16.3355768498471 14.3324742295728
16.170085112511355 84.78797991086807
60.41582193915558 91.50946192459507
92.06386587906277 52.50300276345764
47.82841933461949 41.254235170247945
43.0454541341233 75.52749265564145
0.40817438591115307 12.078714080051734
10.505566093366115 88.751807318204
89.76676120401629 73.84798770376031
82.98463278414346 79.47820999983173
13.172615305987112 31.792182864134098
23.38833774004565 61.74276925982044
1.4191380431874956 34.95941450732859
21.449839816509495 64.81531717436637
47.569927171924 46.48452556110343
73.81492962257896 91.07063033440352
36.482002167635876 23.35287891250577
80.11063378447764 0.46729361959669813
36.05343774231977 36.546643433125226
13.29747044050964 45.94174175185643
6.465664175841058 38.203817716343934
48.56021204015589 59.63855457265331
99.89650744260999 42.49122945786263
62.67715807403452 35.32346357063594
57.702858323093274 85.01953858000142
33.600994242510765 35.08605764608429
45.30298009479651 99.45129155467299
95.7125064545722 28.550552477387104
17.164847330487397 3.3140693365599327
8.272401242267646 68.21126596012941
10.403348025540836 16.255514468490283
22.22623523307862 75.10969937153173
78.0834577313665 39.07668092374591
24.02940577244902 54.88060295156695
18.81691690312651 12.000218901837933
39.93205929946676 37.38652399240041
36.60603944368555 55.861776777299845
34.12942926003395 81.56256543962463
19.648647677293706 16.37560214866832
44.2809873427446 53.18283119530327
79.79660129868519 10.588820217982885
68.55867533799184 72.5732799818787
72.35469739351188 58.69539668532545
8.122838316797754 62.54386407538561
83.79052267741592 92.0660075737659
75.65085242492941 94.38212346349447
87.33376418890106 93.93495426359657
34.93691212745712 74.13511124785663
6.943934675323627 29.488280244554453
15.635870758241987 69.1303012073503
45.827346186407844 6.752662712430357
10.961007768301679 21.517323268467457
75.36677994261355 97.36756828360751
42.067688821457125 51.16868760733514
16.16057310739204 80.92437326520344
3.258982355057316 26.225903201368816
56.574865456251025 56.831859902585144
72.51413529525682 90.62286844468171
23.707288387205537 20.849833705485633
66.57526400878358 23.454928664081887
25.17509962325778 17.738665901572293
0.33335882458920274 53.33722560202371
17.421626918274058 47.019263640226185
61.50061017784958 52.21912203210797
96.59387093171375 89.63213166552201
39.18620292744303 87.27853126012832
83.62249243374147 80.60198463009381
38.050506423399355 6.13067757902066
9.72399177716473 42.1739234831239
17.143958741801868 6.454624448366763
99.81837490607343 7.121250698352899
74.4561493146137 31.05596553423592
92.24513450181401 1.710872752070769
35.60846015622212 5.132400095160772
28.4434633108822 4.413719316109832
79.02943669596675 73.4886113517073
48.28692901670601 59.0342534464799
26.939900089103286 83.22253765023086
37.46748156722175 27.859597382645717
27.280723311318756 10.962359091051743
47.513419967138105 8.711897199156649
19.694755865680957 32.4642726005953
35.77360737312137 61.720819361082654
45.1949437226441 32.07293458600529
94.17049378820896 65.08270227992516
87.53246764066401 92.51364871834033
18.911936014933772 10.644588666438104
65.7839505984625 18.071058549399964
18.04481147341176 22.247744267874957
63.06480689625462 50.04780732265283
50.33541382477152 30.34732894569211
74.64425105173098 68.16906362747251
57.81869156378691 51.456668456178214
45.852699450710475 61.07913315910385
61.5636541181854 95.32829687408733
46.18879578047006 69.16803921824112
36.139710294809134 22.307277996173436
61.35618428064886 1.9633956202430136
39.07243135142574 27.969613591091647
30.328191360239398 11.279038710671351
41.02922310647061 83.96962835521875
64.82890046522475 89.39077641128969
1.3457799241523016 28.99150383122402
13.777968268815311 52.379693711992935
20.034150759687574 99.85483678278183
88.25184347239437 29.066729470382256
28.620217118375358 96.05123113071065
34.514339113223556 83.2072549646186
92.0689846830207 56.81736653051907
25.038815254319235 23.159113856613057
88.7763720687237 2.901745000610212
29.769769036086767 54.50742480308377
70.51980353560053 74.35973089723743
39.68721675282164 42.53710304444098
45.33264273422874 50.41764693603385
56.12577114263111 33.34548870356211
82.45991364509709 69.74679829232375
67.44729499892766 60.02854904381218
32.65045551386812 1.2255205911697153
37.762931155938354 57.772274177338645
67.47603384500778 5.802575304231128
42.02004718512973 69.5653615967414
90.25201821762052 48.699735076994365
32.374061650714616 46.01414075905815
5.910534107128096 2.265967712331074
43.23876116112396 49.689146077924974
16.956937842875043 16.032898971913255
28.248085733586215 88.81724376011209
38.37519012801671 99.04303105614648
45.34518181068054 11.615277648182076
78.94170265338656 71.14586812193403
13.656322422326927 46.14712996694512
75.69843157320865 14.943609346132192
51.323551621606455 49.11085450818763
49.43176505820831 49.54754843970054
79.93316173846854 73.87000882900698
16.964693477055658 7.445838678422234
42.22747467018034 60.15133709196394
26.18006927389883 25.164325551187815
78.77282461892715 52.31754002938885
92.31237301280453 53.37023215721083
25.36170799683556 17.720786971331492
27.401898716461027 49.83810849238915
52.38106543851808 41.05130343309216
6.083669467349717 36.449740842387754
93.69516377105988 33.82822292545232
84.16312077352693 49.379048857564136
83.72973717931981 69.93874407977648
53.71601219043095 40.4255947421663
82.90077357655382 27.24844932208681
77.75219543025635 35.261263964941705
34.14199474930597 46.23178222514708
74.43465636710798 11.208038133058896
44.22593207278447 4.506446491279514
15.656598566693347 75.64036654535388
65.94228251548901 89.9138074890919
38.344139274581735 63.28774212790405
71.64623207554546 82.62505668093945
65.46677039720947 24.20147548868877
1.485089737213574 40.24628052611959
18.24702647377594 98.17042593227977
0.6137977015558738 47.352869914963215
89.5006153710493 75.2744792604787
57.82234148164341 60.77399547721745
18.132038499078984 22.22566961918494
51.32666975088773 24.326934883629846
4.020196371724516 23.470271827202062
29.97614034058448 59.10652049482985
68.95571255566131 95.74852910952303
68.54641292884669 75.28481311445046
94.64913086927731 65.14664031046917
14.37355764224274 81.82060924350073
95.5211886417119 49.86161461520198
71.43858677929558 72.19452655763803
98.68492669161165 87.04505808350524
74.13709697036866 26.66615317789134
35.81928645688328 55.792679497927935
86.09517633881526 50.236639795352744
25.961384468680283 26.489909054162197
43.53389416839213 26.332346607785396
32.811217034478155 72.2462169403777
47.86700114774825 19.538179726643847
8.474258801841373 12.147660919642378
17.28345200206941 43.95946157289533
65.03246928834477 24.381570557664332
82.1432794373492 77.22029458487543
83.33634785306407 90.8179850186414
15.662983240488625 19.861653432632576
74.06602104599199 4.040566457019812
94.72144467250718 74.59244740654502
6.106921620707362 3.897565176630491
85.15724960564498 18.778578042743675
54.84877055710145 46.75725152030922
9.730074212445794 15.23768870285408
9.485367905758713 66.96255458643402
10.033425945724527 66.6261235935405
3.4992475645583943 58.94659501681754
75.20658932436635 8.361634762029857
24.151409682927373 98.74696612473316
16.758923456506103 30.215229224661677
72.84581768702336 30.19162505684737
30.259873628194377 22.96714408625913
67.35627073188907 29.595300299963757
2.2683116301239314 24.420826740917445
77.9593008063518 37.40656124403458
61.549819941040916 2.014586008409369
27.9697015295471 10.4866161512288
12.77811509421667 5.278835023077921
29.61660542672828 51.985274874897236
81.7905059560324 82.03036722325851
57.91152565550034 86.93442586936413
95.43703465336483 39.48719480034758
33.45958565315463 52.36747242391655
49.89222844713211 6.659108779856126
27.3261148129335 5.378062706056175
24.999106579768704 10.016024099424515
53.813738594136716 3.2569171198756908
7.900323527380881 33.48011790843378
72.49927035857242 41.55644505057145
80.08801161303708 22.425679804202346
48.516884079983605 62.5054861074832
48.78492648179511 42.65299384125561
60.570459048343736 86.6962175596139
35.88978224144399 11.663647011277856
93.08082579983989 50.790614767644236
39.302643991073296 88.31072521187119
49.08497317453902 9.277214702784708
4.683169079584381 51.6382750260981
25.11974054762014 17.764298168823032
43.664525762750536 72.06879620933054
87.76931869180756 32.26905710260913
71.65070536900033 84.91269647456781
53.76244146486834 6.007526619944647
59.09667567701333 84.73900601460961
26.31041923132922 16.432458231459044
87.40721227867627 23.751614690079627
87.34517075317012 38.90114013416872
48.97352660102378 25.53239249918927
31.65517092895811 64.56830000005012
17.351795563499362 58.284877948022775
69.23063167745586 35.619715481068305
94.628319949924 32.543626135730875
51.9167052975106 63.59587199829201
95.29964350749313 95.84885185028378
11.437485786613678 44.947391810401385
32.98215044538296 43.96059187487042
14.734314037301699 89.26987710571461
98.81955149278272 73.16079502045568
84.2288661028638 18.318853158779692
84.35202711541227 23.431851361767787
8.961053870217395 57.34358879178926
45.255916356256066 34.340281215575764
87.01721311237614 47.14692584324981
82.81224637357033 51.338850206802846
59.43094476058016 45.384215818166915
89.51113856714498 86.94844478702528
98.5536298667405 40.9842419466101
56.7317990732731 51.66519382497577
15.229763106820105 41.40877603797235
66.25654583425812 60.542939059875
90.66109345417549 45.99856353407876
92.43999307059278 65.28462073178653
63.27971504647544 19.303702145964998
7.469831212339873 86.74299575155098
15.761331688864344 94.30553339775312
13.834968976263484 32.683448086194645
50.383960243480665 56.20285552354789
79.65856037191553 99.81145331628895
2.309488423372097 67.27092123243085
12.587234220049936 14.414902967530407
28.752115505057397 64.01990581300872
77.74395858311131 80.86125635853257
50.219496200714055 97.81173062678906
1.113158268015224 95.54644311778014
41.44936165640538 13.073160731166455
