937
94.13311936893449 41.18218975456583
66.62457556500799 37.20148438452906
89.0827877884229 45.23190845791669
57.10013455534829 15.340786122366756
33.276405523830164 45.39110255931435
63.64234256924684 84.9424314496319
46.887973536840875 83.80585548901755
9.519534764430748 15.052646290842498
57.10031141849093 50.947383832490836
1.1354799829367934 40.18307689569197
15.685305112175474 50.89923825074224
56.970045204713514 68.58872602333572
25.269802819927854 68.07152252364743
36.189276931996 15.954101802134058
25.022799026211406 5.261211226306772
64.49485609569975 27.209008586380158
38.40028782702065 22.840864829097775
32.597913744473004 92.47364564840804
15.07115437802451 39.155919260551805
88.71323290797005 74.69089029534167
9.690884019123535 17.00631861121006
66.06521328454178 56.35845325606221
49.6234434709216 6.194204942420567
0.16557766145153252 4.484133257743251
80.44864990978031 50.93192658004595
50.944024573703864 48.29490019068121
72.15611385163136 49.26647346868812
95.1706810352931 51.38050434097969
77.95153072596422 29.00282190254294
8.916688358528157 2.509847427993106
36.89277426657745 36.23801852666379
79.5931931708842 27.146706356577976
31.478091539991095 57.39427571950445
90.06168921013825 8.163529495890687
12.344376338257634 63.336428873793636
83.63095319686109 68.59655592047713
57.84782788416201 4.761805651842721
58.366918853507975 30.338814273592185
84.37403677060179 1.4156930247386956
43.49747055290014 64.23618000227704
14.139365162866625 93.40103100220828
72.14997517395572 31.729926144440146
11.45087671147138 28.77260795375196
46.61311278845817 67.23702679223368
78.0117907707833 16.162413200106684
56.02493881441259 56.20995927936349
88.85762297985771 74.78262126052074
26.87313731452332 13.452513140483735
74.0284001035798 63.823652002457486
14.383412495530356 21.600917825649734
53.360401862920504 21.02212263404134
48.27360003628892 55.5782932535526
3.1767591687982044 14.655223353721325
33.64535963903463 52.119555066503764
90.1577935733124 26.079817081608358
41.811042237868975 68.28775295108642
93.00382115279632 37.764596411420726
78.23526344018106 61.330599131148475
45.802616112598635 50.99599578211722
65.16576744686995 86.02539866627639
7.69279027863905 49.85962037369123
79.58546939953091 14.3901185507609
56.71499265044774 76.20987539793092
75.49667054924561 47.403503539919875
51.18256391929806 69.75313978062296
58.55566804113705 3.425797767018668
36.93803806829186 1.8007272124579865
23.3090310494667 30.82105647930198
97.88762135152807 7.44992634826831
98.70555482879307 34.601779335065366
23.655213654731 11.640735422761416
51.490829823423 70.4703933766301
88.0608459379564 94.57461901109204
15.97987187501737 58.18220706409127
61.4459234343194 20.154101501224662
24.529881149775367 36.86043466384397
89.18239315288255 77.46491271172805
7.420641186781573 82.8925400482419
1.3296278236063497 11.653485296680143
52.96419793818428 62.89028255342083
11.592538106318639 75.81896747910002
55.44659447980788 90.39032307112588
60.774827216630925 7.862768548600374
29.082343594393013 87.44911149862459
69.47964084699369 35.166586859533325
27.08481767887443 43.974493113316804
52.63623431101247 92.90532170743802
26.45315702630342 12.421910997366236
54.57167982711454 29.189241949450405
18.520042265814773 23.849311142028927
43.577085290070116 57.45947129604191
92.41453782038123 69.7174449496898
31.034932985256305 15.397579278502516
46.68818451969996 10.867843225240614
70.50208557735526 13.330065240215072
84.39837799611617 77.62188345630429
59.497721438761 23.221244092341486
93.48735573087535 99.77789158096145
43.15194693151301 70.58896737771579
25.620374715496208 16.740537163271917
72.95442868508297 30.797636301903076
81.72218290358255 94.93840698516706
91.09426177438601 90.16901479272313
95.38861001862446 93.81554755768812
66.84441332672648 70.0014593770551
7.324233625032361 47.613153639349214
32.95245401567156 78.4389034399153
62.32544725384306 8.876589799758728
82.78637367555909 54.26406163067794
14.881079968874822 15.15274002415634
86.4840323722742 94.09383054108598
81.71091143018654 44.091373960074876
90.7469692966881 21.200265510590523
56.90119206992077 15.312133393764816
21.663687207469206 47.45228077253408
51.440883599511764 12.778060203062791
5.39996570858462 30.849549653922814
77.6103352754133 95.43507633334389
3.0065759602760145 12.243192974284012
34.58503571811927 32.910098939759855
69.99525409509393 78.23005153370731
25.40136966085822 86.99975710994833
73.59914582640002 94.53735722340576
42.9461749647507 24.089507945082524
73.14294698932623 67.41493189345444
93.43454410396411 74.06988329644554
52.169121027990386 68.35140813855139
63.09527992139587 9.853792095114722
67.59046771797375 77.61672736384712
39.30183330170027 40.679124809725394
39.90038434601962 13.45940449659353
25.80524111892735 81.78607170366725
41.968199609505184 96.8759231917445
86.66841493677295 12.286545307267172
13.403719360153609 40.80842159401674
43.89327309207835 71.06168352385986
36.538557851804946 18.800662418654255
42.38511642351178 80.70466805698959
63.81215925696058 45.69962022110607
67.53992297359919 63.94853688195828
57.98420931375513 26.2940387269299
52.863115875813094 78.57559850178693
74.6548287098151 7.678967421909566
0.959978126990213 67.93974924758533
94.18996854637035 9.553902472343424
77.39937104016957 27.67064018493983
8.849922047889681 9.219518109104941
0.2365553124651587 31.552362022227253
34.78298491941395 45.2772557613363
11.195145242726811 10.516956870242822
40.4156270074323 73.9178983126865
52.18870511085642 78.5668358836626
40.728364260843705 92.2041199848535
92.18578751424889 54.132356660394564
42.87323950536454 45.798141452655315
69.78228649931133 96.1550490872927
99.89068801462939 86.26550384970012
32.42068949813663 38.16014776971416
67.40964738415495 85.6123497103001
0.08776835322172882 95.97647191961218
33.58580598742179 24.337131471586957
97.9376718299885 8.077258626390115
24.149588315212846 35.859523794976255
55.03979859907449 69.66235026137859
25.23038337715211 63.474628592090696
2.910537788048373 7.237480762286785
85.92701450039051 38.2076897958148
97.27000004988959 23.062460839774413
22.914827369296486 0.49532688235209843
16.954107005201625 84.66818218174954
48.65691206605949 42.736394714026595
74.63328596730928 72.37330763522142
69.27265858118724 41.562210537408895
44.671530113074894 53.53205788500828
73.5175262774318 56.21125975083918
65.17125672136352 21.27910540837292
60.75610736210868 13.486132550629115
50.704272047633005 69.67308167119424
53.70949875546626 55.869159481969966
72.66376344073942 30.560658378879026
54.34767671866406 65.94873395954193
56.47481996687529 87.33621773694458
80.71106744200316 69.90919597832254
44.038421800730696 74.25352693352993
81.79072047866369 36.472445142845686
47.21497417264313 89.19160970996681
44.485166490036235 83.70010390021474
90.27755827506344 70.14735647906501
16.526434196189456 89.9367740085084
88.57324336005125 40.30527565590123
81.20687972480577 46.852174324199524
42.36735394693072 79.9796650392363
68.62434645113422 48.22318531199951
1.2169170261944973 54.74065952589311
60.87234615687384 16.702144340853696
90.0061800132582 65.7113410067706
14.32962839000651 76.6300818532047
2.844097919064681 99.56539933191254
65.15617533532851 28.032382264022882
55.00293529389047 30.344156490210217
81.08271636077588 54.92868066113109
55.350635475136386 34.57745990173068
73.39929528566192 34.369676515706985
44.70260837138712 15.009365213176896
22.870628810531045 49.945546439132684
96.38289898164666 7.941676467005299
74.87313290752418 74.79393465590174
82.02618803490589 83.90432870875154
68.21573183375433 45.29149807469969
71.4662355673566 48.689331208059805
34.35697666641884 86.32658817615223
89.7076213478952 67.68992701062004
87.38502292650054 91.59503072325185
39.90791304581551 49.51599007458155
99.88732242975293 2.0964172578126328
45.23628449351686 33.062128302032946
42.36249231429719 80.3339075982718
0.873581504866261 11.100398088294606
69.8858647898125 19.863067944750078
76.41267175183467 8.696016702139065
63.926112685368544 9.56639658696995
60.24037084504771 91.20728194750218
73.17930557167138 89.71661814126536
9.729618488828029 40.99540550155948
71.51503485069021 14.480428477975337
7.449329644435066 33.50657627747617
29.562696311238312 27.84177118065755
29.98764640101078 57.167854212565075
97.73443953875375 49.57908111654582
75.47213461927271 41.17604126275493
97.82258132979116 88.16640470468296
81.7252820197188 59.895475750803826
59.198225238244895 14.590842833557428
56.378967350642114 19.14973928784193
57.01816549326484 28.55215836623598
27.042768692370135 48.54578475454549
99.50708840356305 22.62198181816143
14.326357839079662 95.38138932232489
22.562355650212172 91.92804395475957
52.2709593352749 41.2394034495198
63.09288658743861 80.73709321857876
30.04660091812933 68.79746530970866
85.87472063145272 12.528266410099697
46.292948917839524 35.8218730204798
97.59121302267236 40.15268193783592
53.83904261567971 26.03502782750531
55.30715846634102 66.35654655467876
38.85471329902012 46.19011760744045
36.32665653672312 46.95587055199814
84.3807012883543 16.44981096104071
48.0263688939126 57.80875893469876
34.81934779100545 9.589322508146337
9.980382286999944 50.11610542983193
43.40651690181577 73.72959124058809
15.37919793079745 16.21837728680635
33.60123422697967 80.69920950227008
68.26503813553707 11.392686238324456
92.62433238103284 92.80181183505456
34.572514321527514 91.94133715233383
20.9779202110141 62.22324592203486
42.009244385831636 38.91974726097476
52.41416357880701 51.28946274048888
20.784915674035364 9.82514703823314
92.42977481019116 78.93278415249455
28.041495306834506 90.48950854681111
53.56131186301704 68.7009302968669
9.784735044525906 25.0395933098293
69.84888508861027 93.8804801871774
17.556000909631287 37.76233327588896
80.98017623499268 21.257915429944298
60.020172574156575 89.36852256245868
65.16580375429243 10.88086520683833
13.928142850459846 56.57419613866244
81.18052967099482 99.69151126855762
27.760975002289634 50.43972438013032
14.155064953138229 78.38787860187115
99.11985428324657 31.038061817775077
48.44325121183937 38.84884913433193
34.74618633383303 66.76027017024263
5.730018853608643 26.404383632962116
23.371516535867087 89.30832877203537
70.4036500634351 43.324285515398884
80.4722859979777 74.51014962767036
23.749197886458205 14.393013619611772
20.96726385746569 48.9868011936928
1.9565667958618027 55.463834332979324
22.106044941121173 96.49330892057962
14.258873868556455 64.24464968280107
57.39564257702827 19.904247990629077
60.53987255438583 88.7258307684578
68.91443246783486 40.59135112447632
17.350927178767495 7.195485581100625
70.06419177975012 11.097408087307647
47.17348231206031 6.477928290935586
98.31298493538739 85.52504659362093
76.66834837040875 74.82767790077624
55.63474208746779 89.69020056567396
21.11486809469373 35.55749826575296
8.406131985291266 63.471594179113566
59.86639360418826 30.137706852319766
7.57843212379955 34.61517017963993
75.35265073823042 86.50347441719775
22.674235164217794 72.83828771637467
67.02965751478833 36.63268725003127
35.92681830041713 87.91710981941226
30.558637921196553 21.112415157368947
15.875803935071165 8.24664571561482
98.92319015483511 94.82538737829306
59.646052426768506 79.92728270111216
64.30826455898725 45.349093148339335
71.45057012648324 62.60593926705717
58.12020761279341 9.125050345455588
1.104922576556866 91.29582146653343
79.21394918030232 13.222068293988364
32.41267713866433 71.4093098451713
48.80457872668882 40.211155214463815
10.042460069753123 79.24209591159492
1.8195043603749683 98.62775860770999
71.1070023455813 38.46237989946372
58.98574774004389 75.02905750185519
36.22730647873962 97.09047867674992
93.23242422366211 46.398572964203744
22.4241640643529 76.80579326763318
56.89340426838492 17.11208194143716
2.666557443741624 2.541625430487049
91.05642708891156 16.971562173307486
81.08610075405053 94.71241425999357
37.013576117326565 69.62648436448022
42.21813742528392 39.31632870663383
32.651113240129135 28.977190241881566
80.0669008218624 15.139909176952193
6.25391524734209 0.2529761398634256
92.45801394395204 19.341271699401908
82.82535491901984 89.59787915845766
58.99331141754472 53.15943367172861
30.70994764762055 29.570848989735953
11.907914055418455 2.5636110226559428
76.30374342281236 62.749635434652774
95.23897984309959 1.6280757758479814
21.962937597127397 51.985270038959065
23.222983764284066 22.76741412025074
25.43111373734711 98.22940994654809
22.560625807262657 64.3890207888357
79.34794973525057 3.1401079622894734
84.67255947409407 6.239518997613369
2.6407817393235056 55.118511132314396
57.96879659655636 27.418896052399568
54.02382439045474 32.219340918614556
30.310862813734317 63.85392661097139
86.93074245213546 3.3154224924955455
41.91806371485956 83.24766971022369
49.77565815197119 47.889247459963244
13.32793770087034 20.077014301435746
58.064196256904346 52.5464354561536
49.4247131539703 4.48389031747104
98.37588680386247 9.800051767982854
8.305855798175276 76.08379965886088
71.53810180073508 34.7743751787149
58.96549562367974 49.54436640364006
72.51773865779153 31.424908043951973
48.70198621821448 73.33624408089031
28.099686788112965 41.968982422887336
8.8676355241595 3.5090125677445183
53.69418925385821 80.84571721068384
89.60395009054066 40.96951836421364
2.3210956592145893 66.19446290831473
85.29798724653219 5.723569830301978
29.934853142005945 55.80093358689226
38.737822767030316 90.39116994255647
14.863694602395016 40.850218417645856
56.377464302322046 0.18191151516127047
31.08986527894907 17.433564683162174
27.584960824035708 61.63654431662514
88.7310392198891 29.350752394831925
89.89320544503275 42.12545767204148
3.4365350389398697 53.422396023523596
77.8423123867949 32.473322840971576
24.405301137144587 92.7677559608284
11.06956056994436 66.81219014158644
36.07300769216857 91.45405031362496
80.6747943659166 52.64556459905639
55.53275668859822 45.25856045054325
93.96043086520545 89.38248033453546
27.684816343417406 88.78245171435383
21.26764946385289 72.35100433909858
23.67124718749235 83.65749316341453
94.63749393418314 49.58325654568711
85.04849238931057 64.70439183077453
15.18724140951111 26.40647449495971
4.164485169783427 30.93877748041276
86.3703204484248 10.59638923696501
55.11952993474597 30.902172288239992
59.8791933956562 93.41096502901478
92.66056274716766 36.513551707808844
13.491202338199237 13.523919455801536
94.17237569429957 67.72315248003412
58.49626464451738 90.8369748694874
66.18832407846395 1.0966541774303007
8.953331114824403 99.70049240006855
55.0243314273829 41.33364440919971
12.334787289268068 66.84571363894052
54.098399395954644 94.96640781905357
33.52933969719905 87.1305272770649
70.09787299670435 83.6533768986372
13.077606592555568 4.380256716155229
97.69262807603758 45.70457867611076
9.042648449497248 54.11091624796012
22.81296966109162 98.83253573445556
83.63757837556895 85.21837941030981
19.10114436846665 32.38978861486906
66.20638109789729 15.390375855948314
11.404685856923146 17.00147006017555
52.04127105725155 50.57878727929888
57.000879871073565 4.592012565112292
86.44417428030168 44.379161467292114
99.48252892028633 38.93322771666548
65.26453522246076 72.78185162961645
28.551336957950646 39.46267287921986
50.77846856707475 2.9859075255960987
18.091044304828518 44.11681941186476
8.240307094332778 77.71838654293973
23.450694134577567 47.83749413143492
77.58627869309042 66.68748088575512
82.19334878674374 50.426448453669934
83.82620038390472 92.75525606684214
53.346882324268854 68.58460531587006
99.52107640787756 45.54106677074841
4.830548787439803 57.69183259809637
45.5269748476337 94.79464012892538
30.40748109445539 80.9568153363808
13.98439224299154 19.874284888626548
5.692187999286302 35.98673165994294
60.896534532208925 45.71965927114915
7.316102555704829 53.02421041895835
38.10442193660555 92.46755807130384
45.877587248083316 17.473740432625796
50.700286641992776 0.23051628740521357
88.87131814844015 30.324384093899436
79.2137094547182 39.783588098279225
72.60343943168573 88.42486595976932
36.52685701193489 89.40455384196109
39.16132863207993 8.34781889540601
93.88481541060109 29.026543324850717
92.58093074889366 48.38991699143418
25.529698805764454 13.783677957339059
30.938451939345825 54.51255570337331
58.05401588869783 65.03081121500823
20.32869767065729 36.59833103417171
84.49599119802681 45.06258845891635
72.15470894364488 38.71474481756276
1.3327651052482903 1.4211783977156833
5.377781897215317 74.01415531234133
69.2060338163149 37.00431197591772
93.70734993959393 77.97612255237598
30.684667378752295 14.20716347866664
57.59674008352545 50.65685282985042
64.79173069057342 86.82206849047238
79.54690944900263 84.22730399519995
50.41254809451332 22.741616435385815
63.79301852948348 58.21975317003832
82.03376521632786 50.6801242009654
28.66402119785363 97.27140458984887
10.389752215273408 24.805517460949822
71.54165036042018 56.358677947300606
70.99809691694487 54.53025112250802
88.73685091564789 53.784881830055284
67.83885131772082 13.4685136103199
38.86133310864894 31.26335067635605
38.005754877480754 69.73691325117055
36.133948239034574 21.121939459148965
27.161133544502867 32.928416797850566
51.322263088983 7.696890076419249
60.75776816661532 5.689759084062606
91.47602303939655 0.694627287406635
8.016072987425693 62.61502200617397
1.1526974244839283 97.17392301507999
70.33799299791166 8.0134005527973
43.9567480792917 96.25519780028668
43.80146911211942 54.09355039224174
39.93422327316852 7.320797588335292
66.02477636096623 57.72471166636164
72.60700196359845 72.51773220509061
62.1814305952078 40.4204740776712
26.981987330733148 62.057836430231674
0.7919190501552653 56.21346069987301
84.17095327676046 12.393315144378725
6.022170252810999 68.88032409992115
12.011021307547997 79.81899280709166
85.07536459253534 68.37143203317288
85.98447884049031 52.784203806304966
45.52186175379917 74.87643195455136
23.622856637530997 71.90576870799431
52.44675182461867 36.456709722373546
89.6040121923928 27.532661252089042
51.78858356000264 71.01207410350976
24.398495738150473 20.8188626617001
79.56283527815509 53.35168415134245
35.75501393240541 50.799510314637075
36.255148596305716 55.090790806023826
57.167389601384265 31.819113054967296
50.55079342652665 99.85571421588767
33.181079529396825 21.99842753710206
60.144896069461375 0.01794093398678198
44.45663715503348 36.10258891722291
55.99543841858319 35.67074993490452
86.8991935747558 22.861538188431908
8.799782988565886 18.2638712357151
23.939434126064207 22.139445567586403
86.10000115029128 30.774015388743315
94.6088384212204 57.1761331458768
41.18579481232286 76.02926897653593
23.96454875792887 45.96129254531527
55.74451363616827 88.24162910407584
45.565869700574034 80.63229233272872
14.839586820031137 14.57949828907501
35.002062180361406 41.443261516165684
11.323847672772713 93.84927219371099
51.02636407798411 65.01168171992757
60.605556866996665 4.734932658796431
94.06302284392464 34.22362220431688
72.82820384058431 85.05440753851006
77.4954348734753 14.096545184662922
44.66621900293276 70.31126857406812
79.46554246021219 74.51013623956956
8.183093869695213 93.26210728532254
71.50698216479088 3.6971782767152517
33.52404582358722 94.81288984847193
63.50247344730398 0.2496174544170504
9.836411199062034 71.82141882759129
41.78371483037432 25.736591134164343
88.7151181241285 14.51425148848422
33.69904568224948 10.71994242794979
10.873584225901567 92.37189506987758
60.03942295356231 79.77378185321723
22.552560915990107 34.16479207365602
33.786999252964435 53.50336091340432
80.14057415801673 9.249472343510979
35.850006984831 82.22324764465885
17.47341677990777 15.236155649811966
15.491131327192498 18.678757152383085
58.705370623375174 79.52973546007264
42.176912741394105 91.16960685704024
84.01586238430798 55.74627020886591
90.66401942553894 56.1014615828473
30.524192996491628 77.10375277401405
41.83271360396653 42.30433703330452
12.49424866042277 86.18996401531903
74.64299788004637 83.22807546320284
38.42556254114678 43.25928144362493
51.46402876003713 27.624158645413576
44.59749378312539 70.56461774712177
29.97864661478037 36.76062978265169
86.19357591156867 80.01363220619415
88.58112377096099 22.382162851174726
51.805669921754 47.76830799519364
83.73680085718046 40.23550903187816
46.79222938420454 26.69303027735902
38.063119683733944 68.45911751520836
38.46554016485627 93.51557148357455
45.92048404192292 31.4295519522226
71.82761026776885 63.08949468688625
53.34031035189681 90.34570471018498
81.16211108978175 23.436196608074244
14.143458062769055 88.19985072354127
63.2389713459769 82.78372689188359
52.815219470376526 31.97795338180426
71.02875222182821 95.50725601222793
69.86335486030902 96.09599934466189
31.43586068345631 64.12509623956454
71.61838073395901 16.080899037184693
62.43630753599228 71.15259239462101
79.05849454987278 12.272961868799204
39.535057431268605 5.5172905462174455
46.79566975655571 27.669443222455836
15.023492612781874 94.73627663102509
76.06675997212844 43.6772778667347
44.05683936890805 18.688359868032258
40.42429609535701 11.655130195459297
62.3872508595397 77.8126779388256
84.92891161655919 84.80359583700093
50.204281346349056 31.170956573819264
90.32664477054747 62.80733006839271
94.76732861303341 6.606547463028667
33.86664642568219 28.472073119643316
64.17281138222253 37.614300625421784
77.49359797714118 27.369754253430646
21.407339184830864 86.60219341206606
23.077261414515824 19.90655515473998
66.04633599910076 8.30577166440717
72.35566326046788 83.43159707579962
72.32112088938227 89.86220092470784
34.41310523878699 0.3842644832605102
15.021695533399605 32.100999148545185
12.701101910773914 41.07414058480907
81.38660728382123 73.05665295989124
1.0337036124624888 15.112030779283636
72.68131688528679 88.12761561627889
28.650624046544937 7.69154026007981
80.20846440963484 31.743659618516162
43.60940086690249 35.1166858826532
27.49335679339633 0.6489782390515897
74.02411931267054 14.951221958850724
93.95526917175007 73.803111491618
17.262900446020456 83.93268173763788
58.34617535438099 2.243576617380183
70.41228056654634 53.06625417943111
68.74474270697723 96.30079896391908
44.493557832440544 92.10788794868215
40.31843775342255 20.934941342549717
25.017425534521685 39.989311738952985
92.65058051721195 66.99374141946097
12.335981564544552 18.254864237552525
82.95572834490977 21.21750380245141
47.8176673803498 38.80294725954705
51.863300406884136 30.836382323555643
73.9199454488014 7.979322198329708
41.70037869542755 61.95576004310793
27.500421549756226 5.030848113245401
0.648896288548384 76.34827271719608
23.610891588247963 89.0374692907579
65.82948560571634 44.19163399840896
83.60452433052504 87.29485296337434
42.51329152426728 65.60397016363846
80.93017178738931 19.02123797270223
16.426226343059792 52.304023669888636
58.392070054330944 82.92434842958981
0.8289647442071835 84.12219453034318
64.11857741671818 25.094776112472918
11.0062577535172 40.056538576834996
61.82330009961331 33.73384344710749
3.435602593284448 56.44798441170982
50.74812328450222 55.57684332382742
30.296000106469368 27.71525104612508
20.083847351426833 32.800292369369544
96.38788523749875 67.27845674748552
52.68860717404101 62.59288992037803
28.242356725846918 67.67003793497032
19.523664049479827 59.82335436330736
63.15752035047605 40.389838306776525
55.37929354591835 64.90666784543406
2.0056857672025474 18.6151328169078
78.09165829085191 75.97067676448212
6.7044910199874135 21.48824115617145
13.147460250151056 21.780239472377726
93.87853952889932 87.81083223684138
93.99023583677098 89.91105802820704
17.945279118752467 89.07838647847926
64.06588163670102 36.415762702468854
91.99539151883896 71.92659532475233
15.608969124978245 48.28328812058916
54.133196380436225 78.63838134986614
41.9077266149691 73.0549480503371
48.50513709276621 78.45040939072085
52.717219038880735 41.175200275963306
4.743239305674751 77.44465062896676
9.2547877932865 2.4819231762310823
91.2885908691569 0.5929704449598949
72.55354178010461 66.12001993369717
36.79811111684362 30.903120026609287
1.7414655508160348 91.24858532836765
15.190232451953456 4.140518543222649
6.920406427829528 88.58892704026276
76.47681866387605 89.18198813342555
71.24067570087789 59.07270770339325
28.665487877171735 75.05608885757309
79.52944302074762 20.135165248790276
64.17290777591481 66.9023971423648
43.312448553586904 67.43736603126361
93.13821822360414 39.22044040967546
2.1561896032871286 95.2305769217363
65.81871537093174 13.724180084943171
78.23358163867071 58.66546183489339
20.96651321806403 30.89363673309241
4.035603756542782 21.901394520065832
39.17320153357839 87.17851973758398
25.55126593271302 37.09560970021937
27.293918416504003 72.77142682075853
27.089029606039638 38.38744799967171
20.31804557887532 86.68582867405456
8.53026169253237 49.45804760764172
6.1328292639127095 84.64807890460483
10.37060211910057 23.793712370387276
3.1721984145581805 3.2729542160914504
80.75096889965067 2.1110419367654787
48.821450800105104 18.77181403149697
82.94302357565748 18.48903872465354
3.7316495328029053 50.070133394015045
49.77852276621193 64.74155163752668
51.18510376514565 62.50687321656867
10.064852595644991 26.43917397900014
38.85739538541525 99.81176894802606
20.740688134918127 67.71332974919176
57.20925208979488 50.43667702679174
63.322501921169696 86.2809866630644
18.196274086631846 54.55560737666768
24.535094100232847 92.91700700701597
45.201559993722505 87.64756152828917
56.02061946725262 13.081446094325388
83.47620879355246 19.648531345931808
1.5250810459382258 2.292291531731294
16.25613368974562 46.83337802639901
24.18922139484686 3.7562763392038234
43.81803307960336 50.51167262634932
36.4281015307677 66.66385130676815
49.27270289712797 15.469199189625593
94.55582902167332 75.89356662568147
44.373698930576246 99.13076678330128
75.46368036980427 18.569005130585438
45.970865016415466 40.611940847157726
63.49124432260756 8.748942540111127
59.75830905292591 97.60657196943296
12.477092226627896 8.711477730045825
8.576642707651338 42.986602314318255
23.336884274017056 93.14613696463788
58.99327379118423 79.66676948088329
32.132533549655165 63.762146007831596
5.822484053320265 73.44692177498695
33.609436815929115 12.684815082595314
70.98178944676488 2.2734244490949407
24.9463046828466 48.26939868143493
88.10242609198069 47.81271923340624
92.19802729087718 89.67009231019793
25.658412043315025 2.6911230744655956
0.4457581082348394 54.54845427352733
62.57453833396104 7.9610403353451265
12.862414348871576 63.31718341754864
27.212618054916106 81.402352920995
52.019294649425326 15.037023376622983
61.5425808807486 97.54773083998548
75.0326930591926 47.71581541066355
11.523107853303937 27.435526285377954
83.21149291580534 96.70245533272295
97.08004422914705 6.665886632534656
71.31381376670008 48.398633294971106
95.2594762729982 62.37809671002745
9.847551316705482 11.750822207996281
88.0454701077325 52.88031893100581
68.74406756051894 7.532227885141163
24.436125699452337 0.3826205052276488
30.850992163584444 61.16915413902102
61.79954126395384 76.80845282944992
51.78655273950458 32.38636076950271
46.66994025957312 38.183102333882665
32.419332301395485 54.40743683499516
82.89676632073551 31.460976139105835
44.024458198616436 83.31441357634004
29.726166663623054 82.2612797520504
47.795929862153166 3.79389583394667
50.11996040527933 26.213125679488304
26.555667612759514 14.252401368671908
21.892108775796583 65.43220173722933
43.53504402151944 45.619214650160224
77.52966488795197 6.1901563343012995
93.77212657164165 82.51360660172891
68.22663687251122 83.52624207830364
41.9741854288064 1.0319346367444693
6.212687545745855 6.793878969086431
72.29843921813936 8.376746248156463
54.74977363876753 89.12703405624742
47.21025122567717 48.035902851276035
10.942560917064837 80.24286829125226
70.73532136531348 2.7723751834675348
11.868978169735634 65.82353185856297
84.35810899966569 92.00785503941987
22.737597271011765 27.99899896139483
58.67325238400329 64.58485344126636
9.591727321026045 35.76096844261636
11.728384441438699 42.27543170428842
44.692579761952466 25.28931361242345
16.80609027096638 59.0544776660492
79.64097912511642 73.88036007459473
95.6872292809476 6.149963391557101
43.96872803164901 3.8727774433334416
76.79565269399986 56.80227365051111
54.80936063436268 25.2165309303084
85.57496992317385 28.119500721161973
21.445239585498875 34.91261100664729
35.853373779129825 62.71360759171431
40.28246728257624 96.47330118946684
81.08027002768337 82.34868892648383
77.64910498289119 99.72189424602182
41.83953810820608 11.880104814398607
52.19780240766945 26.030542376541256
79.15016070705602 58.608618455114545
17.0264391452302 5.418295354589297
62.38580502729457 15.991219019255388
74.91242447740728 91.73804533378458
49.13861985570033 39.54147893579356
55.17902811760087 74.96636784523415
36.0355935404975 73.86246511539764
55.32536264396235 4.6345975529966115
67.47438305186084 0.422359767007352
43.089456717433464 42.86670447144982
57.275352955823244 15.109914306877204
72.23818032697473 92.20106477902377
28.733308874271824 19.69839427327966
65.73869208314062 37.48970223674131
1.4251036236490155 94.98285356171657
14.732031792008593 37.880745349127146
42.12907463278884 16.463006158358173
31.718278084446794 21.72153655729251
18.32363592895009 29.01775304698949
70.40992735226308 43.354500586447465
91.90310655911425 58.42561362768289
52.32730025246285 32.72132848679
49.48922082957144 60.11337562794782
17.03052050025934 83.17018824823002
99.79006147978944 30.05386621381173
75.62430130946615 67.45329912344651
96.63834576646721 97.13279634703329
51.923709635232754 7.357945768859919
99.67248086778278 45.50466907895395
79.8403976229713 65.38983776413
29.728634752660977 4.433304117265802
97.70384498080578 76.52558984206429
7.473202289999614 40.30550329486401
23.765080307537012 7.370563060935531
31.64610075964045 24.28485032182246
71.96885645126262 88.63672947761904
79.16186531048353 93.61506162457725
89.63852909264389 9.218861451798189
44.90561472694855 70.60426790148765
28.426379744628637 57.806130046977586
25.234061206992088 81.18068425483558
68.99178506179352 11.399359032812695
42.21785469078614 41.6817013269877
6.6001918882790385 4.928901132812369
77.66893073769943 37.05627442033289
54.29981925780989 80.68985574288206
24.838281448985867 58.33150514557776
33.38253129593578 1.6033237747818951
24.28619972432845 2.850336122683461
61.58572800483862 99.24493603860985
77.52632606308293 73.01383231748162
81.54663366382896 8.773752315003126
94.21401972138078 95.9208665353811
21.519286230489687 29.999243319299495
58.575700146419884 96.97613723142591
91.13389719660684 53.22466134716358
44.07468315694669 64.28142136139155
77.96015375698859 95.06275041012672
79.20856983783496 90.14862667681747
93.56523805716772 1.2509128521111634
90.46467907374745 35.918533840825816
69.8328214619075 84.51872495541039
47.68814807909033 72.38837796676573
97.86743672166756 36.24675961699717
95.10584556602706 80.7680889002218
27.15041467097499 24.258495298346496
37.430161913758866 14.736245244418711
37.60758065028842 10.955325592220277
68.31773329477744 84.67614476221013
49.712723683738325 97.81560938263324
0.8625227043929429 80.46547410455774
11.709107894857008 57.05293934650306
1.7732287749239295 12.372978292303138
66.0743541488749 80.7501986572042
23.521010115163456 99.36629856689375
24.208618685603877 21.388348539505376
6.90657851928691 75.72799365022102
96.30706568785158 81.25256237175039
31.34981072508234 17.25340192455992
3.994936754982814 59.98160745748742
34.25963975831107 60.747522195558666
94.74155052583293 32.35971159258072
94.36755509284825 53.90866359704679
30.471059964022697 62.44831451744566
48.808012806108714 16.196444721617688
74.26795614571847 97.71540901305652
35.938411762033354 78.88762391427575
7.886708385822083 66.17396726061287
98.64284987398533 87.94018789410705
31.11944370844949 64.0724184283902
34.434865445881414 72.0706644318889
89.45726525767672 77.46088929874023
53.095581921336674 53.03159832210268
50.66647960779061 54.80360806712301
99.71402460654934 91.3702530084905
84.63008752509958 72.74322226075812
5.498332102467307 57.36926226437955
52.30886990854611 80.56538817621622
11.341625624556295 67.23229152178467
98.14047077188015 55.09532972267984
33.40348809747877 28.83460327811519
40.83288774282675 52.16459323899705
51.22340306236541 77.73059758973997
96.00248149735113 26.402124554683216
61.62739997928751 28.044715153510936
8.38140750563916 37.58471060619534
91.66581804074573 59.7586636029277
59.98026300303552 69.86487509084898
10.787874313949452 55.58479290099573
71.32897957111119 70.2549329696662
78.66183176677899 89.72272227174541
89.40319821142083 35.68056534353593
27.141822400148808 62.526435067273376
39.91711352752384 58.01697408834679
18.849676549242332 81.47846687364404
52.80176132466102 45.11630383805991
73.16642999065415 66.39186095406332
76.27706855273652 19.73105682312173
70.00915687902697 4.079477071397175
52.93604157322104 57.02874285253059
2.1504344400152586 36.45820642179923
87.24980998253513 29.114722946567774
80.99016380859044 94.62740922335044
43.41859050989871 34.624261614540394
3.419523568087779 26.824882906927183
15.389352960527258 99.96191416274563
86.02527865956853 8.325784518427415
16.193329148376336 95.4864102095702
23.874307927546933 90.60197796048203
6.105231788895916 77.04746602703435
25.24527829395824 59.23990907521133
56.365447061118324 65.95519622886627
7.258988559576151 51.36668107720593
83.21185102402248 47.9483624692007
88.89484565322701 89.26282421198229
36.293909358641926 0.4165899870487766
28.79240567799005 86.05838254216314
4.161442665231996 45.224471063939234
78.62692016103578 30.710735275041678
80.22412021093304 66.9193542168175
58.83829887964603 77.56052288007035
17.900188513094495 74.83512905613723
87.23778033140913 59.926453888089156
99.21587663994906 52.71349247315478
65.8554126709802 57.40362040628628
91.34878253764074 96.84633891573262
70.1677740597741 64.32000131415647
34.637679354959104 56.82424396879754
20.71412617324554 18.890369552492427
61.52379259788333 87.92889810332409
89.83027050472319 94.79474153995353
89.06258936196147 76.7344343707557
14.604509407839839 98.42025264764469
11.888149975932116 42.394052981550566
