925
48.752744174836 24.238689873794716
17.226832019281158 34.92436637344669
42.72424649957265 72.99548589439759
19.554888409708738 3.677113952432609
94.52110665131376 9.79732366535675
87.18399689418833 77.40492205465237
33.03165475715784 71.98436856357708
73.08058840222408 26.50983770401948
7.2420279701357115 48.94605521933224
74.05535813313986 25.43572496719203
97.37720474624321 47.24116002700794
25.750647082041333 45.50060108105387
3.343362236235081 66.27245526410394
7.025534267072786 16.21360081010871
60.14063759529743 77.80942398721247
94.7742660003854 90.03385822269655
15.429191816703035 10.60763549956275
97.23149786791626 54.297963147670444
46.223995487095 53.028501734968394
5.855029220711783 73.42944595640179
82.93098537862193 48.076614192459154
2.7094226727244264 2.946214277606518
57.1009379762806 7.1658458087495935
67.87817552620312 84.78900204411653
24.365884165354736 74.49085269520548
33.61729932487585 23.093244982320638
36.62426034085375 15.9249745710232
70.75202564404395 83.81019573096961
75.42872324949556 55.27923925637337
15.133073443029609 10.441693339452296
63.930113923736386 36.55067326410474
6.9594482443569134 64.18857204289921
18.179144457655593 43.24252685554375
19.46012974664878 96.22926315797358
56.57322618875054 11.312082308733196
49.56303092423218 3.8262011004337793
11.797818537656212 71.0035471020641
17.132300913513244 12.68911480772884
43.38429222439473 81.68439685413811
15.447172731842729 24.55140242307087
57.20071050942385 74.02732138296285
39.445016255738366 79.38118577262851
2.2884053627879375 27.066555694841334
26.447626797253797 6.431507574743134
16.898795799280197 68.68288553814449
69.54717623826893 20.100396893060434
6.335961364587128 96.1873945024812
32.342050478690396 62.800257355773304
65.23585290332935 46.15069664816057
7.112252076427117 82.53776446343095
46.2356957856784 42.30594494262172
21.35700976348396 66.69314141848797
30.601593533173165 90.95797376242467
9.466196818433692 47.254689168591845
39.77235548120667 76.01476145227231
68.29588130092388 34.53136604127124
47.197232276009125 44.65290388258146
45.99400918157007 32.686165172758905
45.25852962792478 67.51316612428727
79.59667855219314 8.87728350578798
18.8334141719543 91.43061068222754
21.163734948208912 32.690237441898795
65.28753855391278 56.08930095624925
89.25683941177628 76.9640271478347
34.557292596325574 74.92604377996273
98.84071960630942 6.96160317914204
45.5600700453882 8.037855895296953
36.31507554020411 37.78193104383841
66.08198956648847 79.23740930024007
36.38157692569819 18.76511666109494
23.4115818927081 44.89420514406245
18.86303161346521 89.92862574484231
33.76565504505348 18.758708446523265
16.52705631113016 31.437158577820444
76.79552736316559 19.906733939970067
62.09887179318729 85.92924360733645
7.628870245811948 0.6792927992788966
73.32181856565428 54.35237872226845
18.4052233738042 7.989058953119499
39.870369616388246 95.60104324514141
33.19680082562487 96.0339987669294
84.20102437805825 8.856114676551808
8.860022776876653 78.78208626418996
20.747257672740105 49.37533466442658
90.79183341100176 83.56000540063701
28.351029715937926 61.11483669054921
57.06976201070564 58.559849490974536
4.49394773220626 58.90366125672762
11.433703235369597 21.116124617858933
24.71642368893826 5.632877072830822
24.40559895990765 52.45029736616221
48.66140316879019 47.97051689590089
14.700858385918592 78.80444170800885
75.35588475751307 85.75602041187817
50.716907856804404 34.254632993148945
89.82167092683912 54.28011918549552
31.473624917467546 96.73037526911962
52.67848184979369 64.06160608997796
56.969540606891 66.6185971929065
77.38260155413676 18.202349111955918
21.56860925867974 54.823799486476474
74.99246420130775 1.3196213001009371
29.778063032360457 67.9878795030995
54.76530778023814 11.195126752980656
41.69895513949559 66.21399648634132
46.625229825886805 18.21157503051315
98.34051865967743 78.08651434729333
45.71953398705294 43.04804410178457
74.6469723641933 15.712554438067738
76.24293610008095 65.65032972982152
21.09901238661236 37.6658405821237
38.987202940419195 84.91224010104044
73.17224265674388 41.29062721743143
8.318175232849946 63.28843650270331
69.83788068987542 88.32820836918802
96.29396399937785 97.14017519641764
78.54283321662581 48.709159260218705
20.161543571050935 19.05528315593463
39.05503388120404 17.86357872322658
84.67340092228933 40.20769765854815
83.05500451655496 30.88539078367146
49.70683708932011 50.88355770024434
66.2961310127916 26.472535243884863
98.43237850644792 98.49810991948794
35.641505596457016 29.271762841148828
80.6384445698243 87.15451101360763
23.515683933883903 50.85374402865612
9.313933344740665 68.57198247501249
29.700797282429335 50.78304734830513
38.93319131920745 90.6589929421717
20.860981996439843 66.58937355592272
5.1027853718490395 89.77241975665287
1.7062729902685425 47.172665530831495
49.810920465696526 97.19412778934169
1.8889490231731143 82.06072414560039
81.96325344518243 26.439011839778882
78.28623459889732 23.621556684114566
10.565556530893117 34.97400222042175
54.26675947978652 61.20966475958895
48.601078243179686 62.08635718071843
62.350306810991626 86.44895383193224
29.56046947666503 1.35123961146425
66.58280358117045 38.19814003969262
23.496211823652157 19.705836750025373
9.46690108939363 98.39999027411436
4.192899889481971 38.55085140807838
82.0732410809214 25.50314968313434
34.65730827455964 66.80491055169333
83.10450221024645 0.2551707863031272
72.67106739066304 77.04377659264779
24.72377820271069 39.19462814276101
33.607232684092445 75.62882348958802
63.97878557624115 2.791847450774798
3.1916643403832157 67.21816983581441
73.08205456964765 20.79021395704289
75.35914521580295 55.86407581001546
94.47250826817336 7.9071940445639814
10.466103028401985 10.810752963594261
17.91065984060829 39.268333196122974
80.67234936196148 7.669314523121318
13.55308813464714 85.53094863802227
44.34017173213736 68.99021810746888
52.09737589249944 65.41856699443183
61.04304558060001 83.06101427154744
10.754967798431004 44.92198671987171
80.15869507690378 55.848100838777256
50.373724443046 86.20666106276327
4.685248262894914 11.211511513356232
63.88319972704457 31.47534905341095
20.31030811184594 42.771453195728995
47.14295035856709 33.66985214505338
22.351810034935728 14.569356962049863
79.8637682740067 95.28681530078896
17.923830030739907 58.37541927887134
10.747318570476983 88.50298909259344
51.0510564898078 82.11406811530208
12.775811224317923 80.19267026412717
3.7007559525016664 57.382450569610945
59.26714999972389 7.860516387776828
52.692894644454746 33.05109480692605
56.11981964863979 3.2697206449813554
38.8281016841448 12.087407117668981
88.50171766567385 71.84683754508896
73.48318401059879 10.876288885764463
17.29340325596923 90.98940129076955
1.1961975833043703 99.46349060368853
94.27984555144799 90.48839970856238
55.424544268848095 81.3797263315172
22.436347788567858 22.955019287934697
8.197072014120932 79.50110544125916
93.28493936111558 43.12727046069919
8.448973150661399 67.36237692843487
35.74200624497104 71.1180851978856
45.91510006717465 7.9961103893956835
99.11520167972415 22.935773094408983
44.37744608615796 93.59007708867891
73.99840471905068 48.06722803111454
30.701876902846557 89.47749049477684
45.83993356269279 28.595083432155867
20.260253833754206 5.507525883916664
11.156077104497243 16.811054569340854
71.54057291723429 17.629504898134098
2.264220214310597 97.10307139125509
66.04242286628245 42.12631293739059
76.83329288832252 72.64814250924441
27.51756882140016 70.63301544956761
4.848456557438608 53.15380347571428
72.69248731099177 75.55428313731193
79.89303928503172 38.37461543482459
44.447371224380895 10.91206058754196
43.26487743823782 51.73128594372126
75.35092687524582 47.96613486460563
5.103373151960389 48.90486419747444
6.44645152831661 3.834169331466719
47.831943000819436 48.11491109337831
32.831937568098624 9.173311334132539
75.29962585297973 72.299759884836
50.60125629461317 81.25515454469651
84.19860773795837 60.52643074734244
44.47536639475046 89.4991717799379
23.310255004939528 29.138810035518492
52.64316206225268 94.03879973881355
26.6142650386877 71.02608817334823
94.08918487172387 89.76949266868661
11.130880095599672 80.22449543054515
83.72762414200515 6.878013300646513
1.0877480654030713 95.20424120762449
92.85474986032632 40.4442818033032
81.49854136642871 21.21549335358087
87.63995857737225 11.86619650888866
61.895882551510525 95.86157147701677
21.802602026867433 35.87129199269279
45.86194687575197 13.931143757239795
55.03135096682043 99.92204186453242
41.410476104749804 44.221984755374066
2.1969007644889182 52.411821173329876
84.00122384857929 11.860114331084237
93.57900676499186 25.887772979206947
3.026716085560499 68.71945209686027
8.62066113514085 32.16177282297807
44.568700937534814 35.98108501692984
88.58341700130798 53.69111561735473
80.11005026982025 12.889005943692089
70.55046742215603 24.50314475167321
20.071039678266732 53.916694573978084
50.525675229800726 94.86024450518815
71.64788841333757 0.8773209003501425
39.47995988440059 16.4535121105185
66.55031836847542 10.969871359352934
69.75040244011173 5.115375906477881
41.43531250143766 70.06171218602927
16.169907572091812 88.48394612914167
92.33218678598098 17.086810490053384
22.73469105672451 65.5605807499769
23.705262793395164 28.318483614290678
73.84215369828243 93.26555535429611
68.66872623417186 83.62490546460761
39.60385265844104 4.914660835804485
40.0713062550629 61.34931392831078
6.815301683905151 62.58553292545761
57.02621609530919 97.77766282964589
84.97143724168825 49.96897542713064
62.416701212777035 92.26128955962906
29.18108739544134 50.41468282983246
37.21479282317791 14.576307329333115
42.98372980984016 58.40873802809651
89.51745919011644 70.14208771699732
17.780318091173065 39.05942555715455
86.45686079903115 55.55756846506822
79.35977247342785 52.36383910293113
65.25122784259307 41.36891215605345
73.76620938173197 97.51243757952275
43.17824566254062 96.13423648356026
47.6457063362389 32.484594233515686
8.763042313614688 86.7627170286476
85.30425578732869 14.760491512051722
87.95459796969081 59.18281822342466
86.49305735775799 73.08944806999631
68.9948326659391 57.365633671596484
19.180656402761564 19.62350844458515
73.25888227823768 54.6385644977316
21.184830164458155 98.87085183088256
27.9488278364568 97.87213322806149
13.534507001866814 73.91413749855421
16.555925295260455 5.788584709669154
56.09372405032954 29.164315494400704
36.4380986472495 0.8794725630085432
43.763121202813736 51.783725872456756
82.17041496854304 67.95855274094535
52.95792756412007 74.04242922387684
76.13295112416165 36.25209800492626
2.2435115979392184 79.45654738264429
35.35564366764028 6.426811071903105
98.60971233661519 5.353856722885197
50.97331106439984 27.178417337233583
4.096325589513173 72.23971283208671
78.73846426039997 28.628494761376867
5.2432558313907585 47.432163222744585
12.065583346350605 17.48871443440576
27.92175485528523 45.81152220799939
80.35234118077875 13.122220862323042
86.95974486530356 91.2115306308645
13.50195085609287 82.07816950668119
62.481690817722914 35.0479315534803
96.71374525411899 46.604554640022286
56.34014372607009 39.03349817490985
84.27348703370286 60.33287317697942
56.12999699301101 35.859843667778335
25.623617965236768 72.76420450773306
52.21588360970174 89.7041355763777
95.82212868146681 49.27048291032274
56.91817955878386 11.268806044667413
6.86772566052124 67.6694439294261
58.21654073086703 63.73932113097632
45.2386499177404 91.47775427261372
34.48645571966538 21.980098071738606
58.85638071669729 35.93297526193613
8.015418203997926 97.80747816188878
35.507142501847575 84.6962827703368
22.85988385602815 47.37002757034479
39.10752122425012 69.61716775621842
6.352644517032169 75.99825990309199
27.065668254033028 68.69700582180336
48.854865371712904 42.923100851357255
95.10081528793054 43.601385883540104
23.828049123896577 3.3968505478119804
86.70641616618123 77.58720889914133
62.22662554156274 9.77371336108569
11.383413270977005 77.72277858216444
74.47058806897768 33.91448304598011
41.16068530325978 59.19308915592202
43.31626021408091 46.9096902440216
99.82224311409155 11.141318962414582
81.71663196395325 35.36984133574489
11.604998408897826 6.974405357285751
72.51892240161607 7.942095695992446
24.39576234584332 44.27523216956148
2.7101592441837297 83.79485194897633
85.55458870173265 70.41303573431394
38.07592349160739 13.332280395701746
79.5569346787934 86.73725297798109
69.4991445308901 18.469707492219978
73.6306642183709 16.171226354487644
69.64135338767075 79.80723383279351
39.48123554276602 75.21653462804998
6.154077355273979 62.86284880255978
55.85826851497002 54.51922130707412
56.48166545518449 53.772522286170776
60.52673780945852 11.122041669556658
54.16897447694684 9.033131580361287
24.796843673845416 8.889486819793612
69.87102024690057 4.457514077350622
84.27979731686388 65.91284270721172
14.829282258972675 25.617133578888108
61.22657361505849 28.695486512830204
41.89242575448638 23.704090334337657
28.35690532261067 59.14913546771845
32.83963059991818 7.249133380856265
12.907286180039822 92.49219766958448
1.972323544767729 31.925491262137385
72.00244598529716 28.18197986521853
39.5047542860062 16.070296809165917
95.01103089017325 13.024261092063416
65.01941394672886 75.06552465341713
93.34665671685222 15.171387752907838
53.06930119251446 25.87571857886629
46.63285190933981 31.390714581872093
0.6124714437916623 23.043035172744773
26.59057746704593 70.18513162365795
4.348236882168511 62.64960723818211
79.10141001789833 68.3357050073502
2.841810574662995 32.83237064052855
58.01852749499137 15.905155734035192
10.164303719096246 51.57442343915521
83.91324525026207 53.80155691551306
83.03576348940534 14.835856483686571
66.11474859863873 18.073785594202963
54.518224667880446 5.156114428553515
92.40403856564056 87.87534662784886
58.08582962346214 55.724693977036544
53.013711999851985 78.37931684720208
48.384876504005966 25.036554729536142
16.606784053237245 46.30596516238398
4.8095448674782215 97.35899376360749
73.13656932501945 93.27918077017817
17.106772928297687 8.38769646523103
45.67598209310357 49.29206489839181
5.803536282239974 37.10334064508739
44.84427986918285 84.00672974462749
69.97273713727272 68.13575254049002
77.06555965697657 98.1847684863628
2.718808603396683 57.33307154222466
73.32535262622912 35.2779391316012
14.635252425096024 84.35407845542422
94.4340596924057 40.23519098533078
56.97815764551547 66.57102112935166
22.81569175475624 16.343647188850674
24.59634076120033 5.5829328157996905
91.10267590082294 22.783652423446952
56.427137993707944 79.69011609024696
85.7965095392411 7.26629478648907
88.13217453918897 8.552261524610472
55.55749472817494 28.033990850383294
7.775319345211351 73.51017929678247
32.469158780135324 31.883770344125995
42.29601651336539 14.33876950953853
19.851772408173684 2.6196382847078814
58.50526935068352 6.203205429525227
67.31966202064518 64.7611934477366
9.81285569393744 33.45342995015579
11.462600507622378 65.17998400027237
95.26457627204468 83.89624377999385
39.200518905312535 67.32742438755889
47.20138474587494 20.620877530183492
28.598370939565598 26.09578680944007
78.82429115951125 93.00076961379227
34.604397653199406 17.49401390711013
4.799685672082776 96.10455057881144
90.59921063108034 85.346948918076
72.02681372911337 68.10014537091944
48.68463554838349 73.87115627562343
51.81173227941114 26.035130248882588
68.50517211201367 44.56242452827871
40.20492692910679 44.75604297514438
93.85682113648186 53.67236233854828
33.4883319521879 1.4719676256058412
21.035080206179245 22.705785352627895
67.34861342710832 35.91829285092112
24.78359339710042 67.51592743164339
84.00852274853631 59.31936446240017
99.17631878158684 64.51440695220313
53.2050572756792 63.22591912210738
72.24127946766153 75.70184643172875
9.485068040939748 59.401466860490494
94.8220742441376 62.678238338512585
83.22809358741259 96.95692407653483
7.921313556935283 85.53194436340871
38.9899290143582 97.84442315221018
21.70217568536803 48.81106680262548
41.11921001946877 65.39387409028822
71.23729514888933 98.58183474349188
68.64153469500434 5.022389694437579
26.57065903733099 75.09351474297837
21.534165561633667 40.39463560987755
41.17463600297797 36.89536808355657
16.85048210132273 80.77529356601038
81.00812910611239 85.41888661999234
69.94668415171695 0.12057730573660219
28.707646298125145 9.274130790874535
77.22235991088762 15.501463193125065
46.120296297038244 99.11125514676586
59.946670608393326 75.02620961098523
11.458604619077784 1.2578789162610016
68.40538013032523 64.70126126389161
66.97694593235003 56.581812035704246
34.195503411130005 38.96657146221685
6.565363834363502 27.654235743781985
23.962395410393366 27.760413110915984
14.273662554079136 73.15684825360596
27.676634869848026 37.61633042705939
53.7089650307899 35.24874755291595
35.024118620366906 71.27216641269877
14.384959640338192 8.882336921816215
12.83678955646933 15.99057095303521
35.68292850167515 10.36167736934457
53.99004267826248 46.76472357732824
97.42162624153474 39.782088408794145
34.30668459646127 34.681135428622554
58.2147955357247 57.97905772158964
38.81645281971804 99.12714197905882
6.109964828734682 80.90929673945598
97.93417101817946 98.25677611845389
87.57478383317601 77.92553069945784
82.1813271349466 22.3996875658243
27.785750504067664 47.358884990668194
18.836890425092513 92.19351242529076
36.451779996641974 77.76356761210505
77.55289547758557 84.33394954704872
82.99717327534817 77.91260669814464
4.505196269468293 75.91966134971948
83.82091796003624 29.472482448912253
22.82230210195936 70.04046624380948
57.00402154165545 34.281363821946655
19.480752597673266 63.189875718698275
31.061338830240725 44.76561785268897
24.402517013451654 59.95311710191723
32.51422081394407 31.160553387399727
67.4595555859739 91.0440261865429
49.70481773925353 48.11916576838122
7.371638302493578 11.86999169419144
0.09653020046406224 5.355090950553487
65.20803229595029 36.490548869673454
48.70174674965592 17.22340831186613
25.320433598800886 87.76590165192836
10.822507264440716 87.27230543696255
23.06483073787412 51.56291976039793
49.91057239764236 26.496289990562616
63.953321994481 76.16730593370335
39.12475281885093 26.39444625553414
58.378722324457144 93.92605196099964
74.27940565905962 35.64184537928926
10.914940967665254 42.982815290428164
98.9426183613587 83.99739655615079
22.83206784625209 97.06921025535219
32.503661529983255 78.54628127085694
26.581515940894583 84.27128281842128
70.8560644911851 78.59291179791433
92.28030424787853 65.77831033119325
97.22136935982746 15.32612042109658
45.33299490220853 36.7653256296518
43.202587440566106 86.39753080077132
94.17532303920414 11.945197737517843
6.1636711061012655 94.10807710627776
72.49540717645996 28.765221363288173
74.64933411878279 37.699546608367186
12.73140852381881 64.4537594249343
37.775785383325335 23.77905119913908
77.8521980130716 46.38122818196013
11.787348659707186 48.426343445895014
91.03810506517158 3.6626892571570813
6.70906464099863 74.52278719072943
38.22876731607027 95.35335952070744
33.36627913634012 1.24218400834617
12.68464950518765 76.87828772225569
36.15836442711065 52.66075033437176
80.11707261943826 36.70225934744349
27.7750525570861 0.8523718173778283
65.67171641816186 20.120111798550134
73.64743548822959 9.381375319331687
21.115882535526453 64.07470366286078
66.23261028017747 54.47407142558416
57.54487586121115 59.913466380173986
2.992740244203096 44.95906605219775
42.84653935202266 62.32640958041813
83.19681402154202 61.9206669679634
8.299980497955218 37.335375064359745
65.02756572949279 7.920588720931954
13.228564466928471 42.864289602827185
35.69184484109448 93.58761519355053
18.322772007899403 50.56241428137221
36.71734300582674 85.28739467837025
67.90527972085543 19.780940729927444
70.4011610994424 55.58534649415936
47.37184796676402 73.22419763825833
63.21454651104313 93.30856263846371
75.97933518382405 58.03243376319801
76.55828267017749 84.66823192748033
68.04607997773923 65.83032517605899
21.561901527528416 17.67124327811557
97.89587503834903 63.78116088448101
91.23391343902925 99.42233181479702
9.939716480049576 12.743414370066352
83.84985248754863 46.05362171207534
16.874631758701465 89.98553045182656
99.28613765395454 33.28357064724642
54.29696431266823 26.598993017530148
47.81279608110998 8.215723147312104
36.24340451699835 63.480446327475406
10.237921837234754 94.0032349532068
19.192410173213514 70.7750751086151
49.56341858484483 56.31247186336714
21.731366439827447 0.2370487446531122
77.1097874332432 48.951034506453404
49.660096744425864 99.20373175447507
98.73441235231782 26.45037629396204
64.66980958850124 15.421739714536919
36.786116768709576 67.58381471302035
83.68180630245632 48.50628254214012
66.6090903180865 24.659598585489007
84.51950901757745 76.83654358724546
45.11844258121741 6.757969153981291
92.3121519763486 23.175061524460904
7.724808366622371 44.6115295344914
34.83855405478407 88.29153218685447
68.82997940183004 81.86383394449547
13.308628497588803 84.49131744923962
40.1604082951551 2.9850811266421418
27.579462292289016 36.47940119342091
81.49732240747105 68.56010884316251
67.94731674107611 78.9199735641466
91.0178323207073 94.86598950761879
1.688711820119071 43.318223054482964
87.2159012533098 11.597586884487232
97.20896498709554 74.8532265191105
58.35470236736171 4.401197023544034
92.06434038575483 8.639273099102162
13.027677274144056 12.649612451815662
1.7925986217132817 13.993491249109235
37.61798795059287 81.7288755536963
6.183564034652056 36.73143781326983
29.35875686471331 71.11867456179539
54.02201808254249 88.1358288064808
75.76437996132826 88.1901766552869
4.679924652097423 4.2174047410681315
22.2320583132092 44.093618353291056
59.58577641517917 93.71972009411708
53.69184235156346 47.13059052467082
93.86112312619976 29.899237216825902
98.54832640183209 47.514443699657875
67.86333880331605 25.123995231354947
12.651304688655351 18.918680499614425
27.46677608514464 36.36681994213304
16.373783708633795 47.56447426004513
56.424862501704695 45.1109629242618
45.92041064799036 82.75276322892276
9.063501477581715 43.47813325976507
94.58165908424303 27.02689390431918
24.233097011526038 64.37848119911061
81.68944229736579 86.98219410675422
21.47734981071423 32.03009841018929
5.704926111835618 12.6787487883939
63.282814135521114 26.221754052800918
52.49371828867982 72.42348351283127
28.042232236865196 41.194703748767225
53.15423219515728 99.83995559631194
85.50471496728824 66.25943943700175
47.371068315377244 12.156976778288575
77.03463541279706 0.12645239472363068
64.86813867387218 85.53749196226435
14.388249205982518 12.303114801215964
45.35557611623735 30.614350374039855
90.70781052290594 56.65982043800335
73.22115863735905 68.54578816291755
44.00370846663614 22.11131302166811
15.002310304104494 34.67514533029193
84.54401903688361 21.407703054380743
54.90227523968064 5.320984153994058
42.75048212121322 92.76908000966631
54.970371924356996 58.38954524854575
97.32966730828132 29.563652800867114
23.331733339362938 19.07209283937825
1.4826815730977772 91.69484075780186
56.7170269388683 44.7213840554639
73.16567128754343 29.180837271872797
98.46743049137166 22.54134092582546
5.363367291552901 76.80373793241507
45.89343954811209 0.6933970596037287
9.838930941297697 63.874793004218645
31.906497056084394 13.205475181792881
45.46546050593282 58.683576582098986
80.74672716709223 26.97788898469845
72.8883052329883 34.93759743138798
75.02577280928806 66.81368120358454
78.73201087829385 75.01119082337307
5.208206045556507 95.29565769258267
44.43048834475691 99.83011928874998
17.48717804933423 96.19563914384635
72.17229904748338 58.509577076831235
47.26433336779783 52.87259848565219
9.992444077801776 50.97577906032039
10.85268634260923 70.58076813020617
47.31875138159326 73.67280071338149
99.344780682165 32.13950828613172
83.60834607196527 60.2611571597905
6.917802961874841 0.13169735006616223
40.28649361842223 77.26067727458708
87.37116599431711 94.71773465457022
59.44105667714518 97.82039416109494
37.862972046950375 20.963401841226236
61.15600423412562 22.71267647910359
40.27282372765434 17.86010778701147
24.672077088735033 89.37393737347404
76.3214519809667 58.72214362375956
65.66556696649282 41.89884524336539
8.353026794457907 59.579230025882445
76.98011602812196 37.03977776487005
49.64341468044029 63.42609462574556
22.60390709236385 48.262321096512025
68.52134765619634 10.505743688819823
47.6689949430228 41.33560294123257
16.506453995171 95.94600511931792
22.64827669065013 59.11915322601985
75.644675423627 83.57830524720697
54.31918526672206 93.8229555397084
73.70539680526264 20.43964327825766
53.92534897547077 82.1209348881303
63.56095418825349 28.38539947959876
26.09731653132885 95.46828677227109
0.564982326874397 5.501802726223515
35.08813407532848 93.67219613905475
13.694612607232859 39.92866755509549
14.71609814226198 6.201467555660045
50.30954803664076 75.49657998614435
97.26840556072341 93.77164378972547
13.617090429107847 33.61062390359968
35.34164417880902 0.018400043325406124
3.37199487492178 0.3735101136292607
70.1912559697805 38.87169052506585
85.37772590766882 61.866057379264284
46.61142059137807 10.068781601987453
90.16310828083705 29.508494992944033
76.20334962173358 17.607418473798887
92.69749084511687 35.32391322512398
73.30329635939471 14.766005426769357
87.76143950841974 57.599908655390465
50.34705671360702 18.106215550932212
73.01961453593945 72.41633691817523
92.41509202430909 52.335140362633645
93.59545994448966 3.53378797882149
0.04630983452660331 6.412604804457722
42.0741521205613 57.924976211649515
88.3345481200842 65.95742949618267
11.85331681329812 88.64732232028706
45.533262614501766 65.4049305825075
80.47286586415825 12.75274573077434
31.54308949201439 25.63908549261512
9.867583357991949 86.07770224706395
54.6298054223618 18.25219272729417
10.028533094495874 10.199797877504357
12.877614462204988 40.36158352995057
52.403539402565045 91.20954357621946
34.21728625935621 37.6754298057177
77.0487354864537 32.12630351574821
3.1847029644024416 16.970277181818936
31.954962250811512 96.99241606679404
6.580207576608121 93.02511669304756
45.35257834799182 59.05662598474149
64.99377919455539 1.3105555832969351
8.764784613490463 8.389839882132089
77.78051318158823 25.92250860977765
0.3118691666636697 55.03218012776391
44.048525127627435 38.79898348650167
77.89902859167405 71.30045503734827
37.40339913478382 79.20528690278975
56.13005442792457 5.177724197259803
5.392369663419094 40.99605240010209
41.94908700771156 58.4089969830608
62.772548847326384 37.758275477006684
27.283545266049114 53.56742825261096
69.95098455436342 68.14486386720698
84.70954824408618 60.13815815567889
72.35449268360635 21.570502270802073
66.08290228150415 48.24445371267231
55.349049472376635 79.07859151153274
97.08077078983982 70.45285554553415
92.73159682370434 17.390883162706405
41.871506863776176 44.09440511426646
92.22756180473863 51.265232094886905
33.60200835458061 26.683064953982104
81.45624617127945 36.159369078767334
1.600970630160481 39.50322825039486
2.8529151865683167 5.872728825577833
36.118879258734104 4.752417645134733
76.46793611497189 0.23522070478633195
28.817342521577892 15.812550159889227
54.63087874144593 36.368735850816456
81.19217744172657 32.15779370948961
30.533685533531706 51.09347208387377
15.755359767862952 33.58525762695337
11.646548570837057 65.69959761498274
35.71438656252715 30.095231425147283
96.57153241206106 98.60585238935514
12.64226731464283 92.79242447211197
80.67138224852668 63.538215937233
9.86389885613258 30.823281871909337
62.83157918816787 96.00551009166381
88.80253610049388 57.194187069542544
28.799188512866568 98.8073216741334
44.65381971887437 28.64102660331751
4.337453637566391 36.29694651046786
85.73398841029093 68.26516256146157
95.19997340644204 63.36796351896642
87.93971841583357 62.23173883598243
10.500768143890982 24.876934833433527
21.06851535067903 58.69367583042162
89.6474335168029 89.44488335625842
48.27534933322766 72.94328100645417
16.596053853317837 33.61866195320029
9.830967345086904 56.8206769216153
6.513161657653777 25.845266861806127
34.61500739755139 98.78546784572053
12.001385303263579 70.28311566879482
18.54040573892949 73.0711438046318
24.44651335025125 61.51543493275058
43.49264592927612 49.84572407982569
8.441680973446541 55.94498517812403
68.08252302620174 81.78921192546669
64.45438485099368 45.75143130554289
34.095483472517266 11.778332818190485
81.852625058299 97.02111895600044
15.168140282484243 92.45376344200889
79.53548491225526 65.01945827467652
70.68597550793922 16.6966481811322
73.87885040330828 72.09640567730862
48.009171394721875 62.80003341912127
74.59555726832201 40.710279412623315
42.56299332504463 67.71726698285777
73.89293959812595 83.9721870053587
40.41520809287993 48.24930239378641
93.61893744499726 97.42858471213057
12.825139597018353 85.77677553142004
45.6215721519561 33.24000012695609
24.95117095345035 69.52341514574714
67.4285522374215 89.85150494832934
90.4062889590881 75.14015810460288
84.51885910635664 63.688078804267676
33.96215126024556 3.898935623546762
94.44281933872716 3.0164891580100828
29.62151467611549 38.32080355055623
10.814564868967757 54.33472770462971
32.538234001541845 48.589178183050876
44.0463121831145 80.00898436160857
74.67938818337782 81.05060481213181
19.961000805383268 17.285058447595404
60.14053926325611 62.73933324947234
71.6267055579453 82.84319838832421
59.47298627786587 15.854794992855236
41.676824593010686 94.67362265062238
47.37461552326854 25.71871181485903
90.14571426169807 1.123636537861672
41.38154741991773 91.29852755272344
37.75822095349029 57.49866470589829
50.7195842852049 97.87353760483542
80.87795621026783 75.36897853450344
37.28293484340301 37.40551862062394
96.60646039904648 5.217863513829468
11.304592782624578 7.8993747467870135
94.7816021473064 15.89790324394922
46.65224582573063 29.508187625704142
58.86525025053822 47.78554107068608
19.52480829218597 63.864876555557096
17.372004475025584 11.37141739495744
73.9543033544218 14.132051711446236
53.62541129035068 36.84475700940625
91.27342044972198 18.016189784488688
34.96247128054423 29.673785086536377
81.84592312174884 64.0834141715241
71.48177325702473 37.40413093115693
73.37852151570198 89.6728730562211
57.979510077807106 84.21217184972485
81.42345792080467 55.535444609451964
22.43416815034295 26.119878964879405
46.741516237384104 48.579697406515976
95.07301000822822 8.17544266534348
97.26710348348078 47.37160127623671
41.75018434329946 54.66586419534401
26.680339258636476 4.005481291604795
47.1257254315714 38.30283400509074
92.15635603632816 7.376181174903451
25.66240155055072 12.506707579006903
4.62970213499373 5.76020439558127
49.12863782690261 76.95484369000737
37.22082731710903 49.95500671726345
28.655443666787917 7.832740313466202
83.91974360801167 94.67670622041877
86.62733023605085 3.3333400669874225
69.07627083004587 40.492558329281636
50.39853248069297 67.61977787899855
97.52977697107339 42.515031063944384
76.78193782534113 9.752502880365
21.03012948413091 34.20899168569422
78.28871465519912 46.347012210097915
98.17783278791276 24.756765215023748
40.72966807199309 21.347357302272986
45.95997981537483 95.7838655069556
0.7512169430182514 27.12682534956916
57.87595248631621 68.44276031166956
33.530281358678884 55.66526668613575
88.38747537168597 8.63973188426982
93.65860028798082 73.01198341436145
23.477745802657836 71.05090575497233
56.63258898223806 66.96601338611259
3.2001079245031816 53.16708879282837
75.96184229017283 73.24259994350709
33.111721523288665 21.26357497612975
16.928225615526472 76.58285923480427
21.514835493348272 28.234711885682927
52.349274927507075 96.74360972321911
61.34940380298871 24.46734234344995
69.82019101482628 37.03416578934628
53.178317379742445 16.430131214135855
79.5480682069198 39.11582845789179
59.187892212570645 37.63001812213843
55.8737374193516 60.875010497833756
57.623980200766226 45.217507868656945
92.28184353035566 60.84420495885672
65.75738867002848 83.12325165739087
86.16418923324514 87.79541292420404
29.548474746106056 81.78547515029564
84.00435181484475 93.4614306844874
84.57637482307328 20.855062649319766
24.078953610163843 25.489366181943584
1.4605492047112922 8.575136933281403
19.0817238212991 1.627949046085686
83.98701185264467 3.4535495842161867
73.70082263079865 50.18594072726509
48.58786625214536 35.06146068691566
68.38430858898191 47.120865225961694
91.88547602078346 17.699126052010627
38.38954646535526 19.568065729932915
60.42344451569669 3.9299175408604503
39.291819835065276 53.32479457480829
17.212445369732833 42.60466069769061
14.188229300699595 93.52694548407243
51.063666586542745 24.23019144619004
59.892831489555164 94.96309377426535
28.21750107270955 31.451891102472672
8.416429042403218 68.05093475426276
9.029929933277803 58.95137126264165
51.39489742546205 92.73551070871284
71.4955268615836 60.64601775235815
56.54274046875316 71.60776519348607
18.63429570386268 6.444551921172148
62.80286186669838 76.16656052709429
14.304737737842299 56.19925963556803
88.37012054551255 57.80946646072627
71.48820283073108 74.35019402191244
39.83642449045932 68.27419174030736
30.07518430861069 57.30931549438727
38.96725317669153 40.28788698058068
69.51034780443624 11.736424204381102
29.55689918726241 72.57762116659194
31.554473645048 57.37069578760061
3.5613211043206694 75.19046215001924
64.9129913241148 49.686618699109594
49.232300500759465 77.806286311336
75.68503704414049 57.261219512769266
5.185464080414159 2.57654283996539
48.78717860482217 91.73664971012964
76.43700644542733 85.42072980954302
8.008415552291059 54.01038711285874
68.16829896678405 97.56073639581894
82.62889457427171 48.83198719091146
70.90745961997065 55.537233687314426
4.459105603138758 77.9482557075134
