975
28.22233270727007 7.985405793261591
63.49514061107692 73.816643782169
98.61941965701074 11.67830102707904
84.34778013620048 42.10295212325717
4.962869634634748 5.286608206420562
87.67409585505285 98.48745089633702
9.425435802734139 41.09063421789977
62.61999665755131 31.792951871586318
71.08077317652783 15.063417670596301
69.04882625422124 58.88638026612809
92.47657935316148 72.78397168729907
85.87083948946919 91.59364113201251
52.3706196517468 96.57278520396734
42.81020630930574 90.79813048093457
12.774939130954232 4.2086163374552505
94.3831067954878 57.487001834310036
98.87271604939998 11.482448849820459
14.939061139959941 32.352893723011775
2.2216026807380107 73.71849227665393
2.0473253717494533 44.34037031400292
51.06492152206996 94.50723484283151
8.245286587078782 25.689867883285388
15.21673978373479 34.77709403225364
18.903064202970874 48.64328633478944
56.36962203946466 10.969547696977633
80.63185779194897 87.21628187330654
22.346135464660733 3.6959378851195046
49.13554903521479 19.284373505803
87.0420371002679 82.8660804404975
14.223602782882017 65.66819030999442
32.66251410149209 97.35903769587637
29.646373147675753 52.68406337303209
1.9116404490277406 35.04673885212471
41.477730336549044 40.230226217505084
29.108844670966516 35.97377984651365
97.79129407132999 83.81230665393238
39.64652529537981 22.711362210892606
60.54320557108211 38.1629523904666
51.12973762461061 66.65081092768365
64.72016107304343 53.524102815366994
63.35361418120461 29.86983820655619
59.419444961909626 80.49983729533126
77.3694464226103 22.002428716997745
55.95405681343808 87.98176265225005
4.270202994026839 37.19624409338256
53.4184087144002 78.96684783599792
23.69900132630921 71.49909821458125
55.37020175362045 44.60791396352883
91.04461601798977 72.78574017466262
55.733511009282566 16.90948493993617
47.556622525961615 20.87524832090386
24.23385124735493 96.91855283188772
36.98566247608116 19.274943929585454
88.64846878116222 2.1734488912919736
81.12140935205929 91.25971081135643
29.658876964855217 25.92117941887674
48.92996070108572 67.19676758594419
22.114180096124358 68.25205566786072
33.813825081185534 3.8410946358889975
72.6130893860898 11.292006135506794
70.06203749019323 46.74306887767412
25.732680260189955 36.58934825512774
28.28309068230219 14.426775545050486
73.0056402070658 29.274911750422838
28.129319045927513 32.95625324360726
62.445863288217396 9.34409662194745
54.29790066739333 24.125989985128417
62.32093127663245 81.4125872933345
76.08847468776254 61.93198184908414
46.26671937301411 75.43211833517117
29.786639584415187 65.93442657200566
64.55897208241547 53.34488243405856
63.35342183906503 58.35681680708016
74.72732108647072 58.02626670424528
52.95444654286673 22.824635100013612
11.722151845136308 83.3524122810945
47.89887606847268 36.52714190499419
98.5315406793089 25.083461931008433
78.00170950068834 28.76689460196955
39.85460923750333 92.15014171637645
82.79227862634737 91.1223824722029
14.367179112337226 84.2591876484477
4.379084669599786 27.547729376804796
71.94937484705687 20.19924447966609
35.44853774947833 48.45994396396256
68.60399395019856 20.978902892275443
15.245893367170993 51.097004434034
17.03962284434324 88.60582957146521
35.97433669790869 98.67294676083486
90.13990081195514 61.28562072841274
77.3964687915333 17.51196795905208
32.91939592262045 23.789951486369997
70.29822086117333 60.3550508754166
59.23560239913589 0.36987610786467506
15.674136939148632 33.53592432366764
99.9846927376268 23.14663522686552
64.96139977189485 45.251983849086194
70.07569250464218 41.87370307820682
44.32087758659782 36.793957620155716
15.06717507994393 37.62842395312305
60.40004014021348 32.83846894721884
97.34523041715072 8.58412789599563
52.500414355213785 26.633971434402635
4.196941637110363 99.38609546549245
11.913848639300827 65.36939614403613
83.25889543738059 68.65479956279749
34.45134152447715 13.475187730937543
40.59597730393072 62.93200852703704
59.18105641260053 67.8798322470964
49.703982504882916 3.578238225800612
71.04192958236017 51.912707335737785
40.25365846453226 71.32912297338002
76.1517923024768 88.27714392076254
77.70615017901486 63.492093049798136
37.177468891184226 90.28122080673843
84.2784083299523 22.709506956231095
54.00855641819693 76.92064402905095
15.212170112580548 30.297123794640957
64.79186278633725 17.425412647051985
51.25830478697825 14.257415976703358
64.10978173218943 25.942640097673873
12.591239550937516 31.616090976169986
95.97942929217808 23.774111591607817
66.8230858720562 22.64982045529951
64.55833378339791 11.738843107697727
62.17188896955107 32.86124414342368
49.13580707806605 47.65352270930509
96.22946541492857 14.607097481527697
92.54437941086705 79.66268579538493
76.47606831999188 61.002110308288024
59.89130157246988 39.27140974578231
13.999993718372117 35.27382324652461
72.98602771416786 8.265837570586243
52.42799409083848 70.56060817927833
9.614901621171978 3.630371983821934
31.25947280322967 57.390227840715454
13.046283486513065 40.9747740688585
23.574541717783205 27.050028626211564
81.58925030516987 93.75821713342094
90.14018959944171 12.34798454567314
41.26675115261573 49.894894367640944
80.4648202042723 3.611286327409602
29.376822755982158 39.810214856520076
61.782730817789044 32.42998437996951
86.22701473772099 21.770540889375056
34.642610739312914 26.97519281614881
4.550968697644809 6.040252203300856
75.73504964476818 49.10367691470401
16.894950960508393 54.513229170648394
16.81689490110476 66.97234599447268
26.9005305486653 26.662989347513598
13.032428152876896 69.10245540797659
21.929575579688844 69.39464255480551
34.47286280573132 42.94966400391017
22.335825018077216 74.15398355800733
76.48506188292683 86.43141414736452
55.45527716474149 43.95467603924125
94.26937294562266 22.715183960366492
57.04065653249015 35.55327082564678
48.74296325958635 15.067716040259072
85.37094897512965 49.01449346539417
72.91251323595598 13.929233384311635
24.534049883552566 33.7458093474476
69.68972235590635 6.240307204996098
50.10689694133216 88.82294551801607
56.28785447642597 13.5312701892915
2.914189784529053 17.988223250904422
15.371311609695482 41.00472058914555
57.048474619363745 97.70329370685874
41.3084983100362 72.83811310321877
34.534273276758164 69.56167579104142
81.23882655588667 84.0722103669031
46.30473413289672 64.09760367342389
84.1713254243831 42.95169409195581
77.60597795106511 30.957783585293498
22.210744047596386 29.363313482244212
83.61776562372188 62.814288783158034
86.8061905171303 14.220436399043468
63.36139363265934 66.14911160183588
94.4783276540394 98.85922633397306
95.3654970743956 23.19788119965803
48.48223396235212 81.42512461729667
21.611317110096838 45.673761309989246
32.779084093624675 58.560035966476065
49.2371356461202 97.52668727476677
44.35862281960037 34.507591772586835
23.54713205988671 46.31239470848889
31.899262711833632 86.64411081411791
23.455793290523307 45.14398949202454
71.92288575258388 37.080455701729676
71.85253428747154 88.3393404942383
56.28302405129513 98.14072788650807
88.38498139046683 52.975070797706856
0.22996576590375017 81.64737149895659
22.802491530155223 36.196721544863905
98.71371424739797 15.489629380328672
43.23999044629563 85.3931130486563
7.963110710113874 33.249040049578994
91.24523055094735 90.25932783177927
82.96145063450395 82.52857087365078
10.89195002822918 81.97915623504586
14.413134259818483 97.39114281943196
94.99823741376649 68.20519043243915
18.44422663132986 0.3358040557091657
63.2433124714361 91.48745546262505
49.811542113504395 33.921013008285584
81.7558633658493 77.96923069760764
94.9751359796625 47.12907536524966
26.988349531643905 91.11859282579768
3.537384793742959 92.39307940083052
32.68056875742099 66.65442094343693
23.57161017616378 79.87087019749848
73.68374281933517 60.989000166443184
42.03539841178666 42.277456567922876
32.992700970431144 91.30922112446798
93.99178457888067 84.55893760601026
98.31780822606764 76.25336851629108
0.5625016682232364 45.44370336946443
68.59747237303931 5.704527683182814
75.09426479837433 4.611366296735109
94.11618549688968 6.665428353730018
16.25844716647794 37.68838305847404
71.68190059678251 54.27043016962373
17.604783984963245 11.107188415011848
19.205250681664744 37.22573875153543
65.23419281110385 6.98037871853765
21.366229862155926 14.113875714307756
20.11384722067221 50.062624844769154
10.223426506545142 87.3603728374375
74.83958135354104 98.75382439102451
46.626512264296984 73.79822593125668
20.52611374990366 57.38094890054728
4.833848045921563 51.32456040931031
59.024069918310026 3.4998352225225626
11.049347549170186 76.05750325885786
29.25072138788608 55.19132222882788
79.07340459324467 9.157901483151065
25.92523274632712 88.5277342438869
79.56248896706775 37.14984948572112
95.53682839715533 79.69871156033615
77.46547715247186 63.46620698385961
94.38678883883158 48.8273051982512
1.700089435375829 82.39213489283252
71.9889083264126 55.16727461909905
74.37901716361026 49.42608111862202
87.87160764795686 19.860012243457902
34.65737747766442 13.745875154913934
32.38196270719216 96.76533841304811
43.54614684222303 7.833503398271846
46.13913981747147 77.34146389109284
32.010805396359444 51.94571631469431
99.13300291406927 73.77692502608333
50.21524418539204 79.42454951559381
39.047804970512615 40.219021470180174
0.12282083860527537 25.559116518136737
11.996046416632522 8.530589606980266
26.576742731050196 71.61361100327927
31.09708436014691 44.55051625106642
83.9617522188325 4.996075739520522
30.66427629199645 91.60704700730959
15.597711910181067 94.58498303625682
1.0043711438623149 63.08988364535462
52.40961344408739 96.01207750922278
96.07298426440407 8.271502421365229
77.01489968300208 88.24838629615765
7.222046309936969 43.274791450889246
55.736860594427654 40.951100894619174
79.49795761540203 94.29159077920481
82.54045052388842 66.32417431577313
65.54865824913837 22.1473423983932
21.50162120785164 78.0324039753158
31.662630747761987 35.084257823029795
85.45278541806265 93.97487547997217
86.34799250711157 88.90336034043861
41.424724086766986 14.356352486100565
6.243755323069545 0.11471588842578706
23.48245241478474 17.295834134021636
17.02416610057963 47.98757101984985
14.81735821995952 90.15363169508439
9.847033364327483 71.7508563321759
42.732357650295846 82.63864213717544
47.615356894308626 17.113724634513105
21.09656089427947 35.4835156956345
67.20048087436703 1.8576713794755895
32.280932152045835 84.14368775468321
72.44065446443813 12.127694358431174
47.15389975810653 81.48632406391663
91.30967862513955 65.51874173955702
23.370917779295652 84.36329606715324
33.77995062829198 64.60793449195643
64.57741822026215 2.026215317959601
51.7784154782198 60.30801210677774
18.240137154186232 72.82037384075555
46.696649990716196 93.13901866136591
30.993219951857153 60.653045424946775
90.80129076802321 51.020712373737354
87.21706721553046 99.46483847683253
92.71353878518855 4.691518808331696
76.56418418676594 50.73706799895036
14.788568478898467 4.37222913752705
35.14085077263248 38.85082265410096
43.35049121241996 63.96084466775412
65.90164350384067 99.66521524052044
79.81896265476882 13.78777330237324
29.17042500691831 63.637282144760235
81.64904845164146 20.808961530761316
38.15309846436882 96.61885605195413
54.270823784868085 30.427847408148256
29.661021656832396 51.05871269939922
17.178699072984017 77.92143039148249
71.25497389867994 95.76613105342766
84.36429106948981 92.06925997908569
54.003906425847724 3.6341221943573143
68.9414362839261 43.206364602204204
61.18676861774269 48.032883860487665
33.92873319473127 2.726291583311191
25.410840815167145 3.0740089921722724
25.542780178807 75.51225060479777
40.84168352685016 6.449607295741277
49.71900625533217 14.443928448162435
67.4194546008708 99.53308444931
17.450285154704247 79.78093656175969
94.4013334593473 83.98434316219227
30.80084263750784 51.72125756439506
4.582085328180463 4.939209270399292
76.05619615612886 8.893741445543313
26.49421203924077 53.81028807602254
6.187831677641132 83.89615295208766
28.05414278118873 31.55373257085565
40.00365335772849 25.263649388913656
27.61122178502785 98.59142568476472
69.20266241183538 85.8168226023489
26.981087557739603 14.444504481520571
83.30075191076918 33.1514113545935
53.181587314532344 79.30873671021472
97.88456138170703 68.8201280842225
96.52126556504481 66.15926547646347
47.53069752508966 11.474966018961307
77.67594104783316 12.137378093728756
35.48922497407525 27.142296020657184
6.9357707089696685 64.12139716994115
53.81400019811774 28.19325838422193
72.10607793822253 74.16968468902348
82.85844141212988 81.91751198675567
40.692666231251614 4.902778525027651
19.525265226920386 80.56214276763049
89.08605783479915 42.51292104044884
95.06998013179407 62.44738474826108
2.266910752178719 5.621326230070178
70.46880308644134 67.48060391101171
34.10247901193517 38.1886234670312
45.61428785537546 46.923786533502884
47.30546169122264 86.48956391123927
65.4625737345728 7.0382937244502175
62.71515066250457 23.426655359040172
16.071397510632067 45.305325953726516
5.707597839153822 85.45058872130446
28.952783594405396 22.109514538994613
85.2858164667021 23.151735624655622
72.97446130672512 15.641232875075794
67.31938627628213 29.38641303218884
35.196192923043256 34.72189505909951
29.547862913024968 3.351985965435633
62.8474606712797 22.727191045127036
93.1917476191976 8.85664465638979
37.79646194229901 18.058420654616835
51.84022432351658 1.0247845023222624
75.57017250093104 84.75826929294394
15.99076179864911 54.02094796527857
32.7322257769483 12.521076957317357
23.456318106763195 50.02613039982092
23.609143123098875 97.0119660007386
45.57053883773933 67.350537837178
38.08085650183528 77.40641038410614
78.82539001331297 31.70015379707437
88.06021509844955 44.789051782497715
52.40586820777132 95.39693045049648
91.97126359264081 75.2095298499937
17.20966704615282 90.55635893407883
60.66070122539124 28.62174028652723
58.8461658001764 56.64608943795757
30.05957421603549 14.523606919319453
72.69255516716402 55.43317268908948
21.165433476941153 69.75125529761874
0.49791996570333064 79.60715072404521
77.5950705302197 71.1208640249747
60.380658157757495 58.37602032429425
39.49696310261545 95.2739294558499
25.99149129003858 25.811943825458638
94.24274385703936 56.04794687352575
1.9009976803795126 70.00398773232322
62.98695085760214 15.0105719825682
3.5680677630880897 85.75070254754542
81.7515655574843 78.9604914584907
48.415813573762435 35.24480411449964
39.36198308716127 53.35552297755718
33.438989351411394 5.8993750647490355
63.80260696682048 96.13372106405936
89.2118091702611 32.17433944660182
31.64892319003243 9.702022437172953
84.85717452639479 30.064137339401242
99.86551081558181 6.509671726222166
79.67869417364642 39.15750115504355
30.685344279717274 18.09796647254377
79.52360518255912 83.32016850416089
21.461173266007393 65.18079675543468
89.2059382253055 98.49091020237488
42.86341007083122 53.145784696106205
75.64779420784964 68.38292685325973
20.519440298180413 10.043217187194953
29.364239011620775 13.371735623323444
27.610385146369364 65.15535988972925
6.696297597564738 89.47408001501728
16.003457306515845 48.028704027521364
37.63219802841648 73.03500956068969
75.26133140424221 30.02104798575077
54.76842533398566 42.12863966031358
63.613441701581095 59.76642840963956
25.876595449270567 83.53728588050313
41.8972387896167 35.829852151779285
64.22969452617662 84.40270596490139
76.09988927369032 81.50875343451068
68.03888088351297 80.62847081739386
68.90035044162181 17.61849286174394
24.129773369196762 37.3206507639282
34.58767877314914 68.28181386863584
31.597625030963993 60.07008495922746
94.90042427484282 23.056389216756955
11.898705086482808 56.886904234641314
86.0964058821785 99.22292431968742
56.54962478994195 53.89356629427208
80.44021275422058 31.845044709354433
13.681261502384745 16.933301493307418
48.00584778697727 34.01784750583934
70.82349217648746 27.934917997776743
97.36825618708667 48.00164425202894
52.56454209141008 86.84196317870332
82.81431416341668 67.39376336581738
29.929255379728804 32.38248843861573
78.62373136502833 64.3587671542332
15.633403771262122 22.87643338518446
40.14668768259564 22.7196848907251
46.62583311875004 29.700855769882374
33.01891238655712 22.135239308772082
1.490103558886069 7.668866500227689
12.118092309787487 2.878333579655945
75.12378977761291 54.17353045878096
22.96073789019544 84.8049245518592
53.15950447621785 76.561154273487
98.2772972820045 58.58257189594882
13.515240673160767 72.75131138626249
70.7859695124272 22.881301065635363
4.66059056489887 42.06874664783346
0.7126173745511388 73.71993472750586
57.70358533749407 61.625928734357906
99.19374259256692 7.831021729458687
9.59184279876032 43.41036512365945
44.37946195758721 62.274596711815356
90.73651439462311 64.39485206328949
25.779685043146383 45.63991508255436
63.57848762670329 73.50924013218143
79.79990685310547 70.65617293872373
84.86354987140085 68.47465011943392
19.630108298276216 16.071770520611395
42.20141762822915 63.398730761880486
94.23691742342436 43.77492281071338
93.00292171557388 88.75480725916559
74.00641335144678 68.24540120856356
37.724182826550226 72.93928825433001
69.3027576140881 15.387117999127897
45.89732811861522 25.857122845171887
2.1371454639225296 30.01397414947622
6.7008182236264595 64.45004702901123
58.352653499708815 87.87017574655917
33.15817820655608 16.135187357821547
66.4303648809658 23.94889846686953
49.279210053205006 99.98908796759348
0.02371903556213084 45.624429822382936
97.72122605044054 5.625769778133261
32.12692060569983 29.299387127569354
58.12769016142637 10.641749385062537
53.82902098039407 41.60648480406704
81.40418265947508 64.90821160859406
98.08091301570069 2.6538977473092085
5.9436202144308 23.226642943480545
34.96832942933379 41.689922605644824
95.6014386700138 99.01974742020016
1.6138003259861589 62.62722239906318
77.85663244384386 59.14259473493303
14.044740274680246 69.57286908973616
39.36346529741084 47.32427360461353
45.84375971929669 62.093762981028554
70.42338263970906 11.456521613140126
33.868716367666195 27.974332945276558
80.0483091259296 70.32005251728809
99.93548664076448 81.87683231799349
33.123570351638364 42.30814679033206
29.60162008704793 57.273248482815475
52.01115347045956 95.23701145715631
8.184803819743912 64.25267076670377
18.163692642779804 91.48600977939633
73.19103653993581 51.750002932562985
8.111666875634604 83.17615149931993
9.064661855400447 84.89010323966251
90.68370972005981 36.8784922302809
6.646492878603261 0.1128239898002592
36.23248257852685 36.19538363905773
89.89723754642756 91.11374083138263
50.83373343794841 57.58323818130611
89.13158459333945 96.7857327975541
67.23866415474889 22.37004121066487
89.68515083275041 5.603714688898664
94.95431468899385 42.33484012192347
55.1954756442095 2.1244595009460077
76.40160309381619 38.92406011969172
85.97802768675659 6.97685877011478
95.51910308870802 40.196887573944494
0.40802301613203085 14.210594220931705
51.66451047835914 29.44202971069402
55.93505575973315 22.71607178143622
39.227119129243036 59.709287900161065
31.78789963235461 47.692621244320044
30.254682664378684 82.30177167939921
21.051377882887312 42.85643912372868
39.688468694616574 23.397751416216728
37.46520783417662 5.352346582120859
3.436299534508247 79.39672071848638
29.68663994945232 47.87638379719744
99.29954887351599 99.92862398010533
72.80964260694411 67.40504903926636
14.22397722615878 43.57402495550079
27.677422492541826 32.83670197111259
47.27368365881001 10.780055565099767
1.050811869695345 66.45709270798255
20.96404405433765 33.79350367083802
26.032983814736976 1.3271974655437502
35.162803787642005 25.614616014347213
32.5749968857445 84.79724303614002
90.35631581596633 22.79707112360433
9.883896606130438 25.065241633184264
36.2376307905874 78.04427739409843
5.221116864739983 2.3901534059841967
30.579389183813987 89.76640924078406
79.84909905121533 53.416265145668774
9.233563849670357 70.68223142909503
83.46694720822282 18.20203142992568
11.456604068502285 99.23899630563882
27.920766829417097 18.39816282448784
5.3612388214570705 58.580822256751006
24.847254441087884 99.3368715015945
74.05442308835752 79.27242850854371
48.69048731859682 59.957495643848056
66.41710940698007 17.121451397537292
56.7169147716579 16.72254080901363
53.99940694251648 9.968896210767431
76.4513482082953 21.357540187586388
33.20497009013073 32.46794400247078
84.18528093923105 21.284138606783166
89.35263497567867 53.179102453801534
82.53805968835572 61.51419244552555
28.340133924617493 52.599503409499484
3.502021802953581 21.00529373219159
59.38502030019218 72.074455220198
70.71138057168253 81.2940768713502
24.683479960219035 42.612421241721854
54.460520713030405 63.376086530459204
32.28568563942895 43.08164310289069
70.04126169638934 54.55410476724965
20.123658961045177 38.219207804031505
58.48765356856828 14.060340618039191
48.2569655686801 80.12764043544504
67.8541399943428 11.563423881651014
34.79028635626885 38.70109559066539
50.8984427526142 14.320193496559197
93.76757050956773 37.95524959196146
94.63820016785385 98.54688008572619
68.58787863233044 30.68938591868108
67.71030093312378 76.3146503711124
10.550649769786757 43.84051867117292
17.81909491498753 92.60570397055449
33.79858500704982 77.67745991268477
90.36958040959894 74.26531020133467
99.05148199032035 11.266653623573685
39.9146653861788 46.42505149775526
70.71818265746994 4.931807419618317
92.7950465938136 96.725912515758
4.53907582429256 12.708527145243377
92.54079131007803 67.99276165631072
0.06924736709053025 35.528324987942604
4.57788263947786 41.986021418136886
12.529994067596528 99.84234077184352
64.5422158324597 89.32386810564721
92.4936072955505 26.62414228044254
46.652305052231746 32.70036016344103
62.23997101076909 27.013326343510236
86.97063424163578 6.2494203166809426
11.011180315108115 0.5790873570764687
17.316883913534266 93.41960233175031
26.75853932172927 30.505967809923252
37.53841174651454 51.03611908751626
54.58004010266914 95.28412558582991
97.4119270502117 47.06725025567204
64.37917595016711 76.65749365641871
73.00623556571887 11.729820886595576
46.83611583110139 2.416579552041609
22.813513911413207 91.9263446329859
45.81660814159755 97.74959629886152
89.92551728473617 36.14000140492533
82.99046882400133 13.522288841919982
21.623266516432903 51.368663323912635
60.463207022780566 61.37647054632165
74.71399432399586 86.02740954783155
90.87155643043232 67.17272278178537
23.72794479065079 34.77909367262973
34.68171367408092 45.42823391383549
55.85566711431454 18.638317386463864
7.460713251478923 75.92715736431373
53.53213290919256 61.26629608796264
55.55771031458946 86.61702339823583
77.64136007621467 28.332021098724812
87.5467215917556 18.457277597672938
69.55744581746514 50.95486174549501
53.18765334733776 3.406151132378843
29.55512579759564 3.913486431895008
67.11421491031979 37.298484514550125
12.160535441567777 20.34371198448104
98.65775794516131 47.275906274365354
46.09216531940186 68.93170168070421
10.25154264041056 77.16543605043259
7.112059981158369 81.37891665192389
91.9744617175588 6.5308058000357665
2.3710334659469368 56.61748987242618
2.8761594352541664 52.32098344316296
22.873577305169015 0.09118528209118848
80.31958456140063 7.134181229014347
15.716597485074546 73.17185149017837
11.489276484592626 10.6318077273862
1.1399036864929046 46.16957446570799
87.98491583083832 51.40237628808533
56.891753579344595 18.9726087580113
0.5185488187849141 63.747997223623734
76.67432332210441 47.651346147612
57.69846167728512 52.80558650726
32.51584285155561 53.655464367856496
54.51707219126432 64.69229666102333
33.944871002308375 97.23994263229905
93.58614500554641 91.08946287382331
16.979633371431625 26.218394133128086
10.462522838728617 37.123892607875156
52.302786144189625 40.213319863517135
90.03506686737103 7.9648457545100975
98.32502072395458 42.12501044627683
52.52276074919686 96.89654804004682
64.76100682998815 74.39776676887712
17.68046136281285 91.40020619673652
15.464016813395286 65.45257290220178
60.522578720274126 52.55266671577692
19.796909087970928 24.618604414275612
40.809944577434244 57.8952347172494
32.3804304113627 42.280996295515195
38.37863213670262 1.1745286516594788
35.260664384376284 49.64106850728277
32.08377722009285 65.36287159851977
38.53101333325485 81.47363256596215
76.41341445688974 76.76051699863392
15.144927955731301 16.142852833877754
43.36779479398193 0.1529059155338186
73.02277352744852 21.24407214331424
59.21078467530996 5.765610912878227
93.66642840209022 58.79820086416366
75.70109411555278 58.77276197926125
88.86803176090945 2.8869721834164697
22.46507103556211 62.47745334010395
97.11751147760121 18.927649736563367
60.295792745854506 19.707737201548557
6.294809163420744 89.07553456569272
68.16591125738192 80.62966595307466
18.196684741324574 40.248119113198065
1.385527190865421 70.83978486414483
96.27063806953343 65.21145042245965
88.76583441056033 78.45178431937498
15.654148958543724 76.40152770940017
75.07818947127144 33.954371905410454
7.345184278339689 62.54895111422598
85.19604149092275 71.17016003613378
13.540646679948754 5.885182913280184
72.23183988559997 58.737697645093455
33.97304994388905 39.224392252215914
35.21437070643494 83.68685096125154
17.88420722914621 44.03656556905189
91.36146948510803 21.543590646408063
25.86264691142994 70.24933618737916
28.436957168617273 72.21255573474753
48.48742974105581 43.93173157313066
5.431193106371568 90.00038627862234
89.5322253769999 22.828410893621854
52.855030196213484 38.78899442573294
47.34344134739331 71.9971300974936
14.987235038311198 12.09333769019505
84.76404542164035 64.37215922234807
63.30081825149308 0.10127827915437093
38.1251313908762 35.681933011348
21.326295890049796 46.42163775314956
57.45242883474274 23.850906210959632
45.130466969094726 37.41751263127513
20.510510722114027 7.342306718243696
70.9615474573519 6.5850244291482
7.462498049689059 3.3489879663260114
95.72576460952489 54.429487340577374
19.662895315995645 33.286250455103975
65.37722656210767 97.49907056351775
90.61841186130573 56.050061716770415
3.742651823786469 24.14978965644343
55.99339088585926 72.21533465580485
5.570383774879561 58.662819228731166
61.151387669890056 3.80831768647073
91.51571365430473 30.89450165351503
46.0569923177729 84.6754182127309
60.31306032358451 76.90622259463069
71.70365135754909 26.389561661261553
61.043020760306945 44.73851168236902
48.55578851068246 57.5656723661218
16.094818391095945 72.62206615982963
50.433725990537056 12.543958978421287
77.36943284788038 35.09849376058158
24.8082720698518 50.44583932623888
98.63480580322765 40.088697220553996
93.83775579590247 48.78389659011098
6.784242634925263 3.177018952889843
6.244245315300345 71.57066628943143
64.58809459423215 22.44319820343653
32.09803335866921 11.284352130293762
30.006296860570203 38.83903742563145
26.933709626440205 49.001325511858504
18.70666119049541 70.82111995614058
9.034182297578075 39.18427222634082
80.46568052825808 41.45949126808816
32.82610562143379 4.167389352552164
71.58952641733343 5.7997121132185026
17.719513236796413 21.636996266156274
62.6751059529743 1.0500834565976835
3.032072248787321 81.94165725383014
5.308087210073841 33.619578012912946
51.507747722243856 97.36805965606545
30.745343935148128 76.96200658038303
32.208653338481 61.072850181306556
88.26876475713651 75.0710354029006
69.8442833829262 14.215356114895993
86.80419450235223 90.70199031169088
89.84057571732825 42.002543701052886
76.96992558696837 15.045044372128135
59.45628293978905 28.085334091236213
26.920281126752254 45.93899133181609
83.11758727108128 3.8012036168549868
26.111953674630982 4.128081590528964
12.169508075563895 17.449259823896746
8.259083296105473 68.66804230185521
36.9900141162285 67.0819670886163
37.06221845956643 66.66616606859476
80.4227453159864 53.66172192057017
70.95362573506499 19.42610814727579
5.534363290429678 97.30882324927373
57.636499682333564 58.42393278909248
1.288534649829265 2.1309716236644127
16.415406506615295 16.6449217061191
32.90422312837603 51.12068253567927
1.304834953813061 86.10481143688924
12.42892226042802 86.87921355911993
65.21227726647317 39.95289713121133
69.77948247302683 75.95345659902462
48.19584021591442 72.36252789530539
19.944211507499876 51.649370652264906
69.63038536157133 23.330298393878802
86.86695656668914 17.451665734892153
94.0825472586697 23.188961480795523
26.211116368658093 8.446341270676495
98.23005414168907 9.17842813518359
87.38649435680657 82.63451559258101
93.41481390243452 73.00703243187311
67.54165563313447 40.89491037407218
71.22169292196335 21.086141186390584
83.57497608363485 94.53298326647483
20.735421311602398 1.4475439778092847
95.37250208404657 19.84609858068317
13.73956515746414 59.94898873755131
39.57543815912461 38.122362754723284
7.552119285199376 21.472526994438656
36.35702213144828 3.966332754014723
68.95622546815761 5.832603345092046
74.71893803744453 1.0978419731033195
41.967678605092374 7.14771733259748
24.20255747441582 99.24979168238421
53.48706370724283 11.08722560791582
61.174766494921926 59.92674148921546
30.539104095020342 81.86756393767494
63.80359102647189 72.37161313126686
81.49045132944951 73.04678331175002
42.06359749480405 61.000443455931034
33.0128645604893 79.47866349063337
96.62709408962245 4.594637730397643
73.10200049960119 28.651828736260086
54.25587814644095 92.27546407739776
20.568844833691813 2.94726279167552
58.867277924975156 88.53578702080091
77.0167162716207 62.68875528932567
45.059118783805594 19.232435032215612
77.04892413196505 95.33457837933766
79.83758628161097 84.15818569900233
69.28549068369021 81.38907994605601
88.35109721283494 91.92010172955999
66.56689172982766 2.3462198748183005
69.46105453950999 65.65413036967102
62.12120597970747 71.08227974996932
45.08960990401529 54.91803072846676
93.96472820470208 59.207863162640564
81.64690299225555 28.941189322346606
0.5685240015850912 3.1007118489166596
95.10301318209122 31.546656027753027
43.366897647763025 92.58064038391514
54.659601199574716 58.61484961792317
14.256643451975448 89.61326224044186
99.8728460338912 40.17334763282586
83.61998502644845 63.7762199462806
54.66046305729274 20.913674233107905
15.737877114236154 30.140185997562863
10.86815794773759 94.49017785185501
37.25980395724293 31.13260796025391
19.112273938143975 90.66884366902013
52.48695075541146 58.0397500157978
48.50280415603733 91.8583058436319
41.3555967079642 71.69971734321238
27.015104127578226 38.381763834005554
13.438244448570469 42.55548128451602
77.43640308380358 33.081816995358324
78.09396309222973 54.85872141926954
50.540449363215004 66.02745481079278
60.00096130249373 14.340659854697446
39.890648669768126 32.74368416005142
64.083245281887 86.05795715545354
23.19657688300879 81.66116588147308
56.88166430159508 12.402012971243682
56.26540443941737 85.44014769178946
18.750345795212088 51.959113143142844
47.60987641515153 25.296153478612794
0.30936977040051383 45.56692978906028
23.474189219725837 65.16264197378125
50.64166311032557 89.09271493998081
87.80416150650558 41.01771202025707
17.265006165327325 97.94020502661893
71.35938694337744 95.35654941797156
24.592932825474513 98.9222974121915
70.2013147036769 62.097739930814946
3.590737841845104 48.22024398735405
77.44741086804706 7.595167302752348
41.39234943693288 24.735908866480404
18.502116017543646 92.70250987702346
2.6881184293458094 13.671656682364864
7.577036915642532 27.695142972225696
94.1216233042533 37.62793926367718
8.384756613649857 15.124603750990184
20.805869530540978 25.12887736921784
37.22252524350269 61.919292918536875
59.03526569844263 31.091637514018434
10.705103349130718 51.99209548681453
36.42781907960112 0.012352530757475666
6.5858758651367815 59.45208928379464
67.83140785639517 39.86626575102568
4.17293812224705 74.81167537427652
48.14168407782614 30.033244061310683
22.732124943783937 14.039837776411979
85.84068336953507 27.947033256645604
6.042154671294508 9.582399405372666
7.418519452751482 5.340895595537587
45.848230768215934 66.14697357292917
29.175393091279254 60.134842418024604
95.27073214187159 62.45546333113765
62.651016355449606 68.9473957677363
18.764959654501435 90.12184220296972
19.315795569046422 12.962147038428773
31.169861726682225 58.36071808474185
17.01781194634536 12.912242343637015
66.10460742051434 14.461959403143332
70.87284819176021 92.50238857543432
91.40705115763052 63.22600970469099
6.0298649674896065 89.74742924230704
14.620052398849792 48.74029869056945
36.281404435987184 55.17034807363621
57.05460692687721 41.14907613171687
98.09198304326738 90.91756812474341
82.9997265024607 12.814183611667895
39.42142213641795 77.97604336210829
67.44095581998332 41.76430429338369
42.54253163037739 33.21954132067252
93.07083132409258 2.1010781899456266
98.2110156429956 30.30599721123427
84.7315973536283 86.41314200663076
24.123204554853228 24.810253330671006
70.8342758251472 47.209084492047815
74.32330472790161 2.6397971882028304
88.6758342939755 94.09168204490803
38.18258712630528 42.12247871727377
52.25329116101245 81.01016308890347
13.094797581507455 57.39403641032234
2.294419946646664 4.977804579145484
43.249196436174806 83.68650592496775
14.412336476923592 53.38921148735176
14.983031349163367 3.8345795553925144
87.81957614476717 11.137121573768793
13.759082955013701 45.167235180875096
25.686725401410282 50.819522667106085
21.212079734055813 29.04910234029544
13.517677995508603 17.708435466811867
24.33898192232895 38.88375602332166
31.648292090565768 24.635997359254258
1.6269800739748597 17.66137536930478
90.38609499764398 34.39498674889744
97.65412364330818 94.25639006426991
0.7631214415826371 68.79764139399298
13.729626939062733 85.18508226241562
5.3867511303304365 48.29841192500199
6.432220472668804 83.70439335598033
9.824344707950129 30.875098482425667
24.766779150298703 94.85699985507979
25.017665158036962 0.4529825468285287
32.46163956143143 57.9768857108395
32.39456199159657 68.71150415552472
17.457083656160556 0.35100692792110477
79.26937918161339 85.13660656498743
50.276588086681215 24.44382121420664
44.28849242280746 41.3598414889494
51.35335754611439 93.31305991180719
61.02825720819046 94.74825672489591
2.7062271644121227 11.894394005576814
53.94931026718726 32.502266372366364
86.85933993173126 35.86137410258341
76.49507810018703 55.70110900708212
35.13405795695176 33.326449091267264
74.02849005255196 24.900344100668114
94.0166275778893 51.3920116380156
82.56236670924376 98.54158770339787
9.898086552566598 53.26946535487731
48.36625078450345 73.38410904760968
57.51031509370256 86.44338344416028
44.81443276840786 99.51139843600309
34.83975947165173 9.636352664855163
8.116022045368954 20.174630217894716
89.7553706458584 80.11846230225899
83.47005234492842 75.63866105717126
73.18896365814754 58.05962216772167
81.55360477145184 77.6238091804645
26.012945473684855 84.58091893470193
89.27523746399069 64.74973696976085
75.4956468713962 88.06708628161512
56.384381875412394 42.49172053952852
90.29401582405143 80.55262225306086
70.13081483190332 86.81344933358395
11.86670327067344 7.4159027203937855
32.05956984120847 46.9326618404186
68.41859936758541 51.053015098737895
16.615774178971964 21.965475988931814
86.1903211553349 97.11351658314314
43.20380999309618 97.86173609339353
40.039480470894006 39.929196712057745
1.6329239692518538 24.05341006466625
65.88957390729537 24.342552144469344
76.1674204225217 55.8816720303095
12.22273910616033 25.87740849935656
87.00379524757989 35.66961058581393
22.10623952492341 74.81720153727674
22.95861682699546 75.66353527560965
2.484526319125635 20.61462850818099
81.0230132061939 57.100676227626565
3.7241919628745346 76.99350849485901
1.5372367440156687 64.37100128074313
85.57939394060719 99.70037714087371
