911
52.115267418714915 3.8995830678827392
30.115624767649642 8.92946851339561
35.65851119419923 66.77045387291713
32.961334635515584 34.535232968153316
8.935412681331256 24.945729883699087
16.129429211453616 14.986783199379728
92.55770685947708 77.6648486446683
12.343192015650983 84.17641288544499
38.61245569144841 39.12659209086815
42.94401194235002 93.37137949803538
67.66206491189128 58.89705049497786
24.328193287400712 76.69738593845165
35.9006004950915 36.90139415832968
8.602853382198973 79.07746380856949
28.470134948142345 13.636936929694832
60.67370653436029 17.727251864797054
98.55776096668018 52.73294265359918
30.96181797065669 2.9032559889980214
70.75432501316112 78.24297499486141
15.659913801582103 5.825057133609257
0.6810906086433866 8.260769196364471
58.93750292830374 16.80339125453405
20.025008033513668 85.62348375772103
7.339918939045931 0.24016521435958893
19.059860822662923 71.41500578470776
34.47285106518807 75.98896914448756
98.71981183327979 71.38757930392485
13.684325704758017 79.11989986968483
47.4088453610234 65.8587212906124
60.45445463718484 14.920304668475715
73.65858549072003 82.55233067479048
1.7601737499585601 55.60542636912648
41.26656168112507 29.952954009272514
14.181653352111411 96.05213491885159
89.81306491307845 55.34724166921825
90.45613557126792 82.11937883265384
70.9099198427931 88.06454181070491
35.32754818539878 28.77578339195226
18.92235655077417 10.635518289559364
32.70598498722822 58.742050049081385
93.11904769123774 80.32233882283306
31.884871142360627 23.412253748691413
55.331104712840194 13.93741302388779
12.731894835402791 91.51469509244203
70.03350863051782 52.39550527284121
53.442023168967566 35.76713884816293
93.14582658240468 10.763829121096313
63.03573843966473 19.43432772867001
37.30351710156893 28.103036370343915
14.153392682810129 46.388411791646554
8.026835973094038 12.118579765888915
3.384511078911445 4.365864490985039
16.804154163473008 86.70293122824597
79.48381480893997 63.554199256001475
46.307084977835466 65.81970081078342
99.17087004591612 28.038104234089968
89.3520325571752 93.02860912972086
66.71921509088206 12.586002050733402
95.20282687061339 55.835069834263905
58.66167259532953 60.11400840693493
50.084477691269846 15.774329537894127
6.545666316032273 31.695152344969625
3.4209601790873956 70.89789848722428
0.4382320495878278 6.1108285520321886
12.205687909847784 22.88707080871859
69.37903549926708 31.48147856732184
4.980641931279594 28.926097769539172
75.31467171337908 33.85771639268636
51.54514419909998 20.95425852460908
99.59738312118745 32.078014005826525
63.559376948007426 68.01227219341054
16.19636665135521 77.23014083420048
75.55296092332576 98.71350611995143
7.504118559618378 48.35834861613165
86.99707685811508 34.98815122968754
62.90578684492133 49.198147112824806
99.36538782236525 77.43990422822381
85.97571428611998 73.38283906762125
20.373505330257636 42.639503408991175
36.12023289998286 66.03781248697085
53.709412123429715 6.354808158996306
50.15370185458609 72.32785870448524
92.85815485906838 77.30076380729368
24.91851999212933 91.58362659657354
1.9185652947588339 75.12384023970576
58.96024457699171 10.526789264849212
21.00770794149375 19.941517303815704
36.878904353743295 24.667642554960732
8.587210136309498 43.13028268042337
59.45763107478129 60.05112044204641
95.80289383062906 3.5343118088876135
76.90094496865655 96.05407496923229
58.309215271127016 50.19780568150315
59.23557623673551 58.87720677163845
33.01799427915723 76.09795057037805
58.09225641662986 34.64204981139013
51.045845164448814 50.80642349415837
0.503694707344926 94.62046562688275
62.79942391728106 70.08027828528814
61.064902428821036 33.61076200365288
45.03641790573452 49.47207134841892
13.810412995766752 0.7729063436515138
17.28478610139501 6.659134926754728
35.645802811618445 41.636065452849515
89.90801491527748 45.48183345308985
87.81635920240298 27.34030327092938
83.94209353962059 29.434250977304565
62.10090117152415 94.4423706575549
78.64207009479584 71.70349735991668
91.60571120801558 15.892585707740835
56.561411332501066 89.6733513654112
92.76294987441788 88.77855687680494
55.25394482408406 72.59491642673693
72.97326217955742 66.61715531627672
84.55040203025725 47.5377792996964
1.6287216408597205 17.615832299649515
49.83807240637918 57.803739768212495
36.88334200330379 48.42186212067829
92.09131795432874 74.84999545575877
13.051054710949705 3.935451842016724
27.085892346582618 24.57628673817944
61.87310476593175 13.187394246626095
59.308647415890825 23.76681696832327
42.14477082677938 23.165979765434543
27.94943744230035 10.72649219471533
94.77738404318144 99.31483767318572
80.79778701059492 77.03732988597982
70.34390351638909 62.269420367700846
99.31858596103231 68.80051216382466
76.18155222661288 86.78826444122672
30.62819543600841 24.1921152577796
59.458550878866646 2.1304019843027655
38.922826055005224 4.76558656993975
57.39946810895534 0.9614889854938968
42.12377871626963 92.59216604343388
94.3642940354849 55.8356905809618
8.319780576827407 62.44217252757548
54.4275026169657 7.362408333079973
48.023150684691544 76.5920446932005
43.36515420142694 10.256246064837848
86.12628666717919 98.82175382080077
40.15119629539375 19.895253950305115
65.2130203996796 16.369562785503465
44.25463599095484 46.15312940079027
30.64107807165952 20.23555567649
32.56724018994801 39.54166876241818
28.261796587823817 6.468490368413327
75.96808087908417 12.720142039563886
16.7077180918071 67.58913004063758
75.01098343329569 56.13364289586155
33.41824685368228 60.659855904673265
9.764539675755913 41.025192053079884
71.43366462082578 95.3004136949679
24.540722806228978 9.31278372292561
61.2563169223225 28.702434699513212
2.840534404097872 29.439423490849613
29.1349224172191 26.283070937422703
15.020276101693408 84.27888780888718
87.88877705330374 27.824481929250044
53.19333952363947 59.40791033409602
28.970857785973514 45.815810593560435
48.00467776714693 67.19775207104406
86.452448925078 36.6946176974721
22.50593080640879 26.291968906066653
51.689230480829664 77.8096896499266
66.1627006697447 39.69014065118546
34.38294794122804 30.501508089459996
42.56697718443589 70.88622707599995
2.8209188655458406 44.29909566217901
84.44000275758457 47.973536340395675
94.1863987261825 60.57257991726006
99.1359570688779 32.53372563177255
36.404863775292895 79.63284169824618
52.05197035430632 84.6450614530909
4.138295499270372 46.251877527710725
96.36424679837255 33.392028902743796
40.738887415339335 46.40600534797926
27.12168993327876 85.0761142935437
0.28028956902955704 53.618463900870225
17.015336644547162 43.34497648821174
34.54363342561167 61.69249314572192
73.30603858242752 62.61989891697017
72.97610769408142 21.2038045125192
77.97636179161614 80.55094719185888
98.10868813734828 90.23508677229319
65.76780391329893 0.6067192859632864
10.563258413015076 85.01115186609375
60.92326576506196 25.04626682020922
69.13656005327994 4.032636856209337
6.827529926445585 23.474801296329428
45.70984785722955 26.986253401244763
50.31028630438327 81.46482054706932
22.46761561957127 37.639140361173176
33.73904263210685 99.66046751574359
62.15706391596394 23.58777115932743
94.55758072637468 1.214184113585226
48.26087460387581 84.13001948288205
5.2312914099196135 21.9431028129514
83.81141387999106 26.339788175567726
71.98500889317665 90.18829462967881
99.78543238013602 30.990790425467864
46.57842324196964 55.85744632694261
52.69766327007538 26.526210419325125
16.129927769744455 82.89321249267026
24.804336607207823 22.128817650463105
0.5257282743529545 92.01777204498252
94.28321362591932 55.72446974022228
73.58613917264881 50.33947855544384
56.50357473717842 97.33806399744842
87.60655537376809 51.5473530377096
61.52334758043572 92.55262293255068
76.12829401315562 83.47950829809488
68.30605930378476 55.76256460238358
96.13061242751148 81.62196702596438
9.599465651405104 61.46645630585322
97.37344079637047 2.6247383785201195
96.59272293589702 58.36561278420508
9.662694010867535 77.25051178573491
78.98929344944118 52.93945689218624
67.96308314023692 40.51230948494563
46.442918997198944 18.152496391790084
79.77879581577562 63.747381413252704
57.24572664432459 53.23839731551566
0.5955633213639344 29.09142123856949
15.079237236494569 73.51604189508474
90.49070400289925 11.87967097794117
97.08855904010977 58.11980128693798
61.18565419910883 94.50171365444899
99.39502094195382 76.19807968364562
39.935613721866225 34.37793262824217
54.31234752953403 6.180937355390082
92.94327030611912 79.14343351313093
52.591245661563114 45.16919666594043
4.334903850590333 4.626329979247867
5.598543934301303 70.57130568912913
19.63152638540755 66.44344385618604
42.15496480645159 21.57562090019646
15.22435324964384 38.595835446357576
33.91979868781873 61.38587217949281
5.917514567081761 30.323786961103583
22.44337005970909 24.09679859944598
49.83048607967818 78.17166476926195
12.666647711256207 8.380563266020202
98.88648241245748 5.077976926462069
55.77748561205487 48.58579050524906
58.881389548530784 83.4360720212702
9.753889140256033 3.7316052569703273
21.898340143987305 33.02552895759059
21.076566281133214 36.103595500700756
12.24277483580053 89.1188104393928
23.824633773266147 71.83983885581584
70.41078145222998 91.88283721191208
83.76819987748559 58.152266687927856
25.462701678802112 31.843164135269774
4.365780400976426 14.812182144937625
42.04604481801415 41.38866744120927
47.79745407655288 61.958956209104784
88.5303545183285 19.87182279448906
86.58690868677563 88.3058327331721
24.92666539623486 38.042098377947006
94.55754389674024 48.49577150395975
53.394247136355354 13.383882938408131
56.08929934648587 95.10938750400003
41.57130633785263 25.499697129583176
56.05487077174228 34.1513190677868
95.13399484393767 49.124496218337185
18.92388334267472 29.02507007690006
33.19258167915007 78.09064632957391
53.939329243786815 98.0770985334018
93.49066983240152 31.17074915625112
82.29871612016221 44.72735942346393
32.89243591103331 78.37166225155818
89.24035461726385 18.002424325891987
59.09887644756663 22.512438264088274
79.51747498404046 31.155531462417585
53.13196663972353 66.77918817931192
65.14978530721646 60.9035722402025
43.43014039253599 75.45790476625042
88.86505338930563 46.85791836959395
59.79737905828958 4.056930304296502
13.941411205435495 3.743352462881533
82.4168946800875 0.33083502093886885
70.68412754636265 38.92144215313835
95.07123475623371 38.470950258648664
44.57965198124548 18.872580797743012
5.062292711792282 84.78630552235015
95.3993207347557 60.60325398361675
33.56864491543236 6.105725497655801
43.58087945508583 75.23078714033996
66.20895533546202 76.04622498766382
75.7778973249927 10.959385637190888
54.88489397798825 26.873388941751884
77.98842301378856 24.92950491772724
1.6243766292154516 34.50257967725475
83.08344996881715 64.7926086381664
76.6097662786467 56.82775939415049
45.80168371219253 61.83326400021376
46.24503205181074 17.913781057117795
72.07482289590443 38.24577634079387
38.454713302000485 47.22398381172289
36.63521371479135 23.47319836047972
9.320022914267035 15.594904878692384
65.77288789116233 48.597147475538286
87.05007807120896 68.83772709996721
70.81935639615061 11.285273183900458
76.72478262330232 11.082958850578562
81.51467409159912 51.98415931223971
35.29528660709801 87.14201389369191
47.27244927026517 41.85768426539666
21.90241178452592 30.026309214791482
89.8927356215747 83.74587040886185
76.83718084398076 77.35769699656454
74.73238024883332 2.9210695798382758
73.33649765066443 71.97187292064598
7.850143138701449 4.056323449420418
28.07658087110021 87.00071942710946
22.217014048560245 19.0004241994962
70.07799740617807 23.347423366935182
75.33632076735299 58.58075221666407
95.56179351941014 68.80865420218173
41.68196969137393 96.91240623624832
54.77265656386774 87.35372552621182
84.64098390783943 34.219435374739504
17.39910182320684 48.177299523427564
18.61766339370957 10.627576633401903
4.8001137579870345 86.89698447141602
58.910455054573006 87.5918789696392
90.4505030014838 79.00475696735688
77.89869282218048 18.82822116810735
60.260307577887275 90.33117189844798
51.53537505266467 60.11053574339672
21.702784623292704 97.0587612857953
29.871655427950593 95.27060461629027
43.11009875558525 27.72544938471463
52.10775455527783 1.275467417810472
87.41937255555143 34.590426015905365
58.46888368775333 7.232699399805631
16.236935040658352 48.28045546164702
25.435173369092468 6.879459549535005
26.401106917738492 23.67923934596884
4.16426069239435 92.99310583066641
49.95963903645252 12.540577344102555
50.959742047766944 84.07155738285772
26.15323876521134 75.30698982525446
70.37116317892306 56.554160600281556
6.765666692395477 51.74343315251937
28.162054530648728 90.77581827238896
88.48682068212366 19.719935731776438
79.70680978852097 5.2528049729226645
52.90183866039381 83.21860409991291
86.23869661426585 66.50586922825855
63.238260693532546 89.56575491093425
81.48160195401235 32.068776493434925
84.14997517189488 73.6632523447468
18.824112341185607 37.01717764262467
55.18150816860181 60.06127638486506
16.025874164351027 66.94571096793285
37.20464359397945 83.1123402474495
68.31326693868392 78.41697979102645
30.83857710093857 98.38167158220584
64.6844249562172 36.55085619141665
83.93050515641433 45.10268401313545
13.613918087209143 75.68707250381715
48.681022119522275 24.242812552868152
88.2473679997899 52.29918333671989
73.45034707261702 56.321916185406906
69.49399114794666 67.48501352398588
3.9960865032625414 24.021568614656243
44.079341484866305 11.50032450594839
41.91774943975627 97.87019895063541
35.28988773601236 33.750572447071356
90.4640928342923 18.430676762490215
47.681974723668276 73.4038860268017
97.68161558801364 49.288855943067325
89.9027768790015 26.974899023279995
20.663350185969588 51.96950687940773
7.521871345915699 24.210932166033228
31.948245421775255 80.63714577709655
33.167163812035895 55.69971102611046
4.216817980333976 92.40450571494495
77.34604051900249 79.92847593714005
80.98262721596097 50.522181170942495
36.19843415940578 14.152057785953708
8.044764462981158 38.19832329168705
49.62721300317811 44.37754597908198
80.9038842216697 54.84101624031877
51.07928951215237 94.55738461495505
15.296658386665118 89.97919606292345
2.076788120688 77.61246620493549
9.67450294588198 34.47268608427804
96.45617231585129 22.429370045243125
76.88131512816241 5.771119233466293
53.61527240207319 80.35566856732368
62.95580344442201 38.011676878077125
85.3407295156377 80.69654479101497
78.94892218226842 12.212352244477708
93.1030052095101 95.18880443488364
72.22383887613019 93.9635441956863
94.15328436067877 8.11223945858519
7.672768350855941 88.76661629618519
95.02806486324765 76.6349013693913
0.28748779873692953 6.3406877444485366
17.596848006505372 25.36184379169395
47.67324464072066 87.59143376017867
59.52882523265121 76.01237718837763
64.27107014689925 34.75057941455003
40.716362118112094 67.46852899828073
97.55500676171481 66.81257322811452
72.70799805131996 6.374856282691699
39.521411272085814 65.93741460689239
62.79668377468812 9.8058997128049
89.67020741751462 95.55738088305782
91.26274116869905 79.14005085221754
67.4460368734216 65.75980150283836
3.756689063864105 0.43919661069954374
62.938419675201075 92.13294446476132
22.408401112863263 48.41200201949075
59.57385059338718 12.90830190458182
4.012669230909904 60.83076179481267
50.57001396415567 50.108874143222884
52.709864224506845 34.027786402222745
32.85264508730995 87.58401911155121
95.16892466416431 59.6891109148511
25.709008589333504 47.313591372384124
43.873529088169825 90.94757041433736
68.06708549436247 45.625792918130834
67.51012217339579 91.83784560768203
79.41071645420543 49.49456382197237
98.88480045915801 92.66285591763508
72.33726174848823 96.11738537416696
30.536177261358 93.12982220769487
34.87274081198557 90.55464513297605
32.435268065009595 86.66709385430288
15.181760813831346 89.66709011454773
32.17593372422196 11.393149857774088
16.493655015148445 22.76843944311986
58.09978924403706 44.780226869614545
90.56427875398857 47.86250688543697
67.46379090768359 43.06522314308297
96.26142199920935 76.93565738354675
85.43964087328874 36.023743416299894
11.041011414759538 16.045070451606115
17.90151777392135 78.3299447359708
11.098116667175372 33.53768749963165
85.71552283577802 34.29939402632358
56.464240802293745 78.91247778148758
85.22691641040979 10.228493856741782
88.52312002214555 99.7441897573197
38.43257560948163 34.11810711229458
25.72387660105918 63.03046501837258
52.95400609182397 61.581847027954296
23.087563464620864 3.3402967320010135
51.918043604512256 84.1844321036655
71.80209647995962 79.52532812960472
23.279831446069842 86.6150096179535
81.39699384325158 81.07803050269573
32.34786940590002 68.72201411162963
39.58289515874127 81.13641330396194
44.94242080000313 59.214941293542026
86.37061792157489 72.82650420890208
57.377706779738425 62.402181900355025
13.36337091657832 51.1219098994491
11.746542920623726 48.75796925549897
37.74004509663911 13.442196348506952
87.34255867095331 95.0993298404884
88.25312621300202 35.89145532551667
1.8017832808293055 22.887810064896673
55.504919728537 23.306983349441357
97.36408258812718 61.02546613054935
35.95275145762981 38.87763220006958
7.945843975366174 49.16970804958588
42.06817937493841 27.19479104027094
12.161745644859002 75.18838314788906
33.43351501094419 42.93317285039375
16.987972956631637 9.860347331283492
58.96289927776556 36.728470646472125
7.282118670578896 4.024976792417723
46.094584351928304 38.83649653429937
41.836155130799646 62.23948380845542
11.685149731520529 9.757658874993746
25.110102907142707 68.34210362513689
13.128527535757362 11.713709136947504
41.111337521972445 67.08474947887697
52.22502791401078 19.778221647996652
19.33607953738844 60.35181670618592
21.47572316457388 69.10548837022836
44.732885532544955 29.552271940647845
78.23287168247887 69.5103554063185
31.380791038659993 54.524703124912236
22.84471337697437 64.94807966957447
18.208209275436303 23.251058125603752
9.742147687175374 86.01134648302072
27.783735973937684 90.99439049480681
47.69239694598721 89.54193424997435
18.273260273554747 53.69322768507402
50.877381982503636 40.69857092871301
56.03350078439361 53.36326557654617
70.0204933023966 46.26628660780396
42.06384169095404 19.781377942748833
48.35346008530943 8.23160916392892
2.4298713421043283 88.43871281940756
10.677707119291679 19.255987413277143
54.122056567596374 55.97074915982916
0.2223299352108854 41.36869863743953
46.305150287580446 2.4235755204115805
68.69981851035418 52.86714452507013
55.834066677523296 45.94622206403248
14.41381420866039 21.185305729152393
47.439896175333196 50.11100205019052
22.29237025617914 1.6649977685672113
82.52697976791403 87.90822121221468
44.082959788568076 11.786192071216018
5.152054731464418 42.534433894453926
82.30932550966979 7.933179273587932
77.54129267312662 85.91368219970167
92.7466505948368 19.098191601440227
40.409086742980016 44.85410965089341
6.790096755936615 33.32057652724024
18.466395764268196 43.62270311609902
71.20565446483583 16.878497128881975
36.67845160168404 96.17315447625364
80.49022439823105 50.673721324696466
95.26662799518081 35.67745477666159
93.50959227978265 35.08010599767363
67.41590264464762 36.25357141791399
17.554067348592916 92.82939742145153
34.66210574258726 83.32191717226519
73.62912694444249 2.5829050094893335
54.16215068629132 32.93694644382512
80.07254419359627 37.23494257512364
72.41843106447428 44.69435698344279
56.530587183943894 94.06645615015397
87.21102836646796 39.879786857369346
62.97116330040803 49.89390603964371
20.97654291914248 4.900851476460133
86.09288820051233 31.281747522385515
80.90643839262951 78.60368817181103
16.968901718961902 35.19452269981277
16.004968960135134 3.4319102788715528
34.36189510529402 60.5686300245195
71.00191674923785 3.271436710039477
77.95261915804673 68.92543451499256
67.96705141447936 61.84691831172904
92.46467891525431 80.47684722167592
53.46465803045576 98.14523098373688
17.829093019567388 75.39854021322154
12.375540133012963 49.053451881890965
47.825644882072424 31.36785951882286
41.29737876819224 21.331028287393895
89.26229957299692 57.027037190860256
56.85075290659074 40.136002623568615
92.94158711710956 26.795855499430655
22.71528502304895 44.90888275531567
32.90724942218096 28.429450537796153
69.53157459834098 51.67388692351288
47.899941868309156 25.25770624421745
1.5771956363855866 37.121175847792685
92.69578971686462 83.72467004846175
22.895084802079925 76.44230092832458
16.811127283821758 98.91960580636821
75.23249676929942 26.800388250494013
21.17694668255503 7.267172640887509
61.56991838548337 64.90380539343677
94.20463280051841 75.98296571753282
70.0061179172089 6.188897703839958
36.43568309879475 79.62470149128396
31.172810327395062 82.4382315223897
43.67189978165691 4.931723523422404
28.171043644580173 65.07432107239167
11.123162175329405 15.48860723622415
40.59185336042081 76.97269084071645
55.48869779711114 44.26683944780314
99.16010007782805 7.082231175560816
86.8919414453685 48.66769118022154
99.91320577217823 12.599351292035221
79.29693822989006 59.55545192642377
45.718913539205516 3.051044133206371
84.73633828390945 73.05332479672968
27.569603068500758 81.03424030225487
56.56989932843229 98.05924516862171
20.052557514274106 86.88310829136927
31.290692105864014 49.28540958890739
19.42849934740304 82.90108950921051
26.855749115092298 92.72292124397038
30.8141397348626 12.719492729107063
68.50343207745655 58.432463850621765
25.42510493438731 95.82927814143788
26.426270760161664 46.18800239199733
36.31432247877111 41.92786891883038
20.2038728271134 36.923258855585594
51.81390963297087 17.280121431651573
67.66228070161101 10.892280147176303
33.26371021657988 16.954878732095867
75.40256132085915 10.556884800702626
73.39638203428129 58.90425292009884
61.49609480733646 34.62688378706454
56.572650903331635 1.6532408575863133
44.990463542644164 54.2565340171738
46.3690290516522 2.128901234545233
17.230726166529784 96.93048247022486
18.41539239540635 21.74872841539851
65.52144669712207 30.1316819662135
50.700162242329014 82.34430509616799
38.72340355687703 92.42226314944017
58.314925027257495 53.854009526113074
70.72620173526116 86.22297957098236
92.53434742120092 92.03521901889648
73.54556544680784 41.732989921731146
60.866459537363305 27.945558047518524
73.14903051050878 19.7228138650548
93.51023980664638 89.92242107331694
84.65358412701227 15.31332640926789
64.8252392702222 94.56098529724385
8.373474244699597 13.253519467671037
4.103775497925055 92.42525994555487
25.36662364188611 35.71984389042618
97.1870601390651 12.360367847371323
17.58368572946255 87.57087129850999
23.897711457748493 50.54436390701093
21.282549494206926 99.21712127419816
41.2924927352201 31.639137030375196
28.075805025638257 63.814716257139835
17.563957361888292 91.24975897649425
6.899915213199126 29.84275727153154
79.96598393973903 34.59819853268799
38.251060491180546 39.41969765822952
16.507361119681164 71.08443170199003
19.349482699812803 19.21845871294712
78.06877849039545 67.70576315162656
34.48539466094239 38.31200202728125
67.35293941057488 72.72112974835167
30.479041885787307 25.201972153716323
99.90197189634941 0.5028994903797712
0.6376834732079062 44.80609038122242
10.220932894765989 52.75724583328311
85.38478635092895 32.50123387842609
42.95760991275439 6.825480508725679
25.36792872818282 88.73140170706284
81.49575506028624 41.28278040304315
15.08013908778315 29.052145086378502
42.14171536442297 26.038302429242822
2.855515029162292 4.02151723758839
82.02202077943635 97.36409601357104
6.009026133340267 89.6905440204017
37.536628114639136 41.10972497770785
29.142027933086446 56.113896059106104
54.49693460473255 37.364457354701344
86.5635339970786 61.18434831237182
40.784185306561405 98.90674668994566
66.9252716005045 74.60029889823075
54.96454819977704 21.501765833277908
64.91728148177124 11.599747717946961
13.042590523147823 95.66038685442885
38.82949540348483 47.836060850728366
80.78774451732507 47.984795577483105
86.05802037747205 82.99819426056345
37.79802543455744 26.87590765239014
48.58525703262752 56.41566185611584
54.72951019859882 34.150813580461495
97.86884757130814 17.97301139136761
11.855135490517387 63.992036902304996
76.53241395971394 3.2106783143217243
9.155081042522873 98.64359958050903
64.0763449187659 47.194901985831606
56.07000635022919 92.24146635214066
33.1621164176536 76.43151210881163
78.77303789312684 17.886271217894144
61.531236165070005 55.62821829794596
4.845625124674857 47.64770775746327
89.59984138566901 72.65765747905849
10.510506341847691 7.022353699023299
59.51045972341068 98.64555245442999
88.99540920238495 90.87276453463986
20.751320235908633 49.35252108409118
16.80444667839668 38.20633578360748
87.94071109626944 54.02489712718792
83.88848082069977 64.77160465785951
27.01204093518459 38.73857326622756
77.39052737613133 60.40074632826145
42.986844501773724 86.40541626931537
23.04184485314158 97.88080275169125
90.4929152938911 97.849212180698
80.09143420773964 50.420251292185995
61.7367474362992 24.516886082170686
97.3834838662876 3.4627366767961965
24.349641544243116 61.53172686710384
36.503575275347266 28.12160785732285
36.30937797490724 86.09373520305007
81.12421499793766 84.36044997022796
99.31618130119531 89.12274670315466
77.68997491087106 28.22421611594391
52.83847865621668 1.9846630061847836
75.64350826989772 97.66701725995644
75.76914451307121 44.11722010495788
49.24735455588428 29.316285514896855
89.66628305045946 79.3872717960822
90.74951635211008 26.128386941165914
26.954594438545932 79.74578484511564
39.579397678567766 64.74277850276661
56.85270129802456 81.58294387952928
48.20980293459074 3.0925248293210306
65.28226154187409 17.161627133960145
80.47365128775488 64.98655619789143
82.32417188378271 5.899771783755925
69.73375370309351 24.37235288785695
26.622859921209674 2.562116167582762
92.97826009734742 27.50022717419793
12.168300324406555 88.67636690838782
44.85731986317628 4.148527872543639
90.76817243321784 68.10062630420913
4.027131325786515 85.0984096385326
81.18416981487177 65.4872283157695
44.66697457251498 75.3561043946398
55.0930844418216 85.86629745069347
91.53713981120595 75.64423845247396
63.91953905386158 36.694351625936015
20.467160150282727 64.67797938048959
89.9095176975154 97.31579613136118
5.339387612778868 3.230791056408666
47.16941715934348 89.02968324038923
36.79450405854657 30.46737506288988
8.77198342739346 85.16342605748216
93.76719328849326 2.9380892512048007
55.651416585714784 60.25275189950029
86.96725290003421 72.02728307775135
60.19067637433635 90.06561397619313
80.14910240036698 92.59809947226479
39.000791260331845 76.53082074415735
34.540396851530865 55.62960098430173
85.21174465422348 81.21930855928987
46.98748946140944 46.419554435439906
5.074401775598725 54.06313931046495
22.730584502683172 0.5263921584593101
71.8992390800796 98.74644415365704
45.60430974445361 1.9786723970077746
44.43608176749589 34.48198275370783
20.097518695433358 28.472472146126616
99.4454320161043 40.325065096450494
0.1867801827738158 57.236305480562
51.26049572691894 7.344604601979565
38.44405999503405 26.167015389164494
77.2566645332839 91.11976135626782
98.80225192022979 53.282451634248176
44.89060883875416 57.10717669027954
35.64716572371969 64.95920118009884
67.93731482742893 12.610274951967904
32.29063771369513 12.225215985406413
19.73377387406926 34.26306594210779
78.18215057146372 3.3221411605435014
16.789665992358994 13.769109970929783
92.4111515234262 78.99648559576042
74.21055211630897 73.62165325616054
79.73686366634146 28.820825884821634
88.32053837248641 24.742641790740848
74.74102131180683 95.12978439560766
91.62050483061101 45.196093407262495
40.17026061972575 73.68235664816525
15.727168055687212 61.185766073736005
6.25642517569479 95.30302793893593
47.39722611496971 84.15493003759465
74.23468942132712 92.27486585995172
36.99048482399313 92.93022208616102
95.45946885835316 27.03854708987641
10.24660784547854 60.623273173853434
95.7600123718137 10.541990907983323
87.86485377332247 2.7216045608292605
91.99178086396134 41.787794769530386
64.75143002504645 7.339831958340238
66.1329096247313 86.16400922756827
7.221959224343532 50.718223550892596
24.00379682148399 36.192303099602874
3.2917822607255065 98.07902099764017
84.41709019862387 83.31897545567548
82.61257727356704 94.5064682628592
29.23693276893654 35.647111995091066
24.81823821132878 35.05436234695151
73.41517801044375 3.673278389385781
25.929647119153955 71.56509991381644
34.448768060274126 89.96406206890704
3.1078592647496905 93.2485068308118
17.448494459471164 86.68552368717776
12.153369394831415 73.94104755119535
48.89877940496703 12.535294578013524
22.66773094383523 64.29035394728301
50.52730260984231 31.406546442520956
95.7571237919175 13.876995307076644
57.85334439244686 19.23705213548026
38.59168154468513 35.46206235707049
52.642339270344415 53.582284127811974
80.60182875061699 28.146198944949518
60.119945883377646 96.40626231597619
78.44640030719604 61.921303408176044
2.893052953820918 82.86903503271407
25.395530062610582 91.66556054388826
79.22251465345818 38.28144069203569
41.26655174383374 5.44523592364794
17.254003128349858 80.49830453029675
92.08369876199751 70.46834869601514
13.401418668851651 34.243644402577026
56.85305918817248 40.53729295326522
44.01873801182854 3.534333182743077
9.606294107605695 28.736916524541357
6.0851802598704925 26.230727266212917
4.475407010984023 12.714026960094426
98.8242837446255 89.05379305339413
82.13136377679514 61.78828579106524
24.707678008994527 20.990613761012256
36.075830846045505 37.988865950468906
98.067929277754 44.659762588603456
28.489477788805118 28.02706798637994
81.38417468618535 64.10825790131791
72.55984143197466 21.27042121496663
89.60419734240809 51.12815483865562
91.38886482945098 62.033290410813
8.226963393915888 42.776850721566674
79.38023646426005 39.60902858812423
77.62535094325281 78.6025926238115
46.40141806057183 30.106896273958395
82.5387370048184 78.53503995597251
23.801929913530273 47.16187553075992
54.62777123457479 40.71650444236757
12.239121347893612 29.21916758490695
27.38247272980986 62.460096154765
0.99032375400393 81.91317858852494
21.284707662641367 31.149229235796305
59.29931721043707 56.20248570021542
22.886461549000348 53.59126213428984
40.12406156175599 72.32142744239447
71.80911631937006 93.68663740106845
56.848629857816235 39.67824182898651
29.765798405300416 26.63875181070008
25.254922704404382 69.85501444134276
67.4292007749043 38.166286631469816
71.9165944739613 1.745674075231718
31.653063268455483 72.59134782951251
86.88390668974692 70.93080239441724
75.02095852897028 3.227696712262651
98.55362046446999 38.07671699410196
64.78944203344464 2.524210537085525
50.7118775609118 3.7618482186804414
75.22573340643137 36.09512715570907
67.02491824328551 58.74761290048303
95.5781861218593 43.02953901784099
48.47501909207752 59.724406594467936
98.60919299014563 71.42334013422862
60.83495653520266 90.68914224569718
15.922995615526926 48.35120587317514
64.83854840246617 29.395716834024043
20.205353606954702 84.91691754040266
28.91090929952298 61.36852250508177
84.4247398485828 2.990550612166798
81.91339310324454 72.50438142653394
58.269946049696074 56.02775538336964
19.233529011852866 9.876695158636096
28.14322901313129 99.37029926561229
13.8112178158178 27.22440777009326
76.18934545188155 45.09822151987639
2.0354630440270194 89.63326980723798
21.532632346096058 8.013925406077337
50.309982671140986 43.974005470005196
77.05634732098693 92.24006242510643
52.72575081882024 56.07008161767361
94.69289795731898 94.31602448684828
65.96854533957362 89.29049092899683
61.918089022564715 27.30151696687413
13.332256338184933 46.63719491661295
1.203097771000916 39.5734984064311
80.02739565549909 9.716104918647373
54.370702512125 24.443455666666825
7.56778641415119 48.37435357953773
55.58046651372418 37.613897678042505
73.9045604569399 32.67897201987059
11.774596413157933 1.8311903335730184
42.80409459177963 0.7637327344184763
64.1560904037603 26.85154171950218
86.83067677446068 43.825742024567674
88.6629279412147 49.35872303778932
82.83567068026483 1.6645806382881712
57.77329802191492 27.47781830835059
84.67535546530294 41.103367502301545
47.462249286817446 72.70092449771319
46.13206698920595 27.98079780177771
89.08175099123076 0.024662436091749118
8.709931580625263 60.08282423322906
50.42693036567377 83.54042850734164
29.607908660592997 84.92322498198585
33.14945631242373 74.37587199133009
68.4890762448964 32.84520594716168
41.60427465651305 21.722894302576556
1.6452679603286113 59.55245075652882
36.81813541703529 90.86429023382607
95.70808230229723 94.33531104848846
27.985552667962622 68.79580796123051
50.26890154085931 82.34598980421598
32.70501642222108 90.75304720358554
27.266802717848915 13.914989773967667
75.29590284235516 81.5074571235216
80.72438636036385 4.366373241466381
82.90149478646559 22.73018434596238
40.559561662430134 2.7756507045178402
32.62684419637398 44.47445178981981
7.419884927156972 68.84969083237081
4.225050129635111 39.489430423797586
19.07687322086149 87.31310040665414
10.357814366993134 62.296820732075155
16.519904183081668 62.675895275548164
59.04521051759934 94.64158447834357
77.62483817429509 46.266054592741376
71.24691682161493 3.051422445943641
4.92235824120284 0.5002009196414026
29.618684621297064 3.4294277279892094
