923
34.647452800541636 50.72971861258458
28.054042897382946 26.853701272258334
41.958030870937854 51.65528575621767
90.92319823817138 37.306225956735815
25.926606546438624 25.347179916051576
21.61884055959542 20.47544524181323
88.875544617139 40.47026198769994
11.576079346506585 73.19331666747813
27.177250023588062 22.431957997468032
34.64014831452747 85.2464677462159
70.61677360129586 65.34845368991083
39.73796747706382 41.32020506847164
95.23306002578207 4.812386863216311
62.40392974411084 1.728563469363309
28.242958989174085 3.0980749381605666
32.97732559798104 64.45314855125233
37.69349453823778 23.147193806575128
59.289750297924584 89.88454988136108
51.6643017494937 79.70000470691282
85.85079212301193 75.61462819920844
19.888058167744404 95.71561496455682
47.96594041795529 33.91719455610526
8.100180018528258 70.38452965923476
15.991897339149208 28.531881017054793
18.898324541885792 95.08774366685971
90.35497546594947 36.43925117612561
45.57218371552537 59.91491690503488
77.90828223741426 32.54203284330347
67.59700903491644 74.15672993412844
73.9604111816829 56.549598426173766
10.995645524023612 44.49486804030668
41.11446948200512 67.84263702492346
7.030951655973327 2.4577236625880183
48.490525151398536 25.411621509881886
29.427316797233306 36.52583069705029
54.82876336273807 42.97308784600521
32.97414974249192 97.36534103642886
38.59644199421758 91.50441389652588
55.22242794266439 73.4314143829815
30.15056976025615 15.44219562479906
28.195256249043865 57.86893941668355
38.13350820237359 72.4787629575851
29.03362428237931 34.24431880597112
7.455165186077406 45.57410773771979
15.017352686036789 16.268246462059267
39.462512915822636 16.903927350535042
62.47530917315748 59.15622420502048
6.920637454944822 28.250100468635697
81.60527678560103 10.107173433406935
97.51126315697603 62.16135507330892
0.8787189991451783 55.732915278819085
70.95179839176853 39.66750503089429
92.15815602216298 33.361916507627434
45.67328301872126 32.99901423302728
81.36955393186815 88.52458915507486
22.948361729875078 0.5841732703548708
60.92621427856347 54.4796664224187
9.754535210621862 74.1681014833713
24.887825206134906 37.08867514141063
49.9571118325684 85.47246043059938
87.99129157972956 97.78325155974551
0.9921686973610511 27.42642914192063
10.150021750027271 76.69565790664385
83.09811291327985 6.212780005112883
29.092102940810616 22.01085373089824
61.60725484156202 65.84627438785976
32.7609934948197 78.13531201971085
29.795852680867917 43.07459261911515
80.80031825442387 24.420364421913177
20.999133835977524 5.663438695317902
77.98373040167989 44.22908452355778
57.288432123223096 17.130021400773398
54.223711612207204 56.198871789878815
46.28127607773968 56.004927064644015
10.008224563071566 6.176912239858945
99.57791855727346 23.316699090856318
78.14826905736271 46.38542749147459
77.92881384664324 33.55013191999503
62.68282928706854 5.350663738610351
17.06675645574871 46.294038666805925
18.717814888275985 5.528447905946754
52.310464382819156 68.05611144436183
31.077416094595932 2.070494862139627
19.565455214348283 52.445850193020924
6.181340217275189 43.28878896221654
10.00710309653381 85.3872143080299
88.74330124853759 9.688402058838118
27.29748841055989 49.571170531042426
57.95033846752797 99.87849360731349
88.27104955707658 36.10181081783894
11.178314827161007 0.4688799232042462
20.387254352070528 64.23154688650664
11.84249923102162 74.05213467184585
57.038509380227474 38.972885552717365
7.483040009771969 83.12604586688585
61.27764637689066 95.42570651167559
10.734697488864796 3.2644936347720033
52.266723218371624 54.60692256377476
18.633041480306744 99.15638469461372
49.64714918974372 74.66132974317944
20.51683906180091 45.987610804984904
37.51087820201736 39.339546631483856
1.587282326090378 23.647904091996953
3.026655460222183 56.58324042694785
6.451785591127113 8.960219600595764
58.405564026414694 62.92493972698856
62.48888306320198 54.39374060242134
44.6162753299587 69.76116128444964
99.31135186435466 9.38692872577339
0.8673127482524245 14.24723639877785
21.831565797531372 20.0251505585907
66.98750945150745 78.22256721455466
14.25810328861804 86.89344600697922
86.73620471016487 67.49709433107962
67.11917610924246 62.61941692732344
80.64327828433555 44.07508282092887
86.40002678372882 26.319370723238087
86.40687575404006 4.953177783094976
18.7866055663105 96.71238262279209
42.95049200038342 82.4152864664955
61.00418241095188 89.34324965648042
63.02195905216915 91.73713380810692
15.031472462697494 53.74166803018684
56.46464556899269 11.902897920278388
66.86787849289107 10.085782234599439
31.143202707036277 9.706415342275621
35.87553348858824 56.94718702064235
90.61515235312474 60.90433503381853
76.1472675077482 58.24265549136305
2.5030353919865522 64.82722103232645
84.10075461745393 26.576252167142844
93.8803719499395 72.07803202212277
19.625308935104492 17.54144299947894
72.8079951329577 54.75048926447117
71.65548476871703 92.36583065777899
7.999286296950025 59.868444882974025
93.61685690580414 11.494612610672982
76.02788503408144 82.90762523045306
84.69263331606778 73.59558158456764
65.27242671625028 96.24793346326402
70.47353785664909 38.15333322583794
26.931158661519994 56.650309082171255
51.76610336613262 3.79499502146321
80.32384006638496 93.36516915469291
2.3215840444044566 75.16242107527364
8.808128437601559 20.261206334301683
19.726781678644645 45.413991701108124
10.929861942990193 33.95924868464476
47.61747860896147 38.11574387089047
34.978928659952544 13.072829985307855
34.77751983838564 47.10140861783662
32.058008368779646 51.152468523246895
27.310866754567076 91.5701075411333
51.96112729138546 73.57787278943539
20.01136338089935 83.33584481412393
50.743042719769804 60.86455178475737
66.82096470906352 21.74160985767254
88.4033562291721 97.21771902880786
49.80547762364015 63.01954790022833
7.512934626415557 50.588338131852595
57.06578866328187 75.69192716026467
57.28311792340194 36.32525796268779
70.3739129072486 49.961374219305874
39.61464265149205 86.8231666329848
83.29150356625208 24.23875326622519
90.13943029844168 32.68258520458005
54.4757381918376 75.55967144576724
65.7906542731178 72.1924198552747
22.423955600302815 22.4267484889753
80.74009037238086 15.307660213088582
62.225854569036265 23.82855086090183
2.0485234795213914 80.2015847419145
26.01708675003764 32.25716439334245
24.42710465304321 95.03612296521013
6.564095846271045 44.5533467041703
41.941081963406134 79.6887121479678
93.79322720261935 52.94110080965781
51.49863953235293 19.155189120849293
40.11425378031434 13.23896359421658
29.714782183842125 38.356243643217844
87.24389584170021 23.8050433442371
49.36292087062802 91.3084320236887
17.50608574528103 74.39692627410932
84.25926705939487 63.50436020577518
33.44794028425198 69.08438605478005
26.97423130051686 30.287269915884263
43.77646318277147 59.859242850864526
47.01950821668655 40.036266516756044
58.849744587811145 45.29587997112189
12.979388228163458 5.92907023627629
86.95909509515974 4.881411462464191
3.078622161688216 44.18759095315404
98.30827997214665 6.799393279722709
76.19492852228032 68.34182754672288
54.011791506891484 57.866388965487104
84.03518408009508 47.95027290045307
78.3244767545837 53.506860215265604
45.920514038627545 46.56259415725833
48.236410898183536 44.440516743222304
28.9356522252899 1.9393789614722934
52.362501126843455 39.165240677225185
4.337956099976658 11.706818180577072
2.9841882613713344 66.1873424432203
58.251360673878835 20.169907773483352
92.22365960204662 54.49650660672533
29.899996498807234 4.875526931968766
16.313267243765395 17.408464708946592
6.245633123178274 69.64965978942088
59.92248490577181 33.99002177910061
85.9460637111322 37.85439144725736
40.831550948633144 69.16204699960817
76.72585072755774 94.03355856912461
61.142885416410806 22.379230288277352
29.00161545701989 7.20455341499494
30.111750055717344 26.165708230994344
84.71195280100771 92.63901464060922
0.576277316080398 27.709472000851644
33.645792818848186 71.5924397014377
54.56635734906135 83.37973860546528
70.92927909105089 78.43450267880426
62.07841604834532 21.622707992455904
64.14776953227843 40.050377980231545
4.364454995383371 94.48263499633572
80.16542761377782 15.749273422464416
9.386002804651305 35.77368261448218
77.47226540176875 52.37055391382959
72.479263196502 70.02032079260326
48.477916898165944 47.06318932349858
19.26788040295029 83.89393777208495
39.107733303530246 61.27469497772003
20.46499073952901 75.32221371803772
14.343877341114053 8.686325675470785
46.766604749186 78.07468735073752
22.254940280746105 3.5114412530515726
56.26640891029487 37.07985256933204
47.84319799401212 26.766506264938627
61.402823700253016 38.25575889137463
72.21199545716442 42.80103733922008
9.682661580640417 0.496256403267048
31.254347789642544 74.37871779480871
75.42390390959878 8.755063318608325
67.68717577860842 40.68063636740135
97.15790229642585 85.91104247352837
82.37704722946184 77.87607532513437
42.93357332924692 5.266031278410899
61.17837352288359 17.679353501496877
20.670845704646535 94.67013501217505
1.2914179669268888 46.24137144498805
93.18443589883333 90.73277675944831
78.88645704948537 36.33841189253686
67.69351747863496 68.52462439081447
18.570433173997003 14.730247866594048
32.947179358501025 51.394180840922196
98.7812654512089 10.390631668998584
27.96840307185643 69.05034334848116
20.328174688883816 91.5287344836747
46.19040141639859 18.444604146688036
62.3366101579923 53.045166026755595
97.29311315886827 40.702934702165116
2.392656784904812 69.3231783240353
24.012572703069758 24.634205364421103
44.66321569441829 33.21708082588019
87.08342283063246 71.6986534556561
39.231302174307494 67.8996199639185
76.63727235906467 88.80190362666735
70.33424508426971 57.99395725129908
68.67769947046342 59.557437520558224
31.55144650919153 25.225444585152434
84.17426145888184 21.374792142770083
89.6187608206238 32.47096682951748
46.22727811846913 13.314501027099324
23.455923104939714 56.17069997642433
65.31043799835945 3.5256877151005894
12.497751083488563 5.93048966203118
64.7148609444726 47.462861335056104
76.48171620720079 95.54670885239649
37.65130187754466 48.28079126762741
22.088619155562007 77.69058199933217
1.3421465778605923 76.23756487225248
65.30025243842984 92.91328378365606
46.89252227348386 3.662212235149942
99.3392512220574 28.165822618726043
82.50583454190429 90.78733672666897
37.965529353712355 81.55801422208172
42.13216469022569 80.18540328819694
14.140090443190733 28.010440293650408
56.719473578716716 98.89462613557787
27.875135249869242 19.38165023014249
74.50773554974688 11.019271182367119
47.73677083855353 25.898543643156923
94.49989276925277 27.57727336663587
65.80590666717411 24.458188570501903
63.24466110635133 22.52208544932811
77.87335038715713 40.86477982267487
42.89355575520805 96.78805274161672
64.55749430076021 16.170060814713494
30.442520852289412 35.41238324724537
86.7001946280921 60.79507025251064
24.297341116698192 85.4238495040993
39.73420668178104 71.01710947549931
40.07601893537901 44.50943759996419
38.099358069100276 98.60523045503929
36.415018656576 45.67448311830046
5.43566732024704 90.78304803366193
70.37800411320075 41.19958474660213
29.211539322035595 43.867677310329256
6.8965137712436615 37.52275313910497
28.365120250645283 68.59226745279578
98.79735229509473 76.52574485731934
96.66284831687125 80.88179265921227
20.859904799507454 28.500460061871845
78.65299014176269 55.11684523002063
7.863246219411657 59.00190679954448
34.07631154869214 98.6339015563902
83.22038179045366 34.491292715692644
51.187603767131364 28.091046804359433
37.05600637940907 16.387132460768438
45.83074431140185 55.28331036128397
97.15296531512023 71.36974538139538
34.49034703608239 92.68810534223883
29.166156816381616 69.2495383938263
5.647196424014855 95.36647390724754
43.42210900491703 77.21974503091381
70.06310587186768 66.96901978370941
18.9576963002568 60.00140797681841
93.26315875909133 72.61477699554679
68.82800825226226 15.900733716797145
78.39846744471457 85.12318929558329
70.89943622036206 28.450660381283722
58.56560996998693 1.544720509290709
86.66926854813138 65.14423144450642
40.48475012803182 60.9886083134614
78.5517130187671 63.2389373424598
15.41112233959192 87.91514453387582
47.30632205743228 62.71614098978602
31.138773206965865 39.86070937694796
86.1500757795369 68.08161342467795
29.19618358127085 97.06079657601835
45.36939482709881 39.06125995781656
15.832305585218142 11.372708232341411
25.72772015265081 12.220143103863212
97.83615465026273 82.35795010214242
96.57858261318204 17.458467351284458
32.02758842164853 34.502903766273654
22.435199796690362 12.90667397708134
50.681999163122214 4.1186425601711925
9.49221582130959 30.690916260554225
27.666428375416153 96.14286189112138
93.90462446621032 84.52645979043594
83.32902620635275 78.95446856339913
53.67389992132367 75.58904891402038
99.81143094559833 10.261148351330917
53.74558295586053 16.518517790974883
11.31152869479849 53.77329869520747
99.89132819171522 27.582132838588123
31.313276444483897 4.650403332016506
10.984248304776346 58.00413122361224
9.002999741780847 71.88295768346273
21.344405722425186 62.00887570128939
23.411155912250425 19.354978245916698
87.63753174089261 53.88162601692803
74.78302594214374 49.136138693954244
87.93331263185024 19.168227273336804
20.821604655424252 24.604837900503796
42.09251077723456 91.49700859841529
32.106845945262144 18.875652536815156
2.8848022804654927 42.33002708551806
23.23061428341262 43.70648549974499
95.61957778579415 4.771788568040025
45.1417591740349 17.6255341186377
66.53045000053983 90.45528128198836
44.20672012517911 3.3780422239281016
98.202715215955 85.8733589439653
93.93678846833706 50.30855001734443
81.5439362063352 22.16861079192184
72.79087147433015 46.26728051304859
32.2198280051574 69.49333114517245
82.31803225858756 95.69937905118832
50.58294808759523 96.7904428169069
44.49356873651054 88.53192624065595
33.1377097825709 85.8082064609788
68.62404905980321 76.11676595249564
83.80148274676087 78.41677398694513
90.27228135803405 55.18665364836421
34.44641700777723 60.291328426184556
40.42043508358276 17.29933569545671
29.125236552783974 14.346360886730192
2.41463865647511 6.145679348845867
24.87835435260206 91.69124778942768
33.93023900519964 19.135803601710233
31.99910131681658 70.57824316151603
1.737428071760938 52.771005996575745
49.34722058823301 44.69339510260129
81.42229337062973 24.029700842635204
16.55649715715507 69.49411267129038
83.54957309963096 51.89137052199849
47.09619135047447 85.162963382759
67.95441224928175 64.24963563733968
42.49979121793571 14.731496039910875
92.62222772465748 85.310568883138
50.35640094343423 71.53599371421184
65.1798174075715 43.588463750755714
9.347325447127574 46.47510835390286
54.705068467130516 90.58227382019307
78.21369053427945 29.828728864385646
53.12128786598785 82.96284451468642
76.70554382940414 43.56207736251044
89.2976759441109 2.614070950626446
45.71101093799187 55.21816877498442
66.60966902053855 33.40725450646721
73.87194283800503 65.30824700840928
47.73686787021519 47.27247458456634
15.9011504938406 21.35463565054757
84.21500308570472 17.82758466783133
91.16120329644932 17.749295292052903
23.597724031929413 20.189164865379905
11.613702396510096 75.57618544542495
94.98079002490225 58.648433995321106
58.030685813992925 99.83879186984545
64.33467576699024 38.163126873300136
88.96865538987335 18.5417577886821
99.77553909909673 94.79137256763325
32.301328626319936 0.2585757127504196
10.755860116161742 66.9175694544995
9.556645468755976 2.9983500630291315
5.536576700478979 34.488053166438924
23.303342916698032 10.57017219030677
77.50928993676666 74.06626758790242
62.937142878483456 9.244703153365608
4.029072059602912 95.64219079781193
81.5273732060449 91.00242675172935
5.432811002471927 79.67011227647744
89.4211283526279 75.50605890365773
62.498440819059006 0.9415781205133311
47.04709880445562 21.74585377878049
13.935550343886261 27.788036232591185
65.39780305993136 31.590118625374398
95.17714396713536 44.533335549444644
22.34249095162547 77.50640235281394
30.2966661188953 27.669225334468727
43.58415063614193 88.24260100418871
29.81627890196282 24.945535857695155
65.33946556348107 94.16934011865526
94.55296026452066 69.07719097274455
46.23022413558328 25.62567265525334
53.17943714011957 14.931142686663767
63.324605454342006 72.92440198122934
95.50297025183106 14.634818455695008
13.49693651058217 7.666263937495932
20.611300674421575 41.85131777829668
70.85054016623907 53.188513300382276
78.8583480275289 8.966769491708993
50.19963017782199 55.76827885942892
54.38690726372406 58.78157852418181
13.620559348427685 46.68139326578824
62.3019696141956 82.61449425318257
46.39858251453152 5.971333103635102
22.034862459551086 87.04951036400918
87.9665901850887 33.766460834032216
36.29162357657384 61.7993091386442
59.74093127996145 80.56864852605258
51.201228427111765 68.15141043496278
89.32315954177234 94.27829730223611
97.59567556466152 22.81763447787134
45.009140624453394 2.6165678442473306
32.19720568764084 90.36805941293588
27.71404306367158 59.0387299960265
7.314551177516182 95.33866646110654
14.214392533708386 79.25844872391514
5.76147902671501 17.639953773557504
43.49746615326323 2.5124795454014692
31.116347873967953 14.620413783210696
46.55578046868393 11.333782079117382
10.673744380493776 15.959670139493753
63.10642778977634 31.68531203488243
74.95571286158754 52.423236621952086
87.43278745429221 57.89100576720973
89.11871798174816 6.378033886354794
78.79373368634639 64.37111562891319
23.24146284161397 86.93407852308948
72.99914984760973 40.43063329118578
91.00012843707673 52.45764316459176
61.53454485578808 35.89782074168786
22.696631667202492 61.36754678067522
41.271411438530926 26.29493698736669
2.7373804955326486 13.262494543039061
85.89161754569102 1.6192137393990058
63.488403915843385 16.798815285251667
73.79741276779336 55.66135207419446
76.91441588601572 6.694509350914235
9.440799152322487 8.980395290839871
47.788611349837815 42.5044463896159
62.97857460328983 76.60620059599431
53.32704059502791 1.1345999894484704
61.364177603292134 75.61936957652577
95.21674407524266 53.298915330583185
9.317931984026995 76.00435681617242
78.51828495005539 87.00408682344015
1.9133313263269391 26.42219726826227
58.01720429877616 87.9304701530007
30.202926490950578 6.375839847875353
82.64000179146996 84.98628850145838
37.102391472257324 78.28032836417462
40.349144133355665 21.384711334942807
93.34397656102371 74.95550097283326
76.61432727713292 31.510498430975286
42.660643116668695 36.43503173910436
78.94453654825216 20.790918968611994
81.60045060535764 6.3392598497821755
18.484844400482014 29.740018891656426
10.92554086217884 76.07576591109243
14.043629385242284 78.44177420809832
80.80646632367524 91.58680334528214
66.12010837145294 76.66848480105124
5.142020083108778 17.64132098787271
61.636272843475346 11.284113674328145
78.91414015489124 42.72725075991129
11.131306640912497 76.60689228230989
41.218846749818695 5.379802714174553
91.80705329684821 66.07523271794891
40.60630402068045 14.189257599549954
15.761525376681018 21.086881336403508
64.49702325472173 64.72859719992293
64.39026928127522 34.149743970250455
86.01639235887887 10.625914145278447
39.73208922349934 0.9508199004687357
29.24162392308478 13.160213895456918
93.2094307385015 51.04835689377417
81.05152412945897 87.40649207680079
50.76707671461629 70.0911905122017
90.92979297594115 1.1007920285479367
31.797959068599457 49.699366326355864
41.84877739107008 78.79788537491318
41.72800452100161 92.70734117270683
67.93511455792097 17.30784011672515
55.979741803837335 17.59485159200498
1.128514812134207 40.7904793704179
46.370027155882354 81.39213551167987
64.23823262066857 95.61654516633095
0.16987127416994152 63.25555424204259
4.592471880226345 8.377309598863214
90.498199927557 52.49954086372834
90.13928485033492 54.320194814579196
65.06603251129775 46.5337071851329
83.64906424451654 47.213796265331354
28.892887791117914 1.2920954153638364
6.713774721551968 1.9832125694156488
33.012728271448246 63.935898306847704
35.11141625651608 13.758329529764147
0.7685623560964139 75.95160944489344
38.61490419202217 47.64151222239269
73.49445328807003 79.63412062606568
88.09610319167328 51.324645893230745
1.378354703125939 20.30457538477507
34.51985071981609 80.26460266485496
84.5624289530357 12.93300703401915
52.56620245640392 76.8697717442098
5.25260810185274 36.55105979569956
5.494819980682697 56.111088694449016
67.4766767368534 79.54048144787001
47.976296448147224 8.818358299631567
5.9161259924200955 1.4117410668903374
65.82736692657835 19.122043395531563
79.96082373543695 29.137317803162986
29.560906612326953 0.20580313513518522
69.90390651638404 68.4036981726141
89.5220203380909 31.17671724730905
27.117907408963315 43.396490552832866
86.03599879215807 87.79907581227458
11.202821698539633 5.435952670367705
2.8325976201769687 55.522140876136525
84.42687290076246 93.64266195025634
77.29846271344472 77.701447411865
31.08436426303952 35.95851001871036
65.77033505102463 96.60313263202362
15.462784427381681 56.75935049442832
87.4343034206461 22.70996286238369
86.79179620810783 67.60634071363789
73.83003880987997 4.275435459302967
63.11873247079352 25.859705084871777
49.90842173019564 8.945490343722007
8.622777103420587 99.57861984532879
45.33547207026562 15.033841687369287
70.26010588963676 84.77700059972135
57.82899853733766 53.58762393415141
73.19102941407849 93.03338602033959
39.218830335357545 71.54403608719704
44.130884497325304 68.62138687489023
49.15975643236698 39.31641920729688
25.37454825172305 72.55455816057315
37.73270269185098 45.70150812264507
83.41926569206791 7.8914378446591105
49.54325353479183 67.5488217850981
32.35441253111232 86.78189016306284
34.21522039291083 61.963844113456645
85.8685164952147 39.37389513325774
20.43835710801374 65.87446075006326
4.716274332071335 42.87771426910159
5.1048553662436 61.41672098433055
76.96251485331113 90.20797774044802
92.46134491327848 90.83887509841823
11.241422562706171 5.459946503518864
52.44585850776723 50.433508893198166
80.71720093114251 26.473310581778765
62.23348600003097 9.4634396357389
89.7049006185158 65.20926592779122
20.913745878839464 88.53793014066304
24.468039512098848 15.54052797467621
60.607655242023824 3.8352467791465727
13.971241811635737 84.66623208479824
81.68708294348144 91.43393320120356
33.73106414636745 80.22922173990395
80.87468522507608 5.784045042942432
49.88454233873036 90.0395693613549
80.25707482393149 89.51593352539382
23.292244856073772 18.672715278464423
36.26104901567834 70.72564955094754
55.845787044777225 61.855080289608644
11.556380003544497 20.657730861137967
96.19124810995702 39.1414204299132
83.050919105334 77.73085133581547
50.28162469562106 37.464433611293856
89.30262309904859 83.80323700089093
23.641950387069066 42.67146368487285
68.99699230756679 8.818717489786499
68.87122953450661 14.219857284650605
48.92232554211006 91.03767771476748
26.42051420687581 52.877321239869666
79.13857277993314 11.554594270270435
39.24593691506119 68.6949553424081
24.738729346460254 91.04659460721784
37.59900702097829 84.11836923871083
62.50128564070563 42.100788229534125
16.876071939875224 18.539258794202475
30.76232071589774 39.737781234608406
64.94171534879128 60.22987913948329
72.47962065989022 65.70688169695187
19.953221486701345 5.580630238337858
80.37493107598284 49.80637951754464
48.53385959260398 91.5577171432226
89.57993925130539 98.13588395276925
13.045034818781975 50.98241720694041
63.78419204999545 69.93169685231993
46.74152389459372 10.708149843883042
1.0798516893784194 56.37673298767665
88.41095809881647 24.353753685802936
27.086467460108842 88.89157826925175
1.304786724603768 87.13142005765525
34.0060035885686 6.2756503304888795
13.968848905815602 12.221945565731673
85.88229288919224 90.44924843595933
52.43021036269108 83.03340323284077
28.93874537443921 1.7371922132766726
21.10231530627854 8.597290953855863
74.34996462451237 63.14400068358197
36.499888496027424 50.8272722104088
11.753535964335137 10.423103364924335
79.57875088171888 56.599025059517004
62.44320059518493 50.49247775834069
37.308264145536974 72.12907884592506
28.578840108634374 46.95745196792791
69.82872295432746 34.42873226564742
77.62759770968654 14.853976364760179
14.610151951890305 28.971143607031145
40.93129571283618 7.694885790200667
96.30849123578437 35.99162611780311
36.358601063717025 66.29479211448745
6.389152572086454 67.37042767595717
65.48881895142367 67.21615212701931
75.60184907030383 17.764126507049085
64.99757958350365 61.5318635437902
91.07768529011105 99.33492000773236
95.149013919654 88.65379370604914
16.359973531295346 69.86337257873998
83.3639119105413 67.32430274045836
61.61575518144424 90.24428647492095
46.84504163033514 93.80572489381574
14.391899452753943 9.175832174340748
89.5782744619445 75.74336420287123
37.411489539479234 11.785582302003395
30.48123215421589 71.98269606907365
20.927884794542962 37.567385249604015
89.16001802495882 67.2319386564059
13.122052003515138 37.69456180750771
45.14337198431663 19.979540375300033
65.71997100316797 1.1857232072853385
8.625855684053164 60.31456256502479
27.02407126513767 44.29129712815148
22.62712457997794 88.99978096575094
20.78021748452351 16.773281954596552
91.49126572545633 14.747975994140837
45.09622458383037 42.69131705201082
64.8045020236127 80.98627087565121
67.96976112020965 36.78811971899708
94.45101576409739 22.441370966015405
89.69540489852596 19.498055166261395
59.12443808718224 16.77956055149349
86.69802697009546 32.03203034858545
24.551010916586947 19.741478269600755
8.386034290984146 43.52445339262589
7.9518905890799685 53.01683522337862
86.18092275290827 87.80644309953172
82.11490615901411 4.443869238873111
62.49747567283007 20.704459796281682
34.69379770897446 64.45479697678526
5.152397026820399 24.530657656820797
73.62130956368706 6.820311319469541
18.37268625116981 82.340722002795
27.241124039219088 23.985011536632083
1.3064449915196286 30.807993132312774
31.759403301846724 37.371377805685015
39.34940434306675 52.2950341166572
36.13867871254831 98.84755546734246
37.255974722037685 91.97624752835965
3.9018790565898187 16.50440013937392
77.53360292935876 31.643461394089524
76.29453490896887 67.73629181353972
61.514436790385005 46.1141324595017
77.71250536171421 13.462259446928005
42.91068825922446 57.71061217386673
51.96382025127549 30.35945101087484
83.84391613893473 39.845785860648164
0.8230524627428237 59.36803565927876
69.81968407123692 47.46039087653586
79.16614632041585 49.777067899182946
40.531454890818374 36.65760782698104
48.909714652249846 48.929723170136874
5.489725895048747 44.48339319593473
28.45710955264137 37.4342441021005
98.5097671935786 5.596771863500416
59.81762037740579 40.621483789687765
61.78998687587036 87.83986218037431
41.86497206616959 43.585158020785286
6.60889642337823 78.23358518530476
94.32744376901863 92.35555803608852
13.005795705184065 48.800477122904425
53.163800350078205 82.60843255495404
36.0739813992852 77.38078483911762
16.96304666435322 2.3468181298956226
79.15474607561592 46.22907756663891
29.79148552765809 11.711022023026862
22.105859714117805 2.165350536178867
62.4257970601027 41.65522661779193
69.93042174481515 91.22111479954681
65.65345474607741 41.736609525780935
12.637945963767482 55.478121988737904
0.8379108631805021 37.06479771226573
5.844723848134759 73.03705088236856
63.13069173400629 3.8223888208205548
3.8667799154460725 55.44495506308951
41.88460998932173 8.329451843703461
48.20645234462082 96.70304676965394
30.260843327591303 21.31028133246996
35.092466791467714 88.69276391334436
30.3262427330239 18.130330079643244
21.190116034955707 24.233930631619792
69.24314605313167 53.93727100181502
4.9289622076484685 11.392812401762797
91.2109021358688 32.577295216316884
52.77192939976993 96.04798766369417
47.6522290512845 71.8372526177983
37.190936836575496 66.1665502658931
62.88872148009056 17.477308009139993
88.84455740108571 11.961402013629218
55.355515219092844 90.62291717912002
84.54517452187702 34.43200549826374
83.07506600440865 52.73465080674834
97.87635482470243 5.330945808618848
40.20416430123029 29.4645680980129
59.38036514467431 1.4972325646681162
40.45596198343635 68.76485487664009
89.60663619704775 74.95002059801159
0.9287524190858987 34.44459892355527
48.17314396041748 54.134671108413535
84.15866050907128 88.85365690410497
74.55581383526544 88.28937951405541
5.119055924916438 94.5326221462635
89.9937776061921 51.363704062836376
5.9129345162713065 71.91393096110822
70.2237911240214 65.67938905608356
19.302361600651164 58.44253055107674
7.547328119348862 46.826120836160825
70.23606304714743 96.83287232436415
83.86557503368893 31.81579861398921
56.472253476095005 63.36654745187226
43.76412786000594 83.80294059123091
75.34008218763944 81.66113946535623
81.78251734350407 17.651866280077122
70.37335881847451 78.00938609782271
31.562727394905167 64.45446120130308
62.74228208549748 36.21042426843309
67.88501680252047 62.69897400890725
54.94742581452401 95.71834324839928
37.465121545296974 30.772216958997177
59.37683116527317 15.053950784580895
72.50348770224005 97.25960229033356
43.75963477041513 33.88292865527105
19.59667234601623 10.860540418886744
56.75606305911265 52.046677889307425
3.0247455136801493 43.75179866760812
50.370920309465205 6.906634763671315
29.68736704268916 56.72426559092163
64.57819617954573 56.09330465450345
49.48268200007011 62.59502896979087
81.9377189963182 78.47808303345501
71.7184554767818 19.99333181121755
70.85242822963669 6.09171042325336
15.021559656182959 48.41907314294569
14.86006689346977 72.19121547735338
74.79839783254049 17.384025977623097
29.92433001744447 74.93842261660562
10.693873356896166 88.92341208918675
73.5618338465595 54.12334588303936
18.139023724235404 24.973831799776068
6.274590000667446 26.83587733148868
97.19002569343064 15.757454167461537
30.564784123950172 75.6906997403065
99.39508658013823 29.347605844335877
53.70155587682726 12.430838650504983
23.08886979046605 13.782694904660463
0.9681924330857017 82.49059465774305
35.82440161050501 90.88457663750322
26.8993481261508 84.29791276864904
7.6663513122919085 55.73877089013614
89.60808348792659 8.612917599402802
98.65969214813605 98.78283365800017
55.607601526934744 58.6219797718941
76.62098662191023 46.06122107606523
96.78536113878232 29.06049432758354
8.56907509717858 62.913843987549946
88.45573429919575 60.94156934786764
43.41891546477795 38.480214942322114
55.94154356703693 76.49089027045898
32.63717418449603 90.4253226083252
72.85739707126966 3.4763247891114624
47.54998293540339 70.99416838160866
84.54323627420268 88.93312076975141
78.60298881501332 73.16572055157985
16.342556675164843 39.20443692676857
31.14769900842439 89.9455811066815
76.05415941972171 35.84137844895946
19.570988857891937 2.720000429560321
69.99137267398645 60.364261480965276
12.886823203538745 15.95105657074698
99.0851563721817 95.16682086954692
73.666112388205 70.87399560713877
81.97956180478737 58.9385981717159
61.320999960303894 85.47148198605362
69.53234162472408 18.970386984493317
9.577802388013135 83.48225985510713
1.4308101895407765 4.716403514662726
74.685292290927 37.580643089364315
92.23167076141732 91.59645669107483
71.47916428319976 46.205902377054855
15.849970794097567 63.94050916862447
90.67838498181928 82.60547338687547
22.10530127137209 37.61816318571912
62.45890798910673 26.423200189925076
29.295271268398416 52.82793944739578
40.14022531790585 60.04636414863739
85.42645798551862 8.548851185508589
22.399937158292637 72.45399508886013
73.66251627595611 34.643774497628385
59.329949214222744 4.562008469240187
51.39229453184786 74.86252822440014
88.6607031263001 78.049410628881
15.194282444240903 89.31107126470135
81.63726838278986 88.50795088663847
57.01449851443997 75.51346584026018
32.95667918948483 30.59467667735617
88.878530932798 33.87268502365701
39.50008977027143 23.59106829650853
3.155665088504578 15.724009793282189
40.58978115237787 8.287801293578035
97.52640155666647 80.51311596952408
53.77234260808144 14.186019872619159
58.76154632419321 7.152729917505473
30.61561861072246 17.941139428878973
32.9413248728469 86.58430678537756
18.76154303931017 63.101083293500494
16.409783244518362 31.05225004586407
58.52260969714028 38.82392402472819
13.907647932878564 71.57134959783467
85.34079425205657 64.5977449270651
35.08916565226777 30.79030534650473
87.51504969299576 17.63869669225332
75.119938110579 12.222251428670972
49.75118343884034 16.557207087460178
51.22549405820337 41.968148368899186
36.52418143421999 38.990079070571326
22.35946521403739 15.028975455589444
6.531274345401739 48.515303132724355
90.86755396828953 95.36598316676417
76.0910374842974 11.442440243810237
73.23920364801182 97.68201254972655
21.57193723526163 70.77272864016626
48.041262007690044 80.75360986704312
71.50143458983729 3.450545549808093
13.442333402937612 75.37552937662872
25.677275144510315 34.69400278157351
39.73289987173661 82.06962940705486
59.43585563295438 26.70091102453842
96.54480817713115 81.79354234498447
75.4075590430308 60.819095529871525
71.76135905009448 47.31451168959641
13.249628918178303 48.54887036614315
80.3197302197769 81.39409376961979
56.59829418839898 62.56665622249508
46.03158546470988 51.9104129003131
34.82649314325212 36.61481208432651
64.29556033489449 26.040999210440663
2.4070125330868275 57.898217124687825
55.954079944177025 19.071308523147223
82.68031158917051 90.62955908139047
14.362486588048506 69.25914913891606
14.546749575789253 54.65077906321405
15.089438532496768 31.371181965275163
28.804146637395867 26.105915232558317
55.659315079394275 82.73383634040874
57.10457799541333 89.21761053384223
92.0329976935358 29.663566958885145
97.0466175977559 79.13598086642804
46.80156115418666 0.9897350415240647
