920
83.37058122015603 47.57555972924552
48.421386051993366 94.79457581575973
51.625635700569795 88.06956699357951
69.70474043453159 48.42313643202946
4.029850652807543 84.16752165863431
53.67183518849471 48.31298857067373
77.49956059461101 35.86130380945529
36.25878002192381 24.048523231273535
38.56094486036393 29.52507819399233
21.046250740337456 47.645250335141206
60.09167322499807 49.44674482329986
84.17591123783168 37.88406200433605
26.72069102214467 59.94186001792655
88.94334931554198 77.86462569792548
45.44443686753018 5.8101511877756025
30.64891482364449 13.638963618887502
51.39014981894433 21.192352762829714
14.055696276797692 8.33399794150832
47.13117846582786 29.868491879253156
11.56557918922334 64.46892013977661
87.93200490641901 68.46669794609527
12.94833951022939 80.78664322199495
6.31638801903428 75.40522804685774
24.280984381777415 38.15992174929337
39.74559862078305 37.526948422201755
71.75044621528744 2.5600427343827503
85.57064702856033 23.543647977535908
36.25595109674822 44.7046083665901
11.68437762492809 64.37314389338621
27.898047393462267 19.69057139182967
45.55706431049366 82.84936577649805
7.594687260988032 21.37495086993414
69.97746716845359 98.07894955991867
35.83865422482702 52.71117302130408
56.40418829031888 12.66895039105581
12.399699411240706 55.852456837560325
28.437906371240175 48.763572653802626
63.495893065731345 47.75119289965598
84.01315023739446 64.34775253328866
94.85410070925788 43.09050247827542
15.42391992476928 0.5468573857856596
90.3382534229604 74.5026136578009
4.79667057783465 1.3433191486442952
60.200176863437896 78.12512646473793
43.39379644154198 31.243986281771985
98.06730425176023 94.32049348617879
26.23870736255478 23.0726354586949
78.18548596186758 34.51216807915243
75.43575669072415 13.82567567801235
47.401805592013446 66.51421797076537
72.23427232274562 29.071941602611894
69.85797882151226 29.986546584418118
69.26275178422789 44.819158286675666
88.56625308361659 87.63209965009503
43.563395672873675 55.101194622189695
41.12728531200257 21.027841620426013
21.822011649866248 59.17529346490185
22.047957919278172 41.711620852194095
97.36287223742399 87.38566375128826
66.3701198030395 30.859567870619564
16.973785929872452 1.3336496104198292
3.6414718953813763 81.14334999625652
42.524390522615704 10.23110613867152
52.76134930517406 30.91232003069704
3.7549985899302585 15.133288731375726
56.282222813729845 20.789412143342457
76.57439892866242 44.500627749616115
44.83561648225921 83.28275880542473
55.61498832496575 34.27741796531825
30.186808402610442 46.39029276086646
46.263706012079474 20.212531008899415
49.76141276768891 20.42677175184524
35.25040816223193 79.67831112868782
11.833889081142857 95.65064828908521
52.78475301995482 68.1916433819936
67.97342003140575 71.90900030154508
6.455990725804717 16.1495353162044
44.68939268811799 43.31134355089774
40.9766241315661 0.979934628610335
38.635763190874464 66.99739843317319
15.158727773942937 46.33064730290247
43.948639130513016 74.15927401396493
98.81114779224023 23.846699363366607
32.314752974711034 72.3240253164393
99.59819929690667 5.168190884804124
23.660650165655795 98.30426385972513
62.6735967674544 94.82900305070407
7.469291733838778 5.486589582043477
28.29685275602365 41.29099377268788
59.90708304731205 21.539238694876197
61.59419452425992 39.81052091622684
62.49746560119016 50.06333268762886
18.379279735407017 45.78168856863001
81.86780944026344 66.46157613897711
67.35044016848616 2.3798679402341594
6.584777164000977 3.889101143918139
99.74543467785627 36.749124390232204
8.885282248483438 42.0628705893349
78.03811935510704 26.97085195681066
62.99170143136411 40.862544323130436
4.612036891852411 94.94100963751728
94.96313652002351 60.763702087412895
5.382865374078715 82.18802082191667
54.79507797113475 9.439157845239155
52.807845220835716 65.56022825806542
27.04265760495569 89.92375543752341
43.59217181769536 29.384673188139786
21.4149016580082 11.5444518925092
47.06751068233006 69.9924266003387
24.71515320535357 54.6392358748352
63.57859503918709 25.0983776541603
3.5625811983607814 55.100383773001674
35.303477412216054 33.4166541778527
98.51757444348694 95.03489262796748
25.541350975247557 39.44895301497267
78.7430140506508 51.936283466542854
46.007323282650916 19.924834247888235
82.30517711807514 57.77669038593811
22.55698497366564 54.51603084595133
88.92031367202176 81.25240077881386
55.932089257253224 68.62476216410839
89.98355097147771 84.19163929573656
46.924547461118394 6.585819253353931
74.81909208195636 14.036402912356682
7.195477529176031 6.1955998511301065
24.199608729032242 62.20724416956303
13.273887551844776 94.12537623025334
85.5087839988758 62.34941295208938
64.33660013168152 51.4865930538995
54.97192670996671 98.62099516031617
47.148433315590474 47.806401772025545
86.99347954839808 10.939419544649853
2.810453967254689 16.617711195111507
20.182054096885693 77.40216745426922
84.09758751720143 96.68099084681441
32.08600711540065 89.01759456055326
16.385146973088695 9.968830700428267
70.77271456638717 12.619269341996853
24.935328087554176 0.8252088496346732
61.336724891806405 97.05350768082761
20.993090017982862 87.45242617925706
89.40077662069763 19.657782586142027
16.842839980275738 2.7254682887652204
52.38675991366052 26.15673861340707
93.70726493408344 65.96261185836987
40.82513089810635 29.94386137606361
12.36932571966154 44.6790467129032
93.27243286572589 96.27105289746292
21.23945040643339 63.91712423213094
48.69947248728709 25.862030027151107
32.602320786154756 84.8878445243004
51.5033517331807 87.79489458755117
5.232724130640087 51.159950406690335
54.5730094525515 94.38206922120683
44.6087239284521 79.50696314450963
68.05160262684946 56.49497473305362
88.40256611984839 74.53278579745366
30.47845268713585 49.722451872596565
41.75814149912157 46.29729889660095
58.08395657469559 53.58536568594556
45.82603459204595 86.20150875639995
63.75627300555743 62.22578652383599
35.89353539260489 63.83414626825369
33.2560181380804 60.46985751379075
89.92567108533554 22.34231332124843
95.65469207905922 3.8296193398063005
83.1948511087715 21.059206771082252
85.62868018403117 9.479368357397245
35.172586812909444 93.92946725799929
98.19331035130162 72.02644998036169
87.5130405061875 18.920343062252655
61.24360031795265 57.034285672562355
18.91888574213273 79.5988207829563
37.63453816035827 92.17243196657311
15.047853004044887 34.36752661076142
63.52016269002303 62.886032943534744
0.633911205549964 34.09895439676173
9.30948274401755 9.78637511836402
61.69250623725606 97.17783322239251
36.20092107115509 90.63914199088232
54.96154333167533 62.537979352834775
76.27574724155568 48.689430620124185
25.90788537029829 76.2805437062701
88.73749591645168 85.79967849661382
28.357662718400476 16.841851695889552
7.21571926468566 95.4015652478535
82.93265518781759 77.07123510376906
26.353924563245656 59.605839228480626
91.50833306186446 84.03683060123817
74.13005343894277 85.24644315982727
15.23995486178663 65.80399704598305
50.34079948272354 46.17527294450724
64.28552260266967 77.9704845015212
30.77721789474005 8.210610190145273
59.46895530125096 35.71286917133196
5.955950798880627 45.79801551165892
63.989782093270506 80.56614203558118
8.692665925906995 28.413611968247366
67.80783821796676 29.363407463712264
55.37951008074696 25.701040097772566
95.64366540693322 54.8824347207215
12.106010680865708 70.26006193683385
89.2866893337419 83.5429439356724
5.02623322536272 93.07371635883004
76.86764341932688 28.053416720380532
1.7244323399365546 43.52723277301621
86.84878261298485 68.94017174341401
42.28077727569763 6.744321159570854
48.59447263792379 22.719006065227166
74.23348205220071 25.06931038297262
59.868885489564036 50.52976457461772
97.46343656809773 44.924319696797156
63.9827224326219 60.44250637953913
72.65181181547888 2.3734418121206358
31.85882470083169 92.78245795146941
76.96233490613355 41.50283672418056
23.418715357932673 89.20854625918324
24.774762008862673 30.808540559797727
86.47819377293993 70.36133861713314
28.791270688343463 50.60824583732724
51.48787498533082 58.52081321173771
34.07743284154064 57.56125329354413
29.14406863659297 37.676641013182454
2.4934446634895413 26.710867364282144
8.248903857147926 92.02905945978422
67.65527580218482 77.63612286785909
21.070010300673804 73.53716154418191
72.17826541038778 1.399670401123354
12.759866660544771 42.62987664740257
43.25985812672655 47.46125018613348
14.953553798843489 26.266804329548
46.89359097577345 25.474258324884936
54.54168894184556 85.10329317726716
96.69818689091375 56.23016432973391
60.95128634057014 68.70972892467762
47.65726710532997 53.82794357519538
41.0050838619051 68.25228278158069
94.07686499867542 73.55393796523703
44.49469860244846 39.32032813655096
43.46298299784308 30.459266415747276
97.94191263386499 19.918050020580292
37.76903588915405 64.78382191154239
10.203761310058457 31.67165601016301
40.965748123355624 99.20790811881686
85.81971124883759 41.268961377491976
95.67848798718728 49.43679580702549
64.62547500506027 18.674858100690216
29.606572391024567 3.1739374622041017
23.169701826891476 29.053777668546676
74.75820601302641 42.97341661138184
38.36731940536987 60.11897561655542
20.575590962440216 0.11447350528743794
65.33639136919004 52.1837903117025
37.15198124536955 47.325510285525475
66.90707652680096 52.84992780592401
66.86883187219065 33.340421632985006
42.60526269371157 74.34196729184733
73.17079332693089 39.02719099792786
12.413817922236891 75.37500388177976
73.19118485098545 1.9704306545844763
24.902947054149426 96.072855662798
89.00734560692605 2.54077469245656
83.557286618159 79.89502738741504
73.51094655220557 41.396405200038714
6.08191283424836 34.19780263027311
68.28518714044249 1.3475275116330065
61.67942083869909 98.01087470943531
56.552939982669685 49.410133703834056
45.34169927933289 28.34649319349747
53.18393150798577 31.958090217164635
43.73898363981639 61.57863942612606
46.56191152124587 49.10175106381581
64.50781804585692 12.375545421389344
72.40592434367397 63.50417953904154
43.092690282541625 38.509651679410716
9.305530575957333 29.86126121725663
79.28610580473524 71.49626969866979
69.20937449331211 56.57341489602295
44.50360244644461 74.46761087723
9.354250440640865 29.634182816257713
14.017984740937584 36.66559813026606
54.773132309173945 51.295203564152914
1.1163645683726742 20.10776845901946
34.402010494548264 80.28143122181613
48.34881364495964 59.80459268119025
79.33663254822308 99.16813696456096
45.80659869472703 4.121980963977634
38.57510423517705 98.01040173256204
43.920286676869146 97.25456262462072
26.30645481261775 45.240602049261234
17.66962708218217 13.796634851031653
61.398494329750754 26.725695705475715
88.38988985402207 76.40327136918997
81.67710928840776 99.08016825226883
30.407548209921664 51.07653285863722
73.5031394654876 59.916088437165826
72.23026629151103 34.40125522752343
1.078597901505307 63.32189171063155
65.99524971585728 88.54010780641002
69.46232924513419 80.80347300033344
83.52673530793999 47.859858658083645
29.154684117240738 63.03899838930279
3.099564592381443 75.06103742004248
93.89950799475865 14.207587859710157
52.48712748243807 65.34924682492525
25.2998094607376 78.43935318041724
68.80511793259126 88.11907248195998
94.4713216103385 1.9993096927929055
97.83171551992578 18.242721707530674
43.68310607237331 78.38745106312042
84.34213764369392 65.85313202133807
82.53855538717393 67.16637443026526
90.66034200512128 19.840473242563373
34.86535136416048 12.376685814091214
79.25157234386063 55.14575930295895
83.12467997427693 16.081031857632755
25.71041161681018 64.7548944595943
20.178922933847176 69.7279140677868
37.53093344915796 43.95889666094198
45.36674442966924 67.65135137238106
4.790409701450605 91.76427903071688
58.62645052877078 94.77393367963033
36.80023971431729 53.18772833130796
49.425230382731215 52.28657330207823
11.32830916430727 94.64653872432383
16.97746494378277 16.952524372433274
95.17353217576091 4.441344725622754
48.24018814657938 71.3402015905275
16.3393396844011 22.427142183002303
65.9989314982524 51.49148268958159
53.82775973050592 6.528868137460375
46.09174838456474 98.61807240938771
71.1326843735553 88.5992980887529
53.8351046815861 17.526041543618987
28.66509261293786 49.35271638096077
52.367806804287156 83.73317558056218
87.75116357753589 96.8169833484579
62.50414596551971 12.084055477053091
26.650231411292978 70.56269828520433
10.35083855520693 31.926929898629542
97.49402450347755 74.32960212050507
67.56656360446364 20.099358091806675
23.39360658175329 48.870906839582894
53.0418403919713 43.02966749331672
38.84154302111883 43.56455258057835
35.079417606834426 30.667172077875072
74.08293599442796 86.8066596170326
89.07357707126448 87.93755394442923
19.992566150504764 31.45916768498568
78.99775951676912 32.93216484645834
13.226730072482729 88.19669704756832
91.92876657031603 41.52489415453991
61.518121801104364 36.90829599226254
34.17216458707609 83.90355938941582
7.266174570696693 12.313674485299774
15.463692783231785 75.87539739872685
83.0851575823458 16.407917926177184
82.50389965942978 39.28033064657915
60.2433105529946 16.59817931634858
0.48381146342560966 75.19505236513922
72.64176264811697 43.53207948083554
3.6949113025847025 41.51908443077554
92.77837310799192 89.81250430786386
24.040419029403537 16.63421456304369
77.64574368512733 1.9352791024746074
33.284694982022444 92.83581244697962
32.69583053666074 24.122574514627072
55.74294958085624 25.395644478034328
38.72988112219965 3.303547063569212
21.778807015643785 70.49334131299162
37.49299272409412 54.90340689486555
8.747482619716628 92.18601903038943
79.10817627681057 54.226847010723844
58.838164073457065 46.09796187363933
53.960209160563586 68.23348723789543
83.15468199899279 19.30353086106352
57.434445985108454 62.1340169868031
93.36022534269343 76.76552692534148
76.26666060198714 84.75633555370932
35.22419363792615 7.8517880779273685
81.43836571678933 50.73363470251571
14.789944377990949 74.54414948682289
13.52223238234168 29.19480478067512
58.69266356563302 17.66650625065128
21.460931353067323 16.998754048502008
26.557486721867086 52.35726218686146
95.72723654759395 65.69353501628315
55.66188786997201 69.69820029465524
17.955547553170227 89.85734789415145
0.7206015428972923 50.18559605282819
21.79779361414228 95.11275777638704
72.3071587552079 5.915361868314061
49.84115087039528 10.838225605167008
17.260081611207244 87.5317460340868
65.61373984080174 95.90130721822018
29.62297974163898 1.7290933292759214
58.57379503477195 58.05177655606366
78.6984232034927 73.38279735740245
73.45850728715125 81.49999867417507
48.381965079516476 35.15157280735259
19.55064519734021 78.3028961299434
70.03124395415234 40.53957188861953
2.7297507658386677 69.13623631597511
84.12114312864898 30.734578549545578
76.57148067711191 86.82117909602628
98.87972216248431 57.61681977710317
31.58333002795969 6.638808855853684
26.45645112931392 95.50675971658092
88.53513717366151 64.23348212618086
65.85094665906601 56.4244535651491
95.28494714119992 39.528402067396144
91.62829910772348 76.62053503663657
72.0818678485135 70.42058949437018
78.69840206185124 22.18827852124282
36.136678487941055 15.883993428984066
87.61096932266476 65.307156893423
93.12802455653451 46.110428824586634
31.601780692306424 4.227384655018385
5.501359303969089 5.834100281347876
65.03707393617978 13.950686612770491
9.04313956289492 38.62506694878738
97.7060753846507 16.364245988853597
86.35786251390792 63.54852681133609
6.980041680774862 5.154196716496584
92.33236622333146 89.25132394945035
98.83678573375764 35.964443149128314
25.471768735512534 39.72373399632896
73.00171659864519 62.550039556627645
72.54291176761953 39.81514131467689
46.6650809581823 78.21777518422121
91.83764267741364 84.06366246804019
2.0594128130842715 88.07154802363186
81.58025891419659 25.855897902833235
58.14601753688883 76.56716545875288
25.030644512338608 77.49897584887582
99.01426241577012 38.81966479436096
9.537055075903089 28.751082655345062
17.010015094400956 11.029577806258095
17.542541062935634 52.75750423638367
75.72049303026537 94.80744738565126
34.297914178531585 58.95669256509123
34.78610132442164 85.16239425563079
82.67540431062268 42.75422586726587
69.18780618367249 12.273207834230938
61.507895790090714 72.19297785051863
22.159788211468722 79.36441121790571
16.92640887207686 65.76453439855402
95.40215361571975 67.5754941067984
34.05344900392122 75.37412275920093
34.185340971468 24.86970690638126
61.00054631442479 31.601551101546065
8.666774928056231 79.27722342488369
55.05690835646464 55.08628231814927
65.24313537776443 47.972512421278935
1.9933335689681586 5.6579906533435365
71.9851509252138 68.16007124365403
45.641398372809135 19.859645596554397
26.36713412634967 84.19574416752285
10.142649506767098 98.2696637028156
14.699278310509667 38.744878424333294
86.09684286839084 96.33241790174311
23.548658693786038 61.06897371131084
1.3672117420635566 79.0332034168457
10.551732414915293 18.99390494006674
72.15965590445656 74.83110303128812
59.45533340463505 60.07561193806047
58.70075948924236 26.077350389955424
91.69762324106881 45.41906394901227
99.4029492585335 81.2247247915063
97.29674134700225 15.866292740967092
90.24731951800084 34.207199646526874
75.64065098784374 25.366629690186716
42.91313811578428 62.29160602918089
87.97347419584064 63.54190784272505
16.71749058569265 12.709443282095044
12.593174212867842 52.110360672930675
19.861868934841198 30.252028792283213
72.6412873995775 29.583671840155358
90.7621487098704 18.611220858577493
47.582343025650665 80.61764047720364
97.60659525363701 77.12596627433552
5.097715393718849 95.26296977645117
80.7808655498063 26.124688661805816
84.38178063097958 79.36041817900296
50.67333500115884 77.67246692766966
90.2230774485619 78.75048605230316
72.05137133968987 38.419211922933094
28.667282039030706 43.89366816051372
49.37029348034096 8.810749337969803
45.178159112730974 98.96588221797236
41.915921650090546 0.614329188142726
17.78357131865035 14.25326389077397
35.7175928992253 38.36059999433541
60.051012769959144 33.18274889885805
59.33624710179149 51.919555695868866
68.50460724050987 49.17138522204779
45.15316036993634 69.94622205805572
18.17161292497971 59.8808212043498
63.080870555641134 21.979126365661795
80.39782606708795 19.951693377945833
67.53066735481397 96.46743827035581
21.50245579179817 33.62409928700561
44.37577166918278 17.34291971697457
90.72213945901971 79.22333300963618
44.031305736519954 79.56915803102255
28.62143258759443 73.27076060886176
5.256433354033485 35.12514939799081
67.95709964750547 97.97759545742964
5.754393261414814 25.450991425435866
54.28704795199436 27.744149871342316
12.215548075520633 46.1434579349356
73.4725401283364 44.01615542951471
83.21833324917272 92.56630257906609
45.289655364076175 20.43458922597303
13.34504459300312 45.379589929151265
40.32770124409718 73.78871423340429
89.86974892738569 83.71986285286994
90.59113939491363 61.56757576327359
68.55131134988187 24.89070918417996
25.12439148263683 50.29583643983286
0.11761499875913017 38.59253449989814
37.16958300430687 36.25668404198028
57.21664582526878 14.96591288105542
19.11127624929676 36.100690076822694
20.504308485771084 32.0147717547125
33.114861264747915 17.11327347316488
4.408342950368771 34.70798963534504
64.13115118828973 70.33251065583539
36.95010181176153 93.79187697589121
95.22864173587051 92.14238154944562
71.26664415453162 11.26925999373678
74.11900324009967 12.862913376811703
66.80730614611336 68.03133908026142
51.558074023719016 74.29925166832187
80.87349985349145 65.46587277772622
40.07180902284285 93.91615038364417
63.617209043664815 74.85182508950695
52.49678941261669 10.373740695855938
21.555068767163366 8.061966742552794
10.291597139812247 1.1266848533587281
72.94590015509513 9.94065982219846
6.977049844756722 18.03773955404877
35.435897845870656 88.72228670972864
39.266613580248176 64.99199407974731
81.28318120147078 34.17341397485575
22.86412473376529 66.85942149434769
51.77792021711182 37.39180544588011
93.72580225255861 70.37264743965228
97.82687258730995 96.16913345249553
99.27053597280839 63.19850139028868
97.75895401053567 63.937361089846576
22.110968673854913 15.953004324182595
26.250513294956868 88.62794831683655
97.43726377140507 92.02821494885191
24.410559585552093 77.84887555578067
93.15414017401164 29.242683979548232
31.070174679482943 73.63177006067517
34.50380554163495 34.63326838360836
32.742234051876686 47.403124007665696
19.7180666989373 68.84355718760641
35.92891850341889 22.04793256587222
48.88365220833192 25.6673634282382
81.87032666491788 91.95099988393476
28.12234825778699 9.045948648599722
77.85584883950202 18.357332712940742
14.673563052387417 70.59864737776917
64.19251588848873 50.226492047588366
29.990675176068706 42.181349538476645
72.3268498119461 93.80858721315433
54.75592173420022 44.75694794713366
71.87758223819533 4.683040054270227
92.89599228582938 47.624362928329056
75.58179577668814 78.14234493853334
24.248694344214982 89.08912714660137
81.8824129796371 51.63453898719579
29.84715615758632 88.5373205624519
91.39102026940142 50.00970213384222
16.702036436956547 66.5025039188348
31.632820762798474 22.300558943226743
75.8428616792076 69.23522226818547
0.8912261900696161 95.26492897893422
88.5279492345324 30.912709406870633
77.9058551697334 43.08840069177734
96.99458856335792 32.155517057867876
1.851703128148663 93.67096201179295
22.0500975182223 27.434705322116436
77.66800324066087 58.135249649718254
49.73335561929495 91.8021864166307
51.500886720488445 19.690809043049327
82.92181588000459 14.756165413389677
46.86428706239144 5.028203542199017
86.22513426639107 22.02985101524274
24.374575967936373 24.87273663413305
33.96227898497835 16.243288232775576
72.43876705030642 7.908454056193004
54.40140343506451 63.736195770629664
30.805411012029925 50.53126779592897
27.93297751630337 42.1337161079212
24.911150985259834 34.09665772103986
91.46066007820099 83.6225590697452
28.51377931208696 53.51653027275095
42.967702341264626 70.71615087041532
88.42762595802246 73.1304621904717
51.38468514329888 99.6851099798865
47.52305348250402 38.18176859833349
2.5128054203977124 16.08590677400058
96.98335866114303 63.70405320332664
53.38659727271086 46.322362269462516
59.85043760227955 38.626355202920415
38.88898177963935 43.75824482874256
9.12953868929154 11.257171833452162
13.377806111519131 15.626587417666716
63.58203129769261 44.58824125677715
49.79226950110949 12.363152416069333
13.904219696247022 13.756873130232039
10.053957804298486 52.04103184825605
29.290464840330976 72.48647899379912
90.41597958780045 79.83242097772394
26.801608329351055 50.84400163479125
49.93490011147364 26.742138339003183
14.223821510562406 99.62436631783841
45.55859668472216 53.31395802871123
30.277622325083996 2.3635662001361246
15.078728401728792 78.64714832792521
4.510485742795744 19.828076405007465
56.8989413535011 97.35288183643151
43.30124750435774 81.77728701401918
12.813564099767728 94.58861116042667
7.700884254695772 13.644627180055291
43.53925712221498 88.05826510745027
27.064766190462876 59.178091977432636
48.89635943392652 51.76448092023801
4.638851340581763 72.96397190332809
37.73474845781265 45.62691736274152
10.528213783720597 18.197199701513224
96.84742296395578 59.2091682558854
31.35672942640264 12.06450450514347
8.515860102815886 20.47310629366613
63.31473643259393 92.1530551823934
84.46044944565391 35.23111582816028
93.92309304792073 0.660366404162327
46.507086074933 29.782350746652288
21.468644719318064 41.665330078279794
1.730124826463264 6.707456205882501
33.2355370087364 97.55167285044203
7.546061600263676 65.6317990409357
33.418054492203396 66.66247528192962
87.90367658372466 94.53199976686784
28.400407758139412 48.4830387275372
7.429894441587193 71.62308285844946
49.07565047384711 64.3206523775018
83.34625119707233 97.67723918148377
26.15018791048214 52.0363381633438
12.871914238377757 88.51450156412426
67.78034875099623 11.719683961560312
97.19985203752653 62.32131004514907
10.851639258148825 39.950085000973736
27.00730317147243 43.11050904859518
65.31252030054779 80.25982435837632
93.24624578053437 37.5760752875298
79.8282480921542 18.254067841616518
52.55879583520529 51.52404218005755
48.711220104304346 85.63722827004554
35.41312083051095 69.6726792076495
54.56680200829106 27.783931212618374
78.20640253043901 4.417337750986572
52.16225592996773 58.4257207042586
31.19431095711893 11.369729062104728
96.93579927056143 83.25662482275203
61.82158959640491 64.97162483899575
76.64169958499846 60.3479264836432
3.3214291804063545 10.980392739115475
72.66834958214378 45.45658802469744
14.462044039021006 73.20150829449538
89.40100518494454 61.027552853998344
94.06233216987798 17.97798370330417
90.27256679351797 19.22967691140165
41.90023051749199 15.285163371351441
11.536417386500675 45.20535680799118
50.272023228070225 28.540530422509402
53.12405311484515 49.65066453834082
65.82852908513799 42.74320507588079
25.984597595677272 55.00357165750028
86.3130107532721 94.36977396420707
67.07413743790315 39.86699639505823
12.339991350678881 73.89720150322262
91.11259095697321 81.65500880315291
72.877667392013 8.871970572750165
0.8861584546444368 46.59006215071021
19.938535016238855 46.16114284593231
92.37627665349224 68.457520374015
24.148362312877282 34.774244736342595
14.223877479792824 72.02654679684997
58.55631779439747 87.63133871323656
66.89166690366666 81.90050667727657
23.28692805516107 96.01038178924867
99.48970323193663 63.515433535697355
82.07657728339898 7.485946094435025
80.858638209338 82.38716526161778
33.95394403630384 81.7514253532413
56.85796875869583 78.66194314283646
69.84878996324504 97.20892609735513
64.20018786041047 74.09511097757395
85.29211755648612 56.51154831140286
80.00773058138549 88.46656555145887
67.51966219393684 69.58240835346145
59.5460135944032 15.790937132837046
57.19339383454227 88.29081784893495
0.7748671010447183 65.51812492908678
12.938028510510225 87.26072508154509
88.90589839092019 15.646430279909417
97.30996595554493 67.91422299633606
38.20097523328623 26.041234289947056
91.29598371873746 99.9321047697568
65.18909905142965 47.299042313650794
71.91175369921876 26.848972681602447
81.23860961385671 55.87058141137655
54.91946633376396 9.914599644503175
98.40408298365277 81.55134504239082
88.20566307851396 16.111349971977763
31.257977791315604 46.44368292414153
52.912879364609026 68.26361284073634
36.672867450484205 6.489502011583969
53.03092174417468 30.494769608537354
40.13322655089472 50.823700118853154
6.79665906969209 5.39561819225497
38.01872179315333 88.32260204452703
83.80678074563535 33.06936879210644
80.15783735245164 81.24838019114284
60.16545824633005 0.4419170090219193
72.4070570531745 84.28950645308805
96.89343057047758 97.55971708022219
86.13676617359766 45.242309349315036
60.545787893304926 58.55006773332602
95.0398009705031 10.984959511680914
74.5906439994778 68.95891643736826
12.327717418864282 66.39858238382949
51.19187143460485 99.48692489337722
85.8469051481535 19.921802372188747
80.7294183094698 41.611882121973274
88.09290315467693 37.683849395352574
88.57448897732678 8.205696559286524
46.91482297628391 50.88984900324518
85.90718157713277 54.584943413550455
24.859506456819204 79.05344896023965
57.09930701624407 44.61717443802107
63.46409340618276 72.59806968370441
53.780000446038976 8.012889578322213
75.54524792562539 51.496254053705336
86.54723716275102 86.04306015728571
90.16905586234962 53.70255611384642
96.56484853340082 23.64478373326233
98.87886872761739 0.39085553860730426
17.816700496177994 82.36113692776887
79.72898663410953 66.41184901714759
16.052882895577792 82.64606912751495
38.8261339999361 58.138736303685945
75.89682611342519 58.75086852500533
89.5778652911279 97.54903476142667
74.63835720449782 69.1912506204873
20.83439976533349 95.02744627710881
63.014678890330224 82.97582829207568
67.07672279516032 2.9470932708849373
9.730634958533834 5.687954849033017
52.0144283801639 96.34774422745643
81.54810289548983 42.89253764801244
72.8253600251551 49.070188685099446
24.46248099748356 71.60057776836372
88.67704653914042 83.20809531162607
56.34555498228618 88.31713020039541
12.215249098852887 81.5264931109009
78.42813214431614 23.981503127606928
27.625621643103436 36.247437736614806
37.32354490188254 8.564429892015779
44.39885915178014 73.3321938772069
40.98171012112991 12.779791757244363
63.958281023947464 21.465622160176533
52.57138124682276 91.69119746446707
7.443908854203252 97.2814913900329
51.71269693029601 37.35897725175602
2.129161213745767 5.139603689586226
98.34362910336385 48.03999689172835
94.63808298108012 37.3553039032097
21.80511109025631 52.80078831045467
11.75373428878138 42.16574033086721
28.814635856923122 82.42801351337039
85.44326108405261 93.83772265825854
48.30088239658279 65.06113929083335
13.191659564382475 48.83665482685223
14.737283100570252 14.218605017279273
35.768920690194314 1.1826631547431465
92.65790374311047 82.62737627219045
87.74024070520922 66.94966912558418
67.92533098370505 61.929727481799915
66.83713232412406 89.96844368332957
68.7834402773014 36.662818635525916
9.641031048327509 98.01212956519598
16.4217164884745 25.573616059039583
21.99243431388692 61.599005370821125
66.00341915688992 66.8114998787323
9.560843589242518 85.18009318324934
55.78836456046099 19.416141805469955
72.93372305857584 90.93012276926203
83.64075720170067 9.141870186792389
66.83845788636354 20.280237921785506
72.22427870766649 95.80727759067216
8.00352242146094 93.52783838232357
49.588851867010916 30.344944782680372
7.2248086195506716 11.773542447299267
94.98793847414878 95.44935611276276
48.90900535221906 96.62443275244918
90.92655306727067 12.836924000539318
25.810800896572516 15.317524303712549
32.20177589370955 79.25451362611547
25.143814065994984 17.185992742713818
3.6531193446983745 25.60922958108236
3.5827947705449503 64.0152653837867
96.5135286359012 92.13251058735823
65.17494600548697 51.21835096199497
73.59142497902566 2.692742027734385
30.517706615342565 63.500811820154965
78.78589542833446 45.884696780766006
58.55339265541626 23.426004806177726
0.8789099317425997 45.484344050039915
70.51764465774505 27.913137844413438
30.957387926962674 9.426175187607832
1.4919808979588445 34.322910964574774
14.190185074068918 51.122675708028275
92.18618988215512 49.826134073475245
74.52566831931526 1.6373561374814494
91.53306298821742 82.27566634237053
12.305863365666337 86.77491573461558
33.484799181978445 23.18040994731877
41.92802601593908 63.64698366555459
18.618915727537566 84.59748436256474
39.87154975504331 0.6974753726123661
54.25087588160847 72.14555417758723
34.64129571554515 57.0122427400086
31.81872607613565 75.67215009609806
50.292574280466894 96.62243398852287
99.49875730970462 45.190635330031704
23.353735079218286 22.85805511264908
49.15628545730618 71.25874930710646
3.539949969029532 70.59061249651415
40.74533325145718 10.904506121249113
98.36893124688733 66.60316359455169
92.32658260075418 29.658434698570634
75.23803631157689 10.800790383896253
30.182253448989705 3.839509008696751
90.71662195322901 69.25948633901521
20.531232303364032 76.33499279965164
69.1322800527034 30.88438025259276
46.76755491713722 38.95711690931424
30.890375833345463 77.54556616758292
32.382443447666276 63.94735806096954
26.40718706315457 28.311370692628834
1.664620988612553 4.3762942707211145
87.26523321521127 72.0224055190536
41.95536799225448 18.617550471736067
10.640512137575042 70.75868275109045
41.52320262583713 74.683371575933
10.511775379743426 5.422925211458274
66.28760885632126 0.9888294288596389
73.09435827062556 15.015283544572611
98.11217531152103 22.346176263254968
3.8417798841787865 83.42169677401745
36.759059912933914 43.0852296564494
57.79948885833529 30.166731853378394
56.69735835389274 8.949551776851061
41.91515382511054 76.87040737306361
78.68690683833461 99.81651236607952
48.89530082181732 85.31910670033692
42.43858947926681 96.51931000379139
98.97113833946509 24.86456258765711
19.21735679692467 23.742977182794668
40.84541307822028 88.39587128955367
31.384425663235717 15.25459863929729
46.60307138539884 88.56074307100793
68.3504379439346 2.2187083282333986
92.08045023347314 55.218603491911445
6.619528844155975 8.939765997542025
21.886657309156632 30.28477978758273
24.119566358872323 29.285417701321727
23.237963288819465 30.535359016296184
74.95528412657565 93.81447498642461
88.79339534728999 95.58262195717558
78.77945715786811 15.267935118046704
51.50910822265751 47.13999365749927
51.28048282690123 45.57018823355269
57.73340128136094 33.29302216648837
72.3951460924513 30.235715224308414
15.478037586984039 47.85111316992473
8.7447338366472 24.37387408409961
39.72202437123327 85.55624796859875
1.384113483062932 93.04533770733325
76.81665692579685 62.05742516003782
50.93014805546995 98.77608727523183
88.15712094225341 68.3435599532035
43.04633605333298 62.30254392521998
56.156676414945196 92.96131574608144
79.28176560973132 1.07315445426851
45.54048112157732 53.10747397088459
1.252818735329475 6.834052026513993
39.28880558764454 70.88681064454683
52.67105706360152 72.58634409688888
17.835669915749097 60.47968274925406
3.479644002538851 5.431929856709317
91.98813838614277 58.253189860033274
41.558537912210035 16.410158813778107
21.660042971204486 50.01833251843066
21.233628371728773 78.25301889408887
95.50534360774154 0.5200722926195
78.75315063620256 90.3164716966196
78.40409748335759 18.92567477070567
46.361073282236156 56.937282969599536
13.095722752232053 80.83264757516197
56.083068797528945 89.10750568401205
91.21289637733021 35.498415618936264
9.53105570154299 90.16874974753271
12.07624061956276 29.500994795219306
