918
22.30554945538984 59.02560741488718
19.443036429778793 97.62531086336486
41.967861393507256 53.11217579984926
40.22332942600082 32.50726841876293
76.90994482257244 25.79809250487015
71.53940845028444 32.06954202696105
42.520582617766955 84.50384285391121
37.17169999213996 52.65924528458639
48.337249388517144 45.132239757357354
21.784366115324428 24.997800761609177
70.8643928326481 97.41389609344499
77.20749793026269 50.34982223382747
42.16258136550333 26.38315526946021
67.53330098197242 41.238016339684116
16.15501543112188 44.629223484671854
47.60587451273614 79.16452295040654
4.023550385822627 91.72087727546204
91.80376552242659 40.322734175133625
92.3185701410298 61.442650758584705
23.771245837041675 36.788753455864885
59.99430003248148 31.926952250592556
38.141845162679154 47.88373575943986
63.34948109340823 8.670276520875186
87.5729029858143 83.19075330709282
32.804263024651306 86.14369752656422
36.202254275342504 76.13072177005844
83.1434744683612 13.52584138547096
99.49912751884162 63.40924836927259
81.4774883193234 1.8205506962805207
26.776210062865868 40.32482038274334
90.25616008140955 91.22168716727444
87.67366361305561 36.374370895908456
46.690851712640146 10.566949118032321
13.374255425745464 96.80620389950616
51.555377599904496 29.529349188595834
91.40169668750478 34.52348079509089
24.834224237146284 91.29462010537313
74.34956655662151 70.21397705988517
87.60873019387321 19.758349185713776
44.056499294414685 31.887665070984806
95.17491561812339 0.8577742826602841
66.3016398754928 92.64772250265472
42.744902556516564 93.4594257037947
68.14608529040916 20.402620855731833
60.38048770182326 24.32530132652205
88.14203287732121 9.57807935928303
13.168975294734054 79.88551415689497
31.30882088607121 47.0091164721427
1.2242484805349285 24.77991430771325
42.92837847401086 4.63419401540015
90.89262622401328 20.71178177897086
94.17946732341123 54.64709796823561
36.51221176171023 37.65368897791684
2.234416435142872 9.824980148948704
81.89504634343814 99.77848608545963
20.52129403345471 3.782627163141883
72.57237313600947 84.03148816988951
83.61236240061191 90.22978883374094
97.37607992036492 35.7806618802625
78.23596358153769 10.725625683102392
87.2083502617332 83.73512937451072
85.06515285611282 70.93280266254021
97.89441173558598 15.937480680799531
63.01813591816771 94.89853514673852
81.09363513594131 57.29397366732201
93.37344507068676 76.77259660453981
31.138929431574347 62.28730316501502
64.41369454825548 43.226355312613286
85.82158511192387 80.93491380192516
2.972806182368948 72.59291460008566
22.93067900291338 84.61040963064508
56.6732846454576 57.61316008383782
58.65596667640425 7.917713941337889
31.429368361345023 18.990834311035478
32.76817469899373 41.024472248233224
81.60226144315435 15.241113535216865
73.74175799339515 72.9915165440803
69.07830189502268 47.847060895974515
13.700789979777106 48.82083636237171
4.580935545000497 26.0851728641182
2.4869373999921174 15.99483335166816
67.53060152141211 41.3769245556293
46.05848160620276 90.14987239149274
84.1472327332955 47.681559854854996
82.84257494071471 27.214600236745213
42.15495781556168 19.136122604858652
48.83618851865413 54.61843438730016
25.618098627395945 46.48967260497082
4.587464802135932 10.84644396155785
77.41173964433344 49.10906660757258
65.98062726634465 63.23684067432751
93.27745636263057 25.986021671613013
16.519152725633322 90.75521590026813
61.605074638281444 66.3311775139438
26.503410206831102 38.835689867634926
88.97559266720067 47.32530018947495
15.675253173509052 1.9793140492802341
87.7315326379083 28.52198025088858
7.550373074559946 31.661308330179615
93.33591658565787 11.309177800572467
94.75497652464242 52.869900101519995
67.0101321209579 54.69461112560228
65.93616378864415 73.09164312964668
22.934322733228395 10.624311116040786
51.22899330568686 63.00284501400927
62.84922499215163 71.52082589443425
76.77202490795214 90.29360509560756
70.60393262393718 93.98444709048687
71.38315881654876 91.5142489003496
49.56910265177825 45.36704454328721
1.7280855896141811 23.256913717939952
61.58454194357327 92.50954256992296
81.50756345325226 26.75248351089392
67.33624733983035 18.951799734513752
80.1273469205326 16.30819082430537
33.31874360047793 19.49275210587479
70.7894582858236 75.33542515337346
2.1987572451003023 63.24604424515874
41.04835005318841 41.4094634914308
69.69296231697395 94.62646509891391
68.51329723822947 55.088251706808165
60.30777928169777 0.7477840969927319
48.62830637521795 29.362660557513244
31.9612743398763 91.7649563168754
64.25381088080007 59.25901532300798
0.783985676359189 2.6664381381643842
63.068001888206894 78.43355494204665
15.6119233052191 36.36138947026839
75.03083620027033 11.02880851861945
73.90703538560331 74.59600741370973
77.92534408893962 48.35325088957128
57.63592985913263 21.204206477122156
76.33093049177812 82.99269366091893
4.913873770326682 0.4652102537416436
51.18987012729298 95.86825423373526
25.396553712393775 48.86184382800213
12.3474821985611 58.97380034004938
42.43324680262931 6.34868015783101
11.02834536635532 41.7158143040166
76.6768445115862 36.261887615692444
41.0679553211325 18.257318925427167
80.77233321598032 31.30167008798084
45.34491140345403 72.01517884899758
40.82177052090654 6.844626697033441
21.855088121985556 31.819716126780982
7.120429944426121 38.25990185397716
22.42220955474964 16.93665208207108
30.170299855454942 68.32889912757058
48.01379146834013 25.171248125839973
4.377112789614257 71.0221602153313
69.25895996361781 82.05447318951596
94.1983270844198 10.50748290370761
81.79289815776578 12.612892016552191
43.51176097979007 99.0317682718346
22.318429268649442 38.78682439068234
51.42823129400427 97.18809533433763
84.20238768869429 98.61769695767502
54.35299243937932 19.08524777283055
34.47565911331997 13.045279828770418
3.2739313144410587 65.60790826647359
53.8252682269714 83.957876476148
76.30946891350713 45.79419776688213
28.675768081156505 18.08989697189758
39.985917925690295 33.81280036262548
82.35449840503996 53.96109018334141
52.87400017588955 29.805534093541365
90.94728144233996 40.574726185062545
98.62943666068811 0.20286833317337827
2.292899663862147 46.895089560048994
15.932819943086752 80.15972043551464
6.544198199197782 80.2038894766516
28.142034002978946 83.69101822418064
45.950140841313 92.73929030586288
12.07861813052733 12.015007111391029
18.286907771993622 22.25243832444913
16.423909349913977 46.60601002335002
64.47459826130083 31.497829286332678
12.897852179100045 4.0126554919950985
83.36308940290726 17.91807688657212
7.799013658795085 18.21742798389693
35.16717560322709 13.361880279442994
31.70441833308264 54.20233719437244
8.080151392935031 5.704963687606213
99.27074973559043 5.273242461260552
39.02084226926649 86.02347927715701
74.15369301023456 45.82639836721568
83.17797120817862 21.47916926704003
98.78157231544746 21.691147506897657
45.64107351835073 7.536402593802805
93.07907285393254 79.3383967067314
39.24639057431926 19.776185324716046
54.47077380426558 68.25132303705878
23.8991561099957 54.46778532765617
0.02353010261999522 5.161413043095897
44.11887371282117 82.66555489385686
65.52331123350376 39.856746711593246
76.90840749644828 65.17305972948378
59.998876277464575 27.171240181984746
42.11477504547989 46.747864580221396
33.699864136398816 52.6512481497709
48.274450231780655 27.49168112860837
7.2796058140780495 45.963164036085345
84.56664984928449 93.17292812743298
33.728580548077126 9.673924845988768
94.06549632527586 23.181562626288866
32.394604093163856 4.371305620360633
7.634238911108159 0.47352814619773254
74.6631884038906 85.10837556462138
14.676912396756869 69.3063384302999
87.91358566342623 73.33784723054734
51.975825398908086 10.823042079946443
83.84988289351979 45.44198721100938
56.57126154354858 56.27202547777412
79.04751128262464 9.244880942656586
14.741252235706902 66.71554351963273
60.53587665054157 98.68319147814441
14.048991439387294 77.64883948684638
76.55131788036269 62.41729987239041
68.38865080232704 57.221621590870484
51.76534703932639 36.66147255092306
20.86263073292406 87.19615542391783
92.50608346643095 63.35504671054449
57.550273500148975 56.446895843311886
99.52874997080957 16.547204877840606
72.57998454466751 63.399766632655954
87.74601830281406 87.59712856234258
36.20136034119383 15.748257073049698
49.378496880140396 49.38207224779618
63.19722566580739 31.23543702736582
36.16143778348013 59.70473236697913
42.20896234827687 64.52068763232218
90.73059234851742 40.84056267164894
50.53713109513575 43.93136917936778
41.00244383455522 51.53962640982361
4.261191680929488 19.739563900004942
93.3956021558616 97.74505590679998
52.13992263741856 52.510893520175586
97.33041645649422 97.18569131150426
50.143703227763496 96.48647882421223
96.51120169380323 39.69150539242309
30.228409840309123 52.30073341445942
54.68049218252236 87.74529498670611
32.00371762822719 58.006007623922315
71.55647590312118 10.276554054526066
77.63524394614389 9.11059290070433
15.095444382560629 76.17292119311941
94.48944665015449 82.95680593187144
83.39015455979664 75.01594869315123
97.29159436300674 29.902945179705988
6.7165302261670945 79.2612659106115
3.841772235383145 59.719909407948656
23.45156288409439 66.96827041688806
39.45377171176969 98.72815598482137
51.07008404302418 49.194118289699574
38.517060431308906 38.36762770273856
65.72869395651489 21.3681945090056
93.11843746811518 26.545357335875643
8.925577805568352 9.661353506975967
58.10358826685286 15.334049623694124
68.96894667044235 81.91501890179175
29.236585303039487 31.42713313384696
6.982419189678213 46.746883335402586
43.4743569942556 92.20677647732622
8.222695845846296 83.70002528932868
32.31971753444335 51.40072913692851
30.915651823619903 42.86996107953392
62.791977720323075 74.64012959572878
71.76600645152281 65.774656946304
79.29472595346384 52.18388481751002
92.57680611348658 94.58612119799477
62.08002581283408 88.3246363557529
2.3409227935333954 87.78001976925056
42.308790379737275 55.530195768520194
35.15833190705422 49.10515558500496
20.807428748749146 36.79311854294956
70.67019037642459 18.579869460794907
63.316775438903115 11.504286832305477
55.86352317366574 0.5639913552917264
41.57254061630277 50.30450026365262
35.34394964288652 60.19113707885866
25.911809739106406 85.36520609457057
80.16985850805077 25.711511591021583
8.506817587883031 2.4175070188339864
30.024998708844496 19.226494402923898
13.746010435156396 36.541831280928236
41.85398378610693 97.62888645512484
2.4689861317394146 28.26721346831639
22.834880807469283 22.98174510890858
5.464930226679964 21.582248760101695
32.924620095797785 13.002639605817468
57.92871713516226 74.08289356462416
62.71053272441116 72.74434167715644
55.657880855411015 81.73361922144954
32.29515918440683 80.53843656827648
93.39849214578896 14.923504016525268
65.3597411126966 13.457939465149826
42.630564425056306 94.23438850038276
93.6387975502376 34.678661947883114
67.48371511108846 40.60494615017311
14.570590219187062 78.49260750313107
46.70774829657724 84.49737523243054
83.23575199002222 39.32489675584898
8.83067415155201 56.11021439309242
29.981048247738496 54.74941733575412
27.294503579043283 80.67947204370083
64.27163312810603 77.75102819474398
26.119710104434922 93.88825783334744
43.35292299202329 16.910208165138442
35.79111001515144 20.639465124132894
47.034124435835714 86.50791611083433
16.820049643697963 81.2506715656108
51.437593356194775 75.8105679541789
33.563163355054904 40.26729151099311
64.84250191640005 79.46064513808795
31.319449381132756 18.847270734204947
3.691872616018721 96.15462369690104
8.34179905816842 17.326892850853028
51.217802169467305 88.46285473972337
15.010511492399992 96.54841258654719
19.49118922988028 25.329029832127958
22.87938687126748 60.9670984107753
44.049330872214476 0.16879823867657073
74.42249257340066 21.83202711035608
76.18855995112642 69.13008237997295
37.80391917646648 89.98211433516933
73.4846040949421 19.9388620135745
73.58502747803061 10.907533052011864
80.12210920409457 20.72785237401834
11.60740257245565 28.06375448657963
31.13797726070352 31.245916847222176
84.95390942096459 98.67647801361773
29.69057605428208 25.540152877020773
1.4116073184549993 23.19831560840995
14.581605173486833 95.59062033786265
6.513811114535772 31.974195340320787
57.615904224928194 39.6377248348496
25.989363361907213 2.5263159551561998
45.234871627368214 71.81884054860022
54.250579597586665 26.313009622204795
65.94364384200863 73.25367303580211
19.10837178960625 1.1012259938271707
97.40279927547532 17.646514270833467
82.95686903792445 50.969410227964715
68.18964201490412 96.35073452528347
90.76015154260159 22.01073792088557
60.47414594767623 25.97682615724929
18.414829672182698 90.77254653150658
16.420610334100004 88.14911727384485
3.3763719704235418 19.65860938820687
52.02750793558275 42.70948757198115
7.202277753113073 9.328375595178917
3.4744505331862574 85.29213108920736
31.907803432181492 60.52528831502815
59.346717832184225 27.945232506351246
15.57472969598207 70.3879650719987
98.63634371470073 18.044377167339697
25.20235366944422 38.12603551447753
59.76739489374134 67.76281414605478
37.724820828542946 4.148529338783657
28.343420962947796 4.420454117250127
23.521881246775976 12.039218880038083
38.97634552853448 92.93534152560198
14.273845419312991 24.021020375015134
20.830522483024982 26.082693569590976
29.044498236999505 78.85981066987803
49.051321159905704 34.95789558751892
2.5722302829206622 52.55202879407044
63.849375943397476 54.81969863185824
59.48306932935291 30.138096053155106
5.933332133829339 41.28487723185496
15.13300911657569 54.51377007380122
40.70510222292481 21.23688156514708
69.64687122717713 2.0204158602835642
67.70697797309595 77.57499505926907
41.77919222357832 58.008571211706105
59.256929677368554 13.619596715723004
58.82021550359175 50.09418983568787
91.23919726910044 35.56651435849765
91.0245459871788 85.10252817392457
9.427992780545358 85.22227487501115
28.19998181776414 40.46132393944878
46.92299643273886 45.21077975928044
66.70452842683022 89.37758191708419
31.152029072284847 7.071482537468821
17.450997376436728 74.29150392979378
2.112591327810731 79.69730943740346
37.387153722060575 0.37572768583734595
24.374840443790124 80.23472619613226
78.19696429451582 77.09333627806879
22.87423557764201 14.601636449946865
11.497835574523629 14.009989685450009
61.29139616089162 88.02598160720002
7.747133472870804 39.24438498383235
71.57242704458776 81.25627801544633
85.92071777636922 69.19360317137057
35.19206855923637 10.48200846366819
40.98024425405251 21.37773514233887
69.29198529555518 88.00952046489343
81.3320821805551 6.157886971076499
7.870788009253071 7.458973961411431
68.69333934513165 82.86139798514311
52.82310820962167 2.028506157366039
47.08645084827124 18.78270059569691
74.97951735818779 57.176331219580355
99.29687071580668 32.93413956170592
68.06690499657245 78.73791112859496
43.1926807262265 83.37568079551068
79.92736308271738 14.35343258227062
80.24509935265782 30.559517382395207
69.2832627258417 79.516036427652
93.26251102305757 52.73381969138733
18.16624065239807 6.690076579291782
55.91742867082377 6.526587418978725
26.965183693352724 65.4013326262327
17.108335655225815 92.27810022139812
37.49557083819431 21.469688160352362
20.70794717350084 78.65051719928825
26.876853454574256 93.37237909905495
30.515297117734374 39.67417737437646
86.88296995400346 97.35431142781911
17.164328402757377 69.41424833920694
61.362151615639014 27.29072271021591
72.84789083097363 34.9832457955485
56.469857308510754 36.37828815645455
92.91428773586854 20.15768452945116
35.732661345834934 82.48073627048068
4.192341870668093 72.71205048599218
48.19271322342643 50.43724676684328
72.95248563416928 75.84853820858474
39.98666020306405 71.25628613062753
71.07225809288128 67.42959367924155
28.99502430220412 3.930576361791338
60.09149165529356 32.24105318655618
28.18715881846554 65.08029560575373
30.904438477999495 39.74636521566357
90.12020545584313 52.21788289659058
88.3859188666139 71.48528211611607
7.502703776220454 54.21534801693305
26.752877707246046 32.31124053639436
44.107886913438975 52.09268498967946
3.927118085668513 58.963676197999284
17.507495208896472 41.974287122099255
80.2204840771731 32.434520934932564
79.54394449593775 40.53704923949175
22.14839385249261 48.63780057337592
63.48112333822256 93.03096661100082
0.3654272174116291 78.42396690676075
3.550547356403422 88.19252405944182
3.9062504316632274 84.85106071665783
97.87083779083245 8.938354348438683
78.07638659830201 21.248425180403462
18.929902089405417 53.21448327879757
35.33652676675174 22.456810606918243
71.72650101712965 23.85026792584901
4.961543814981595 55.73312842304251
6.162080064019371 38.24097956859418
43.529071070631296 72.19698166566931
80.57970499488243 32.75773153730742
57.651449872272565 2.014126391228388
27.23921824764729 26.125009303594492
49.3400870928341 18.432323941956263
46.51121300310044 90.65927051832146
56.52051275876303 24.783941276472852
83.36180550220477 82.0134034338565
84.97492826987181 92.27577476760044
73.9953974226493 61.97483711492981
29.736571871714023 2.10161008141434
15.983126040227347 16.809811946141593
4.6861554742823275 32.01415944323352
48.984059050073945 53.2650128956281
67.33128007570993 30.518300752822313
82.79865631199279 41.32491050135674
30.838642081849954 87.11321405991733
77.230268751773 8.411273822101496
43.31906508957313 33.37485017682068
17.334113743867384 55.153078471750284
79.09771185373225 84.73736543244982
86.95058138194196 42.40510963731974
40.150684060059696 82.01839161917461
74.83830621125327 79.56186057171986
76.40941516872718 86.16010683838809
13.392388636672193 81.97465681290038
23.487515595249143 85.92849648630528
97.97618383327189 44.44036354125224
41.21011759864632 13.925696410948362
7.117623471592472 96.0359686127936
82.7578308917278 44.868826705286494
46.78161114635802 62.97584668731928
90.57833187581437 1.3192542405788488
69.96746848217359 71.47828032920994
16.92570069194631 69.19944312868519
74.00069821446769 9.925698306854647
42.39482207560186 66.4302160121108
84.72719099748178 94.59167528441131
39.73430882502231 74.82008175731067
6.175972323413459 25.070182634511497
21.36080781682317 87.73604483378267
13.300243212541684 64.9295316219544
90.80523417771695 30.63125906838803
79.68270505748741 51.3660070996102
96.28151704127565 39.57419446595741
82.02246838696117 72.00944789022839
95.32937199384493 50.77370885949794
63.3185879275187 73.61166598992631
49.51221518894177 87.25958265103426
81.28297827411585 21.352047475840898
40.84298677865451 35.20488732689777
60.46661776455683 8.516726316881407
25.419931610926405 68.77160944098358
1.3363019201616977 42.95096717111653
30.17193504405786 28.650576245061067
41.0953208125533 36.22612078601476
3.6153265112283783 45.224503953405524
37.91217052884966 60.77916120535637
24.032219015143596 65.83442289622722
25.22979103772779 48.570897475513256
45.324591666105995 78.90062168253142
48.00701071182264 70.962887628501
39.08421370337922 23.923428846264716
34.15059140379258 49.47010914341189
39.12709895327631 45.78524931863104
94.39008118483284 19.817630068624137
92.32582313718565 89.39373790795341
50.98885661701571 92.92553443635416
59.215488581266044 19.801730426035412
43.81184081557321 96.09446214681184
16.25974554655034 71.19702259654761
47.57891057832355 69.68405893362578
19.34241498870145 55.849249518899015
41.80297556698773 73.9838190213061
20.851067097912235 80.60113438223253
79.79126733928487 48.493545639015345
92.93306173077328 79.101168656843
56.71933192352478 91.62935682981079
48.50073240299927 70.15076071554918
59.29644206293302 64.38043012276742
72.26274480505289 91.20755405990425
26.32217159307898 93.94857491970909
30.36109714261147 32.01395863937766
5.965704900741775 60.71191339292509
34.534311009597516 65.8102008077013
39.34003166433043 89.99923806899774
29.17425392299451 12.188314064200478
8.771082183712831 25.3860722197811
65.22409887496744 0.9608175390043439
98.48993252610717 20.383527401430644
2.5342089569772464 23.120959838589418
22.503566190088563 76.66125400353413
35.4825843449324 51.416687032662345
14.93316785159976 86.56510691035248
98.10527874828814 29.877498685137315
7.145611729687418 96.67541535531984
14.288849162376128 37.286021226000976
60.88196527451629 87.22363937398623
54.806984201853005 68.36143502633836
1.8092190420871512 14.412949922398987
78.31284445018112 70.47085550921706
5.459907438915201 24.42984328128007
69.41305530063227 40.40403943763169
1.0039140071138708 57.98921501762578
90.35937871684659 5.363227170145524
4.336966288449339 15.405652048820551
96.90919345899285 81.27250418560591
6.332811585685205 9.88021872982493
53.6208434771473 79.59533334015642
1.698645889037298 91.11508260737186
65.07844165970246 40.69965733446169
93.40796994419384 45.11308512947105
89.09104370563887 40.47155696083215
74.98828955127325 83.189975493893
16.068130074744104 13.744129146639306
40.610479922805695 40.610565329041435
0.6369502952358719 16.37510162793022
4.1519459111784895 86.41493636792336
32.933369244972695 22.085413396711694
34.76547401483968 45.14835314915501
14.506625402211826 30.21837618304958
41.83003459420833 35.8773128012191
37.64439764242024 66.1956491545399
1.3678732809301986 54.690798356860846
71.68349877359503 78.99744481269401
65.7961270543253 52.934330854828715
58.764572672651525 56.76472825672027
31.82266170950462 10.467651939752386
40.4226670675893 15.128836307729577
87.66817010849948 44.18143792518752
19.22608751888344 14.066793180775273
15.679346152413999 67.9103780721391
13.372849502828899 0.57286440842238
5.2499116518770705 34.32145824810958
15.46230942118153 77.88877260668579
50.27098788971389 97.70229141454344
1.8044989319106586 89.62060722929733
35.94818627976502 37.27046232739135
84.90902242874331 96.3553222346525
60.3968344354176 17.703552776583674
68.68031326632953 97.4123779789824
76.26199973042597 68.72750194566409
83.17754171116175 44.33905894462807
34.90946750092757 43.88322049715187
70.9130106969831 95.18038579958915
46.74220580396188 88.62519349389513
32.12047732225448 2.8368104661644633
78.16499490132433 28.0763254048916
16.677865385495938 54.83274296762818
84.31501548141576 46.00181573405126
44.290640733431275 7.00064564157813
81.87519540267395 9.229336783930819
44.79084083977894 6.249904090774672
29.280424906483425 97.47073658166946
71.5954623204164 71.27905483002583
49.9613610697442 89.9791802155216
13.563554970214941 4.0011552462534965
97.59452285619128 44.90953327999606
67.5204750208636 52.22812028564952
25.54719042858632 15.585759483206218
81.06968939264618 75.78765305917845
98.76075955276391 42.296074366934654
36.85407257351297 63.25444523778339
77.61724887832551 74.86031904813113
27.001306281847747 61.86355805733906
32.96383498833498 86.27902611099756
44.94151469205659 88.0553682353498
50.102163259746376 1.9555258855969537
22.82080649191448 46.97825479930099
55.61415860829161 69.02126247890786
21.888599534718935 16.293267880274108
38.957843620784956 70.6956370038414
2.8935216329800895 23.36055605506353
0.8283862087933302 33.49412065324542
1.7362098333724485 15.949501659100228
91.54184756411588 68.31369759410381
4.577105856414421 59.732480010339565
74.7275331903677 58.927542785359286
32.14030547665897 44.897284365207554
93.0497883338679 72.33198243109874
40.5914858236437 40.314165843568986
91.58125747469286 85.32720644007584
86.72367909493501 91.49713510693861
49.53435504596564 65.2074038403482
38.339992437001044 57.42091268179751
42.13792728170277 25.105552194681714
26.982224352472684 42.30557887705649
47.18742902553681 43.14483677948668
88.86344329797787 54.03840753917557
44.30381980245643 55.278757703489546
5.077257912992672 25.728557385655147
55.47957591510251 92.68581225458017
62.305713331945555 24.48384565203319
80.55575325594911 91.0574298787363
62.91206692318582 51.79785893210735
75.78055681295449 89.44964085917914
88.5244955418916 19.16253109613565
67.77125567278965 55.189068144180645
95.5249831978981 96.44729042375852
62.45678196846753 10.055989616678229
99.56879424714329 3.061182117638661
21.714791769004517 5.156697102951425
47.878830632531574 68.9197670908749
14.38082860533384 30.61594994798188
10.607998095842097 20.708633638876172
59.31646241414753 63.236835009353165
61.74728360031397 72.58017879039815
27.987541121731674 69.13429251567548
80.21012480430579 23.917205732458825
16.720329038598948 66.69763591208684
92.57834815849463 1.8405863330494432
51.575893825153216 3.7163675327449353
95.95298790487577 80.80826807741903
84.22744015128521 44.47007343841807
74.55784003679946 61.61085152502286
27.099187584281992 75.20694429831495
23.33333867406787 36.060062712394284
33.414049770332575 27.691122882078865
1.058667952313841 62.83745862885559
56.47031946273457 39.99081647057166
84.60617269836256 53.17029216515058
84.63620687950669 48.40186514206829
83.83684858990598 53.80488969188815
66.47655542768844 66.36420537607924
73.33540300090192 54.370535642520146
91.99058037383311 67.07549569620804
18.02438030293296 16.51033097752309
70.80210403703785 56.23086853112738
56.14731417441157 31.98579994749644
46.3252320591836 40.16326168841897
51.414467931618645 35.402589247800705
88.32781992393124 4.872113842419756
68.52439514983958 83.04550412765694
70.73468686458183 72.18288991057732
39.03319738756319 93.30121485758757
42.13416441534663 66.18425923867296
17.253484196298775 39.489343846963976
18.395710878066573 25.627659529954883
72.2255764340083 45.32393022500587
29.04683106043674 6.112198237921684
59.0964783237669 2.3863663288905657
99.57688842767729 9.737321281591738
44.12245060280059 52.76016273301117
61.880457144946554 99.23427564407864
15.581733489063875 96.78385683471218
97.09318167772068 82.99631808033283
33.258875552174636 43.80939358651366
87.33123528616456 39.09550573551589
30.931142675531863 19.35671883031952
75.19781718877174 74.91519812223247
2.4281101559558538 56.16985309036833
87.59602606081262 18.673598404696058
96.93475625100646 61.822064176086876
52.82841107887912 72.15417287443567
21.860814441138654 13.853311206546426
12.23329198564519 81.92501067773698
66.01550326262861 81.1904637274901
56.73505492039731 90.9193904543173
26.247899777871396 7.810712286901356
7.440651698671474 83.64615874815823
59.60255913482078 33.044203603823654
15.336460592954037 89.09884796066453
22.00181520156508 2.387026945087156
54.55658091239219 24.11781726194414
86.40191383547435 1.616751679798012
63.2840522943428 94.07189825633733
18.49718963166912 48.74033284350243
54.106888987756975 83.42074065258089
27.85727460436942 36.83486901261587
3.3557679279533903 59.55877747166546
38.845436520917254 25.493227667718486
26.87370352395362 72.82588538038313
69.9481310660917 74.34609220182311
67.54878136079749 26.543102825165477
92.40042712963343 82.47103749459731
87.14263957086698 70.21160565894918
47.95472838004451 75.07386585954396
91.46956663389312 62.90400702575999
86.76467781317793 98.13809585140035
30.260517063793724 18.43156439234891
25.90978776648728 46.91161403899255
35.97902981358484 65.6050542369934
80.17119614119913 64.45188512486753
22.67808054892867 25.785334929994917
75.63874725310689 74.16024608902032
5.058769333187829 20.50614756247391
80.9868578230439 73.50474042697886
48.30743509186303 2.437120193915787
83.32188195402743 51.761510565579826
41.841741327996495 7.719211750977085
81.30647486382696 16.872031922128826
42.633604030425865 5.10149457560638
46.860257798948105 36.08141263036988
72.75821573820505 77.45476368802639
25.36752207697168 44.433052679885165
48.142434845608626 81.92029686809259
48.46761204687582 94.43524268715187
84.15963094614062 78.15569405637616
78.34402405860803 75.44078700882531
74.09379133411731 89.66433833376635
89.12964457777508 30.30011642409042
63.36233920538845 69.7166592744846
83.36472134550634 67.57583559849056
0.942858126982149 77.56121347975932
90.32688430689926 52.27012223938179
54.846041471186325 45.728334986567575
97.25576369042768 93.23536469542694
80.78667297863812 24.54744485899972
97.1525729772692 67.75916847029096
48.621730328379556 63.22986112956885
95.47194817085888 75.3507593664134
85.4314295532541 51.88065060087455
64.49238546275988 25.9543372385307
19.20484679048149 36.874902965701985
61.63389093537308 72.81444272273457
23.5343867346447 8.93356982399024
97.81438658104203 77.19731631426828
96.06902349432194 88.07322666735426
53.06127582373599 41.75943882643908
46.29604936817999 94.74279867806797
87.34790600998437 76.02035455318841
16.701512468139303 77.59712298058611
77.94854185655524 58.16467844668017
34.06488520423814 52.76363880845898
54.7598333151768 4.849821540497256
41.855590285499886 48.15626462519631
56.6483312844229 91.912690643161
41.19191276358099 30.251789067651025
23.761894891172453 21.65581228853657
22.544062386562747 25.711222915107946
57.83315171617173 0.42533068893486625
88.69285676217174 43.61384820923422
77.81214782379861 55.48227516228601
37.542499484973476 46.13978701220128
13.056007927389125 76.12604578182912
43.313266612957534 22.963859152472523
34.409399260505694 68.14077950747574
61.5903618989896 74.4272715471888
10.887432688474574 95.8848722640409
3.829009319809751 10.494054058439062
99.68924336624423 89.37550754861971
60.565013874568294 67.21263434210827
14.988903614030136 9.85649941408252
75.06585158389248 23.025178319601615
81.57155159382815 61.949141217098
78.42722826441835 54.82847510963482
3.506024547913933 92.86373954199959
64.18564632287317 64.82782858420966
96.03706531763191 91.34114404260423
33.31419621887929 74.59610739608182
54.28858284638536 55.17027675240951
9.168127849689423 53.94568681269062
71.81079533156887 65.52562443885004
2.1723706845766855 36.478435967363765
81.67822485100318 33.73143725974259
99.03375465788345 25.737781271283744
61.661004577164256 23.55663743422063
32.32962043849027 59.82180350771191
87.44364650445704 12.331879418637548
14.767886183730727 0.3320417837699541
87.2464634722501 29.28045271402744
81.31372990552339 53.95334970717697
50.10873425920902 9.991529936464083
24.71151087544261 2.769984951519888
17.858911097634444 69.1761587189985
29.8796262864926 79.36007711229455
34.0324658292315 21.696641176412623
99.64979630995579 15.98532622166685
2.34641860019964 31.2099020100842
52.766422394646426 61.380004917996935
0.7123260434692136 21.03994464778962
44.69009788110518 7.135600318128688
36.05893939199013 81.17564293127636
83.87126803661215 84.63473799188903
1.5340776299609282 3.701049675256185
42.46224977632183 53.29013418940304
65.24097503241197 89.08299249995547
46.226859039385495 27.03743711019867
57.31159361440385 82.2883707679601
68.58601554139264 98.02725633991803
22.944197258609755 83.76129536128424
35.79770600648443 84.8068562920998
96.72972421659644 72.4656460113198
50.4881764655924 71.69765481050489
5.501013166085111 99.95192308492481
36.6136391506621 39.76393023898608
93.30487195789225 32.70792709033373
95.56401350885278 28.00189115939761
54.433947856700584 35.63512327551316
72.54250052375991 59.66208524844373
97.82937673424247 52.09008446207364
75.29194748410187 97.37140901197357
12.167859995839958 35.42801131435217
78.50250012359695 52.08450009245965
80.74415907392492 56.8468237162357
16.274337349757328 94.09734719999746
38.736463500315146 43.15559405271294
53.8188709345704 97.4054940556036
69.63010974215442 43.86375389977844
12.409959572549967 27.77960201373203
5.590576208604292 84.40849531335579
81.95715016557745 18.579271549677944
10.845410650210695 0.272099089171296
91.48560698681707 65.15079594635813
35.19979985341873 34.00180104575955
33.098755856021725 41.14469875553905
60.68044383731773 89.98713894498977
64.92165201838709 76.95880214205768
60.895133587975856 82.77839116536335
14.053881894644082 15.449038344244059
27.189133388814657 68.66098939321891
77.04076575722151 50.48795240212115
48.932315931072836 68.02525062846372
12.314377987460157 20.936646014589265
67.53550297832471 10.849370365006283
10.272242726281744 94.28227947371187
22.255981685810198 69.1959607194186
36.91707069325015 90.90023812773654
15.299417440378738 51.652485290004904
73.59542588511064 33.17072032149401
3.145086672468478 60.447834835179705
46.42555379873119 15.555036600347083
94.18037404170903 61.737742385109144
40.528429099785114 76.0052872304162
85.85358862910853 63.769243863817096
9.679250101061498 59.762786086707706
59.94760959635883 96.17103964371859
30.748942927638755 60.178649482531696
40.50204453108863 30.792200585396156
81.97134045663836 53.19653065403107
90.92588076245931 1.7643939195086
33.36157186641231 72.21412089713789
28.867087458162878 23.733876492099114
64.0237012896624 87.08216265415513
76.07998497257196 48.995246913192666
2.257771795155772 7.317709821225272
99.99578259937462 28.26771740610822
72.94984091477859 2.913644218613387
28.338055887760373 84.76944118952075
75.09628473508336 38.036682922011856
10.634963769422534 65.61649647271884
84.01452144787045 28.47830847768631
87.33037258648076 85.47170668869148
88.69300014814081 4.455852150212203
11.429498898828971 74.75233382933966
64.04308702161299 30.741238973894124
53.179624223534574 96.98261223699886
13.6438596125807 76.9224698294126
25.535044355674643 39.10688088238425
93.84084503935098 28.983932490151876
42.69607076695845 87.32372907308255
13.037571158463134 98.04700574871546
80.45975251926804 78.76975823397856
65.25931323563768 62.64967742452324
17.100534990621874 43.88749049632194
21.630200029161028 54.96323770898176
29.203801543850428 53.52570872284515
16.366960566110635 19.963474222019638
82.22883203573011 22.07744405650103
98.31795717900891 28.125371361147877
3.1586961581280715 36.187960864915766
98.60867899290969 24.49526565285678
