94
83.0647873103221 84.3308986409871
81.50614527594269 44.58326023818731
59.63171775050839 62.17490476411538
24.970074923503926 88.43912823275066
93.65654069753755 86.33197681537416
25.754566529925395 51.324066194508646
48.069283668958285 62.56669042848546
29.437560320555622 26.380291102485177
37.6746138383401 81.42507815009388
25.087683033086307 94.40990268985698
19.852250400180814 35.809932458392666
85.43207913357124 49.43978497128868
42.55207768957733 65.60479170444286
7.477455711067926 39.63537824482353
95.33273748758053 6.021648391215894
13.902005589207612 55.50908582991168
58.186757786499555 97.22775839837188
22.129238754239168 46.08170412562136
93.64120427642536 89.09129877291248
68.6320602534564 29.87338345043754
18.591313451914793 65.90730097393354
48.32097181346138 82.83299783490739
19.611501637338048 15.801631255017657
70.94800558027929 79.36911988333522
64.96519144977047 67.48074526125085
66.4377663668067 90.57871398434537
42.46439607853677 62.484263280408236
35.97929349715252 50.94671000918819
52.96234250626615 60.612691499902006
1.998307461226101 90.23136685746267
86.90476272524248 74.72497161508025
48.65875479829601 37.489509545022635
27.656441401151767 20.301801002311638
8.561675875335018 30.034790476700845
98.62561092372746 64.2750448716569
59.84264160143946 34.24525086261312
93.52497684916744 88.62922442946541
17.132272105754843 71.15439165193077
48.442188124726236 70.87028023565618
81.520490135239 86.32330977198461
3.2094570463500616 76.9419587331912
23.79188110545134 0.922662169499211
76.00179119805682 27.265466017710914
45.56420577665349 22.723013439372398
66.00526328482874 52.72034334794654
40.436653977368486 18.016381467370145
1.4591494453876863 51.13551175770989
42.094054164026474 21.44040710821502
78.95554388025985 46.08549164948229
28.895417190797456 80.005243331977
24.682609182757297 60.53874833396814
18.026026669841567 43.765932280951745
4.445248028880988 49.22163993409728
65.9557000305779 37.47803880320056
69.96515696192147 82.65726576896787
44.81487696416816 49.6225947830785
84.62694760386621 65.26692040678755
25.619560166513754 4.611197978932957
17.560057197750957 51.447432976244
73.1362640237546 77.76800785979209
64.51487622363611 36.13625906125415
47.65256786034078 24.73349273936555
53.74310784734936 0.9989617975564302
25.24583683593097 18.59899256345543
51.64412330904631 2.4761355575303567
35.538768109499316 63.40878930845304
99.68678822491307 40.96573621949342
56.45968089733678 57.259767908005635
52.42572314814752 87.20784481255393
17.309642655673642 66.42867598812624
62.9806818516754 34.42808698236689
93.75805338919182 16.271498371935078
61.46133065215773 63.378853864905494
0.7836321612409547 32.46148946653127
17.156394723994374 50.16818568387759
27.722244339585455 8.241071460331273
94.08627097593309 22.62400222972534
3.053192773852642 11.315025926464017
62.251988109066815 17.72738113551232
0.5242852977694001 80.17090905966212
42.463442779091864 13.837850449167977
19.766392671334742 74.43731351428858
89.77505252801672 9.114671427640896
39.29581201227846 38.76018419771597
80.0304819716723 28.39451309197444
42.95956527462727 53.17723211959661
91.35051505165508 93.35656852030215
29.313273022780805 1.660364505309575
39.19144581581854 68.29427794604534
48.380867759127085 56.42696718579947
31.389028392103203 56.29476669509592
82.46476139185106 23.99657161736618
85.07875563602093 18.534562495733997
74.52945286905255 48.089796483740535
