92
41.09776308273256 86.66415930080764
54.7962690575697 70.19257442523556
45.8300920330043 0.3427016370373015
41.98094114646494 4.0046738409828535
29.878349966497375 86.85687115753574
26.712427203592338 27.749982400391037
16.97224101664997 23.582377585546233
80.18357422836922 2.464879559095856
82.1409773153467 14.560491272155506
65.90159060952377 3.788545170490676
42.027082443621175 77.97983880969241
66.80074750139363 88.86492543094026
34.589548370999545 65.25958693430603
71.85775870885233 36.99689244420977
49.933419568864466 18.576310437088527
99.25871538141328 49.89031362015274
72.75774151210952 65.17214487576105
5.459412589797341 56.62524171745703
14.35563784282402 7.687803686296524
47.151946032747475 41.508169558442944
71.17786249108731 57.98576400860214
61.903405999072824 75.65841156130848
8.934692282453383 63.28143723632746
74.20616047884039 93.97957758809275
98.17676124990108 75.48756620574139
29.49539033258005 27.595635703695088
39.56177653807546 73.79375779707387
3.8090397315558633 70.81997692646938
83.66819744206363 13.219538868258718
8.658728114196922 33.81145305783295
71.94528381792578 35.1174365019168
83.92804638343036 6.856258894854306
8.376199260452232 78.8728485860092
16.190920218931893 41.2074985614108
32.46616643285128 2.0513272242832503
57.40811462578367 26.267433149293907
2.867628748921447 31.01794762420026
39.007931420179645 61.90837687693864
44.35742032698489 71.03345211288122
19.14975937971173 53.56157824786463
79.63802130451097 23.887465392590734
56.67741776231272 69.12044489527638
67.51867476814624 7.271984016280253
52.597941957132285 28.669349515005127
21.880806853057777 99.30561405454557
93.24391795801735 82.63881078621816
96.13425648303306 51.76248366773305
92.37570627922017 24.231892678920552
13.456455562307578 74.96476001394369
62.60580580294612 67.54453058031477
44.21249199008768 95.76231186205631
77.56095428537184 46.760481515402994
21.28197086598538 54.878903044532045
63.46433696259709 8.526690509666713
77.73311229399114 38.8152127841606
67.40840386232767 27.28519539779143
17.563902371383755 48.52222951166879
28.922051432397655 96.86483825566535
24.778811621664588 19.07682578344402
42.71806236101767 55.25634447782194
44.74496788436443 19.850409873441997
49.29506389538165 31.452045809397234
97.27945268493646 87.22594960095942
11.663318494713604 70.81946974256282
67.4740986028123 91.72338926057665
9.417558469388155 49.59038711081458
68.27058752567613 70.35605208915578
37.38000791165679 13.25935335845726
7.616831602675189 80.12376563276318
21.139407219392325 41.26620903727938
8.096018076997558 46.830625569090664
29.015620150653366 50.044761550384585
95.40505025792947 81.5698899268364
36.30756949852276 69.06519545219996
99.86086854047541 61.80144908788928
23.4757285820937 78.42624583570641
12.642592097689986 23.006336977775966
11.049413736892355 42.0002524672007
63.266260882824064 98.89836814613966
44.35624796922259 78.2524427834074
7.638653098626158 87.50993695249822
57.457044303104155 54.02152945837651
93.01796893039479 91.9686400722438
28.010811633891407 62.4475131429152
45.89901871830525 48.973867478415855
35.141855566687596 13.170722332212803
20.168369616816417 47.11587873839343
0.3103254241561437 94.23545860277616
75.54937370429016 94.40094024042743
31.93527216133527 38.68324752571676
93.49308820933079 20.819183371911933
35.485590528684384 48.471161339771044
