994
93.5188841218392 59.573112413571515
14.99079416559389 75.08729387604282
34.70003419112552 95.23224852449754
79.51311828207193 4.210444548242698
92.26941174197735 94.78356978342606
3.8662673407408144 44.79016586773306
4.3673549361307185 77.23926777243938
4.219611340147811 5.580735628765376
94.29890732196343 23.297404097539875
71.72716718650433 96.18493421762517
13.898454742946619 53.071252902306874
86.07814109010081 55.549096403313094
85.02581669440319 76.47864629980249
86.08552913260758 24.31418558027255
72.6556444306319 53.04014903432833
27.3529950260721 41.77009593842248
68.8625320603388 52.555102495931195
68.37298034669786 92.95968492835955
34.31655262990295 6.638208195612528
37.29824773826157 94.76568818340925
28.23693815139141 24.427495066911355
14.73281293872175 71.75215491705528
51.631792095502085 45.17253244108228
93.78323978188283 35.82049747385197
69.66773944674968 56.89857367402031
40.900099140747194 79.31863828221779
80.7898914283868 40.081279497561006
57.64528548002933 63.696552337893365
34.316455861621364 25.451842727959693
11.708253316940576 8.47799859199353
89.76796490232212 96.40032917554043
44.82913953433195 70.01830476542415
93.36937105925007 20.40349882199528
23.257157394582727 9.927694903296958
14.596613392916414 0.9995480811076263
58.876206832932475 3.814036577759039
33.122530515457626 91.87886134677346
89.44080751226737 10.825643829275243
37.57705387043961 8.103616152006444
40.22951678483322 34.74578734794781
2.4710057993169277 47.175228261830306
86.69658408047985 31.566668261285958
16.999736355587846 10.314540974328256
91.50112411697299 40.29927120330294
49.13461481506106 81.41434122059887
3.3310843159480297 1.8334923895935273
97.71745985404281 60.496176321926434
97.43902624063936 63.13144263478006
47.67844388470325 2.615890430537171
14.857653217917743 77.77235680975814
30.131452495458188 49.03158158190769
70.82027877441564 91.44562282920316
16.577347753054518 90.56017301993543
53.27940166330938 47.62635034740538
4.7020947417653725 40.98766000084637
27.441799071500263 21.44583109374364
68.45752337883016 52.868889832605035
86.13643251351168 26.389292568802382
81.52586301838066 39.21945094514838
92.65419016835091 13.494236406089733
45.48205264337836 89.47077471260401
97.68976404873956 56.2464891636576
71.73266468855479 45.3387803702529
41.47522705869938 54.36144841629281
16.044952987709937 21.204056507237468
1.8555384055277013 78.38634990370707
42.05326293983429 2.7818128911718865
81.40911392258135 86.48877312607422
91.96426223457598 42.65382920539707
71.23084478035875 94.26472237936595
23.22274199568204 57.90199966945464
15.248521140070736 79.75249141499484
27.620505399357988 36.31210978774162
75.63633633804837 90.10470212187272
67.29834400783507 39.63704455646001
62.28412987109013 94.24068985591926
12.775607145587287 90.53362382246387
14.630556695062424 21.63298332816208
21.83278335619747 60.45022333930268
30.292583816878405 62.29179446072538
14.990271580162862 17.150322635836922
24.470568965204155 78.0782761581305
79.60368073923563 40.66850219851703
8.343326257391082 87.10380401607638
58.07849412847246 21.922786374067282
95.73230952360852 36.231446529417866
91.62591762341354 80.06598781588914
1.087324904476561 35.54202554989829
62.11435622508549 73.22994662326727
94.87054504445707 39.379464092540694
89.89134830709429 55.74903936796974
68.26682648827408 64.43410767436319
26.271797782813877 14.607340246601364
19.770596031287436 22.56744995112525
99.95503397540267 19.764666995137205
70.41130985956937 35.20418633813568
67.73597518354033 49.84441498303597
47.32959811433929 91.12744128816561
11.5924993630239 13.433299032857127
28.41884651307014 19.445603530025735
59.52250700263154 61.55010713931996
32.458024584056 88.25760377567508
6.0806742721075775 42.333539302556936
99.51160970492558 0.06120319654152606
8.298629714965234 41.57436248640265
55.50156114065795 40.662212759859806
8.584025681543972 34.3447728893109
57.30094800806983 13.023744455589025
78.82068614856914 56.43424322631869
15.779385460192918 20.90304087566175
0.6989256852430348 95.30560377296806
28.17968384907057 98.60277310052025
55.46345440632782 15.56115415393824
5.3135091449322935 27.657825029663897
82.74202823938876 26.60555812090173
0.7737329547159111 79.68077345431671
61.03168234987375 64.27842437156663
40.437893069343566 48.025666914588264
4.731991429866433 96.7906848503003
4.247525138547347 94.97802466040277
77.63383230145526 15.492221984208598
37.26966904924181 81.10749667805582
90.36524376749655 60.311007093676935
23.47154267756355 27.495717970963053
19.851836663196543 77.93590838808778
59.449304665424094 9.432752040889792
87.4073484914004 59.32638636429625
93.74775368650052 21.220352605395753
64.12718509450885 41.43908238419354
23.20613916451166 50.32689158134597
44.30622204311031 62.84555582763418
82.60321467758578 0.19725193431255894
76.18184672126863 52.51577455073478
9.764334471897717 4.188266275001351
92.48622524677094 77.40641034313937
0.6646959135041319 83.05035011091935
77.28814132757907 85.13266065565483
23.455045016951303 24.22840355839837
41.31360356154886 3.8332029518282518
23.50810908671731 54.18847159006393
22.847666564060486 89.1034038154885
71.70115890358798 38.32545926481673
27.459926513613077 23.114258426997157
8.971606768080797 27.71734519463105
40.80819148083289 12.142054772469956
90.01141496644401 97.98643454532714
0.7535514957631495 54.936655666757076
52.97163599631895 65.6175438420509
34.71863443175083 96.58898306691493
53.513081226989016 56.70535661532147
23.159018117053055 54.95443084191649
60.22938826368352 61.872658350511934
23.49555856643385 87.31756545670297
49.708924808130696 69.06850917606884
79.5166848544973 42.328555968154014
85.73567947158926 51.719499374676815
70.61098567015384 22.385848872689497
78.92527686580505 20.26826634907375
97.22530339783168 19.54372805833673
64.1473090852674 50.6900830097089
85.31289972973474 19.882248270603696
31.159567144276956 32.28619766751313
95.64004356668902 76.58270117947853
23.778744849255762 53.1031551645604
8.553701327051611 91.18898855816256
57.90902951608613 8.409429737212603
28.466283843634876 77.43173751297032
58.5257172578296 52.05644965387165
14.201261897691653 27.915373457232008
63.91864054183467 59.277855819864975
62.226076656400096 61.237396764444306
68.01437850986595 64.84440267683183
41.59159089745032 20.251546941399678
29.527553732404023 66.12198618738653
26.600045035568208 83.37622111809954
32.62738203649901 7.169492850153869
16.265780676240972 24.808498222027353
76.0236929403837 23.052200303762504
90.0320621829336 83.16648243273835
29.598119112166 92.80155047092096
69.42762668267984 9.828802819398074
20.972214596867733 25.570375400617095
86.9742160315071 69.91213436968422
64.42406725269687 97.28954630528072
14.536461581782866 2.695098293751974
58.705120333707114 83.57378521712417
64.68444345357113 61.201694007018105
9.546752547669913 88.30095748545054
14.282053765449476 42.19088434690676
1.078796588100095 30.405907429075928
67.20158283383863 42.79142586651935
66.76847709306519 6.048565806446082
20.846482626090246 17.718905391728125
78.38481940210163 32.99878967534223
81.88630128487476 76.20148792718336
8.083554106972478 50.26614628810736
72.96075060300916 75.37351632148315
9.208627489295784 21.89822669461716
23.514293691551124 22.598007506127782
69.09691675113525 0.7302008240506863
45.14820483255222 49.812232103966366
92.74605296920019 68.123747539648
7.129660303246355 31.443886195728854
26.441099686901826 49.303006674685214
85.11650359919061 9.16491920692164
35.76070241492153 93.44851393465574
97.80879906730095 81.55289673918483
52.057297319295756 48.91094292683411
31.76685276028892 12.060351016478998
63.2697946640621 13.873193571672838
34.50680351267761 42.314710211087615
50.66340730326214 34.254715658733794
26.779771272626462 23.48298966401503
46.8275757856059 96.31504231583415
57.80458755358872 84.2256432731744
51.459688389419 88.51127945925676
15.165018507030137 36.290370709464526
11.142672982993085 73.47850216788959
66.13261112398025 37.89005775607709
13.33881750691317 24.124781860493737
21.323306931869666 64.71279641241098
20.095747940510257 67.57838215844782
92.82245633304206 88.90329147851061
17.43115261369218 34.66178256641642
39.56915457803969 35.232102246897824
31.082745268986343 68.73640710911873
47.5648159549695 21.75718188274407
46.707684409411385 32.28636954895081
75.00507689840823 37.376167451468746
69.55080784059663 88.2806770472715
0.15439544634237024 15.800389869286724
46.629131978867576 95.48358701635219
97.84137330841887 30.90787413124474
5.084010509056302 4.309556623333544
25.099926535781435 28.640875654818167
26.438811311352183 33.40980912214625
55.864326035391635 52.72352371030299
19.03692026743553 18.54781268319121
98.86238110414534 16.49721194052699
45.26433612838583 99.15347759424003
40.368054308956594 88.31024317296685
11.958725879828048 56.392360941467324
94.65066289234477 74.42810200747174
32.88394989088249 78.51295491678022
83.99007885883275 49.71915243743089
39.96712183568377 50.203710459271576
71.93535445586924 37.37410388678054
5.237222717571943 38.382565534903556
20.374264384080742 66.291246075432
46.122412189119 44.21134026979641
20.719428455056608 94.55261393261164
18.25441098403573 63.95678852269767
37.85851513394606 48.74287977658449
24.244553015579374 64.98542686309875
16.86033650649399 40.58920823050117
83.73944352625536 7.8253860616723125
58.61599109868363 12.609450092674013
96.79078272802506 90.1843053751074
42.975680670309714 37.46872191306315
51.14930353438636 37.01463601406476
43.63154484412814 0.6626179406159394
21.006859585029 33.57270289238185
20.29690801967896 83.9468215484523
54.64689907783726 59.63006601663512
60.04429477980027 20.136485129007987
16.383540703870715 88.65531344452243
33.55743968302012 90.96119076489637
13.18489128518574 26.193561756672302
97.07200682433647 5.593774376611416
45.05951874151738 65.3776101125448
32.29070792142554 66.82998401881468
7.355590804202905 31.847974242904098
72.6419429087778 38.13457053433099
91.67915666274858 32.35561604842262
63.78846253686367 89.64216833898512
84.13160597980061 95.76397274834581
93.80169103288628 45.401873015744485
38.70684967626571 89.28370285663341
1.8458336209982718 47.38629604178337
56.192053781315224 82.96277338571242
29.173371014611938 36.12023861408717
93.60155157929869 12.568025387008175
18.641357536737324 61.605949860617635
16.48155852413047 67.75907936980876
42.449828423512116 15.339441072186899
47.137296093721496 90.69390447968576
2.9397812773439447 21.960743171746422
63.42579149681011 67.6972708472308
76.80941369218282 47.84622864279474
6.051319660986987 45.10100750262512
34.68971906423377 39.68238336865565
85.74046603472736 79.56003442496177
93.4945232390082 10.302918665532834
35.89042428709255 19.33087345526483
22.485181748716588 28.901465912404213
36.849709633919716 93.2294655493112
65.45772281101397 46.57188763636802
98.68197774127438 65.92216159057952
48.25344867320146 21.53810610403467
20.10972123411228 32.42694960064253
76.83438865556579 77.79062585264799
34.10246105474386 83.62292427180893
43.2773622970762 12.691626079005902
5.375047431617896 10.43490578668923
10.200564791689981 78.7956469658091
17.78139601777552 26.2309938249754
7.178483747529607 22.772115702372552
41.11817548995841 74.50120485677378
18.310320231605125 15.618217958710169
8.544940814958558 35.25621262093988
9.187427857729292 37.39523455897967
79.86335474985732 57.22517909430566
61.56852765353615 43.13916101215779
63.85456608244328 49.08715148008566
96.50577794439518 91.50494451100782
54.99197650323704 26.0144052991093
68.33593458572379 45.24652013277547
53.118747946454256 12.219758389197166
72.13333058429713 59.682652929766114
74.05737350293812 95.56473768706056
12.308843102829803 99.36952085136427
56.29662677238856 51.87306341574154
99.30430349882226 18.662769310870875
29.924012676357048 88.49369310881771
43.954554098661724 62.96853294719592
61.56915832318759 14.096928062802183
76.143543351261 45.6258800111296
59.00813838249594 52.0561055340807
37.96814365474975 69.62961822355982
26.032112269185436 0.13761758536329216
55.73725216455016 68.93984886797855
44.31574921794776 67.84160728888047
19.10750149791003 83.32909733790044
73.95557127904765 19.708069093512325
95.69270937960714 16.786235193024545
11.781838456173165 96.84877175672135
35.71103746912436 40.22620906779439
9.242483718045468 72.44447573951139
33.477038544198244 80.94370664873594
15.795836052276101 52.43545164969188
80.88100036157954 71.41641840919652
16.6357527778917 89.5802990086556
13.646187843401247 36.59394752428066
65.38286246703136 97.1235913544476
67.4021501471685 17.463270212288172
32.79376918908016 61.52851307378925
69.97324878946404 98.78042427848972
66.95074546171881 72.3461892890013
34.787659597548014 18.414361501701894
63.18570449083999 60.37700528053328
25.22032179286926 20.122357980870408
33.02815361903997 3.264021041172649
27.147215456353635 48.22806015156197
76.77279894945556 25.201366712529392
15.320639009572767 48.05909540259338
15.530885570956466 68.11586787291303
66.6097135891399 78.70288432163981
9.143503609387194 6.911883257834939
99.32853672605187 51.8280578650855
83.24697306516067 1.5325407663559831
53.18644150575905 8.318124661288106
63.98342440980236 78.9352389655878
8.96381066874692 48.62403361264058
46.12719186764625 42.209869737190985
77.34143072019789 51.613254140468165
50.90198663607376 91.73684870736405
43.254964414912365 39.95232662249308
80.93632520087996 84.55189051291633
53.39956469217832 91.81272805584776
83.15445760733155 12.813339452033357
92.2954266006129 82.11363720263196
21.35618812224228 16.600423513952855
19.694768777200245 31.599420619534456
99.07751422337535 24.5654022899909
88.25453719966539 90.36775227576233
13.865162636728067 48.33039836285905
45.5815581592593 73.14935906510779
81.92696840897324 55.29588758553843
11.76757443978682 2.408397213943325
67.6287195628688 42.446654723702196
12.308899936718888 9.540028218170239
56.4891952937916 19.897375081434976
31.269994547880685 83.69268455009316
94.61965022738332 20.531232524074184
82.03206784916753 91.80282495796148
42.20081991051976 83.9323499875004
62.71595316639026 99.49562608236415
21.70369102958253 15.115940591436317
75.46347864354026 39.34951432168485
90.63590361936599 28.37107029857613
11.726250486067691 99.46579792871702
4.754999434366081 78.04837949359471
0.010622532321091782 57.56158446300815
80.50484364373972 63.476086939420654
5.492766286058903 27.88306581387754
26.774337633115564 33.55995286250377
26.65320534883491 62.08443488784992
52.64230857843825 89.07084394098024
52.745669999170374 68.04080301898948
46.99094558782115 24.799132463793438
12.474835466729385 42.55953777726227
93.76818035444312 73.11642878320265
30.705516460859393 46.431518979317374
66.5526784348783 55.39048684844769
62.38452191316899 73.01238054917951
58.07768241327296 90.12628871463365
69.48291531556676 88.58095717973984
15.937359122436378 9.518676654783697
65.68103707599701 59.42973127365949
74.74380417145463 67.24365477943425
3.5102417639756633 80.09582789794474
26.715709039764167 40.45529718352102
95.12874952944598 43.62588502422528
96.41701287846251 54.05986107447552
53.018165472410885 69.23427645236963
8.735523183269422 3.005908509225519
67.52657050460226 8.626825608706234
96.65547297634129 55.12370851124415
92.11585848440019 87.81961071925863
49.131610563421724 98.1880183620436
82.15699071287825 7.375293015060502
92.55145445338616 54.76898598255639
1.2349810456516175 17.757705433526183
34.52073624175812 30.408684494475292
30.481474420762012 48.416658801828184
13.472424569809371 13.73178685366021
83.08874390702805 31.776974013015803
88.42636178247496 65.44713678751869
5.36446801791135 44.288895422285755
69.54794641269343 47.74074297718608
37.340799611858024 11.20107218863804
13.185791137961578 0.569379147194593
70.31509863042106 58.596716621950364
53.078271859708195 87.43763665790331
25.143308347852646 75.98894389386048
95.03091702040768 78.11324722936011
69.37592352620351 52.98094980420133
22.885034292646157 10.184925640283604
65.01580554597807 22.970944030456973
7.8299521129976295 1.6965581797313
19.31355407991875 59.785532045703214
67.08818035143248 67.67325943753994
31.33132582468733 85.10204891781635
1.6397485832351344 93.7080520675143
0.7811421594912105 59.973476728565544
14.675497933612691 31.781969879743777
94.27764973568497 93.69687402905673
22.13790711145114 14.69518718021342
3.3614467173834983 1.4806169543963188
72.52697958126825 7.82094769481303
91.07551658072737 57.50862786417555
9.949037037036456 85.97715178426864
61.20332109000187 42.21602508266582
56.46842124903386 52.04618344543614
27.318959214741135 10.770559677742996
16.699375495578316 4.691174202278514
69.86976650772453 9.439500389273647
84.24092170939984 5.036422705572097
47.794242362076425 23.20653303264313
88.30185739484378 77.99746852918338
35.7203823124811 48.495348194887775
35.13283392061175 82.77596398701908
74.46872519314557 65.66637664010933
47.78898041535474 3.7597469644239268
64.22013352337859 23.885072393895225
26.147725187083115 43.080480490801975
43.27046274492569 62.893977629258025
15.96073579531141 45.611553672486174
7.386636003327451 63.333788040150374
48.384901343040454 34.243523250354876
13.704868428875528 93.12217360745085
24.37949662513551 17.486152271699662
26.602757031826375 67.0567259575045
48.23471348747162 27.462059901499924
37.187351982576324 90.40726230885211
92.4672030555977 35.06767164677296
39.637485261152136 16.016606218919314
33.917459425338805 74.72820152617602
90.01411962834479 56.13668413036056
42.770340144045385 82.45710549256687
15.577791833961774 69.28649613946367
99.98124301572852 31.082620288689846
95.68762686928244 51.59721303594238
92.67804534588129 12.489814781226716
6.754423676045351 33.36966843631763
27.976485079309775 31.654037869170494
96.15710243973504 14.48311809871451
99.18386825580026 27.19725303421209
43.25830194096799 30.234539580495834
45.09776758250737 40.44993865290365
30.331714704204447 92.73593788944856
38.98667378618518 30.328978285299367
6.708917100078871 50.10663429896479
57.56342764967825 73.29622553715944
45.806165447959316 32.5375601244513
65.97053920937246 47.6287454067098
57.336173724354744 75.18555731587267
75.4078317526121 72.81099037425732
8.768927915074254 89.44775962358578
3.2630012184521773 8.624307623046922
42.5519568736088 77.84618773376191
1.2643487577213453 45.15770038346785
78.3569878129477 66.59950365864272
0.5225650281242444 16.301114398283957
85.64184748507316 81.63315146124083
3.3468477056766144 1.0791262483414554
3.1462037155429834 33.789822372883116
33.18220506755587 17.28480575024971
98.36568731875732 81.659698635045
94.76089209068735 76.87318375740459
3.3481191014737566 85.65502171548299
1.9675925046948484 36.487360320470316
20.62286970090299 72.29932409280606
83.53282658985981 67.29202269071686
97.99645692009267 36.84464360741843
13.53741115102649 46.10152914911778
75.07995640694602 88.24793926738991
98.80583914496049 36.73496188124812
35.22329669070625 73.46384504814323
98.85930964074412 2.4640529085135587
28.077966484404428 25.112474984680112
77.09043463064161 15.365270415653631
15.340693829420815 67.56895826101952
16.800663519170435 47.397430198063276
36.25997734206356 54.163608997501825
27.40646766887316 50.97768391580095
57.009307132737206 46.87020605485201
21.055040729776486 14.08379326396333
30.24614392133461 54.16391144514977
0.10186865115054955 56.071888685301616
71.7937237186949 71.89947011597175
97.42901474673022 39.002986113835966
6.409907303034235 41.39796629340358
91.45654530417858 31.797111674913747
69.36869239361332 79.03510841051022
34.841020652482904 41.81332337177598
27.35412166206913 6.031602269169268
80.57342207558722 93.00905353750039
89.87553870241888 87.50636192692727
44.698740584865526 46.93065285127093
12.774620135254866 27.544535583043974
55.15106823847009 20.47185154082586
10.063256911827779 16.067731763697203
37.93530602385782 33.47648535470825
15.634704153544632 57.22686960703148
80.323077389805 87.79814847284075
78.30688676252305 36.946374402188354
28.888050736346248 83.92035924392688
85.58486750633625 72.4124677887741
90.9173001840243 21.396745357331802
49.379493600185654 84.42653654695565
0.22102973419865224 0.36173459311825695
42.66646627273952 28.504869503556385
5.7721810469482655 34.33460458200632
55.90101773073398 70.7158104231548
61.89731992382068 37.0830280021653
25.612888337322637 37.24216892979864
73.54192832807725 75.97683798276907
38.36452458085328 86.98285100115025
95.48161429136269 46.10594182037641
49.66765045489372 75.79043818785269
27.638607150615556 93.84074990103645
28.380233936834955 24.262498958787848
26.587997650556716 68.79953525293271
0.4145305866455118 80.03005726643781
76.26285150877177 52.11717028392562
81.2014205155701 14.866643955446845
91.06593480234139 47.53895563693783
27.866335753339598 91.53836100890558
54.49002307011573 17.660677641258083
64.7901268205804 16.440661229882238
24.37378594323404 48.73071877636399
87.67146552073606 64.8899760312418
20.951635465145714 20.691093692741948
6.638180337452749 91.63933318627724
32.66979240354247 28.920500154208927
91.80631734534931 33.39689382699493
82.35792885400099 24.06649765446125
46.48718510996549 23.22047532462348
65.92114684684903 64.26277734316477
36.65455296669593 26.795216012130986
65.98468154466286 51.23485921916653
51.83456217293614 21.105769914839133
32.67546183379167 37.242007717000305
47.83872028860975 91.87402282381053
23.44174422450157 71.33943452786998
51.09250103819988 18.14553889734941
28.384705497955164 78.52571437975901
23.808290994703118 8.925325686139928
3.987629854632424 74.17311883246238
4.579867042981601 21.579251930259257
43.667575430595626 90.34800071465828
91.34044467510043 96.76425337744897
86.66405370422228 74.23859640082993
85.66055939063149 55.13563280103756
12.916837189163012 55.64416903338788
77.95076316858203 56.416011678429626
0.0973379084467263 51.36771348256076
8.637119471546672 26.52703818587473
34.17148351164745 74.05149165132605
77.36278520770526 91.51474188561693
95.42747501180895 56.413516646165995
90.540135760156 47.26701022221729
89.55105488318307 83.42131397371132
61.25331764809713 60.49677922307376
35.57827456046587 90.0186352858579
7.084992577372018 30.33383100342949
93.94851777267868 43.46927739984384
66.6033466644224 97.97743132211451
79.63243302273321 12.530512456563025
11.031924010499427 85.76625300276687
53.27778587826438 4.553995585577553
58.625530390962574 21.056569159197768
66.51375319178612 63.2540310130814
96.8668041044627 28.777264723318062
33.62841898115351 40.9967611978386
23.67321356990604 49.93269624731095
12.905367533981437 74.05079609231196
62.47893914072262 30.719949593958784
88.91083632803901 83.61426021148843
53.474676850425965 28.538596549658234
59.79973096825748 97.79274297011658
2.9982219769227436 38.90839269894847
24.833948472764533 93.48396435444532
99.78682389881011 64.39318889665489
72.45066004383543 60.11736256179153
67.92674236520217 85.11494217932558
77.19286199478171 20.1906465975514
12.305313672591511 74.26143730392715
20.813160576503208 21.09696076886597
41.34475832980243 53.42215648545713
64.95231920217213 44.47148953406003
78.19316550472709 63.542225578053014
2.7834378137754134 8.877110246781095
56.77333744737667 33.391752344570534
3.0357371542399814 31.297275741639563
43.89432615387039 92.45021013605268
70.0057497479508 70.71796226742346
99.4914068933993 52.36185369923357
57.00299563352893 81.54591209673464
19.201381818724762 47.73250726980003
79.43306925255672 38.95549968768503
98.81445022334299 20.393682996932494
3.0891997732154786 5.882425814657289
32.9678236930061 50.166281056110364
16.096968001112877 44.31167999404425
36.19708657998757 94.07575509168919
87.2785546801394 16.65446576384918
23.656819706373287 14.803296057875148
4.2932207750590585 91.96786475095045
31.797051147462096 50.26463098416703
11.178593449517082 67.58933440322295
9.62156049984758 48.58906151413714
39.812771584493255 2.740807842845905
92.37932574714496 96.06714080759669
59.9346106366589 86.06192856910609
14.85216677059431 9.631987251883034
83.54428292338432 8.937072217201415
50.13397509390386 38.45028476873544
14.892538991611593 57.12989167882062
59.87298738831135 23.84990306879644
41.134316868706776 36.94656421982781
51.385099845601076 45.53066854070257
47.59417738932179 40.020757776095195
53.60622443816339 23.150062671986593
7.250177745653518 25.81796488086208
61.88202506011362 99.21072623829723
65.73129503719964 0.6823935127116987
29.618216811216314 1.7259943262673438
26.698376417706616 82.88180632792302
66.84558336959758 41.71140881747162
56.89298613735896 64.44584163352282
87.87614566272006 13.51536495192125
72.34407987971943 16.560418027579527
40.6782667013167 48.73817310379882
48.02506218851425 50.227608738386984
74.54992316146776 0.4379176879558355
77.7641363137458 92.84163639728786
1.9260583031846856 56.92226356173625
48.57569633362865 70.98135921718035
44.677442906669754 90.56548114265927
57.01727212740425 27.10762139542431
23.385797691242605 9.926384832398439
8.678870483067847 70.4144751516053
51.38529889199265 44.63927798683448
12.199362667325719 60.48320215189711
24.344911272946966 66.71567618809655
82.87663910941338 20.432949485667308
34.38480803091149 13.243496596122128
60.03055411187332 41.27956007916717
34.1220689875576 17.80114544680832
35.80522920491863 49.68401621311308
77.10673458384657 95.43604320479136
56.374998586946035 14.3702249791823
56.2101138269543 50.008845250997055
47.90256376546691 34.97976821496306
6.533992486223372 48.149144639264776
64.61294262667832 61.96331339811041
37.32101038034242 38.82178547476568
66.45932516743254 83.06785335791236
62.721615584533296 77.49265445755842
83.97071386168786 82.33644732016072
90.65975342893617 43.14773178751753
92.64593406175534 97.87929207081653
58.202252488395786 54.3956551506673
26.207284165952572 54.72853721407446
5.439156225726327 23.87340677862707
68.23718701388033 49.91644995137891
22.513457918731316 69.62532924763876
24.762823345074814 58.81239999885627
26.002737970766265 48.53077331192548
47.95595574525016 1.8486731211991292
60.55314559637163 64.61541102096136
12.471365995869698 44.93714808074244
31.468182730725335 61.76815779689182
33.65196261214485 21.246027042983386
43.594356343316754 19.287306406969996
61.69433330814664 36.860435263350496
35.61485780656809 53.18996424980508
73.69625871781493 10.023524848034837
38.270455290945314 47.22774444510187
83.21773730075486 12.121596236767884
34.05600079647911 65.05044411072015
41.879662251318194 68.12159016004186
46.05345775260383 33.30342067012929
74.9599601875319 92.596642136633
99.61053471603833 4.212483214638074
61.17185433634861 37.49818599855007
34.312209089025046 91.39982060969561
6.702582050635675 86.62307745292878
60.892262090801594 3.002958341501838
77.66941933180567 69.43538742496538
30.13483217603843 20.41183549423089
7.637462918701554 45.728065464421405
47.93455208643926 4.617447153580101
76.80796955058163 36.848410010653545
64.28140260353729 83.91313729295932
65.63750991357053 96.25059821098901
61.49737453525837 36.979199672394245
26.634056478708345 85.07355266050874
19.307108979695354 25.405995226811196
72.8329912290816 48.15981693400023
84.34868860976952 71.28170522859011
14.458591401776943 61.5729079089089
2.530279253820955 63.580206002844996
66.46906806938601 30.32744313180633
47.88731209547489 47.9079330527963
87.25935576527691 99.21675407402148
67.20246865360726 0.6712716010003783
35.65767544945081 60.731249787604845
24.41031184777084 10.16773705851055
4.272658573496535 20.832585365958423
27.936846120505322 24.188190373797614
48.408219797963994 25.977471821558307
0.3023219625562734 90.72247191541172
29.818130707284716 8.264961198211918
25.429360320758565 76.59881730607569
90.50765796259196 24.57001611159828
68.28252000115607 7.596640924929387
0.39211939247703054 42.48461399908028
73.01091447328572 98.22480316168745
50.57019576998441 65.4922595438698
91.05337817930635 92.40948130911619
87.7535469537948 85.00777500746469
39.24825897570807 51.02836662284888
27.586066266119545 0.9630776996526147
82.95840916250684 49.78014208234601
43.001904777350376 24.820307013556953
50.79232225520225 33.52705974207461
64.81386738819208 31.86842265629387
13.380570139769766 47.78294019516943
57.529116931846325 71.88860584787255
83.67552966483015 18.656661409312235
42.42759882288756 27.83516818604207
8.706787639027148 76.95786718075655
57.42303833341178 49.37021384565515
29.593862249314018 2.0085666480347264
15.577063804378554 67.0910052601426
28.31872671225504 90.91997396907858
94.19984413483581 97.41320272592124
61.186927753319345 10.528516283858202
53.963375249925264 46.41517365852855
10.897958663314789 94.83522204559787
0.5180346201947073 32.100088206047396
35.742035646498536 8.770444862664418
98.15921573304321 16.07010242341985
42.17371821484694 98.30614274984863
50.279247795722085 46.09889970523544
46.05128097086284 52.49944315819556
57.51959977857126 17.54244546924918
31.86697016513076 71.43858267009965
51.64134803729915 45.87497214167685
42.96162864857019 51.651902078284806
92.44208220247037 15.903436688030704
76.4596896520272 93.91146997055361
30.6610256691338 23.513737444130133
23.066389122444654 30.189428889605697
94.24658100352859 12.985371259825374
26.104731443865724 31.725215569730526
14.6973154711596 42.239164958823395
16.615312768221546 55.42582708351384
36.44025607844485 37.08252706253631
56.52913983406043 56.615939794188776
61.91903148744511 74.47846597973944
7.861455210985002 0.4802597369698569
16.081519324355252 35.81297868626889
38.37770746179956 89.56369165851865
23.645173268545282 83.61847494127633
64.70855945835264 86.05774592063189
88.5874475280962 80.82061138981112
18.820998627459062 75.40302597659387
19.967609802915142 62.75900570184341
96.68581696673792 40.17343838981866
42.1452054364114 4.254275753687464
28.1933059596574 73.01373126496624
11.738852622663176 9.189916423802003
10.488259949291267 73.39087136462163
76.57606571364879 21.70547993060572
11.581169401904834 51.02504705664204
70.38666783461207 82.72679783380835
88.39169479178592 95.76249373696407
96.31451629601973 76.44586152624152
43.926452105571265 47.807350731604224
58.83803336718846 53.6519691281824
4.711832483011069 17.795124536957406
6.607899438469778 55.31157945478065
38.15391966054216 34.344608777744135
89.93286576356925 98.76340766928634
57.96920890743276 53.27616463431203
5.553726376242308 9.345326450602542
6.819402527867268 19.92692190681359
31.004203255274476 98.31414600259146
47.92029046949404 8.53004492181968
63.24089385062774 61.273929751665236
42.46181865879609 94.31164027840272
64.60404059312653 22.19532747411247
69.04575824301779 35.0366201000144
77.3785977195994 66.0569024063181
59.669051255270155 82.62892043662376
50.747467258737245 23.653277509565473
50.281031792182716 65.80536018643335
29.864995312488297 41.87456313365466
29.207599331861644 11.13703253671976
57.72537976080322 62.73680386761149
32.13568136966263 48.08714468422991
65.43252318702332 98.85716064321855
82.72231945092044 44.982663834035996
83.32297617979695 63.431893330200936
77.35487785662113 84.41198389672529
78.05297199748344 35.11389020655544
76.92377738338706 77.0626385928746
87.58138896294665 94.15412137160597
28.82958318684724 52.060666835030986
62.74916563199464 6.566426510612045
81.86708090017757 24.572646405263843
5.28726063898951 15.268924968513243
53.47549683356524 13.840685472166935
28.558782751845225 9.625511876343529
42.02586141100972 93.32486907915496
27.56410223596787 17.226172973608044
15.092030611806152 72.69857250471985
47.7573069434742 27.80569031190344
27.61513441081972 91.50891482785795
58.057429700310806 71.87356736767015
37.93864108722922 95.14081601466403
13.948254602037057 26.76810615380979
77.30752448557703 75.77538312882176
28.0422111187845 66.98097368682922
14.02946919578616 75.77856692975968
74.11452627764265 71.4998549058366
42.19876141143087 75.70722599139471
25.34884041877582 36.85890146683902
44.86675261938199 59.89998080464674
99.06704519960992 3.6134063976433817
77.38364888183364 16.81398600028804
90.07890768200991 4.440893902336995
4.381285348898201 73.41663939160455
95.422080577586 31.626469343523777
60.549441340718026 47.87696719801219
77.16599050230103 36.445158043108584
37.18573733338921 3.5485820223505438
11.124643049677918 82.40050256002213
45.81181437503046 65.32562582225682
50.552587234910305 35.91084416777627
13.996682575894415 12.327991427865715
44.15026503614988 79.61050167342196
66.15452119138048 86.26279552742999
29.32596659544602 87.25802281027646
28.982326483580145 21.244311488899783
95.08198434285906 58.12213272904603
82.45562497624192 89.44955257735313
55.640893396213244 0.8889580262430141
0.4823432197993527 74.41999187353915
27.424715285118396 99.62070197247722
58.874777310281445 44.21888150004732
61.05488541779967 52.70281204805236
11.046108247323527 16.642547743868473
26.395101496304406 43.44027963135117
89.511966787787 79.79102259688828
40.26652662354555 30.631862356957097
91.11960275028088 15.620668275361393
56.42271245081637 70.21948627327565
70.25909470479624 57.397834511781774
81.04192479204814 88.47859849258302
23.790415295655 58.62843060931794
63.04501918644174 22.731345452021912
59.387179561277726 37.39385777774249
28.89945560438324 17.830730296499876
45.03979359783021 79.524648290865
60.92881477148984 50.43892759967786
35.12611514006553 89.3079405420286
85.34191990274998 32.79524775632255
59.090508971693545 2.970598170531058
76.25449412333674 66.19106158207482
1.3401126466500823 64.17469445031591
87.26761475093298 89.39640062067534
31.747267954741286 81.29615104733489
92.62128219814906 67.1373596415028
86.095268424659 15.198438201739917
40.45178811837663 62.005257780814794
89.88562457374844 49.043116073810125
96.95451051799611 72.24541763338391
88.22928577451134 9.845104457552411
86.19688600659461 60.044886155394316
29.06607299448184 59.806472219394905
37.923187800293036 16.804900243554176
86.49885796623941 93.4178229795238
58.55037580870287 0.7466194181353303
57.288226285627516 3.640123677693907
19.47061113192674 30.466522091296213
44.118011731820076 11.641568379865408
32.02319515128538 1.1063329828803647
80.37653267163688 79.3980844513163
30.385518332728633 74.34358291708185
1.1166685152488531 2.740637134155277
67.9069345410382 29.5171977188707
15.895019071708594 83.09216751548938
74.74822001704517 41.94144856139154
82.98635638124894 59.24210190885499
12.769753291856144 99.82940355250976
18.11851908069013 12.745836318984605
39.11007665236763 16.41904705619809
17.140221955685288 36.820206873452136
36.18726150968635 17.4012168124738
2.432353557563016 99.1494733220808
86.2957828409113 66.71694335449078
95.59568768807051 33.42258457507374
9.856356881902784 29.786254244611733
62.89838436120109 18.825496881269878
85.35954993982963 30.470049101768694
51.71514118933992 23.94171283543063
28.40156629370102 4.043120849233539
54.46628534413169 32.633166492356324
80.99390066845069 15.701733600564404
20.256061362388056 75.49220664644456
0.5923712372135514 23.008811661661266
16.518708679510198 83.29493901604543
92.81533752516876 29.384044333496128
83.25061511488883 53.545237238851826
9.869786074271902 16.859028140375855
74.63146943380407 76.17491125484364
6.977165033694077 53.395711946112236
68.38835429822048 83.43177258906178
93.39307881329837 35.53256316744656
26.64929828486311 84.08950293363124
27.693496411105766 16.089590241464613
90.41038081468777 42.17112261235151
4.427688615220326 66.98052071676477
38.61758741283015 18.722807239415275
91.80099881143153 88.46523411113189
37.54206839792332 49.28355470328398
13.849341578344433 35.30247354811606
55.16115149104114 31.899655590231333
61.65158415057553 73.33400540408854
12.731102979897823 24.168719350118696
0.6296711716126002 61.135345295736975
32.92782654268787 5.8966380662979105
41.91691399029903 11.532108583226696
16.716308114379373 27.02193589213797
98.42762597448488 43.238476343250355
60.89892153800774 54.92560744349625
30.124847785153584 93.02575257976915
67.11787956817827 10.092991348505986
41.607440208268244 17.42069368899385
18.373918369689758 88.0664713573866
14.485196510384702 31.84991874738334
26.49901952946615 10.7941371360058
52.03013911191361 8.715601776669146
72.12938767971421 83.67945282094549
23.794246213419946 6.4995941443323435
84.05146330919413 79.65917861533164
9.499566767898548 74.31238704562982
7.948007992491235 74.06453942421797
91.70359474511899 0.6276466509457235
