993
91.02494295601208 67.60343580289705
5.421210777378127 28.22358282897429
17.53211718167783 40.13327428389414
40.262948513592804 92.10998292290003
80.55306768905592 36.15506763175665
63.96969247411942 41.12515701854533
24.1736596685297 71.7057884051806
11.930335207618247 39.15696717977851
82.890237809468 24.759448480459234
82.65010445403975 39.21101966971193
92.91205513404796 90.32478238415231
50.20883988853896 98.58467782720516
17.006805650175018 5.1764645893685675
56.01423102465798 3.964417251406349
79.50388139213754 78.74780568448092
27.517377306999325 57.40901372709553
36.323299534758824 83.32596659080663
61.87293019292075 23.524688785470726
57.198039474513315 97.95619648563077
38.0719970958671 12.30655987057534
51.83158435818146 31.68120026392629
27.951062746911205 7.753310401615343
70.8820398888402 56.76982622248864
48.603327355384664 18.341114191821163
4.757891696720518 51.16183440613773
75.49556878185672 5.358610759824445
10.440366467137963 45.4568060416901
96.17321188126995 4.329923666339464
71.6858987892163 68.71442430324397
64.24625046076189 10.573676489853856
8.770882904242761 85.81812613078615
64.26398292398628 52.15130609572991
44.7850376486503 57.4200855613454
26.657458947149237 13.317720255499776
59.71769830078929 99.43834589868553
10.549926062497406 90.56033318643952
77.80609740375662 54.22775364774628
13.324657096326364 85.1517627882667
10.81735567700538 87.85160304183492
49.287844455946406 12.772968723056078
58.31973760313721 0.7451473510904472
78.91557701154015 82.20158249157163
60.56151038379305 61.47280210755367
73.67475412460351 16.453146765745576
23.615892382556012 14.455471729929691
99.05885710947359 42.138514259258486
80.81374511678654 78.53009636839366
95.88738967031595 57.57461884035905
97.13775812593538 84.2531499019229
56.78545247196855 36.92594551237839
78.19742431375435 81.9745328495526
76.48621171920557 97.72528008866672
27.599749036775822 55.623845346601755
15.871103281639964 86.43135421377116
77.24450599510239 20.04312459862775
65.94069247306419 17.74169640259774
96.9523808495754 17.967369915824705
98.92380185568034 89.71608294446214
98.75260262940247 30.953192688754516
89.36860775221959 19.109771533484455
96.78064456937253 14.656241566735407
62.46277316320518 2.1408129326985437
87.85231300600891 30.715143265523672
58.09740967788005 48.65019420827795
14.305812836939724 82.01749510329297
52.50112809667583 81.53677144746199
92.39655686545302 46.40891053715054
59.126012680156215 15.885658951297055
21.519384723146693 57.67402967077817
12.651493831109795 21.320013820392003
58.629710197049235 11.841165706113465
87.74384959563936 0.32735380408337456
81.8828565871389 5.0931920779789035
87.92977541501747 33.97391858442816
63.085825768549185 58.10669574227387
80.79232810157038 68.02450963765081
33.431002591891236 39.65545233526782
33.47602531455887 1.8768269130584048
43.06081145423198 94.10526258665453
84.78652340092269 38.68736319027579
34.761069359012886 78.52163359282733
19.206596349345205 60.44917585931937
48.38673663184744 8.777305204742492
77.97051440584771 30.109589921269865
72.21922317598339 91.37934213123933
0.43344920977596013 73.71855483592249
36.35944434589915 87.20421851019624
57.95604006682497 75.15734249049622
82.92078623892826 53.40760246254306
36.334469276390536 31.898969037731117
33.618829644204475 32.94052764340979
26.25423850356141 95.53547920458723
56.8760674361864 91.64988264110558
60.67292756134827 8.66775579348027
95.7256665330565 6.290648217646588
50.16069869762118 66.26611998614572
18.81656560959436 31.366749253018277
23.893839011173824 40.2483357985512
33.42435293994138 31.10594069844491
67.01795626271299 51.39553435066322
88.1541591099679 77.03211655417577
69.5621827885283 93.76715151452026
19.790531882337415 11.145884146953367
77.8538503535404 5.34710059478175
57.77874247807466 0.6529338461270351
9.322252280176901 23.784750147196508
66.20942173274852 97.82119522048059
74.01133988628033 16.38230224309091
72.27092290537304 41.399537707603685
26.941631549837453 87.73746507545788
58.09212187731464 73.6408118352242
85.7964746212749 58.0178170957226
94.87724341328892 27.4392503765687
80.4558365589939 40.5302974896914
50.80352404235747 69.30999717830618
24.314102927354952 11.241570451889926
36.553178357637904 7.047059698893632
56.74708841674375 69.73806613241297
27.443858123300547 97.61316680802592
58.50764092720793 80.06350601911203
16.57229627220871 13.333818208755844
48.70943603913427 70.23134931029293
6.579229277590293 13.661842798153778
4.029213912357232 32.92430196142077
31.151974898546918 15.579246039006877
30.183870730033867 80.79778016509422
81.67591467216202 69.79888886622506
60.333390287533526 34.78006693292609
10.721062654103807 21.90792804900572
20.23730153570835 10.051421985533649
97.09416591256331 77.09074265568017
83.07416770013774 91.35076664292119
60.52692340522995 78.00254007695384
22.786650858620483 57.65578349889625
11.827720895350724 8.340428130590826
54.83041915937829 0.4955975793928147
2.5455994910980273 95.33949659748876
97.36902878111519 5.465737895857393
58.95903863144842 41.23300378660089
29.002022759870773 31.18967238962832
5.351136580107085 65.57776000048439
81.09037045617123 2.8075079900844457
77.80093719571755 85.44767144274988
7.967267364905117 29.272181890905202
16.943306999376194 67.2719236157716
95.24010597771569 47.961169219209786
92.18208684017075 17.86002278561152
13.071472538351403 18.464916961013234
78.16424184199586 70.43639030583438
63.768508769813806 13.461970908517573
47.353358279149425 47.92142325785025
87.52582701275222 48.13218024881659
62.81357082728805 12.775468435346315
39.05149042902699 3.975298332284971
84.24822137618942 82.43729498112477
43.32395948720905 21.920550575517183
63.33300488227632 95.37689522597393
21.064634136530213 49.67749703721873
23.167520207363157 40.71317803688531
25.65722801858562 48.339540297130604
21.942751657334338 40.69690022579262
31.453322838658615 94.01800189505487
94.92027911994596 86.24221375113325
72.20707361237442 51.17291370214493
92.7555635969391 84.24118714227062
37.46399557007747 76.6901358416325
54.28357826318617 15.487485583384686
18.30939347545806 86.28521376846778
47.698516510171075 11.463786025865364
42.396026637941034 27.28060412563401
60.33383953930203 61.145663685733595
53.51589188650372 62.045601944356875
44.93843813860507 94.47706853037242
88.09220016820363 14.044360390513644
71.7324904429147 61.200070121018335
23.899620594115213 51.864870108671255
90.03803748452883 24.826447329636668
58.56255527784718 43.05641863087292
90.20067502936598 56.948833137909574
15.205607093890228 15.652566124223222
77.11815039156443 14.689172415325547
88.68280606876525 60.370241497918066
54.15076160270884 56.93969483103353
53.603261179037766 29.06015722563301
17.476492702370848 61.750311653367575
26.633115675878315 66.09576874884027
21.594540239133554 23.534038369136233
9.643136658043549 12.151025234055268
35.56636349613452 0.3916079323633359
94.63537077621669 46.11679914834519
92.1620380541746 86.44748131671479
39.49506978910088 31.191275443859833
68.1429397786608 91.15352460442563
50.59729688853901 98.97611709945781
87.86509400463854 97.63847201990735
42.98896290297118 54.184544195672366
14.606374797625776 13.719157372954449
80.92542390086702 12.212787737641905
3.1157392747096613 80.0792746451486
23.539208924476263 16.103649296392476
75.64741634235185 99.02363303134524
84.6256515234145 31.225170138075264
79.59895918287243 89.20813837819043
95.88448490295302 32.73064516757945
92.01088837459469 74.03781828266823
26.12612561267913 33.473048878273495
41.749935590473456 88.58925590552066
76.37153043355308 12.106359810322974
13.251439624533134 37.84870397213881
3.1460728017488004 79.73393198099518
59.37089327559274 26.019147633469498
64.94697210604308 37.623123189454766
49.53932826813391 32.389479902277365
46.76098251573059 84.35909199950467
11.100365019217284 71.19061630748948
52.686688482498845 71.00832412066251
60.74576687592926 63.79380422180401
75.2276182447975 51.020049985633975
46.420983956964335 18.12322933527344
58.770742532309505 61.78591973821529
97.48289373239807 70.68486979133294
25.79799637768848 30.41747173941507
92.03336463663209 92.64119125353432
51.11369486203551 68.56553339004564
11.416056008379982 10.21906242148316
29.035494851373944 41.22217503260889
26.57455253715102 68.42602850165132
16.915364060344164 97.76573542139923
18.835254273480963 86.86658497651723
78.92521860615066 33.10027637946197
6.478911088340689 93.20762665273077
84.65819390719562 66.71716805743209
67.91480816982781 72.22623289926572
40.81727994003398 25.41204509649797
10.579032987146364 88.95227628747702
66.82262624949286 65.99034363443904
47.72606553214992 5.2545948907021796
4.389149280660353 29.88346922634493
66.74552817214344 41.639847493439085
87.45010273805678 75.87806067499692
97.52808812835964 54.00250464036544
98.7626120385518 82.75128831992683
41.106270072101346 86.99131906891182
22.610564749407636 31.156403563146007
96.92354968104604 0.6311642838874976
23.338387848196884 33.690558181272
78.10559280855804 12.049878023374472
13.555263574970756 46.98424065354083
77.27806880500677 80.91183964751906
93.58983350836752 58.91822188066031
10.898929507425203 4.180511991569203
41.51622478218925 20.85947035920148
79.53683892238229 49.517153360028345
43.77969327589687 37.23514738493265
79.82237554456921 11.883230722560278
87.29516928400636 94.32467311139125
67.18535652315583 64.79357045509668
26.634616004295797 20.561450150516926
30.823183812787203 11.278082284816337
2.595200243990947 96.97883496271636
43.495096243569684 3.1841271660876136
12.284151137180043 90.84690117670057
63.70389163040788 56.937273741829195
58.94320458010959 3.1547107732678104
32.71365161728445 84.0135891934859
15.821644726002859 99.64273951824016
16.77019889776432 52.596663436306535
38.0146757340887 96.18542065332957
20.94093264977699 56.02418353608761
67.19655311734624 11.014867413223195
95.35085374670246 74.99159805790345
91.20808564762856 9.839091201936345
65.04686360247149 59.36537804132993
81.84718948149033 16.910149583374157
9.261329862008537 93.50330260135107
43.38443652237645 81.088147430272
43.2810702727967 2.784213065800911
88.40673817405654 19.36137991116793
0.28820960265076856 64.95422801976865
10.110516310679463 78.43500659176325
57.52130442397188 37.362569422200984
63.08188764406161 4.237023370534598
60.41153538525145 50.11476362502157
16.213040844993955 39.399922535562084
19.946712006630285 42.92968152354004
40.13604341042185 59.56898745964453
17.418120430440396 52.50724636181068
27.053540078679784 71.84506660414391
12.115199024055922 88.52685399652364
7.210112096914035 76.20968376553485
65.54926287483238 54.28236233045921
66.89456013959773 59.8433519731134
68.07006996411519 43.645547120752134
4.883201721358887 26.184470296537654
64.04285026449811 67.1303321006261
22.955195300057863 20.91008358552493
88.49194403081373 35.533614169811734
39.25927847462699 65.517260490335
88.56118952189271 72.10732940858554
7.563137292164191 47.60848235112809
91.32259999590858 69.1313352781745
22.478155822439327 96.87937950034889
93.10039229285985 49.58167678611961
93.90140252729283 34.70854391122074
36.136895979596396 19.17109500904718
54.511947185118444 52.440941233693316
52.90754716186543 80.61905102389024
59.335791169758856 61.852356109809826
63.67124420179804 63.54269551303805
73.0588927418588 97.26371972938891
49.235762851822464 77.79591793125049
92.33922803214139 46.50792714734687
74.97580303493567 76.00544397612347
90.75729999447009 23.840042915300153
27.258929920703277 29.87803927581102
29.920400647453015 65.32958735367612
12.779932910638337 72.1566376747108
70.53421558669211 71.95555884483252
43.92070656845115 15.577148848944466
85.04550864995247 27.721461719429474
59.63527057252129 95.37872773040415
32.012626312312854 72.76785453151597
89.84018885791312 70.40790811721848
56.11905370046928 11.423170835099084
70.98851882517478 59.55528799631515
77.80955178249883 36.01144765485744
10.143324619130468 65.60561406915967
70.3981660241874 30.767956015260555
26.363750478749637 12.893852401315586
56.22491865824797 92.78842851119487
43.28536797321642 59.28356318397007
19.901727861614326 51.442110645627416
53.10130982060566 5.864740463139039
80.71604358882904 38.57439840624618
93.03167453949051 63.02098032105842
11.93564844347148 25.755725177890987
68.1179767473294 71.99664526068445
26.105239783574174 66.35589764735327
13.24252991000423 11.04420732189162
1.2998628288891978 99.76813614118267
37.66005449874128 23.669692461698986
21.0412588178585 62.64601911267354
61.03745735289016 92.60808670616447
66.5273302486456 34.45437824549563
56.00547220059244 29.431429835641833
81.79876900107212 28.446038841439293
37.99433970440914 33.1256860950679
98.58528558737281 39.01674158928776
67.5860992435408 24.868907251058637
18.31863028566538 42.93991411407172
38.42224783060212 78.77406145809735
30.982299095122634 40.91290191637411
0.5998125633828955 58.95211568564176
71.60921550228767 90.97860653388972
29.141009464043687 27.57132889628374
73.23086329909924 1.3157547045067886
93.9771432853389 64.06733603438406
68.59391998669338 2.4462166597795543
94.22531766309493 95.00890230415493
96.46467031980693 90.0528709084681
7.442960086146854 27.63622472757166
20.399080124756587 11.737499711050459
44.22710205249763 15.009241147561703
4.224155922271889 18.410126992702537
76.56700639167738 24.98741327242211
59.46148070735835 5.983817127747404
67.77336561677953 15.813091366826736
27.130115415694988 74.75827445152999
60.88781214344311 51.647011607630255
27.56269989389334 27.928175298592773
66.82097533171488 62.12435489394329
96.77264364134963 68.4393682817732
0.7182504088698805 83.0738739908171
42.00921691502841 12.874231409343373
81.16920844540043 54.428656595841844
66.17922201571362 48.95640478750906
96.04810555425374 64.41615858722707
73.0331291202541 81.13827752720886
4.427607270132228 38.3104982804343
24.763240401774066 16.434413063249643
42.85246932085065 97.83275710191049
63.77617872823195 56.781877284844384
40.478397635909836 89.02475802707224
0.10798734693255874 35.8583970601842
97.70019927850434 14.05630049445924
96.29523526312 62.77879413262727
28.29161176379381 19.212978739616627
1.709167991777405 99.14083842949063
56.68903955692516 51.42548010700349
2.9994725001729283 87.29024364004303
73.88482361628023 0.42915009590360764
87.61227913892105 44.18751968279805
89.62214859366028 95.56643781211885
57.54640948961408 64.18663568790632
50.91366532263962 58.830508155681116
57.29485711688488 41.20715706549133
39.59045912695919 61.37851071510988
90.43889602603504 70.89169856310896
74.87769459299007 34.668438466688166
98.46445455751712 12.242189911011902
77.21579084675918 23.62601292701988
11.911951175927149 7.210924659552143
44.73950498000272 98.75178978738236
75.49607247023394 38.88509151665966
28.391247934705042 51.737111972896024
42.9483623966623 81.30879701784474
85.30059046030767 28.873909616840976
26.363500592740372 2.4536617293439256
67.74936806287293 30.456788965707204
43.77517370002138 98.46946186578094
59.763361502715604 78.96367140688405
18.570173021359327 27.787393993184917
90.0954452893773 92.75469185412587
47.3563229320376 45.28045578798364
34.0247398539998 91.96465843460435
6.874400211827614 31.83716214853325
0.7212846934505857 21.74880400944025
47.12170624782009 99.45809301833202
74.54229458366089 62.15574481559969
46.29267442002376 39.076341157574326
97.06516652297782 30.663577430458055
2.085194308287819 32.713309871971866
32.08003306126953 9.691967359205211
55.01201425491553 74.01656371263134
98.90766546997317 28.958123831452664
90.45670580245225 4.625317687084585
33.301461167611215 77.18412711062095
64.2439668175214 30.11809589437533
25.16867535511791 20.031851345849805
73.2220856014191 2.337312280336412
95.15303036358237 77.62481921478772
66.83090387442009 17.485680912625867
79.99315607187748 91.60612870617221
25.10487405503965 18.888644739454975
61.33524629005754 77.95504535371211
21.937983386176207 45.05413262055438
62.712498755503155 68.71146434827688
98.62489067292073 6.823214969617064
30.335251228596672 82.5463112609521
38.294802727053046 72.8793178177161
23.369277744997795 26.973986930208703
21.31554406296068 25.592190758296994
79.3711042038724 69.66483638561462
53.8401934621328 23.978517195646088
94.73753628321909 77.89446351163174
16.359636963024627 91.9505080670955
13.364629025316066 89.15666550758307
44.40115977328598 4.303449902330558
43.90706312372418 90.43146877065739
87.47590220407619 24.278611823868424
5.107505857539918 70.4521657406736
4.2945705923555515 19.648673081883995
6.0470101910295 5.381349539145031
43.79237915081886 44.87879363802304
63.142761940908265 29.00438346975921
48.97633248461473 43.38735813593749
92.34540958500142 41.97093461286325
81.95816351044601 99.3654953927529
51.943187028599404 58.67851637570267
15.417425270627538 90.48607360735264
9.311210799133008 39.22376624896555
79.56311996103207 61.89252658647483
0.2505248987704878 79.619732208672
69.40623689819176 72.26214233681402
50.165132574952196 22.516862313787446
76.18344783257518 53.61000189259762
64.65461078098824 48.87097587391319
6.61420543503668 29.30894314590986
67.86890929734771 10.216690558847086
72.49498695314824 17.815983819839253
94.17272066029376 7.385167381145196
86.34326221057356 19.88893040153953
23.38437225927572 55.86052885969196
81.53335155200762 15.738245681369312
67.58379677927886 0.9828509047483114
9.64263820646627 35.38316883711984
27.83920581744791 58.70382341300653
79.7937346097562 86.90450853086934
39.87987229480839 6.3816159682202445
28.215275840453803 15.364781640542102
89.06258750169856 23.80424688307208
83.78239845303969 28.693817647787977
14.978808428516398 32.24515496406253
69.36714970156797 73.56591380168598
52.19935867157144 67.76462690904825
27.807802655673985 49.10563507686111
5.593418898715563 53.84864250167419
13.807429316846232 25.493190065249316
24.8667514607268 80.52793447668735
13.508662873448952 1.5102864297495078
85.92945100276854 56.67868675970206
18.703023601965484 79.04396808901163
86.45960235704054 29.871902164479337
67.21355067357841 17.907388357910815
91.59283571000194 93.00423225849578
15.12764711868022 97.1664686088236
12.991135677499043 18.0657672070343
89.5228965168829 95.59874126427722
23.335987730702147 46.096473004827054
37.17320398081026 87.1783917638207
5.026377955080019 18.40822379762286
80.35353442174372 77.22125450652236
76.76831446929334 63.99744599310186
13.541912827155954 37.89689854907164
16.09752223276921 46.25654699624272
4.0474678685196945 15.880072291605874
25.08067152955712 98.41933280109785
39.91880029137079 36.6527350644147
40.90873712858985 71.60226403699923
71.40657266577267 57.360262858460366
51.14769188888448 61.63291000285127
83.5975011528731 89.81951022820563
95.96509912107602 36.80552335347392
2.8933624507813005 64.86327756854745
38.229763544785946 24.073300460944537
86.0529705525292 26.943116033858484
0.5382773355006254 53.417291795046154
77.34814995677 58.36842320385378
41.83828166449497 26.382490753227806
93.38729207534368 90.06891389096671
81.54991822401443 12.02468848280306
48.0306293244949 51.81120336030243
50.05370569581802 13.037926780139586
67.82571514536396 62.97042147304751
8.532224270797572 67.81894682924357
32.9296746338803 55.024750342307314
33.442467353697616 43.53539996406567
68.36929545065092 89.19695412727964
28.548005640786357 94.91549021319068
69.68723380996616 78.74419967905851
64.96652556924562 12.471011079408035
44.058913164929855 92.64383626323102
69.90120756113598 14.018164799396471
30.95441212021627 83.7304112753492
83.96227402432088 79.30031180362313
28.399977018483845 96.18131765993489
78.734658647082 81.25464315905508
60.93893656477306 92.57597944060956
39.30829831173133 19.994587041144918
41.02440742976658 1.7025281305185658
10.85660213364359 38.06932119081594
85.00348999580058 35.434468924999685
74.964951220552 93.53626864917463
10.498007730084202 47.01639175694828
2.0206454241411542 31.624048910548474
0.7749872899683985 7.894099793476672
99.93140243753967 30.815925918430054
11.022251915287995 18.725826528401544
73.74342490211656 62.741076947696406
99.57598288878935 16.163481235233213
35.73852367241477 64.76787519737265
5.476747601368215 36.65827491192205
70.10169307799856 24.616459013492342
45.26516136299127 0.5299493336899164
83.12561642132175 31.653978592860167
28.402904400522345 67.24559038402393
17.24626614196454 48.26052683502628
91.89548511294784 12.997832452126145
84.55066847274452 84.27913082466858
95.61128710983023 60.66163779496338
4.0235198057064 84.31098728909492
16.181401724075894 74.29453181668897
5.322188906261049 17.386728541468955
70.66427331147422 81.31090015375376
9.703548514157134 65.93183435160705
2.6878126218383147 52.45742957929822
22.823371296315486 30.915270449631105
81.6785731695399 57.66454314602068
51.22358143380621 59.20615441460796
66.79910983995072 85.60165666515938
13.7296165445301 54.99190517425554
99.79811560988632 88.58227868069409
34.92628406588697 82.01737289878186
63.517254784190044 81.31937239511437
92.95519458462107 88.3106140675776
40.91766676018693 82.2487972149928
41.73425825795493 25.97327820380014
31.43948790161487 79.10581559980753
52.7278634920202 94.45889443720652
67.29254520674151 52.62861060630283
6.000298385394398 91.07202254858959
19.271215538763986 91.76220699495661
41.15042753082496 6.579826973070291
68.54915139839295 53.0949497809306
1.139110385632014 97.72290581675126
10.953086724602368 44.35023175925532
21.740999750236156 59.745261682542726
51.05079400675579 93.5982244678694
97.97978521673245 57.44480895252742
11.059330540714596 26.074777949187034
0.6275262422651751 28.061286929040175
68.05221593950066 28.294992942344187
94.86482428759793 72.42244575898754
29.216045873073515 40.29764848040984
54.17554536380129 37.444827785031286
74.61580368614692 53.36300159624074
69.52824648230607 85.34209506502727
29.859998683636178 19.217653081828455
61.50125950165709 42.34918530004342
70.63126116222058 8.513410638068109
50.75735277494847 74.22476382091072
88.04392274571637 2.74542337095538
92.14795321916205 85.92216263322456
28.32217861226719 55.23627180376934
3.4499392145231345 61.47470690356901
52.78819360515509 70.30446815611259
90.69443293766753 43.11602046144648
55.0854274499903 51.15861444681573
25.44046734750114 71.78927334341427
99.48394565911262 88.76059677962903
67.57884916182144 55.7934083160203
49.73376193100324 73.00388311102712
61.78793862053268 57.28245408185337
3.0307392768780583 99.18125447955377
95.76115234966205 55.08303393216486
17.84955712887526 32.7807103122611
1.3820959863574123 22.25780585133895
33.69549230491944 5.888661754964164
99.25180307846455 44.68543167845641
76.31711164715426 94.05946920879212
49.730532151219386 93.04229272440556
70.06409261762985 67.97270273395303
53.979569629503054 82.20954937807518
48.85629266950119 18.059237806645946
62.21738864216072 21.65673568675748
99.75114238322705 54.17921335653374
17.771754896437496 38.9400946111217
55.42724249971187 16.33698638120307
77.49168186563593 68.64385914287377
14.064888137709774 27.767843441775696
34.07687276299202 93.4419935743713
16.893952523192425 92.91833966470149
85.71580039163824 1.6652909518246606
67.61605485673776 50.520241192014936
90.06064248502165 27.699287486261547
31.467205637951068 2.2431337272604046
59.84114708747459 78.92551312201567
12.268375609257799 82.78908756024347
74.24211151774195 5.63638396910765
49.84432182429486 1.2489160673027189
9.112211185543694 36.28816901188594
99.58951402894371 6.725651932551657
72.17650819344465 98.20831604113563
90.71734686057553 56.57037626157984
16.966979885673105 49.16638002632714
87.84452394821906 0.8893426946645855
89.91741268061334 97.44410077018401
40.31785050415986 53.09217571448179
33.06580652947551 54.07951576318386
65.1373208533324 31.08002852513373
8.856366848775465 23.836803183851796
85.65674450830473 21.57580034511496
6.667237394068392 8.265619093106336
32.818429250902284 66.70595933206938
33.56926724228585 58.378418131485454
60.436203594978075 55.53811455947202
90.915235640292 90.84537225908161
12.798520083898401 99.33252760439399
18.12572828763288 46.213917793953286
79.77530903769097 28.022717981275523
59.2033075372067 21.375724837552244
13.422382059631133 62.34083419728754
40.503020168254544 89.34161324467443
69.54633399873896 20.279111731309673
79.71493256591728 19.730162307856304
11.92278327987798 4.445679979949036
7.999394001630655 93.65258648460113
3.3775824426908962 91.99309474727842
10.124694899308473 63.95598479796886
92.64994145109586 41.15020613525229
62.7559423758717 54.52230869996705
65.57408004755632 6.264113564272478
5.202008919151857 77.72776761807147
51.463580229827535 85.6915744569497
13.50053966232706 2.2224125525373783
62.584286365684626 51.09546312289462
44.350322143713086 43.309079943332165
28.640637029556125 12.93364724488818
21.1539695230336 63.877315243819055
76.19659353461726 53.878733292316504
8.539563479615698 54.31368501302586
5.714653481228737 99.82380920212093
84.02592167081873 23.973823888582622
11.706597633735417 17.710836624094362
55.389602617953024 33.93212319656841
55.03388574964566 50.67275691940151
37.84040989070297 79.58370166317128
71.16886736355613 22.08020392015735
7.479059387308795 65.37860518128798
48.33239411680636 6.640755132655574
98.33934367206021 10.194451098703283
26.138954636115187 74.64423850941436
6.554525353696638 94.43516657921917
63.51856345723162 55.23456237756379
77.68888062555716 88.71248366012956
49.38259475681429 1.3999219460991141
52.73456634929548 65.17496576755545
69.38284198622901 42.16476957964741
37.20134469966037 59.26899538662944
0.7717040609680148 29.869162606986997
26.520555072322484 97.04019872798591
40.90511273324936 48.40300183559864
52.26600725555404 21.356169574929496
8.486007521268634 24.406034192969106
47.05039038766987 55.01640071104045
67.8070134453145 2.819149067204807
38.85946604620948 51.885751511798674
22.8229822782801 74.6126302554
9.85840301004689 38.53733818776546
49.389521741892715 16.481083292367092
51.33707814893451 5.817692678383645
66.22737353272758 67.47359671961748
63.69619924432095 84.17714113407185
86.65098527467663 58.0285124979817
57.44036621231059 92.66127830980257
16.700780050640706 75.61151996163943
81.36250673340396 81.50436300928752
88.07039567227848 17.227277113529848
48.7370042491165 94.29202491838478
48.60382287517426 36.94862953829099
74.08517055679025 75.99158775653764
14.613111178121873 33.70905558314548
11.893179219896133 38.3852939870414
29.1685390005485 36.12360070040517
70.73119788658808 93.42495825878558
60.64129854235091 43.92155996826427
17.243179011777165 90.3462932266433
11.542099237293268 79.03480361851402
91.6815903421832 90.89265925745387
48.505150986829584 21.858612265196488
72.00171218632292 2.132010525826744
9.725153616389326 19.91332200312238
70.36134586677396 66.9541847828936
40.54464029817317 32.94686070669248
12.718904640443418 19.514428435128274
3.6445549533046906 21.032247989237717
44.0232510903934 8.671268254294674
49.02167511220308 16.117777534361178
88.35640407580576 41.22695333071593
43.052721562899656 45.95230594005805
2.5802842345562516 99.73714088487176
54.33922674145263 31.472439574481204
42.70745900669118 93.70792970628233
60.689639508084305 85.54751240047891
98.44257725276991 45.418811780242585
67.2993040225957 54.3671373647017
29.67031409769718 83.0905949949756
87.19565286584987 6.6274147614967305
19.232903907990394 53.27730332600662
0.8757045990879675 78.54462484730797
88.28120952074808 2.5994312417163434
66.93984013530456 77.69638080734069
37.11852262804437 91.79882340311941
78.33406549505723 72.62514528531734
88.73641771057692 43.24299117545405
91.58310770302371 67.3639232879014
81.87622714138229 97.5197887893141
68.53656006271747 17.076143827229817
65.12318333984362 84.39167827332514
38.44876800955595 66.82311716383875
13.260450549127434 72.32292550650374
76.64790643014942 43.16378462126275
67.25683125745383 1.3336682985968462
83.62809382185881 58.0124436885045
93.13342665256044 16.743119599285816
95.5630901612683 79.37941124097514
73.91259185380918 51.10398660009613
21.96318755392174 47.91630688346601
5.125221916826995 29.578067336625637
36.367966557850174 68.4058354522061
71.73967750036172 76.00235411626512
74.3521735633496 20.396339315985458
89.29066253512762 9.552203578687124
68.93720130504015 32.139225314292915
84.62493678776981 85.87315679734225
9.630022235039737 36.53036461638492
23.71327176220929 65.35004196611119
37.29244895677377 39.05532520269575
58.34029869148839 41.4131283070841
19.70936765979584 54.38689869682393
81.59043239531083 97.49055886815505
30.071066989343777 30.740850706470958
3.733748340266463 59.572505174339696
65.02313239211078 57.9043927277921
13.332569898946645 61.1515779330012
88.6964292932179 60.86068188753161
5.540649500684758 30.477201313361846
68.48560183717822 43.64217287478791
89.34785165636232 20.79467262948689
52.84208126622597 84.53392929170379
6.2447941122903305 48.08766638103439
79.96268735061986 57.50624205292939
87.78411191065402 94.86746665372574
72.12003211397231 83.45089563317299
96.76063253836432 11.023983514387892
45.432516940402664 36.580335194151814
68.38308724543599 86.51340552539425
85.84438667673795 28.909594120158978
64.43629121168097 67.8614227448881
0.08439655845894345 27.25279053310199
17.70537706379883 11.40906107535976
72.80645947192627 0.256780081260366
95.29982184218187 27.92483468978476
18.207605212454723 32.040406266699975
77.2060448312363 71.57115318458939
62.920715388061566 81.37305005718768
11.576800753654615 87.32956269358941
1.8733248755528509 49.66648979358486
68.64119797294315 62.4811186072005
65.59524445879865 2.872115900635086
75.4473798368625 61.68675449836256
19.33639522562701 58.75846634585821
18.695293387821856 20.84385681845515
23.337929715253914 14.60324519561943
64.36327544909157 93.98781738692502
68.58526438703024 61.44063184237798
48.54825166970122 87.92326847459046
87.72598785634607 24.735690216116236
62.628693317302584 97.77298392741203
11.300992125758192 20.914519244161756
51.320738760404275 35.63660534473395
84.37234531442806 71.91383383514017
36.1185513299185 48.896307916190295
78.23367893683984 57.75717514887838
20.252341024419984 0.28302186173120303
67.685736576067 75.47797526909713
6.239729486731516 94.05850865952932
47.213340544499324 95.12318594913049
53.26361329512124 53.63095011258754
84.48871854774868 45.25576966771877
65.70191923524953 88.77679458481357
79.26903177911898 63.85478572768698
33.401643158060345 68.33907128467277
76.96300891249561 1.1078362936773667
28.01682889440389 15.616231747020192
2.04905871891099 22.458955666779566
83.48990040787648 50.24027680199907
99.25933009978361 37.5400021010862
49.16688114275618 15.218220572503293
70.37391978384376 43.704090300212464
16.561687563036042 7.240216888417994
72.69609048095673 91.81815119214795
4.4133231181955335 82.34582576915034
45.90494184808248 32.84480135782514
79.47905370810906 40.33202304636207
34.83548595275526 15.955161954021202
1.4944257936927219 15.666345374683022
26.082254679226214 68.74614764683963
54.75160983325542 1.673676251243461
17.166241257508975 4.959612094358679
41.39469987472406 34.685762691846215
45.82520973464973 35.065142208362396
12.053633664056228 80.90795943261847
15.957360646834251 6.459899916874667
14.237866844105419 2.3155763763605175
66.39150715168373 38.58736469697006
15.778079809433365 75.40584674335528
90.68622640547287 79.52160419413738
79.8189750743314 60.96182749494056
15.336926046784406 70.98128956931474
75.68550027652545 11.482488978003024
72.6506271482743 12.028303118439043
42.947697406294274 10.270644124501327
53.702174689951285 99.59884312662844
9.126537643752497 43.940643775273934
63.14702146012502 77.91802194547621
31.51867114512087 64.6359903458478
60.835798371788066 38.57094890671989
64.7869911607431 51.65650701726936
95.00321089750817 90.78969794718752
70.53545456600276 4.320996283500767
17.754136233811156 65.47638141016031
81.82248255101938 22.526113580231176
31.49371912600767 50.19308996187727
92.4185508450308 96.73319786707822
73.27619623906413 12.536771480348197
81.81984406442648 44.57806041161554
93.04452224243943 43.84866161384695
58.807859544038934 73.03668944185081
63.495311633881144 7.295321061007376
70.01651158312964 15.927578132559471
36.67455515801894 41.17991762690628
16.158323476906933 45.789664047436794
78.0051053724871 28.612713696683155
85.17876020097277 19.562377224440873
16.08236955777035 42.462868966252486
5.88020457254067 84.84398952450651
6.050101127795948 90.95837110086697
66.62744186024264 91.76571153064249
39.23638608019084 28.166669022267865
27.515850327166312 73.31378355862724
98.02211040533099 31.71782605163297
97.2100164803374 29.185617116800668
10.938304217560901 60.72401861837127
39.55699939265865 50.18112567388552
80.89094522252819 38.41990401967994
59.198110339626176 77.1732537081942
23.85954897242154 89.96658942830756
21.411245968795377 92.04517286855271
47.69132578017127 34.61086101433227
39.59520278238722 77.49216184713397
7.621771139624944 47.093397805227625
19.463314552433154 57.50036238773873
1.3096669057077626 81.82154207586231
4.801740932899879 0.40088063922264494
7.921822516106836 23.654673651291937
41.701525081976534 63.53921702524313
82.81563269400777 25.63620346248099
39.16981271849983 13.5839623437778
96.96686206550932 72.62885892630483
5.785343530758336 51.32185092146217
15.77406597294938 82.55837321095034
2.466474168687438 63.00234175662225
38.093944833358805 29.759170543677737
10.920226805897482 42.239131376900986
36.11283917736572 26.06870417801227
47.04290740054474 98.61518556824348
64.91897306557321 51.112732938293625
91.82797305067928 67.54501497451322
91.08566409468186 75.8162444887016
28.173984091700255 14.973238066177963
40.53799727193452 47.9711431540931
48.75706194950082 95.25579675643814
88.97065474981441 11.170284874151747
75.02845511557923 96.35642985677745
55.61937213272048 3.224514500979303
12.12834516982264 44.078076076173986
34.140251329805935 25.79017158139608
19.09799982415994 72.44747802250271
90.52619920629911 10.048543900160267
15.848261946122555 85.31238614781877
41.961134758756124 11.46156484978369
64.7968380125246 94.88803456763532
86.00665839697996 35.1442724054937
52.01660574295606 52.512439245543895
98.69566883979162 61.710696994539994
50.90173630473183 34.560654905972456
3.024980566297497 94.19722178890886
16.139248790675953 70.00828830712548
20.805730292950177 96.49014607419556
47.46719967950842 38.79858176535833
88.87421745731287 63.048807497905415
61.51435488646639 99.98433821370773
51.576672538590174 23.806340381917668
29.42450262415377 97.83050767259938
27.042457027468735 16.27671356028638
68.11322172275764 18.89734175071712
29.448011877175894 66.99632887591913
68.22666696693844 94.27090705386982
4.286215812250838 45.27184765601372
26.496421011680983 24.073581523892628
22.81570317807178 68.3839681488842
71.18713202239833 89.15938969206876
69.77156464269079 37.235077886705334
9.016186717465956 2.5711300237370227
52.285954619282705 54.96129404747698
8.102009892771644 34.592341229281146
94.8518937267368 11.72349099384915
95.07398634908202 61.42099054153341
74.79153132984192 41.708979242968105
59.24770382580024 50.67969958888653
60.675934853711475 2.716310852310988
90.64178943412622 79.92156998795262
47.18588941112745 65.4388472249275
4.456452556800128 33.735103689029785
16.63644612418166 8.992164894969722
6.04110788357497 93.25710808912551
99.26296871987103 48.48080585586185
32.36255243037791 1.0579650571448718
31.077489692074344 66.49142577325203
79.27184201202283 24.915209791590932
86.66897775840222 82.05255974458679
78.26974040325486 66.36058634953802
79.99300276597285 50.969950563878555
84.5590692888845 48.36200930910232
36.01092202880597 36.69938814520724
17.363625630415804 90.5356267345347
61.45589236932661 54.29689967509771
13.98654859864572 1.1769947667351621
8.210800818720266 44.80719107322653
79.12722796401714 51.25428931819101
64.07420840773194 32.3288199211278
77.8192667376107 76.14697273056353
18.72410741566283 34.16083508316312
90.46366874628139 21.161455942940577
43.56738522848589 48.7567046878309
21.46899408152134 96.78963607379288
37.93846708092784 81.34304056247129
7.274178887199789 57.97874369727509
32.52611313267907 43.91535373043999
9.457168030685636 10.718318518329129
56.40860517992535 95.0345664770403
19.289610131914493 19.457848557929825
