958
97.04348163886799 87.44606829866653
64.98208858773981 82.08466987967273
65.40891394455308 3.091881943999497
43.59233773117238 27.306933944400136
69.79016833480529 11.016675073316684
8.217522274085987 79.40238409889024
13.58223176575084 40.829541684382356
1.076144529004408 6.354727881619282
82.10011732768673 96.57489390198718
70.6602948879248 58.86831133057887
78.18091454500444 78.85169678782916
25.261038435937778 77.84790115466278
25.671317691372188 47.95016162913215
8.863320166262179 14.84999475854436
45.032563832785996 25.16183740719796
23.756980593954214 89.77484943842626
96.67621469646683 94.40330669556741
82.46859026915048 59.19885592264797
38.14747448753153 11.675976576301284
13.487807551840303 79.29650121601894
56.01672793359204 10.190545863871359
77.30082506693428 75.79865590126147
26.148708269295952 10.005381037582794
65.86231061839868 58.86639429912246
30.91805865429581 46.79273069866711
45.7041699704417 76.83105355258704
15.861790865963854 56.89478764231237
80.72526346706995 42.29354387943675
21.24534361687256 99.97111967036936
23.44745399949928 42.08085054360722
49.32961494594724 49.76523121573923
10.463886262051902 95.94233040066163
1.0054380166375942 83.88788785569142
70.21174352748291 70.3151658315323
91.31022970849982 7.4613346549938
61.51666775989848 94.4102440634605
55.27490168630737 35.726865976892086
31.635702162076264 69.52692760739197
38.453706787874545 13.174551587440952
56.92337370846292 94.41521204351672
88.280640372957 83.49687699003407
94.73628106844981 99.79131552355449
23.24064031806259 71.05973940907126
4.610533430484365 96.89619891868897
72.91936560717794 23.323293591548776
44.57476753566275 5.462285180372339
26.210054247987358 32.86352321277365
34.9361257272362 5.470811505236462
60.030455183326566 92.51385168685378
75.39395170403249 51.78822852822884
33.148116899486205 67.99342568106042
32.170571227965894 2.9235244847426567
30.670383891788333 90.86786128439407
74.98447621196837 39.02016697701834
86.96624996630845 74.79396657188381
16.3688674866197 43.96382811029718
20.995365747726424 95.26484678706323
88.1344532450546 46.39997650868083
41.506167653571744 8.246583643765327
21.67825964816893 24.58696153516803
35.82537427677291 98.2070683861762
25.518118264629173 35.80643278895819
12.707533249394643 80.54732446366437
0.14341130140591574 26.577259142873565
27.34390715291789 90.16920661565689
92.89117242819799 53.717199170365724
76.9384150218288 20.815217972284195
35.768039909973915 6.611368475714096
17.993640375808262 75.2363511428816
6.9230022852527995 9.636851160984683
80.65189498592477 3.2136382803128694
20.70608773815955 51.94429195069716
81.47757232361539 98.62865357563322
32.13221330657788 36.96641528994521
60.23375086104424 72.73819354917082
90.69351348038225 32.412013209993674
59.53436532332509 60.285640155970476
32.52993867713049 73.35407076706021
15.317151241724913 49.737731706478684
41.14538539988316 13.994723348205973
93.15771164334785 47.39298018048393
65.72682749922282 47.77329208605301
43.77888469816209 98.83939560431797
99.16105833434085 62.57783446475011
94.27642900883042 9.561069260292786
17.67040463293509 62.33750017034073
43.535879940618514 61.22623776414042
21.0862999035202 57.89403364365333
74.68481139888935 25.757744019906546
61.30729227134807 21.18051275337447
89.54582800548098 31.506403397357886
94.83462984390466 41.26731865835189
45.04618824464674 33.96085814799413
83.99744435817556 60.999023831120645
39.23925912205567 35.47854580174016
17.642839731351756 57.40138790710982
47.27576179318254 1.3500162842130403
22.50482437453768 69.91894458105207
74.70125655030797 58.84535773704148
52.51459066739715 12.213934667040016
95.05201996741033 73.85088650002598
88.41879791833136 34.11309027161056
87.00351993243231 70.04565662330316
92.54768163885639 89.97729958362554
42.14391347298867 76.11146599247095
41.8563391703388 30.63089961700387
35.26147959178667 32.59007790256572
27.763419452592675 98.96279909700955
10.705118439429185 72.50879886774293
98.64120467908299 68.70655352452344
79.28116199382612 80.90766205089088
0.9741100912543543 80.90129910011964
90.99681844162734 19.34190090864618
93.75347330512606 4.246356750641245
59.42867217297869 28.752828766558558
3.112646048850709 25.900974007235078
82.56134118285628 88.37538253335299
23.737251201345355 81.61721333906927
5.470704806606541 62.5950405687139
71.52774411431791 8.499844809223955
40.24326688474178 19.417386559292037
75.2705505528865 24.18520362533284
24.143310270771213 48.66622181069415
22.901825969966318 66.5616423445773
24.013867418986457 10.462058668988893
41.23968053342788 35.33132329924666
19.129315086405885 11.052800238167348
62.18354747955149 59.47269048655557
93.0256116407452 0.993407339730934
41.132390069237815 54.15768782478397
69.40662109227193 75.17289614490782
20.503752392187923 18.642104342045272
65.68770584864028 62.073106390782506
52.307344380717204 20.64139651792336
56.75639885745354 18.46335857676723
15.414169263207956 69.38467347823718
79.94531174612747 27.05515682459547
32.205547905638596 24.804291951878422
1.9501712739901644 71.63259801329662
88.79290704603697 33.9185275375733
25.732173264835524 81.86732798667713
36.73687235871259 93.69058901498205
91.69854725372196 71.32045675885257
76.01400853376975 44.70394478407257
5.810383391817597 53.90584398821963
78.9858614971121 2.145211225867183
29.786782334144412 27.747116810465076
52.44819230327325 24.735900568322343
28.21730925475339 30.561606557722254
37.95865268305825 8.303488167176386
47.65096684996926 20.902788868633003
69.58760048171119 54.886498060490105
19.968818672870025 73.17182098390063
28.9177479457277 21.79151246395247
37.68013658940893 98.56269205562268
42.30440889377951 53.74222858501798
93.95707275358527 36.50992953598957
1.7264516914304973 62.76364971922291
80.10665393577145 14.886633826430018
40.95470928984697 97.68666976087232
56.83635288283494 73.54979403587805
66.70423558840997 22.06896515706902
73.8017002569867 0.5561743419888132
58.61070718806789 43.51605008524441
65.25438928013696 85.86883632800829
69.03286248246324 58.46116560312481
99.60327780581741 32.81847644616427
45.333470401112976 76.38285717786803
56.90927073709573 48.91445492895327
90.40239219425537 50.78715248475872
87.42210174030313 68.64537734113175
10.003049427503585 66.0610563968958
55.19322241500873 59.234690003807366
34.56382632586942 52.46005512112134
26.54651143107469 98.38918834895027
64.0112888330715 27.69642079953173
30.186588385695124 30.869108197832052
41.569624030912045 13.199681148485155
1.9592052351339984 34.65667469555912
84.89282653348286 8.302904608138329
49.09128097219949 89.22441065534338
83.27040333567405 64.91369152266134
56.2577897451063 38.273907197349324
2.9370118678782253 43.32910558634053
93.91879855243988 78.56085125858418
63.166588757284 33.36356804923446
19.761829161788093 2.9820361003927043
43.28825960944127 68.36113545101344
69.66010033381038 20.99222576165819
0.5048034284995562 32.765168393282806
11.939944366516109 32.88646743548341
43.21838304033923 60.094364304412906
27.673421350133896 67.38281988071711
26.823365771331087 26.2802885579961
4.117903654977151 94.99888814432518
44.784846038508974 97.51990924895743
70.67384246339094 54.51961131850365
16.10459306168195 87.58848801214191
44.44593522752024 43.92310997461911
37.6551255208454 99.1219415991048
10.230429350826675 54.559268443789875
0.34699405563831665 42.07550781168287
40.88012528718623 43.45440537250271
74.31258588855172 47.46266672924301
95.0287036370292 75.88842335515493
40.25683544376078 1.5553667948844052
58.50832308800696 56.2574969812333
63.36220913726135 64.25184197182196
68.97964315217764 80.40333515549523
89.15310494990706 43.16984648712143
39.59551399448097 18.311953274405113
85.37073077401254 76.13462423764396
41.33628774860188 21.96148232055747
51.17523557819188 14.810864273426938
32.277961428564716 57.34946396492641
28.021456510435506 58.28975042473531
40.938553656554156 90.31221451632544
71.5090963218749 0.768331103921982
9.69188890134257 32.46318177985555
5.1717068645886215 92.05600411796364
7.01191887275664 47.34719915977581
34.433284177450865 77.69038788129788
49.219344493393834 64.52095231111208
18.43109423786905 26.041616512877752
95.13965963341755 81.9240012772283
96.42332708060675 57.72014839895506
90.1878155065623 64.73446065263172
48.26460193673775 64.96580468410659
7.59004540291256 16.17468543821169
60.468912285639334 46.944577742058755
71.83467284742592 44.63971578341227
66.95045958571045 55.534091371803164
88.25030674667708 71.11835888396507
80.19876712624854 76.34653040948746
18.946491440818946 28.38215374195514
26.940793079082525 95.35176211601323
11.510161140495633 40.660824425408016
28.377657121173893 78.66254725259353
89.74025732315039 50.09071662578106
66.64574234807274 74.25177549568781
98.63575123301533 0.857352968168068
89.36056506450576 80.00369156645013
38.194406214243074 55.501595017253926
57.329564280974935 18.255044813500444
27.163879287620663 36.05684157986521
47.68642038971239 49.639219892835975
28.940051168744773 84.93650121759553
13.14236751000417 64.17106301271512
97.33853489623804 6.6292299343006285
3.1800270842152534 47.080042761493004
10.100351206400116 81.98876661703822
1.9470494887281031 41.425434238744515
93.50054998747817 3.799735697766715
93.47101016191054 78.27515701089372
63.51518383471733 29.117611943234145
33.3082698883382 25.4459845951471
70.18850925397128 31.16187097501294
37.361297032097326 30.788741199611557
93.95850418189056 85.42430480391313
54.829152444168315 53.684279537792534
90.08838409605163 47.524090892014435
19.759960405968968 83.27166959213903
85.26437641565042 32.93323380667277
20.89389421915514 23.68113246987946
24.96085172769894 49.13231711596197
17.383979914435777 3.857306182871856
80.63380676039635 47.04872989220495
83.42155473189435 87.33217613743837
82.44134818980623 10.257993357629868
62.817246892123 63.144196663543816
2.524784268323954 53.93514394411708
21.414737319293742 73.98072734310621
68.30621430159664 84.6870937409705
0.743226405396924 12.641605609114748
69.72124404115758 58.64982581535935
31.33785345399771 53.21266525455087
99.91138858493662 53.510766262547726
16.757198881961312 31.624910666840012
64.97181289387545 63.9861240648203
16.49501157774442 91.95885772832777
23.619637332577003 29.391789384351675
33.639819728738054 95.18648429783899
1.4661775388953413 56.29345803656067
84.62791684482688 72.81902553174882
96.32614313221379 74.29625876768662
16.321938542336724 34.59399195772623
18.12974852438919 87.04041981381522
66.48870050012248 77.76552571070593
9.494821928705433 45.63951258613505
61.33141642398837 18.712213661620346
43.58994530077487 68.2478823302565
54.42342337311534 2.6348830089822695
39.4177714188543 74.42498650030348
35.45895228181206 12.783317241732705
32.84235116687755 62.47466094429224
35.781409375041164 34.672412673889994
80.12154165474975 0.9148502295430405
90.4268902937227 68.45140501922342
93.3727571489328 13.07136645360043
84.57943206032348 32.658494631415834
11.756822885377204 30.857971420643672
86.57823116945352 74.41974148977279
79.61245216672151 74.68551012192093
44.50587511392414 17.636607955035867
3.461014889635816 81.21717619218181
31.275514280983085 68.53446839249082
8.694812747754565 93.12898759631236
71.61520937927997 14.454291707320866
60.138077762386445 31.280910989277157
8.977749229128095 99.21091027070229
28.891580918553306 91.00388001110427
19.736365188301907 96.03838321113012
8.787537672138935 49.87038639154014
75.2217664497172 21.580172808340205
7.399906603236528 44.75493536784222
17.76304063421419 34.93884533424485
87.64658117000454 87.3991313253177
76.63616570836663 79.59651317854562
42.79561078335639 9.813283614709256
39.8421724967678 17.278923340171005
76.89734301326135 71.1082063527214
2.5876496461082588 76.64878099783677
45.71235994976279 78.87406375384187
13.617839498701779 7.354301806568331
67.12835918246493 87.2099947808091
16.608340571161317 94.90840261071163
1.2346975353302758 1.8059925322301273
53.05286382637044 15.069223665050957
32.276903099226736 67.11063672161424
20.645949346100178 50.35183865225654
10.717523924493921 81.70005680847686
12.583016295404537 24.669908611553936
46.884974887224516 39.369516805779504
28.177475266093488 3.419377924028688
32.1517531748629 79.27270320804529
86.01500041309015 60.41114657967308
74.6711346489347 27.407399857289082
37.497083803231654 50.81737212653462
60.80454109651302 5.588187977058478
24.53387977144047 43.361734069990796
28.24823938767481 68.75567889714299
57.17230524821473 46.285715123112595
40.25442384398954 55.81097043868174
91.18856944666463 58.46477340426715
82.13197547896928 79.1901002904367
96.14669768548609 9.392180451892884
5.28852750233858 36.936260387391684
83.02318474116046 37.76046058332161
89.05984341156545 75.13339371524837
3.9371801253914596 71.62395439705182
10.227397064481137 58.388467149022375
15.715916881609504 58.165880513205124
36.23987563163305 98.90012196446763
35.222291867398305 99.3469551757817
82.86224697908918 9.330436632828166
5.7913289038951765 97.08437499067534
29.45097857987046 75.77620397509943
74.02096839881241 43.73937659772401
60.93843856130324 36.76101161014932
26.47224199866246 47.45828131859285
30.905111784697738 43.736619164270806
75.74096978129694 38.51442218014414
27.85043881440853 26.697163995634266
12.32264789961669 83.40332634517308
17.69153207197408 39.219102987501245
0.6081130662185741 40.8018403407738
81.39369352118902 41.35539232593802
75.35322571673912 37.20416007178504
38.39064144537294 95.14602307229244
95.15657212591012 74.0934801071818
96.32966399024308 47.97455690936496
36.972781746497574 80.20299124614013
7.766923827410066 14.119467854313438
6.812561988178389 63.167656804468244
61.34349683598934 59.030507764798614
77.05857418885873 4.991366527011354
86.00954096039123 8.204456742547727
48.57821591380931 12.684665513575188
7.033601869744432 89.5264845812433
73.9589055869113 63.96861263456132
60.425328739182824 92.46557120167142
82.47520181158569 12.502278200436434
31.32466194621766 72.52893616641411
56.83693975142572 99.71819723816084
55.76698772949216 66.47022817297176
66.12018369844331 15.698612147788882
54.47762444095218 11.153288826927021
3.1122317891588813 7.699112499081384
75.79579781665959 93.32023327801451
22.816475236629195 81.24333881396205
96.85747564793829 1.671824613105477
45.12600063266198 96.82709915706327
64.20235223323026 51.741013474353814
50.4146633321857 17.93319108704289
20.109443819066453 30.505317116701182
36.138972286973335 71.03751071696976
65.16932254447755 86.52284476524369
67.69837111680212 22.111536212322815
24.93199034284528 66.98165963999807
35.46913409204495 37.154868084472184
76.63103678588642 79.29198804683443
60.33227735010618 93.75618242236514
36.789028948310076 94.5859863208637
0.061118612245969484 31.737600477006733
73.12984131929437 75.16137093745596
32.251042568037825 98.74472263994342
39.20632505146963 68.09895020753646
18.846182223966224 90.70718314287441
48.845218063386774 11.977125205401718
84.70312962325353 46.36240810782974
16.08271849019505 51.11560796562182
58.60659728425268 86.46324150147994
76.42879705974093 91.63160646606569
15.318742785651517 17.754495808280335
93.41110164951866 43.48918971748942
38.98456116433394 71.00417109720048
20.221887357664215 16.074586670942526
31.922665626590373 22.251208216621066
26.509981039620666 45.29409325718118
88.90486184053454 20.277834328843102
29.622971185813828 54.09915768476464
7.615509216331118 41.63568469008862
38.8132562428304 78.05983771061227
67.57508854970531 6.88252787291791
52.176213692868856 65.37563993415519
66.80730271622315 47.1279259416879
10.227284357928179 34.78411253445059
22.126794896430468 66.3301655592843
72.25500108241346 42.3896136655179
76.17533215714353 97.26376847575848
50.12727781029065 32.52022014411866
33.93056613993917 24.638185333335482
57.89039274368761 93.9424209094988
69.70952184539716 86.32508009596854
4.455479361160963 96.84373872040707
28.606184480893738 81.15478665069799
89.29585863608223 48.18788623849307
8.81556000483278 61.84058603605761
68.07458857877883 27.86157975667657
86.77695339138755 73.64403017634568
13.858935952693974 26.22257577306495
58.92771546108572 2.468814344976189
85.4983118211569 82.96380035503229
25.577434016679902 68.73852666468426
47.21342472824471 28.57778659994206
58.17128181457408 49.08817364135324
51.55772163879407 76.34157779768191
46.01260620573303 66.24325920400786
28.75356621929611 79.28316764330525
5.884583826762335 68.93614619372774
23.734270764870736 24.65832718587646
28.187509339954175 35.40274260547388
77.91602498690283 39.49001537106501
8.909265188470094 3.81719369414083
67.87355895854309 42.649670667576444
77.8998916228771 23.4353028556757
12.839308976823805 47.0584374254883
91.25681631438437 91.74782910739262
98.43459880025875 19.002306309122574
74.30474933589764 41.56599015974164
81.57932317912267 4.935874943873763
59.04489905916085 29.287433423290498
15.352556708499687 49.72979959396814
81.7660359908801 6.839486355188207
71.21446008795651 7.6349648923411895
30.15127324714054 44.977805845096974
50.6416205445766 94.53827657850931
13.96576155299899 59.91850382274316
76.17903413244312 87.03773749060856
75.1125347709329 0.3902462407124885
85.93240939284212 11.291986524551001
34.25742934122502 6.490177450100276
60.55965765643481 0.5745973780509894
89.38366807433852 93.06739117406688
55.69004431314991 93.85186358660772
62.351658445814785 18.56553949534162
62.06735529434637 63.09314958026048
41.502767578596234 85.48382161371698
63.38405906890294 15.56968334317509
41.34747729092527 78.38580363832182
17.93061859270251 26.60841455797621
14.85364878238229 16.251488772283572
11.665487320146617 46.94460629882631
50.35672555258897 46.852334490787996
67.1348342508595 45.73491391739179
45.46048685634537 65.34651281091988
51.20795568461665 16.49119969552959
45.644319439356494 2.8796081601794477
93.71938363580321 38.50814257914752
98.61850958956767 50.85454480520316
56.664452003437795 71.59290263913222
76.53875615184046 42.487408925771206
24.853105646615536 67.6736957937876
39.88756398544563 9.299809316252826
31.821910361831808 1.4193984299415319
23.64002581804613 57.52239433256329
74.43806101661389 6.884579284804715
70.4395428236403 41.83707728672689
19.473775199164578 3.0966056577638734
41.410343136366265 68.47801022306108
99.1104136527568 14.878262889684823
42.939768452017844 12.337515258618959
70.55024795543432 53.88382179587584
15.040301513514054 47.331598692938904
62.63776760473757 71.44980323844582
80.54929477460443 30.43403284186924
98.18902947094512 60.3656899362353
43.447145551588775 65.76446861082117
54.28567317643507 5.9372070512964665
52.8869732140725 43.91973266581215
13.209849377881378 20.77502224037727
0.3687489616381545 33.697954211026335
99.29646676898255 11.923003627733175
38.51340332283092 26.206366055381935
25.433661462212665 10.159179087406267
0.2417290118788773 57.82394011684446
95.66579956636782 70.84394719214274
70.00499646634532 8.455585992385373
3.304440648929574 2.443469384415775
91.78332763113774 34.945427462829684
15.286521857944024 70.12543030342263
17.982261478567953 20.02783059765837
22.098389810658723 14.211414967630077
26.26566614165029 53.740491163048944
4.225236049559877 98.90653041497777
70.98819546850916 33.49989930176848
76.23652620615104 90.61985999657715
26.72061937166297 58.03204966161217
38.944295630447456 53.330328851289245
90.91788480513145 42.9179738544574
32.75601277152559 26.65714730811314
38.89577036811727 79.0110937262855
53.8846969179353 18.365668397372016
48.56038647145271 56.723067256271996
68.79078839541907 39.71669177699801
44.87566529094994 8.955914833119305
15.136508682468996 64.34960352428733
1.4081466608939497 68.90358975201701
28.16427944111217 93.48966656521614
1.8275323556720346 74.82483111172523
50.89147862042428 48.26414813455672
21.831492569745038 38.024617556552734
80.22249489732619 70.14498103631347
21.736334532847025 47.60239655270634
32.25897005105588 77.92146419798416
42.862685095269114 52.269941289388214
92.58799146268686 78.22713178950757
42.250455098992035 47.66830294593581
68.78603418348473 57.33616907834096
62.839169024372254 16.383865687511335
35.54036580445876 78.59160606650534
29.880143858973774 68.63730331686368
77.09242710393795 27.30453501101362
15.074763292892069 97.20103992290133
91.74633513824256 49.63082874768069
8.647701924790042 13.803918164425788
0.30449615485198533 76.03939202087388
7.956539069232127 96.63722100486315
76.4640098818411 82.75148286940977
18.680460317980064 3.793100210674194
84.34389729257633 28.35321312642347
89.00104942831851 70.08258562907251
15.3970896086972 67.27898862057634
35.59033911774642 80.8883361527272
92.7444027676912 42.28165381955877
49.52826859843067 53.7957690925603
9.364057309746043 80.99875030600022
88.084484118871 8.556074559165939
87.67298507430749 35.78921581347691
88.97062574931562 5.0284621889614245
97.53479495435387 69.33818206959707
82.71629734783382 96.87966600620851
43.3170840265483 82.12881175832327
86.59535037825697 25.5787026090197
51.462046630306766 25.866034958186933
88.2081516220952 28.86794858038345
37.24935679450767 95.02459201709571
68.95867986407195 69.58667252346272
88.71294775007158 25.952498421997173
92.41767578771241 63.59384252500466
15.434329991655538 67.62790366577583
38.248585047768124 95.23560877817985
23.381219814405885 61.138279446264576
95.26585466612762 63.325780404368125
69.0404528593242 38.56082332860588
45.08598787646416 1.0390962361293998
31.62977536482178 3.324065273684318
66.12581550897033 28.970796233246688
8.075363960328364 26.847081492792313
70.06129577755202 74.35699142918286
40.634912575501026 53.174952507284246
37.27535708137096 79.21059237944688
15.230109718845453 69.79005670278077
71.548412202238 94.3833979239455
7.760333285104604 96.06770931513651
76.45802632481053 14.186906510400322
25.440857971063647 18.430451273832958
78.27976435774 31.475401733682794
27.224191667691688 51.200150119191065
67.86372529547883 4.595864157229135
89.38183859304249 1.5604504219994042
72.7441428697475 79.62568231545474
25.056864117592482 34.94930588297511
65.22276922814302 73.94165870696413
65.11887341702845 16.813815837271516
95.5758026126547 19.780091319528214
48.61494390562243 89.19589255920532
55.594586844710946 20.945008502986873
31.357591698144272 14.79557664746074
34.777848080074435 40.206130622897085
90.04721877907052 22.233001653799
39.23225589424042 99.7231342420076
72.8970263431511 87.96880008265869
66.5318945300146 37.13460957324111
70.2328702473081 0.49716793029103146
63.564631214287004 6.541361197946117
43.04846857067949 91.10497111447484
46.34293371374255 59.27585628133999
28.716892397449634 86.72279893891536
9.985369677174738 21.35818166184712
17.20463650987084 13.531785280072995
62.260617354587225 33.36571427170142
66.0278077807661 62.013804007190544
87.31911331880507 57.647479145667624
61.13455402852185 48.65094886543248
68.42470666601696 27.509990140559214
94.88918372446712 43.75176331336965
46.86572344603884 57.96137359389794
77.57593842909604 55.09605919657393
0.7016102574924687 88.01863769196349
42.35673493754366 12.044887361060763
71.94577379701053 47.55020246680738
21.985710667355505 19.937236754892808
3.896284316324161 89.62639587210066
44.73600177477171 64.12905913265456
87.89778222833597 9.675906285771152
73.9571893523135 22.949035687104114
1.8401130185833225 49.99619493469907
63.09451501690446 38.078774964267495
73.50675607549546 65.25290646215028
53.59282814816119 53.95533304230653
83.4148699616591 5.471333880007878
13.57059165660618 87.67188005298503
91.36146573302287 10.887535072688316
63.77164101061338 59.15803524035733
51.63744578013142 48.823184661252405
61.13888154328806 21.739102236044804
52.6715464678705 73.13759704168346
55.49643956583815 8.160364023991317
54.82385532020574 47.37690706102433
29.844684468986948 84.98764103056928
39.14103271609765 99.6073328706512
24.730179149011477 82.38988634067071
23.14249149994405 37.030977417747515
28.636039151130976 17.93244572202083
92.15952832175077 92.07890428655256
89.57540885765208 30.10052062021633
23.03270773291465 63.45667648647924
71.47285057933041 96.7328891596612
63.6693350506199 72.10113520327744
44.5207177752515 42.15448892982911
26.222086193554073 45.59331328599967
96.90628166527506 84.28332478719746
1.6173498233670647 98.42381916478018
66.12549904213766 31.371877148630823
41.06529817377337 93.83686615186359
33.75734232086405 50.28207099452371
9.913642290790536 46.161564678966606
91.60173558996277 10.852167529232116
51.042152612471504 44.588310468867384
35.788695731354906 31.327999737599633
64.00443135512903 94.04000572425817
12.551464206981922 71.24630877176006
47.57231374920977 53.80404384483397
8.206178913371698 95.29190280157765
34.85397995024277 38.56263913119893
10.176427453210746 49.637692612237906
60.95446448592185 56.527226646769535
19.8117911519437 90.21442997559713
62.08850906774719 44.74966677347344
13.030789350202232 93.73728403550273
64.44552616885045 35.47875367355512
79.74296217497916 79.77196467380479
52.306604399047075 33.213213871347655
56.73239597237188 67.66184710361652
32.04163188891476 66.84832862295228
31.723155248063538 89.08827964887824
95.82662919359194 75.67324919670858
55.14641782208846 27.01833223760116
5.028125687935814 94.24625432823886
38.26850554397835 73.06772626238066
56.07115663131058 1.1510207875852552
5.458055556334496 16.249244314312193
83.03614710019357 39.42412926098062
64.9550444581564 35.93439820530933
17.38996117242251 10.290275582316022
71.30231534442595 12.74286585904184
69.49220656822718 88.90699194532104
45.69952604383308 34.56028939806516
36.84852594412702 68.41429455482316
23.713251692681304 40.94821826374252
33.27809716951664 47.610074735654564
33.33194590096908 54.035407755386785
68.55571922317392 85.38576893215135
51.89784768517024 96.88263371978938
22.143919476109463 68.87197619081635
13.428139309989874 18.548355042259747
12.855487231922424 52.69643085638604
24.601193095292395 25.802406524013264
23.674026104595093 5.817345913680672
50.36071441403098 27.291290883492493
34.12530614766808 48.696160873974414
40.69379435558207 67.26712550185788
76.42524413902791 13.960257416512023
20.26652083773651 10.62765137745978
93.90382135371614 92.13979852545856
28.214804167673257 34.638772704797674
27.203830347594394 63.62924133933423
68.4454336500825 46.42552913053728
77.32295656438697 79.40929385251782
44.07933882345569 44.69342067981075
21.605092934419268 91.55283562743409
20.757172854023832 83.09504832520516
80.35080975056785 96.0489270236312
23.413345894980974 99.66311021760387
37.80303209805061 67.20654537622934
52.69459423021504 30.188166228928605
30.624088999588828 35.02694463292557
64.28532294805862 35.98690387977648
14.709269553994398 28.939975211845383
79.59438296184072 17.785226888352568
4.279250593926854 0.5750463936945338
65.88461990154056 6.086726137474329
23.1454648917908 14.080967198125261
59.30108738115904 82.44302748879903
25.20025309010657 93.32728112704349
94.24734550400085 86.55521813312582
33.313397009442056 23.303485517760613
95.30259343655754 4.001125442958475
50.22559972200905 98.34076744966903
39.34735072204042 56.77148470412546
92.25184131262341 58.33882968204419
23.06666506216096 1.3393372404723602
38.5382785328183 60.47137967060284
64.25134549107128 55.45061499371212
4.68730064563071 64.29902147141962
31.2934116636306 9.090243338970517
26.693346121577033 57.173422550350814
52.138625021419706 5.022870157857174
40.83599539945205 66.95074888344766
67.80561537071162 27.372704573790617
20.944668355084918 75.82738331362098
97.57787464841321 43.129983130762525
12.959883738016732 95.80509820401187
10.263875080874573 64.75378371037345
91.20527044612524 20.02480609650038
29.248265604295053 35.010202606066734
69.77178790150866 73.04543450879099
8.830195839827038 77.26654237543674
28.62256540843657 17.97736542977293
20.13380745539766 74.8594528465882
17.586359839336364 19.3280630913192
79.65860390832256 98.26795314805477
70.40551245827031 71.37322945887128
27.90670652677749 13.42330242644717
0.9382913830373374 93.92039881687381
76.109674883025 18.01322892798247
73.66344132826772 53.78853637201838
26.812356553529604 55.06543075279622
36.19126978377901 59.79645384314812
66.38183671048813 70.78937021328204
6.183099732383757 48.46034545983636
75.53922040888786 45.647127679978304
79.03912818026032 68.33875880723855
44.77989400366407 97.3054794142148
82.02546927632783 34.385295288665674
30.359136945623245 16.143872268062154
48.98840438199894 48.50826989152688
72.47361213841656 65.53358787454778
19.913635506101677 8.354617005435273
38.27235934841347 56.73794051768807
65.1553743245579 64.00058026330983
2.532658260285625 89.42546490783228
45.669392048577265 22.58483636751786
87.1213646342304 25.070339053272328
99.93735794143326 60.96881991131895
93.56585252994113 0.3343190887620473
10.95647970253376 16.29574616868067
65.44480831514038 26.900412196930212
39.88966573694296 96.34714150530694
67.00859179572316 47.931544335927335
0.26879797756869106 99.148437028752
19.284829249188473 98.92846774123666
58.19543728212142 71.12953800947325
2.682873755467574 51.79890953626113
17.097640985662654 83.30392979577658
27.631433830671746 45.943346524805776
16.899636678815845 39.83753135748178
2.8725170710288683 60.320969591935416
86.33492572012862 45.7266147709266
54.95644680386535 25.163233979588696
86.39965787442165 0.03408971920528803
64.48981959563271 96.0662998688259
57.505602070430264 64.33062906464826
94.73611417329131 69.40868124927096
3.1152943522713583 79.27584955215232
46.550448225206566 17.08046500620719
79.56721283406343 57.83731397581433
93.7648695042407 85.64234808721653
2.871710635529312 68.93711275974829
25.383617137969573 48.405784904467986
83.45144764592072 42.27289640620564
49.276500467363604 3.969674199049411
66.95498812375403 30.045733632811313
62.554907315226195 90.25063785515759
95.62950470243443 91.97098859305332
1.6030270918937273 13.909839046646312
58.41971761718327 62.45090000297885
1.5411174274166273 88.898045216858
1.5428096542956626 70.57081065786764
16.147749821625634 55.11399691507701
28.479887177887562 10.208417100215827
2.048909034766 79.66704297570008
51.303101200438405 36.384196366956246
25.17622185772197 34.50933991391785
1.6444015222908392 37.2742837764407
61.369081249909094 2.0534506632845284
77.67687692041024 54.07390416637319
45.20719830468565 34.74118709723702
84.1620246950332 74.64341044788759
84.17356505674591 59.93334616047824
92.75547885836916 92.73329647772755
6.088833148334438 70.92190073636922
38.49412498636639 50.638494283478316
29.45132088119745 44.04730305342903
39.68602806774469 96.65116023277362
84.89594132822586 64.1365298456283
46.70282699989997 54.66440424229302
32.486658428811666 0.9401440814329476
23.783765709070913 49.13704479804299
81.96503490893548 69.5038683462397
54.96944207988969 63.76594626856175
33.43036117279209 90.1803922395463
67.18648623972692 62.26856066210695
24.208393183538934 94.86414758079623
89.4824580690554 14.017821642240747
66.31346772238376 40.65387346798004
94.24701403736393 67.88319676658963
26.70766951469402 32.71798456797674
10.381236513359282 19.82610781134211
49.72860106211101 94.29527675962893
50.004363724626955 98.45668687130801
40.69778672495009 89.55310310744997
75.9981703650109 7.648979364934871
70.76583191178979 30.938838174103633
53.69607738696446 98.14728966204294
66.97950560065887 43.5137754093316
19.026716755405925 73.17971119551194
68.75331170787469 73.01092675006159
34.85693169398115 7.2018999460679245
74.39754830510483 71.97213769790247
43.208344164129784 32.40661920672421
16.45419155800978 39.39482641392438
63.54497878772983 57.136721213536525
53.44130053589499 29.287436067754413
20.12043107899778 58.756029416741285
76.23148259175689 39.562833797774076
39.14837325511943 57.83808965797203
27.78378555826091 81.3531093147304
70.58504332459404 97.71088255208835
21.022911354924023 30.559200571216138
79.71902991606069 58.00695536119724
30.41607186861439 94.97682709124547
8.502552036491462 79.7084628909454
65.44585063043881 41.753586259676986
25.725523873780542 55.89546337660509
63.95037721247143 65.65750001103528
40.67747951970008 58.23618385116009
9.275890608258742 20.352051357304536
17.36304571636301 69.44180833737994
21.496270814690543 23.403556771985667
72.25805851490814 13.36004999016579
11.099424765849996 17.06116737654001
93.2329582306795 27.284057875083345
62.9794900822432 68.76843599088629
38.91478372930892 42.71907070181443
3.4754244206463336 84.08172366077441
94.30015817209281 3.563807444404199
95.92860961681853 70.80434409377713
15.103833715045155 86.62675546448365
90.96012676820146 74.4088154317221
68.86090060080157 43.10716893938253
48.68825443905719 14.213053097361927
68.23540120031646 14.760926712480149
90.73482456032457 5.970413347823844
69.8909349010297 86.75677395170621
30.73003878926741 27.098603975591818
62.08789011358624 40.11539567909885
94.50568002836384 94.27523526069497
59.19766639139753 25.082013727498076
42.04405675809188 76.81283127159267
80.47035524994554 29.89321107247973
89.59033947617384 12.922594411239885
4.3273051800311935 1.7699981528325415
82.46530942325401 63.92895092743143
12.069713748609779 31.875836851127005
17.215892867970705 66.41167650550706
46.45605535611049 0.23468416165520756
57.974407010365404 12.643492333490924
63.786545986218876 81.4235860552267
71.41445703577004 10.440136210191175
97.12238654991067 94.00811720294833
36.47796131443266 68.09589048864595
26.184366108332103 73.91702213323076
69.43512625467476 14.425422812424882
29.09438611376651 47.25522673897164
28.684068171283016 65.9033323182414
89.0043375674144 82.39992854243474
91.91158676289346 57.93972008042076
37.12412430547787 40.85065107317156
91.17201290527663 66.5876455180572
63.28545184425074 62.46171778744025
93.4272111985089 65.14166731158882
41.14984397620619 61.45041265107033
59.50444913338878 25.620692732142714
57.297858088812006 42.37245449053956
0.7586002739388031 0.8838896403229879
56.81191565934807 54.90262217986093
28.48430299873398 24.71491783946308
13.256804807283796 26.20883038318873
17.595804276080806 20.958344020294117
64.48785710416243 15.668078877130231
85.5285314410423 83.08278383585214
6.398042635005352 31.632914720084194
96.2510755772396 3.3405520129442867
31.863061589570375 84.8676949588701
71.80386636178223 21.29153052445837
71.57051471516696 29.960000161953392
48.685583046364 3.5566252759444694
25.47368817578769 56.61601616536698
67.02413371086598 63.31211781887032
48.03404846177314 91.40546869005833
72.8622260210904 25.707029882947175
2.964588545613678 64.21166776227919
66.38217267090536 19.261999874059978
72.85047362716817 65.96686378874178
56.01547694983123 26.36253181472874
53.09698972694812 99.60435209948622
75.1447270571579 4.205720437979144
60.99342096293107 62.73659507719652
33.8523263461719 77.8596619562291
83.47644122910211 93.09567794156058
74.29520141962726 69.47352583244391
18.466328625585106 48.483060480336974
26.743717183303783 37.86787689194399
89.94062517068583 87.56875408694474
54.15102192552278 60.38514851898614
79.38067392675188 29.148654783891637
