969
16.745961332058656 73.93016193691362
17.279683969249227 31.297855915782225
26.52692476160666 13.512057987110538
38.59547084826321 41.0467533645544
41.680355467176064 96.82108833353631
14.484762028687337 11.538984692212406
8.496128362750587 95.63218838068074
58.01828010738528 91.77898821061616
75.11872518057676 38.20618609274503
59.14728015919167 94.9544613823751
45.05047482499729 49.61579273834429
40.5356051749019 46.82647742917977
59.29548633476773 62.476921944468046
31.297300377543046 88.31054597939925
57.32917371535012 36.062980627018085
21.20289810479623 25.78102485478434
61.28362516806429 39.444824262320076
93.32609297205585 82.85446907100105
47.37552749446764 41.7941159389427
63.235990404379464 8.14410120831981
2.431145918603872 29.698741916528515
25.202140434064358 62.89882396108549
51.57480080995502 72.62029166800373
18.418406586425473 1.6594250837534963
26.459304351364032 25.429248366565837
55.2393149554342 13.65151443612046
7.151943761719104 5.828575516196411
90.15869295591871 47.77326527632971
93.24745342609879 64.86520280688421
5.139990558098695 14.556234038181405
49.43694526774928 66.92892031024351
29.398785458981635 70.32068887646074
10.172429223286716 47.17628788171046
82.84384358489989 5.25811821688924
78.90312351160028 23.908353201239272
75.7962031706977 81.04522062103126
19.93566774883697 18.126498800172897
39.761813529425375 27.38449081423273
28.50686910750777 7.679105431461453
99.70998326626162 75.45134835227854
99.45659826230924 97.04032274201533
58.09460958746757 91.75338118590223
60.77758781952587 23.119837982761084
88.35994541476056 12.21777612007312
50.365977521952665 59.43684286146244
12.868456057642108 3.156562884605507
49.52644217062508 33.802974088182225
6.587869141237068 73.03948861267797
84.76889773787398 48.90253592541638
57.491303788711065 7.0518491221044926
97.9201182782392 49.11691062899638
7.9730973271338375 77.32440070127116
53.79237034892971 52.41011836286638
74.73847362647997 8.988678778806126
5.546378912864602 48.87654944812161
70.32183819873788 22.699473850949303
36.36396232132323 27.164839187267052
97.53076424233254 87.62337778606066
88.56794497681493 79.79320960910582
89.79888802596359 48.70765848713248
15.916018528345255 8.51058685176751
84.89265003157574 89.3927875736463
55.81599704942657 38.068096672503714
10.315271220050237 86.12535774484952
49.37275316651106 84.95305411368409
53.778150591244135 14.93342573700296
93.24639601516607 95.53756834930243
73.424613149853 84.9059980654371
35.75605136142948 80.17245489091792
96.52514311771591 1.999880790585984
94.3006151424443 92.18381617645615
64.28391092445639 14.678782376294263
78.7512200385027 72.02312406043956
47.06077771100853 39.09003061073144
2.063284813402011 18.266658933767044
15.215341254612335 32.80691663067462
82.6141848338797 19.167854363013415
96.32294341277279 68.98700568091249
20.785487438585616 9.652680785192535
7.124670660404897 96.5757640616268
9.862339153061217 73.90826284752512
40.24212102238608 78.94479413982842
58.033530870500506 47.463034389649486
54.03956183671125 59.071418404011446
39.986082202370234 28.409158176295257
65.45147162894145 16.672919348189286
78.82752039127921 34.21441965935382
78.1998970808565 83.8238261052641
26.824682164300572 62.2435937488985
35.64649756555234 62.14854094889818
62.43084438637262 67.34067639246861
4.771759840217005 18.128437420130805
9.3583253580924 31.95630634541795
17.4400508670734 93.21042711313923
55.35683370352754 28.000609596002967
3.6310628277947843 64.9626018995624
6.8976500997591454 28.057696049417345
6.817497651027848 27.310417705141056
78.34108984850936 94.79440810517616
1.704437446063578 44.298331670092935
33.21640755761415 79.47504227228855
95.78439836843157 48.76080394803508
88.6086800668516 23.855004579598628
21.075521417929888 30.780833195893653
79.11404330738505 10.13831004585083
96.5448659859001 29.304898453176374
15.04652163987059 27.469306250238766
86.12224632808301 94.43597948831611
76.52975469021432 87.16693524770147
83.90376744425978 85.10869116563259
58.89411126999041 93.30690596965293
18.256447878042692 75.89978613291011
38.020903706997146 38.24105089245835
47.8578071314172 83.23673277695823
71.45672131569314 21.32015758720608
86.20840485311152 15.356338557522164
29.27141772614239 3.83865881484321
87.43762275131802 29.97693573892929
39.21827818407 15.963409504024451
63.033238290149775 34.40057670849163
0.3471539739855256 5.225346325866919
57.22159449662308 59.207277079752984
54.15249917885989 58.80806535296282
80.41504474544845 55.62023234968417
36.09034876896246 64.03763538741805
36.95301954467078 42.34667586813331
55.26445603732868 83.43176725404699
75.59486865745464 66.15344803809052
39.14778767687993 0.13690719593622003
18.006468793465412 95.91080853082654
70.35249339783927 5.816108517654717
69.44424384673118 80.17226993112263
50.52532400526235 70.96642107047441
22.990020989328887 11.91106532901599
25.694914109151213 67.07214372580069
50.80315087595265 55.759633092166105
68.64443323280408 93.09708424235913
70.27368055415606 5.883667257949188
24.59184712654413 32.490583188268744
12.622810606553081 7.024093695430822
25.826145382002576 12.990016632602064
62.51415344322305 38.65939210980519
31.446156903141663 72.08767904893875
15.387091339179237 91.2844184351972
47.009495367776296 47.28926416817731
75.03321323427156 65.30613060057337
23.612338484475902 48.609049129483374
1.1034443420414486 49.918303657027366
98.07650472800579 73.85933052619369
24.750659606757797 24.10696262919104
99.05165054531162 50.36247077058616
1.5665574494170609 75.66670834127348
20.338881091015114 83.97097784643988
82.52818978985106 43.72831617774992
43.45676770431002 57.11659474224105
49.17836609862939 72.20938961384753
14.05209195884779 58.32519046271486
70.99223391148203 57.92213341194944
50.66631513898574 57.60203823478841
5.923632406685231 46.087935968403904
9.909281502711709 25.08827373249616
60.878774538918925 50.627204390806135
79.73810148723894 25.934110277533218
92.73171403503909 11.728841487707975
0.8246019425783735 38.39181766292922
64.78310990233456 73.40541750116212
60.75206158991173 24.051417165195378
69.02257044284352 7.330685030154271
91.19499272840609 34.559564574300225
27.8299378975673 42.6509131533633
23.454348754528574 9.80802013463472
79.23674275768543 31.089899297248092
95.9402192778691 2.98653385252452
73.02690024944833 69.29760365265165
77.9967722138482 4.09728578274663
88.46098916614635 65.26786114005377
20.164090174862327 86.22392187912841
83.5079282583295 98.95942952359093
79.8405992730014 64.7323521424142
82.77154127704868 87.02673542073988
98.93370024227006 81.47348147733689
24.59918016760193 88.48623555118573
71.92700303855666 46.824344917747574
63.67018007372014 97.81211565469714
81.49163489941483 38.4285098918625
66.90518505554141 54.91898386755057
11.39029164717006 31.279706412929077
66.69051249444713 96.82435829197841
63.17912467896674 89.4124283027102
0.5518554982614887 77.90415415739851
18.846709606056677 40.200850719403604
90.97161400636938 18.688678169258676
49.91266753734427 38.03913246623455
13.294041646754906 65.47880057223647
68.24631066874196 23.053987451928005
9.883612273422814 4.805224539028519
41.024707860738154 69.32856329871765
70.6504439045873 62.30730699075484
33.7374209103748 96.34760591191439
28.009239810882157 72.90358546090425
15.029057034221427 95.46633080177196
99.12636271903392 81.8270960290373
92.37456040859111 37.282907678437226
52.547356103933005 43.61840617746442
37.09326070383779 42.53312599906269
79.50592095984646 69.72629110749163
44.41728086730339 47.730769813665944
10.76230316307283 99.64890299181678
97.89966399964857 57.20678200707218
67.66098517151438 27.844562356688428
76.10960098858519 64.97376135618583
52.577299409992115 3.538027567417068
62.120840732693736 83.6489337813653
98.90291040445386 50.455016150739965
88.57776967743499 64.35906837063057
52.210057761537 2.53997765826508
65.02035794667918 8.297058927418854
97.75543943334387 50.71177629720541
47.63151005184872 51.0102599106211
69.90200431714922 94.38084774105813
98.31289676752229 19.630084886223052
91.03111621474305 7.142610928141457
99.40510331453409 66.77575541265429
89.40870963892266 94.24214979145134
13.928858198917283 39.42560390872703
90.89724939939057 75.0133449373578
43.48006442361232 88.59574745333424
53.15499406775718 96.12837657712659
21.573686289582874 20.97921353652723
92.03295431808624 71.37439119810463
42.70600720653926 52.37131276147369
71.35160088040902 71.75850027100708
95.59096538546372 15.92549908056331
49.34671094844247 84.520992262347
20.46198861108183 74.33261632839138
11.108421249850942 4.93481472822096
82.0347096692419 91.67477414550541
70.53331571225037 50.55877672412748
88.76723012421752 77.92933348232825
62.63110458880554 88.68559509471987
19.994703374716593 25.81174315891108
99.6727421649475 69.3691109734316
24.207555256882774 10.519378067233543
15.325009564830195 50.48498632448791
65.13499880585732 25.047512481328805
16.52468421331268 29.317223336408393
25.952691101440184 13.877282169263738
73.5219763776361 75.77240431021262
98.6659697502921 98.55529058092944
30.10972767924729 92.91632473648139
75.40753262067808 63.17677039155919
48.96930297033123 55.073630410835776
71.68168896216287 36.51280584538207
16.780458287280553 89.52596194870979
60.36427638350097 51.119263474192834
11.733811619171131 28.07949447325252
76.9280757987862 99.72632044411745
95.9377312747276 70.81526390835208
62.8935045146918 48.43683021749104
37.44824474383148 54.432799142729614
41.89342089908893 90.49073237275516
2.9699798603336935 70.84742270382597
66.38786438938273 24.96519309678685
78.72660949635917 13.316504077265968
58.42186198521057 52.62052381825403
7.292454216128796 71.33683109651156
81.24581724896561 21.593634655806227
23.613929845267002 21.38825072013566
94.07876794277927 38.66603057925839
32.211361144928915 60.94150421072997
57.535623626979124 70.61795102755282
42.02295413031013 49.83687768135394
60.10479137793919 58.842490940507076
72.32690514019475 65.32115314470174
51.48687597151083 45.08018907788196
3.8181609471755085 25.939325067394236
84.47330100048661 81.04191842343256
94.4900589711953 1.4552164321691707
65.63090272816542 94.18095497619167
85.37500368708115 13.534467068395417
90.34771759966974 66.94091261171874
6.587581444286316 63.08655945471827
68.46885988947511 7.456719809489387
49.28495784283984 23.949396165083847
4.019018776611649 32.228964265808855
75.9254437982485 52.31048359894864
48.12354987244415 68.12133072072083
97.91677326519816 26.99974672989317
10.843629716473602 77.42342181606654
92.47544585119802 90.00584927891923
17.00395379789873 84.47020198370606
98.17753225904954 44.177974241187556
39.187192211301046 33.67232618375456
48.86226802921366 13.50148906756231
70.694080629186 72.19139693358548
13.251399314537215 11.201516130526223
8.038794611387612 15.216626533222433
74.38790345728997 46.17275270051934
17.654145837806247 51.891630483540276
12.74884335135561 86.86137876417723
37.57878461489956 43.48031798731223
0.5665100742467621 34.95722348120399
1.9695488712441866 9.44633030055143
27.701052912613157 1.602363634452486
64.55346157218752 24.69380890128403
6.426979866053529 0.42268473716022825
11.401685409188234 1.9949684039030746
17.295295911159336 49.66559255784331
21.902775604823567 27.96788829372534
85.42111788419014 85.59675567384113
77.65898211791016 99.21580667187227
62.36998988450061 60.39871624934723
38.50414028782837 15.440714041717552
39.77813698763059 38.64869859170555
28.712053994987517 51.19378980020397
34.034527941262496 28.281832518480133
64.30493984742837 95.89733934744747
5.093845885689985 83.30731321036907
2.398954768116801 39.394008639096114
56.2508179718812 8.375461695484287
54.15386590629817 55.128698173848974
84.43516126434046 92.05744190295432
61.08171404577042 70.98663236892405
93.0211459553418 56.162380412838345
54.852305137894575 84.42403824346512
8.559649397500891 50.67152123770142
64.17719285103206 79.1671407865615
14.308927491225043 77.94524885243493
28.286088860402746 85.56087385087434
10.484290435280341 26.13768341991992
16.08969987416352 13.333372728755343
75.17958875730021 4.35642141929018
99.47294314981298 83.44224979415861
14.520064652032715 9.322717576934537
19.12125181826537 8.98544435788592
39.37471604875215 65.58863301192704
12.041281447018171 64.5591817568048
75.09457019360222 96.65008082004276
85.59177894974299 65.26013880942297
71.37383904820898 15.238464986785182
72.43276253501308 98.08401341119878
10.538806315913817 73.24000844852362
55.944277017475144 18.695430861662476
83.74512890629298 21.25837920658563
63.96949880286956 3.836799373560351
75.81982190936074 88.90550896070043
62.378597985148275 24.804211623757165
54.126407721040394 44.31830700757949
63.63842721241908 14.884270154910906
76.29789224349173 43.48600705162894
64.01185823519306 12.352660719573382
99.20589913036409 13.681370039307971
86.45745794109952 71.6793442976707
10.71719155292401 48.37139807089253
35.399809366047066 18.58528829152131
95.5455474486974 40.527420030055936
83.59028407273281 36.22763291174535
47.719270691012106 71.34129816276706
0.6655265887555162 75.48713315461919
87.14018074674715 75.53213285927029
76.97847053653679 50.441934782115396
92.98768933757083 9.207104638959084
0.3457708001803672 66.05202118930096
18.646001364557275 43.69920172426316
67.05783022395039 62.574428945559234
75.56106152489322 47.35796971201837
89.54513437752661 73.15228048819544
97.28191730362443 70.25760249466761
85.40150519243578 79.76844673087533
54.317402810836946 90.41242972863759
62.98091773627554 99.63515069042683
34.43276790564095 74.65837217805476
18.23809409628544 79.88050434541867
20.044939395305626 84.90985824347409
23.832669752766577 95.6811204577261
71.62678620775156 52.814140195515456
47.46673939643913 10.664955207489324
44.06547076745255 50.724293403242704
41.05753538327491 26.44925528035964
21.511498270112426 11.012540335404154
10.591047991031278 91.17986386716589
16.884961082478178 53.89644597233112
52.691086579696545 43.691822056210185
53.267229775342315 66.24048316236679
2.720762664197085 18.328553943369986
86.37728681178287 22.399339937318963
83.44478591105864 18.35016603206877
56.812301700173684 66.886477638232
91.13361350073446 87.19278035439373
68.70600617730805 71.28949915711813
0.16385645588079534 31.5535121108099
85.96215574941553 43.47896590115108
69.3967336432256 2.686181511065955
92.77316749848957 11.034579943910705
86.29748371383917 68.6561735265839
20.33545401176342 29.664947955511757
92.04517543518175 46.346617048148595
74.01527771098677 44.27518103138692
80.44663476816002 56.11572136740545
56.26834250497681 94.54716109300182
55.822757102393574 20.596848453221572
35.70313293605126 46.66061742862209
2.4999347507567493 22.05666051254894
76.50692614185081 32.414966778983654
82.18969439839276 56.54030263117321
92.71207025519674 90.72941650076935
23.75479426045466 33.81271777096313
81.36298850454111 22.42727072861165
24.28171820936189 14.363118295272992
84.77627845003013 99.43240488164248
66.9898287302897 4.505361492918681
58.322866800264805 22.11340703974266
73.92899502630252 89.59493307954963
33.184305525963495 34.897675058196974
14.713500032447646 60.3347523909915
17.77267340562918 30.403917785611632
75.6153360245246 73.00712492157724
50.4335154150894 39.25253348875406
29.566295552776378 19.703975036723143
46.01357879386706 32.228269369392024
7.024556080710864 88.71285998297299
94.81469963591017 19.79752529731008
35.83601404506136 96.8009898385857
95.48575794996793 37.47349196339796
55.665537045760075 25.159051638401564
65.10612076643085 62.29342760932807
54.935172734374284 36.86873448967353
42.1851457528992 51.51076575827064
68.82087182960296 30.984217002399618
48.75479277642898 46.05148257999825
65.7518494303004 52.45992610560253
49.30161385758124 11.559707558301756
99.1793880289659 82.91613999606466
53.85825889009502 92.4394045285296
22.67390403504228 45.006499928754614
56.16996979747516 7.971391275168449
15.355315881693809 89.24431416195662
34.55302999788543 12.021470155378589
86.5784639762006 74.55135111951141
55.07703895596817 96.6725833822968
12.722725748520624 26.6007023049432
9.68132675232688 80.6132219373874
11.482134258414312 69.91445845686769
10.864975203431271 16.500954828767213
61.54209426132351 90.43862470758796
42.04883334274941 48.44359005505636
64.65626728173149 3.6053310203405853
31.43043706031705 57.737869709580266
44.7118958046374 63.316823520682696
20.420768810243363 53.22546354480491
28.85207375574941 34.7084862796766
22.638519991546936 25.492172352560015
95.17577486883887 40.96483767818664
74.4174334183393 82.01248807385927
36.53633769684588 49.86825606123503
58.72821624941077 28.76748027130569
44.6243160556913 83.27457413895864
79.25922266693375 55.37867325872552
97.47447209322897 14.640739294469485
48.425236475869305 87.74292488351816
96.32385794658526 35.90242128742545
86.50196961846086 96.07904373566743
48.690027101842915 93.7801188113256
46.681748675460234 61.51968893309008
19.79168541175507 93.99516833855337
69.46243254488341 69.17372659006232
66.31729253125081 6.951106528230444
74.2769078361052 26.256985717433203
3.310631480704729 26.957031769157545
14.322229135792197 40.07558181410141
12.794077916911151 40.72769539845591
65.87060334483921 54.07493289671266
39.63384826452068 40.001609692157515
2.4801131101428453 76.98834763829286
28.78687936068648 49.55099230866479
16.260553677935864 35.49742295997692
70.58847779836415 67.44145119489994
43.11952249014349 51.4592419477547
58.75746417696921 57.60920899026408
85.37667027376045 90.99459982088051
74.47046647849973 16.907783907407147
68.8655360982338 3.170525258132084
8.567926675245552 70.39620796646231
40.07535641192291 98.52023506157937
64.02583468891041 51.43939899752483
36.279065277171476 79.27488344022431
92.47685136791162 96.34078043292911
24.470237379730985 5.26780611506047
82.55377853622619 40.618559539638035
32.392112577242415 56.02600397606102
83.84385536816485 44.060094171765215
65.73187272034467 60.08090845272176
85.99050053713827 49.06324143212599
80.91209110992614 2.4748641662828197
42.21974915944434 84.915859359081
93.2160788255502 77.8056959583771
61.39646110299919 65.36228235043473
58.17712818291696 59.72384877567698
35.32465501887106 15.30077695175921
30.73502132640028 79.08485184562831
27.330368267028504 83.3942047471538
6.499666594481535 55.44871051028642
39.52645418023981 44.88763053492174
21.469132084496756 93.4737641194112
31.294221405630672 27.669148575059875
83.60189818615977 91.18219241805717
10.452377635713573 80.64282312603287
79.68618181541923 94.14990377841535
10.382663945052128 18.654786608018547
64.75370650301491 81.47718500503971
63.12713975993738 69.2081426278792
76.2776799328655 22.273187400203653
28.16791661530953 75.33086084968316
35.82044686909448 63.97586525726419
86.14279791662237 11.674046071536083
67.03810395039365 3.4165305763277254
63.213736666998045 41.121592530296724
96.68002952636115 28.86885691422837
68.45652591378797 64.22557068686294
62.48942425000051 45.082494499895546
49.51027300995098 80.7260331538765
76.2181257069431 51.55103981151955
51.702465436677116 36.15268324031624
38.02687301766835 72.30583884235404
52.37826954724196 91.65747928748611
82.05459711057634 67.4768347826611
59.4214754204367 29.21401437588177
86.22329854040454 80.2474215463934
7.7330481753958065 90.2768752376118
4.8825494304635235 72.25490631946376
31.973066139646487 70.57030987575553
61.421911551555596 52.92689977025877
33.987203113613496 65.22615996412914
28.608233499642065 16.877520376523194
59.244929246205956 96.65139779901855
1.312086190788453 59.48450139593591
89.47762767281927 22.989467873231696
33.98096123287407 0.407912972613389
31.213195565898523 58.614522775626696
9.684026183224958 42.3336362309657
72.4884710989382 1.3177250281385056
28.66111603885021 70.72833924533928
79.43450716322566 95.08272904005057
68.55485354638317 37.88994387905345
91.99842402222072 1.2996274652332884
87.64957414538237 34.85052216116159
61.39655712563052 42.39529244325271
88.46256730493515 2.7211858727075766
21.308680126119718 52.60412758653862
28.554059214970408 57.35846246425764
87.77282992472152 96.38437160123871
98.96260627635905 61.93908379742478
95.12257465530868 68.40891138188675
62.80809964090216 32.48075987592104
93.87863927793929 3.892202079851048
94.60306785204133 26.87846295385763
8.145327751347454 61.545927794255014
71.75169134476785 49.57057873957127
77.29399134332091 24.641493917499613
56.831798445738414 64.59022904130123
66.38135339346853 62.46351287221906
47.96382937484673 19.169120882960655
51.00021016042431 13.515091023588454
97.56279018198806 41.40736237033005
79.22931110557973 86.58874853348004
1.5456421350053429 65.09091585910369
10.914242080835802 27.61375537495453
68.50688112510736 63.21048994140781
39.65460215053702 39.998307852916234
12.200935185937478 12.560747664153538
18.660149875459066 29.749524461852506
54.807101089149526 91.97998276957314
46.54293220541663 78.45460630895306
29.92156958223885 9.709632304488913
79.54100526314863 29.38207426974525
99.58534339121307 39.439989508625864
78.3789975632774 59.658278467464655
50.09398474368862 40.097799541894595
58.27799391763827 56.41306135366315
71.30150292799904 79.63252912677248
91.96520873787945 55.63522940251443
72.22494434234477 35.67437829084348
47.720800774501406 84.78679145507331
62.9559192632578 83.21612786568949
24.171878804938608 69.536513731731
10.28100763587041 56.48972406908172
63.61648010114287 17.639333598203844
5.388811532875892 42.47482671279299
42.624382887948975 73.66054153715775
34.760111895801835 93.44737696676559
66.15289793679486 29.797014846704016
45.86527035183644 60.019698948382995
77.97943536633512 70.23042675518306
70.79985834531188 35.03640339643221
41.01650395873848 68.9384450092174
38.90844758525864 94.73997320277255
1.7018232284446433 96.58074912546033
97.34647873555727 82.01733094346638
74.70878856302866 48.88901460002369
2.0214303764115704 4.0874951033887275
43.39041236862315 2.5615644105090207
1.1978302595773038 33.40835074515552
91.13080983955824 83.63719040898773
58.223279948549155 59.67723547133019
32.138689723299365 61.89888980404496
58.79254589315607 28.461983604315545
59.443277948564145 63.35304354089829
58.82839945583075 42.31185419392581
46.54050067289762 43.90191132070692
95.84406030157095 18.76990828410099
70.68740352901266 35.502759070205784
32.399276134646485 91.06410033720186
14.446370843930367 30.421130502891035
95.56836485838906 30.924794417485003
90.63614980748011 70.7259684738633
0.16972047464355322 90.03945139632121
89.73761359296387 46.55820290545469
74.37432860228293 81.81885510641521
31.715432507816356 64.74337955469326
52.49444003286098 70.71263751413558
75.31706549476642 62.55270973999612
32.033723011389924 54.091921179421234
64.31501968362983 22.605798253869104
45.04650660234727 71.06791991044254
30.294176385132154 65.03622331308438
99.882372004821 19.504706136315185
85.32219622589939 84.41781978242305
71.50287557698181 83.22056853616175
22.599710086772028 35.23324037116584
25.98580762671061 49.42155194099277
11.703060809353937 28.83520176326757
67.64629591201087 25.346443095962513
60.936079159972046 96.95223376073781
40.32886782829708 22.36271473984084
51.51440178188571 83.60689397603466
71.17243754008759 47.47596240511881
89.78176885252738 43.707981765441204
25.894846127625428 94.98383477228957
69.13810520226458 61.097797610870195
53.079611687946624 19.786446192209763
11.096771666479665 23.58329077320196
77.32320515170015 57.26274190089008
78.98371139709066 85.53699874290196
42.4625466681072 64.16834068406878
67.62218118847466 0.8654631411525227
93.71046843077241 97.52941577695769
74.87787890216445 36.24012754409278
29.116984132770884 4.003815559674506
38.90720583904881 64.49490461791694
41.35179288481107 89.34404626201695
2.879814522840596 54.23137155386466
37.306437568143956 96.49569092377719
18.71482504283445 73.45634224112109
18.722474217465123 56.09197799886596
98.75938782996262 88.33984699577717
2.931634052065013 87.32032035327488
58.35285942493228 37.35918158851308
30.162430476526104 99.1787466894801
41.93429665696781 15.104871440258528
6.4737563694737705 86.9888871810736
4.179516938566241 38.27834562318964
20.65807143611883 63.221385420068785
89.01477078238102 29.028032100202328
88.3018048918771 61.687795500635445
63.825689391530446 30.65478776673707
37.81874058061339 31.943656162594692
71.83138510940083 15.234285873046582
36.3884365488777 57.49581493506517
15.453361984157732 66.65920991913153
38.417925833972845 80.531518078672
85.3175516924393 25.20347472114888
74.77082434833584 28.77005204565637
6.313235784115367 48.7681146465735
77.87817239401325 92.30287033777934
72.48835357246301 30.056616451820418
30.113235422299 10.401963160571393
84.09619390630456 9.537290354005224
6.615150416983806 57.315669515981526
7.336348852086272 72.6476683977014
24.572768872589734 66.2354425470669
4.466526976113805 90.23434535784023
30.125752402209226 27.873773713242766
53.87312180131948 25.305170240479836
28.32879718346658 51.71943450536586
8.935116577242852 25.455802209566603
90.14734007439836 63.41092609980103
56.16932251497752 76.74497202347787
52.35352678720536 89.58870109239592
13.086447453469507 12.671722214280457
4.5597502197419875 25.452516781123503
29.178080544343732 81.81064119384128
70.80434260941576 39.538293519092484
76.83469380045912 72.23147110901643
92.86695047259109 16.612006009965484
16.011549790695657 4.073643180928599
20.643417332222903 90.60536830331752
17.799793965850274 24.987686707327526
61.39892096815021 15.729158218225104
15.076366932477015 9.09689895259902
17.86276161831408 37.48717793797882
74.4145624097217 71.73905946302934
90.11836275531833 78.20150370700605
5.113444021278513 54.43843167795413
11.832210575142621 59.825923941722294
71.4815996802491 95.15966215221324
42.350775487601055 65.30209886324666
89.59891552883407 63.48259503488236
25.849051478145768 73.6282851211903
43.28760759489052 57.54294029337383
29.68966929426794 43.37108517444359
66.70764189724999 44.7479300344845
94.01725535269499 20.58995394597374
83.51526250178561 68.34096242251958
24.044350431679216 33.011788311635314
2.134237961319796 55.97361295607267
1.9046722624649348 97.77764210180302
92.5803424745175 12.125380623540227
70.755400961042 32.85649690889685
37.95829065052788 41.49533275844779
40.22857151043861 54.68660121046438
5.383926765543867 77.0858460934059
83.19669889779223 97.90991932607109
24.389917560027886 38.94291622654236
8.73453645464367 67.61849841825295
90.5858527906246 83.0364040832671
39.42085760615676 77.016978027379
12.786078995082907 48.839287046944065
29.10229916255327 4.215109844080622
33.084684927582266 86.86449079236085
5.615286366849748 82.69506272805678
77.34464891843194 90.90145342731203
36.67592711085541 57.79581799276063
88.74292435012808 90.45969110346135
78.23718063227916 22.247595601498727
28.435865010991222 52.63415063812056
77.21643703044899 91.49322887614719
72.73947553237662 43.198048502898665
73.8559489806956 77.73008734025825
56.421626825432526 72.08202939111692
10.15254390295468 70.23252363646296
71.91732842770561 15.317669014933067
5.2461096216048215 10.454454809692127
75.6588386328618 90.52497790660556
99.43462622320075 70.45719555502544
7.140528699838866 64.88498683824008
46.61910599571916 70.8961356280421
82.36210733456755 36.97603286588124
11.079748501501818 8.731961862298688
39.53088764303789 60.84050332978963
99.71334682681518 31.977927487008106
36.161825037126775 59.191684399719115
89.92244286374294 70.46954331896113
5.636907201359231 22.392699558175412
50.98337271135176 55.09745513123344
73.3439584600473 93.42852575307282
24.73350837846414 30.256494832762172
31.075680628113123 42.34245900080329
27.96405388988832 90.11499378018172
19.66871898212671 69.42990461789702
88.7962262706447 8.45429283170981
89.06885343885675 81.04175022115838
52.933465220150445 22.236456914915614
25.338350940625887 96.85439090574725
63.01373977806226 3.2204360917225228
68.7780558291606 60.34854712051866
84.24996730108468 86.29201999303594
43.38913789513414 99.42285837941884
69.98208088043681 90.23253989470594
52.49827141046739 5.404074170860529
65.26543652513045 72.61256556009633
72.30712997101534 38.570258901072094
96.58900365221747 16.84639945876707
28.74587060851973 7.27198460884193
52.24079997067087 50.622877836862024
35.43236387683195 84.67946978040617
98.89180257699405 64.20334813167538
70.09253486991797 10.322000210676485
49.296439852835164 57.947375040699846
42.26441768419076 2.6381841369840675
95.47659774480562 7.735365780485582
23.878509131262547 63.25557725188137
88.67609276348094 89.87506624505302
90.95017376841665 84.54982492247142
2.818180051390251 52.45656321298027
71.22713249425989 18.779727809326907
47.71748137760105 67.67221666820132
74.668873631522 9.289778504866497
7.25217866168808 95.06418566671859
63.03573134322009 2.4881624606372554
12.777021630965923 31.18014272560441
62.593848966668794 9.847302280556203
89.46180140160884 68.26537097968226
42.927842040338504 94.79918047273198
22.89700519484441 39.839790177696756
4.2243123920632115 99.62948019642155
90.30561978598895 55.01845858166907
8.695959801803866 56.17347622767266
20.323210042536168 18.488491220501203
21.6775151963726 40.081342224536684
31.96987340813845 64.57654576143898
23.276543623235202 18.013382477360164
5.815739507825224 10.2983565369138
6.139791975418674 95.14119937630761
3.1596913577764507 13.739881292227619
56.27513577814811 30.499437516747165
17.391096758479087 14.328139582768673
19.86608214068295 29.79492149342765
16.966073054813492 77.79586619209974
54.04659642876155 54.70890656697671
63.474715790298085 86.425395592894
98.0478745829976 27.09079851728633
86.5885864201016 46.081809435251806
35.93593259881159 74.01475912423801
98.14427337722894 63.879947516171434
3.1053624580276162 0.753804710138628
26.349568140287882 22.796299754635264
5.9036179733944705 38.606309881119614
35.780578358819824 34.787819882128154
38.0183504733426 50.08735142479273
65.68945417334582 0.7609524822943081
24.612256933182785 15.161515188508346
25.0092460387088 26.460990795325944
38.76066016903773 65.82114177222077
52.55279031011325 60.422304008881866
0.8539750743769892 36.912297449527046
90.25413874781744 46.91700447029737
16.192977988051314 18.06593259547642
28.83661651062066 46.11447545110696
27.952917231095665 35.90605657477731
30.882920048679807 99.2161882581294
3.6019532709712365 29.929974313098505
27.744777293472666 98.1513314740893
65.66524629326706 26.937472254375784
80.36717727347734 76.10662034739727
41.51280968141828 19.211451147006752
99.84279407524829 50.10294815969048
10.480631106469563 89.93477323902151
32.857509252782336 71.2041591414275
40.18436321715494 0.31093385522891204
6.596808569144519 11.979844346601176
32.00328869957806 38.12223061912622
40.949745448415385 18.666210785406456
66.03225058676786 90.9182297720984
2.0805217556080113 36.755753620622066
95.98204981252539 91.28257983597477
86.0334429165902 50.97685723924342
41.18813374252386 26.540023125658262
95.1719673114435 53.93465673816752
17.660426028064347 92.50623606655199
20.431461824705387 7.640943935923438
70.14048316979232 68.6978894205665
18.00955545941021 76.08859163534811
34.125813025860886 95.31956526386668
76.10271592453583 85.23965860880115
21.29558123118701 96.6799235264226
58.44828354182889 23.634183326363356
26.980472386593636 19.30699896422364
89.7707572790158 35.72042908491474
0.2170122307465827 38.242265578516346
40.07038159906647 32.48177393635323
40.069063856682 40.81104271878303
19.130808532355804 66.79303543626996
79.93111910953034 25.208328493101284
74.66040001793644 79.50290958578151
42.39719997760264 45.520084789945415
78.51150847757731 47.0049674697931
98.22583650943984 65.41280301318264
66.11843236575172 74.32895396638314
17.48089116780892 97.77367595272992
7.51502035288002 42.4936199636526
6.3553381241842395 4.217695915272801
23.139750739538357 26.828257406925673
42.72685108297887 30.2023806303774
9.577549555723985 71.6020837472784
99.12492116511395 30.927092979996097
17.749174137032288 59.63355047955383
24.7137400621391 14.533223936880436
85.90793413258498 67.54502025439716
62.51480040436892 7.7908071638078
73.32028917494841 7.563547214026533
51.861372800991745 10.819801030353648
48.76875137174839 67.99281449425206
38.49360593795422 49.963684606990924
12.187084700196483 36.29353884338625
86.52888599238291 73.9537329898715
68.876782085198 93.05220596398446
13.276946595332628 97.31081124954585
96.63384229242837 1.618881998803523
88.70992738048416 33.37966785224572
67.13790922317173 17.71416012703059
7.359106247733749 56.828115993856024
29.559273678489085 18.831121470925428
78.09300025264068 82.95793863318114
66.53552797893394 44.89685251601969
21.395734748556617 82.31113958559902
79.5611997169524 83.03762954865313
5.278656466236676 50.041839517536324
13.140939931446416 48.66484385445414
86.84239059140427 80.32675986178039
12.32456911585993 62.701406486609066
24.27017855992174 8.54456019207518
72.40049756347811 76.27598514864532
22.91990330305461 19.38838546362294
64.17693353662969 46.14191559701343
39.72782681500659 43.60711651850092
35.35781327618934 83.78943434377551
90.93530731013303 63.46001155621834
32.48788733182321 1.528442070027658
31.60149091591329 49.675750713519164
22.92745766883585 87.30678270939221
96.60448973414758 7.483196503887479
3.0513557629163968 9.90871034730334
41.42113942186734 91.27233861213058
75.0867929556987 49.71203847771195
50.209254673550305 81.5857112238474
3.650210510913743 6.546842458788527
61.21554525315489 0.4436360995705768
1.6830235980069497 17.44025353713021
53.01383707156002 33.34560048403177
6.1741909377298505 52.73465203950429
82.33286027257131 84.55966928392161
8.097404134145247 15.61300655565322
15.174757982356613 33.92059631120033
34.92999157175684 64.46159621949941
27.954174317822876 24.07215166228428
44.719877638550265 57.80846780085196
41.94545327214042 19.601366816793153
88.35956193905933 53.50156718309813
74.12779807090425 5.543676920867591
18.533302137016648 20.915867950725854
10.522569299536478 73.5771026497715
22.051713781675197 6.832215264076325
82.27624775910105 92.30470166308197
69.08110940231641 79.18369267151527
89.42759787148398 28.48651987301668
59.808491116543884 56.338038536959345
69.14422231736299 19.70656830639028
79.77924874294654 18.296502497637277
42.70021413667128 41.66110734318978
43.29683321038436 90.92821196634873
14.714793442462215 19.396759654801375
73.94577955496204 88.73581010220663
92.44007840572004 70.56833254206339
71.31204841680689 10.490490060310787
65.57115268469998 99.68045604042433
70.96534755846282 48.769153718582025
66.133054760969 70.00735813811471
93.64248111685708 78.35526498877043
48.842122418710375 68.63354008962855
93.42166518212981 72.6253060997268
71.82262302741442 27.190749424133077
42.11293736330794 90.64102470217257
63.760153044614285 31.85865147738228
80.28421307368895 73.1708430713788
10.450678024826255 98.00180991723865
81.50081735688075 80.74119808179196
68.89302967217542 76.33173570199241
54.797904263702755 16.290078989779765
4.792157213216974 22.305424471739478
67.41148807205622 7.123349329131856
70.27609773302599 56.87660504269477
88.37470560334806 91.34257478187946
51.38647383620996 44.53568719267267
94.85471941344076 24.91692455615423
50.084066389916096 42.93637656393303
66.59812008947891 71.06045321794772
7.708743914682492 90.03672596727063
33.95861812295493 12.994123700294768
78.9979276216568 56.03971480149828
