95
70.20841391900798 23.647959237855755
16.0583120904912 14.113470651704452
59.81378813401672 65.09320281339606
64.08682229490282 32.45321653126509
48.28749901685053 25.889713198386332
36.334801688154414 33.627954465223176
10.634726489633884 86.95598928325226
35.219856942810914 92.31377960805303
69.53456157519287 77.95113180728583
0.10446390160000485 22.611703988032083
31.346550820486875 50.90950452156267
63.59772762992603 2.5758376293660734
86.55768338001117 28.849612417776527
58.163470054084534 17.913421424579546
30.34738438179717 90.39257360195332
18.591471119612525 83.70406373188466
53.51539149648094 34.00537110114684
46.382237544655915 29.479715353795267
59.049636530167064 97.05158984877446
27.980393211207964 16.377753862139933
10.401902957548458 22.41589641380829
14.20633968472782 12.670600932357068
99.17137377215947 39.44628173242359
13.127990905972364 92.86424917866908
24.995967710705635 76.52476828729662
18.188225706267257 89.54982554875932
79.9682022137118 0.8695374081938434
63.63745591896571 21.257337582867088
84.493407895921 87.57329998304427
80.22467059286646 16.44812249048082
90.02478466106089 50.66959338949304
18.916908781967578 85.52556351872613
81.22417265112357 26.749832023525045
71.51155643392784 31.304544577894656
27.01416213084823 77.63890781088485
72.84334905227897 16.101625400116472
11.625626515319654 87.32788292531234
34.11088590986277 1.6747551834172092
94.71745194585546 68.41137946230181
66.12484468143018 66.77360402098516
72.44357303734236 79.04225123921633
81.52713869355698 68.44888362867863
96.55197938944417 50.62371011689368
37.0151930816905 15.883810007246947
88.39504025515484 91.10841721555303
0.9745387686360463 9.967189751420225
31.498138379360864 97.43515938953567
88.76449652516844 7.231529830596928
57.29060791806725 70.55977130352315
8.416585737330774 82.08903360860691
35.4139096618439 38.40955450384573
71.30956454931625 66.17178931901897
57.56862637253671 51.898618435548585
55.53436442237511 67.21307032981092
20.8105460592807 91.20516036441829
63.612772345985135 77.90438746309108
74.23608395125288 73.93908421999946
80.80497170903548 61.585089617653445
38.82661880544688 28.09103977426062
85.69615161616419 75.07050045156389
53.74233486902783 40.45500421992093
15.715980193545443 30.087441888842015
49.98681715094412 60.02355659657555
37.377496778469066 1.1414780657599044
47.03814736813119 58.80085884428999
49.597155060837615 29.089681969317628
94.767808385224 47.22901061238035
78.54582396072716 76.51093022701913
9.581717890613328 62.14235769821224
2.0217673833798133 90.00444003926624
68.64033580943344 63.6332552321829
6.072440432537462 53.56247499353459
53.120174037778845 4.489070812977969
67.55235473447775 73.49822309780319
45.6719714085549 6.511156842313792
67.99046326880372 10.815176973658037
38.12646571462036 74.97677433219792
18.94923279339006 77.07868480976785
17.88514901577457 79.40661862771339
24.2423973914062 38.659848620842354
46.59532166014927 20.68999238636747
26.154223846230508 38.31009351229896
5.389559814579858 83.76758777763436
32.014299379319475 66.61625070859816
65.80357635775087 35.21259091145098
2.2428757086974116 42.79123766910428
21.2564036095246 52.901698412601675
77.40741694017619 40.496276572923584
19.26615404627282 26.88659064171459
59.74359336864406 18.976815635087462
58.69556291032719 38.74813512109553
89.65621073683299 17.05606755902518
79.01852653572342 99.9118212976116
8.852204416287734 85.5436746644041
52.74721277882312 12.898276739312909
