909
88.21389850275752 53.524988645259576
24.847011884740276 92.86075261215366
13.69350120441779 96.90897344653952
74.82209284103565 36.028900106855055
38.089566802609994 35.21873774807373
61.36623686426551 95.48546803957018
47.6814398811501 50.31045856614404
89.52228043087919 13.594839761061994
2.6905685601139706 34.28324438792303
7.326067515588209 33.22261334357013
96.54422274399276 20.048060807137713
71.53024573433532 27.378616523990317
63.41844291113416 27.3567590345244
48.92498926857197 20.949351042949804
4.0990070131191825 35.899619165906884
85.62979682751129 17.950398905175145
86.26657865596901 59.569804194042284
34.93956475786103 99.20433585996659
16.1865722309552 10.426114478370984
64.74185921646945 76.90819744638085
69.35371681256784 46.745632874396705
11.945916699474846 84.6327202365615
87.94340499629256 41.59396987842293
12.006632337535716 95.21342302127678
24.9418312220831 8.136189798897353
32.98731221219483 2.6330784468029167
49.926643274380524 35.704704768324646
87.29215378290222 71.02095082920465
1.6161763006544705 46.56844952693914
53.11664900055997 96.24114852091691
79.75907283116247 44.167970386894886
17.38606176980585 34.24433108444494
52.37208333355221 29.588270141082106
50.31758398905839 61.62235110180932
36.73110774425172 22.598124239852325
70.01565864676236 64.57608360261364
4.475016467223969 41.44121192705272
63.14177327548608 24.543264847514244
62.384491600723905 97.18124411357141
93.46441733668416 70.16797955626149
71.06509283698547 44.27438124625959
21.331759544243734 19.224499732778767
47.692806640570694 61.46058301643117
31.403367537041927 61.3553448954741
83.47151187419334 45.29058994471241
33.084421346896505 3.5874533058366964
0.8202233325455 54.75568836206723
39.81582776387028 60.772959305445994
7.047181969432081 23.52163284299291
26.41136683825307 66.10113512743277
45.14195939609553 39.978546688748295
72.31403349793253 20.324849672860733
2.7155495957719267 8.785893425316772
22.960519561602368 69.8676925668305
6.49437753784905 54.60220315926618
4.784866352336337 13.189868921724612
90.30415187101617 96.50133427087538
75.83249861482271 40.157953490777686
48.747427190003144 23.12049550327724
51.2406298724445 39.90798781956934
84.36717947475348 60.14242155010982
88.68552134540172 26.122704073809246
21.166078911433594 53.988175457210076
19.160979562160087 22.84198012725995
11.724236317213087 60.14972412490882
55.82084575647218 51.09938452717906
93.80094409019509 49.20574387638026
20.278329677869998 97.48400778452367
72.18938643124783 39.17769073471808
79.55809598386041 57.258291793055406
7.766934364899292 40.014458994789294
26.51303826145891 1.213562872063667
34.56490672552847 52.6810976135398
13.544157400908595 1.4377467264240607
38.02876881140037 28.763232445109622
54.25068246332921 20.87285652395694
65.47819320334789 96.98318346814786
67.54336997211034 54.38189598068026
26.351081270191344 48.60921119959354
97.38502762842984 42.91051679443137
76.17564402364313 46.546494560742126
95.3706654921365 70.82137492331601
36.24253454621633 6.214411763927375
99.2057686521274 56.17865879788412
79.19413246250112 49.15750141093787
69.48713839861257 23.44530198679491
85.9062522407809 61.49198068294385
46.014161567003775 61.93213812289067
99.15280638513406 58.04804583622194
89.43220814567145 98.67134139723356
47.80908279352679 21.799639485695298
55.58765568638939 29.938996084903934
94.86886103557961 63.1655171342757
48.34938036593827 60.91654554300373
21.306020627218537 2.320648533218417
64.84643713861064 12.730459011884122
63.09673414833049 30.63531714894092
59.69053309158397 30.68101381700329
14.406321234773733 10.742822729648848
52.25714595693529 28.565357257592684
62.87519079695537 3.3906936171892776
31.41130636977464 53.601662112642565
19.9847984875438 80.75132027973116
8.207210134916798 75.44749572419336
15.878411534504867 50.406124817672584
44.49428259279311 8.146276359461968
43.25941311666679 79.48847210920658
73.87747224900846 30.043182905246557
46.66197329293469 10.61047953124704
47.38127883242848 4.67141338188144
75.81983934223157 4.940856843116547
36.38816668425334 95.84174732231732
99.08639982304548 19.146525034244622
28.35148470112796 90.69427303517882
97.87962503498473 88.08405098780229
14.485958775104935 21.35438356604039
28.877598625573675 19.03134869214538
3.934878078034365 42.978817954241386
33.70954553786897 18.49028576139985
42.63342805133562 22.89190893089331
67.08800856295383 53.486537967505434
27.378490095765628 6.085722544305716
81.05370672917803 82.03498898502512
84.25889075446514 29.335559024912683
85.96209601711618 0.5356790458733052
29.01017466221886 92.68285413503237
0.7651177316363778 25.484386207856314
72.55115188039709 23.82920675616439
94.14009473625195 60.89602664089018
91.32076697107618 79.30382991963299
88.81351663765165 18.158405749291962
61.660022028453554 11.196430007719071
27.305648666582194 99.53043360473667
60.093314993671584 22.054366834266325
54.5969519046415 5.173368877762396
71.25291184224508 25.56377672255762
73.8263857180014 93.97927607619934
42.874369568189564 5.164130531431132
72.83540298013476 67.35586877547615
56.0482920123726 83.8900361973325
16.3512960897659 36.92085647917156
99.9956932900712 28.154266329312538
68.94581770506947 18.89852434859356
40.524564140892615 6.388037407335245
44.274524827910454 8.467699264928418
38.89443794659102 24.366245597466442
3.725234139346545 96.71069425442576
81.99206166116264 17.084689979816613
49.26513112045116 50.68913682636216
83.70518696555533 13.33321596724848
92.22231777683231 2.8663138467808325
69.35665725207022 14.818669569378972
44.36634566696712 63.15953584847455
36.88071620797023 26.36358980811516
6.043420304462888 8.689400401031943
41.99260295443816 57.26606882467278
30.10593604706857 75.51020432759405
69.18797788452731 81.33475956874065
90.17380992108606 26.20817403037693
20.19752976504622 78.62629362031771
65.46113179367107 5.113942466549959
32.044371062481005 95.48469084691538
15.941296065941168 83.917499967054
63.210642655590576 22.68885130580798
37.74865075537206 98.95733704081346
79.18779870157312 99.9466034514621
83.55732902884947 80.61767299763476
42.11471283650114 33.27002543454455
69.78141332793051 65.08300198155376
85.5216787601813 48.0318270341527
88.09175710082516 93.25858200273956
99.72264501960996 59.80758818071719
93.91047655465412 74.00190189482453
44.30604636317176 43.61657145850597
68.62852820914455 50.126982567523946
13.17184121653815 60.860098805869036
10.277922866417766 51.88466406222886
90.85439594072497 95.13109172096662
81.33163491589842 7.94273200247364
9.669465051589398 47.983685436116104
87.17507571237535 40.098302673746176
70.89208076014437 15.309652016863062
10.574346989625806 50.540361560336834
25.53134004806379 51.92039739543329
74.82382493093439 32.20464061657117
0.5214701211053274 44.16616296675042
44.401936326528336 54.54383603582479
72.62006812673455 80.49090434926681
71.05734272049962 77.32798221764673
45.78716974919724 66.73559458620348
10.264249075378917 68.4888176007439
42.90518981059584 79.77898332060622
41.81439451283838 54.20281730981831
15.961673803434884 56.846187525883195
83.72303116113508 75.34740800041203
49.19012103576659 57.35770831120332
49.247200177944585 21.537949119444033
19.260622684947304 51.47228713525958
11.228852705724124 77.5602490405848
43.04481847132055 53.871328243086445
42.81996251495963 25.791908732738655
33.44125149910882 6.306413301888691
79.91967396332656 55.47367325726446
66.23660340934894 34.44856401466201
51.86354464312659 81.66767312068292
22.050727093633927 61.5606654439363
42.56807491820128 18.644455482914545
73.56850372360356 8.42705803107311
50.14021165263731 82.66269579154266
64.68064123788099 13.004623845691832
18.896918327151567 47.797138123274685
16.34458263910559 75.31769327532497
76.18936370327457 84.96533759548393
79.25042759758215 65.13022136026136
2.0669650040411103 41.7089465509826
17.31136286075463 21.704520780531567
64.70116298915717 29.471655330675205
39.14344827845315 3.4191442685659212
16.74268656877199 51.998816272453084
78.75707277328485 46.801573469736255
10.329539476608574 22.307416071820274
95.03764467667291 21.938658527943588
48.50411314196727 18.894437589351732
98.22032256054449 61.63366102885105
65.63487856803401 5.176564121129134
94.05329596213673 49.54510983413844
70.54247113953234 11.494533902672789
77.8115320158285 75.16271343551686
65.03010244969191 96.6825945620483
30.300357323656822 15.162239927574339
4.2348560680946274 68.50279052751449
75.63530499603274 80.44390802836695
34.53537439890803 67.45367824007585
79.15218687867592 19.116503484583113
50.0816880063992 98.76022776894328
21.297382712602065 16.668568374509896
48.14168397277986 68.04543593992278
24.83057570001964 33.76012463815804
25.32228236102543 64.39828179976547
45.176869846354286 60.09213245484343
26.584628849105187 67.77226187390906
77.50535269478284 0.9988254146867548
32.71383467052487 68.51024537446085
98.16000929436713 91.51929381375494
20.756248763816522 1.3582140344129745
61.46946846998303 6.580568396582709
40.58414730542549 87.54027052988098
44.728422548223854 55.34332302092331
4.458782049806964 46.16396674163007
35.40889872261369 77.31181541084727
63.39375878171181 63.52006590674271
59.118101368983154 63.848892787721
7.629705184130941 66.07700216317835
83.79311775422111 63.40363141079979
29.360607904652447 42.65731895090802
63.32503061300796 27.916508604118594
18.493345789540516 45.18562986545106
53.60630214245114 46.35365272193498
69.50375201856227 40.06956494818853
62.83799776008646 94.19430916844217
92.71287031999748 61.743390417245315
25.7137337200964 21.035409518876826
48.241465655412775 5.155854212800759
61.023262842031464 18.362936415717467
58.873955477810036 78.32716002624682
47.650484293333605 2.5099154132170343
58.11283866647737 93.45999392889061
18.48582792292026 22.658233308990884
62.110183207669564 36.79322022919672
89.42622300625781 74.7689820484823
94.4614026628954 82.8200666731041
12.162438564771838 97.08350375925782
9.718978967482016 98.0736123379168
22.75600054996293 12.378662178834388
51.51142439469769 70.07943369183121
23.037796242575315 96.58612131779888
6.524254336733315 28.712534589868966
74.69284083357206 89.0630531730232
47.00570999372074 74.14326799256436
76.77652713529316 9.47418535001816
62.646618852810235 54.014720387681514
94.39373394894326 41.36927787734793
73.2210510576993 25.440387450535983
76.12905274237062 7.543066923007425
18.136068876519353 49.3769501655847
28.159787427232775 1.9371506809341743
12.607447338598455 7.54146096373447
1.4112673210115556 40.37373413639212
39.49563388472019 54.857988650146126
81.35072309905004 97.34185890096863
37.19339049022238 51.35298817777849
41.23262456769042 2.9026508238605198
59.41842716098574 15.531050747765974
6.262204778401548 33.80838731646377
33.588224739425286 15.470091556826105
88.07080537940887 90.48870963423337
75.93712405952311 13.664344688140917
5.063677009949686 97.52188929790984
62.22198692670226 70.83337947299947
86.17971629982935 85.94951898335
26.22682047586903 15.960785714086134
32.51858334321865 63.23580066511853
91.27634368118377 83.83567828736129
42.27497206822311 82.13882070249296
38.65749803480415 56.03422338942771
27.576349688353574 24.314997334396928
47.85933757303841 37.20734863810852
54.4166088389057 13.349465626479063
82.78166873877406 78.73776444410797
24.75714293699217 41.5956469553504
49.21181778724269 28.987760108151996
5.768201031343844 19.31317940300832
57.34312411087272 91.0718660571124
35.539609478368725 71.8183000676824
90.5686435399149 79.92128106600582
72.92972285513565 16.274340315660695
11.001808851593376 92.21866612864851
16.57206465501825 47.91735924100262
53.47347816524008 68.88356894746013
41.271180573404905 94.98034297701388
71.53474489771891 92.60254589297412
48.797167370948614 58.859878674322076
7.229397131106086 71.01402967316514
48.58249368975676 75.47771763647472
58.11846835056163 31.638066466679604
83.42040403567046 54.766696358372144
46.7546462221861 68.87949624039024
73.70882997611103 94.92310573130023
99.97008057956697 35.445585092724386
6.7054036990233605 51.70230768704652
39.209560709740096 83.75305107131923
10.424244150280815 68.89370647875998
95.02173530196991 19.059339957132938
76.77518150524627 23.88341736162526
85.46153951463074 48.66296138725933
15.062647431478593 58.99002270971825
14.547214723871804 59.186975049850055
17.35378884764833 42.07452144186543
91.6610672987238 79.32162541940103
48.684505456820524 8.331378370520648
18.305606807328523 15.37027163250958
69.96743497705693 54.983554442543955
60.69382289111886 19.710446186572373
45.79035758117117 76.47525023498908
29.472575454972493 63.77541086143565
25.138727875862255 27.673373057495343
41.19488316403066 67.46937480882721
2.9408103826191523 14.788131818750806
23.11189038101935 26.073603969611426
51.67373077136483 49.50977478443308
78.81299036693181 18.608896974789545
3.7133332811138287 24.982410126998488
18.450940398378723 80.62341007068568
72.91535726532655 6.91941298487766
15.946394080977623 88.43768104424872
16.943169777853118 4.072882477820128
18.383963553952974 60.17818778671621
77.2895854607504 88.68831724362174
75.61727750566467 9.116740094051757
72.81891105049255 98.9651450150101
80.4168513301856 83.76310106349581
87.43189481554826 21.654229870251463
46.17691481110746 11.799851191340693
14.58009509546766 3.2182786799701324
73.31153260599915 80.90345451364499
62.24759385217672 97.78369499538307
36.58046021849615 22.55623877376951
75.70252104055257 91.00966984186117
84.78699063933318 69.1261785679199
38.774741024430334 82.27332848900348
84.68196066611512 66.82760110211488
72.52189446005265 33.06497227500361
32.175463573577204 80.95167433818885
10.150846430346238 95.87598272496038
16.926139446811828 14.366653659686468
32.53096110035536 81.22879490419746
44.212447721310234 59.23467127688852
1.1522244498901935 10.831570867291163
23.12367616137909 99.8713512585289
27.334964606078337 55.19416736582969
41.34869023666171 48.76718953294233
37.36516056396606 62.27392352258805
39.96794570388344 44.058702323719665
20.361213650785448 77.58352266329518
66.52892113248475 25.83710006449462
47.52398014864095 67.90681435183075
52.30536092045024 72.23854187234004
94.53065000991637 17.626329387212024
5.977758763835716 7.761476509524822
42.12411871401264 87.17664268702097
61.46966187812348 29.94281848667083
24.632768566453755 14.713620942127292
83.55123320382454 74.92537719003623
27.84775735882914 81.04273869708358
41.22026514940662 37.772067145431166
13.06464472919483 93.09247484310215
89.38105264633221 40.35841957439455
38.01950769950418 21.724103031310772
64.4894835957147 23.639493773981624
57.713729536283076 25.370154899164966
54.27691478394993 22.257094016544965
74.84726679140007 53.99731951292767
89.86403519108912 15.152498559768057
24.253354759683056 40.79098208048993
94.88521449584383 99.29466327301915
21.344047133078803 80.04912858106445
86.47255329637788 53.02189057718949
74.37265268271956 15.055688589682447
8.3873423227957 3.7826653364177787
12.75728169686886 89.49502463164856
17.001144007096546 49.98873774474699
39.01055947586109 31.147044962034155
50.68108910129045 38.430306261716886
70.74151172629544 91.52130503180861
87.56085480377831 3.0536963705191877
36.84098121060596 2.7495878002820717
84.32281428129325 14.202065162591271
96.68625432671777 23.707315298936372
36.56825412597665 53.265769814639064
13.38554347597871 20.99960525131045
41.52568177555547 9.50114541085859
13.300182153211038 19.696629636956363
19.288099239707158 67.924848671133
33.52303544925258 66.01801193578245
16.714665938137696 92.53972421520842
70.77511846867924 70.0008338662634
75.40432950306898 2.5814469260376116
57.77271871378645 60.95026787447344
33.81663037245166 54.175210973536004
43.442905342598735 97.51925598659308
78.91595306826319 11.75761831320371
51.63409035512038 8.605448030500895
25.274401252809586 30.185039307733163
69.73236650032415 0.946696068870756
62.84600213877777 96.67698376661605
45.31720955053353 47.78338140498556
39.36576113944137 92.7504819840166
12.435920997341032 2.302442150848627
80.51789558129941 65.13426069677863
3.1355310230070654 80.61256472393448
16.85922246498457 79.60915402783422
54.66377099084604 8.855690649631542
45.87826940921804 40.200552668066095
13.319932574340243 12.094383890261506
6.061336230102521 22.22025903787913
79.91720814616208 38.69130524966488
4.037436735027655 94.52356519834633
51.16931910402431 54.5679240711583
42.78768466482067 71.33493997799442
46.115281932351884 87.19030661880592
26.29659033235069 59.82468228464442
33.79805394036599 31.89197784948342
21.69123764153129 91.78022623758696
39.398603333900084 72.70541935834825
98.5635785960353 86.15734889499875
83.0507000419739 54.61947702805926
42.40708692307352 0.11416655168805523
17.043762340139313 17.13737394305548
20.6989148851758 88.90426397215482
59.28473244737316 23.55676681558799
38.45084875990609 9.70015433751935
48.41627075865661 84.14664542143876
66.3692395027057 67.79099831402901
8.435922961141152 82.9125649595708
67.71656546553608 10.22911324204463
59.607309249299924 53.204876461319515
29.367476819283777 60.91808101963496
26.70077179625818 20.519538427466124
85.29057812329775 75.18321273932324
33.77304643969503 36.59062275169164
3.4400126436025635 17.377660468969992
25.994188135177765 61.17667341468503
34.07127584931195 49.02590005071671
2.3701804953367156 88.55651566515823
50.4595694115125 9.387657143285654
33.591513439521215 84.98844626316672
43.51849201082836 76.05812666105417
71.33683102157684 51.90074770630486
67.4309308966664 34.17847101418562
6.46569262712492 40.15413037161043
94.80957022337549 70.92169306374889
45.750302628284125 26.677131503523754
44.53853227701751 93.03973274542105
40.463978389910615 13.583018148730485
22.08919538607622 90.4013913374347
21.38449591397554 57.37530596873216
25.69061486635248 59.783274234336744
2.911264017246995 57.73030695451361
66.64073579513506 88.11992729937637
65.16696783939322 28.21806132662189
35.084046007262295 34.96197145119565
68.2304478806018 22.01234956039403
82.78547936257942 62.04828542089991
43.343564347557184 32.82481677038296
17.703046677629708 22.872909435529387
71.13108578800244 51.41750094261004
3.3679038370769576 79.60201407069782
52.16652154303362 91.65989825072664
88.54637922015573 3.2135134821873024
85.42724822959788 26.101216276420956
23.05797940316546 12.549543612712954
4.840438600714247 90.63915039809956
79.81954849927035 36.87889080523254
6.155077179729995 39.7406220502664
1.5439859463950656 62.47686399374336
59.51370338844222 12.712765250435243
83.67294365125029 23.928474294631975
72.68112388730714 9.184232356783905
5.693221093041412 7.9268883815801106
48.92553238218258 86.05492540649713
61.15119818414803 44.501264410570315
26.259017090540738 60.297061063463474
58.154206113369845 9.116627596742443
15.176764245286122 27.06004813574303
75.44153898849962 82.7057045658443
13.726184726318502 15.43613207601775
34.516779951591744 36.887339486830925
54.31286815643094 10.845221668078697
65.47007856194705 50.3282047546528
1.5505084251175139 36.90593781847109
71.41809355921518 21.956885548250316
33.586506092737466 51.481643928592355
25.441126985291096 76.25053565580224
16.417101892105755 46.424500258417766
29.860673116516402 61.783908123055284
75.57718587992929 51.10464153221407
45.00271793072124 9.341859322326929
65.90346431363314 64.15254134330294
7.800146215315817 73.45221771467403
46.9601491803887 1.2396107961184621
89.18531387079672 53.49507087032861
87.63504339319638 88.88321993180635
31.58062170585293 61.43379495105867
94.52289280716188 78.69150469244794
88.89503146227776 92.59820954593003
59.502539258261955 6.44410275483811
67.25587547424283 96.80091804782872
37.65275746585203 13.541346727665937
24.466906269715338 2.9505289722886685
28.47701340077551 17.581253675238738
49.39988641497535 53.838830069375454
47.79940543427601 82.00898320400458
67.78019108246875 30.943998688746564
59.16611891428255 95.54490803207327
61.791383562386734 10.299752285272746
81.15771379963613 64.6313259725875
99.5527179648249 56.53126272547326
77.97576641769126 20.825481489410393
50.01288388600725 83.18482728932285
79.38077005036529 91.73100532230221
86.38557837926261 42.979852802436525
77.21659349737759 54.80551617892294
37.99568773442334 51.254646926939515
70.26844871875552 20.199005583733953
98.9022071909933 52.437790064299996
29.647781487676394 80.65469493914742
84.24249311866167 62.47148438526063
29.040173571485393 67.62574111300457
60.962619159097656 46.52134785853944
97.50859926681292 76.12396073366735
29.377472361828126 21.672919605537444
28.514622359835627 67.52701985472494
75.93757654092727 40.96242029884311
76.15290705733318 22.754212033493193
77.64265601354025 12.343697097269402
75.23207527244075 41.93305351509602
48.15610115699413 76.03689525239402
4.596779271353224 51.00570017544198
47.95036319758077 39.43365504911511
0.24269980579829653 85.3507762347318
94.8983165610624 74.45266614024571
0.37154070228905267 90.10865608505618
24.181306193216436 62.617762531679645
6.843352989642259 39.01329972116767
6.994494049660949 63.57787165249149
48.898924935771845 47.95519545265747
52.587131228510685 59.860578295576495
15.672785967644776 58.17385099995901
70.50797512943309 85.2143588385685
61.3948960906735 90.47552157205263
36.2168142567414 65.53408183802453
35.07698120809011 10.618532721462904
49.71544535999814 5.48735847758638
46.83482486920941 53.8780660821616
31.66649793512223 3.1013886178919092
76.3202406824758 28.023645890622984
44.604170505090245 21.438019117427697
87.42875618348869 2.8974607960694954
26.023122957706235 73.4371371878296
38.99917237143802 72.78902578057523
30.747083264500674 89.15072252206117
72.56039352238459 49.4727991831226
93.4316414411899 14.821592062722145
26.977996600611142 22.451554701788055
73.8041344257841 11.63196077247719
21.64010081261446 59.11232852421067
57.08080415456749 61.44316978611324
61.81261691561629 93.53334783596513
29.831504150027456 34.36620720555775
56.28082271803058 13.656912509269514
38.798632134701286 28.424822355688285
84.37626977307715 82.20170845960446
56.86713738571878 17.377438963803016
26.823696862792936 12.150047909572837
66.20298899146682 53.0272908739566
16.733922971106164 26.437354213688323
54.55992116003966 33.78702753062692
54.44725117159632 32.346033946854604
69.9864781024556 45.89257488427522
9.425639412184806 50.54471571620438
3.448563518374037 5.809903263916405
1.2521859805545765 37.80695112212054
16.032891765212685 71.25255080183886
11.939955829098015 54.1477556175492
36.40420730050566 16.687296760519622
3.7711067977949875 18.567384234985738
20.051980659588953 7.220876449459402
40.704677165068205 0.20946445022577143
40.8630118608134 35.54435612833158
60.13018880052455 53.63364898776635
49.86032471947757 12.580534756325058
91.22663075920372 94.66421153184208
72.19621226481003 73.52966027916192
76.37437627719598 19.18251534926262
98.50891159606282 57.59578985464173
69.37736039112758 52.83264964153628
63.112778564615965 88.33700670055636
49.48615190734791 88.9318391901032
80.21282921194754 94.96974083104337
45.102510360737305 4.126300834190566
77.68959175809121 57.915111897716244
87.60936459805384 72.74463911500573
73.518447856273 14.718032786656288
76.75871031201953 59.495914385717995
65.51153447298093 82.72391506326281
40.66192913940807 31.691305028245576
50.02831489894668 6.203084285558546
35.812959033604166 63.67113934798147
80.98992031306258 62.43117530096585
15.546266736018854 33.748543224300896
30.84898336757641 21.550096471169066
8.722707613780722 48.22040705049907
88.42263729638698 95.82147848200096
84.77336654089443 10.299713626063678
99.91208095899626 29.252872953670163
83.29775135508852 15.40967419674698
20.913362130250455 40.18738133271963
35.96803247665421 4.49024444074163
22.36847532451389 19.952552856826433
7.006199753779418 91.49884149539756
7.9594068109338885 26.317091652781333
53.20682112965294 71.10397579466894
87.16054739131476 72.60282701068131
87.64111709083348 97.79183346955894
13.812236253967136 75.66367985406166
36.377257343060556 77.08164966672935
46.728181216145046 54.220085767221235
35.4583500906618 65.49886112772961
80.63393339506054 53.061478403983195
39.23123827175038 4.220261167719352
38.404580155867194 98.14729592938576
67.37097983703585 47.293743421576494
6.849320386629209 95.57997397446518
66.71196227141881 94.9872996594574
81.17595495583461 29.46501414944799
85.01278149367391 90.88450309456393
26.222805751178413 56.10664037071178
66.56643476389638 25.814307505399626
88.22051824653127 79.74541690407591
74.09082297075756 90.44994699472772
54.70159342747044 16.080012989113424
50.877845797663504 71.97045404420896
61.33116079635072 55.65637788306316
82.40552591603831 17.059524243955636
1.4588826578204594 12.033977299494946
20.37997134657893 56.285716833925825
63.24729407785203 7.210226117520047
8.44894575943248 2.9957917654662825
20.5022076926335 84.48527479376719
34.81511222828774 22.973058943921266
99.97045883625242 30.410064702920746
22.188631801281456 89.6341540605458
79.962279612568 9.987124213416598
5.210282339049776 39.62986632866773
90.0948757373434 28.634133622323866
55.084637339875776 53.54489102086566
41.23011017933334 64.89966009179604
21.8521360691743 33.20194152051186
59.403558336896836 87.82511192123346
84.03281323463135 28.553641020370247
64.59122388887994 21.437117822720918
73.81724706832549 49.42843209301544
11.661026779456563 29.21869749681809
82.06508752187464 49.38140402097285
74.86706560450706 89.32699247480974
45.9254428844414 99.35295246423111
22.026171138160755 42.05081030090005
99.50298806012985 47.08001529368789
69.1458792079983 51.835783746731515
35.77185685050751 50.598259525268304
7.439010692022152 54.93292726704186
80.65270700020315 58.76554103158655
99.0230655588345 88.97570840286313
0.5799367784864007 74.74104018154478
95.85736031539484 96.98288180108801
93.08018423269708 91.29603353026661
24.608105545409686 87.52161826961749
41.173723774609016 61.79001303634968
86.07400894415758 29.702860036823786
78.83307423078469 76.97879477215443
98.22004392347205 6.244229976336657
79.82817725442558 59.561541176713774
91.64242854888414 11.647238709245865
33.72049137162069 8.799042865820873
30.688699172666077 38.14627040528515
35.852744235849954 64.02947160903908
51.44573538235985 9.009871818875116
85.1900580060637 14.661929927869167
9.591691482213438 91.03610307442466
23.535994287943208 30.437316209725964
61.28578303480939 56.73901542374917
50.58086637750073 25.854543367342174
56.99302661123779 49.693057893893325
88.82836820725237 59.517117766851044
32.454565427167296 40.05692794029746
70.69630078526974 75.89613216596535
64.46704530563521 57.62100759063007
2.8550677790686096 69.64812820427568
4.951679939543496 74.25276695541623
13.487622464533167 42.059345960138685
93.57434843366306 49.14229287946359
16.473457647334822 40.21939400279927
75.35339073578422 34.74541251899017
10.29501696040792 56.41012410678559
93.80603196365422 28.0117880489685
84.00046422554716 99.96879103539585
31.636308593464836 85.7531713973176
78.45149635205871 82.0764650424787
37.53427313988249 59.124493316450334
83.40296575406306 17.108812803203033
98.02291456643164 7.914132991873235
7.741874911854407 58.12151447611888
64.50172780260354 50.07649745341224
18.500643412314954 59.74502567797796
83.56840145156987 13.712944767326407
54.096046874830215 36.73212282596992
4.404571526333356 66.36862072785445
43.901151553363846 33.45699617810899
66.7145115129708 10.981308567537951
80.83900727561274 52.09634302590208
32.82702317527768 85.52121182479252
15.624821015322276 1.0240398544276386
79.51660197492863 60.346410414050766
68.64737065065573 86.44809723530513
60.061675987482786 57.4247432108993
67.33099395875705 36.63030141131015
20.83167719785486 93.57093723723501
40.61842292733223 35.26070130579235
80.69294941311786 3.877617252470489
93.79764245359901 58.188489189100146
82.25726575212279 26.464185418062158
26.280961461808594 65.31860185731676
48.01732638412898 18.448884485845575
99.69536896959855 22.122817024416864
40.19042801384032 78.82817379786006
64.7772401514515 79.57144622510248
87.76585077035323 34.67035597936244
80.0285891422484 22.948571032479293
39.45039463473896 3.7014173740087974
22.4419955733148 34.19545642803189
9.185935272683732 57.79640734513721
8.63034806767249 69.35747927234503
98.53903520193496 57.80280814162913
91.95009120172811 7.5739242421114845
37.85859511495626 69.19642132830731
62.19283952521327 44.37276714521556
81.509009861047 42.09813018490646
71.90624508675046 76.79016929468968
98.24274056604813 40.56734846432837
74.31141792830554 12.347994724185318
40.744010591867074 4.307527315284066
32.71140480034479 64.29319456077329
83.42217961936969 54.60218671246327
88.09465935120758 41.565172146638886
32.716884757530686 76.10019086286806
63.95052089132353 66.61489955816063
93.74458326348402 20.693717917608357
37.26721574139744 97.14812749029869
91.50570717119216 71.72746632546007
1.0016763403273954 43.5591831780219
32.34866196327955 32.8279344258913
6.913164435597419 32.67330614096614
53.59657119722133 40.77121527987464
68.56441900768237 26.48274679626055
34.216651700181465 39.41013188140461
42.75200217213384 3.3304854772944203
36.043425307840295 58.2924636082444
76.98847422145609 89.99281244117302
43.82518758359591 73.16003341837506
77.55653740287535 8.806572369675248
51.84504911886138 1.972511291735124
97.81936253696249 47.74735874370346
28.064856136799555 40.580317725961926
38.418460569233034 20.289130865637638
18.009899896953886 50.76865336611196
49.375773737162596 39.96785562165921
65.352319393619 36.3530670763463
84.72835609599476 61.642317716052865
19.50473465062882 73.79288360128012
3.280392218157613 47.20075167845745
31.326216285135665 50.00252262345713
35.70705266772267 71.8787604986457
19.781474196590963 92.81469361611013
64.73322644579605 30.84794739300232
6.434438151987232 8.36536009633707
55.44747660129388 73.77768122727156
40.85515289836079 79.06878938030648
2.44122984337376 55.640407832007725
65.53087044328521 26.91289035115667
38.3977183546235 3.755881782651682
47.16097490277147 83.41195018202501
28.485753490548205 30.012225432630878
61.07667406138548 34.13648433842569
72.66427084342037 32.480121038900464
16.190814185268554 45.7413155816423
47.402529587996945 98.57523241194575
97.92798261601627 49.50291935232741
1.544965478150806 81.35552793168925
91.50073404706667 74.63010908332456
24.644186123905463 13.044767416999548
44.507032215375794 58.64739113460512
11.022895689895396 36.99718057466899
79.53418844293824 93.41533870553876
30.977462389710052 61.968320645456764
45.65908143840174 55.55182540757239
89.69930786203712 99.88668386702156
42.50516665807945 89.28156585168443
89.42188009884188 23.26700021779834
77.15874687134976 2.2537008714752393
51.11050355846255 96.48730655947254
20.251117955672537 96.62828560024028
85.19989789712665 48.76590487373168
58.51631068801897 80.23329181860926
38.52641878042489 23.305441625480206
36.33290567657291 10.302569039041998
36.68543359370655 33.932719954725975
4.400739532033149 64.13421517258969
6.419423112991451 98.64204013783137
18.54785391665019 26.508225928896422
1.4273935459636955 37.350098071555834
16.720939630914355 20.02862070662902
98.17681180022407 37.297247586827645
84.06356914389319 54.94618998342994
24.43529628369524 87.92435195052907
15.71473264531077 65.4232258520022
17.34181629879441 57.60876592418942
73.44274199074057 39.317201961023244
93.46960197084543 67.16129544378214
79.41666760456035 61.648549312519584
46.58400431076988 46.23530328429975
4.904937310786261 71.35277597182424
25.664179737014237 7.7993132760948995
3.437339293901698 76.1230542489143
59.53115120627479 50.92481345576921
50.97529701204725 80.70962381828207
8.901844721376683 36.969814044462844
22.990428942958385 13.640518326065276
91.11417405867547 57.90572510584584
53.506303346392215 47.98855654085388
42.21993897016559 10.31639990573704
28.028980423680395 95.67681875841053
47.715464396853044 25.218115565866306
91.89168081564473 60.86347152792347
76.24375509883363 82.1213721707318
76.76911832024035 45.13104252824337
73.8544119859095 10.423404897868416
49.73390058769516 51.57217813365785
65.86268539776918 27.66735931861112
7.02488743753964 86.86646245837608
31.750870763410756 52.13486663491304
37.95601895901891 87.96166802106849
43.48615795388891 49.021203327252124
87.73975616784124 15.160493340558768
95.63026786603928 96.71388217358009
86.30819877199389 53.291665149219945
96.22556231017552 75.5220712657292
27.842353403248566 0.3625225251831954
1.6022176292661672 46.20998894660552
65.58689395317332 72.02908097669476
25.27662565182598 94.60519021689672
74.37823931020343 62.18692847383384
66.82888667304387 39.332104538963954
4.32967239305272 25.791685784987585
85.53258449073698 79.46844346342615
33.7382657389947 73.95347699366903
46.46977126394719 12.19805021828737
81.96355544935919 28.26632234179772
47.08152620458329 5.3331444124743115
67.80161132566937 15.273248801575058
74.37226353253077 78.15822251889178
34.14875223234153 37.89558343474059
81.53061561586927 24.671347708775603
65.14050968857555 78.31004970614535
76.4871009263317 70.82465216445135
23.303004644564997 0.33471580825924496
27.32870031290218 13.55238493748635
32.32742175613045 66.33443389233898
91.63114356630336 61.38577484158583
29.180634079658375 87.03686058440478
